#:x y f
0 0 0.000000
1 0 0.000000
2 0 0.000000
3 0 0.000000
4 0 0.000000
5 0 0.000000
6 0 0.000000
7 0 0.000000
8 0 0.000000
9 0 0.000000
10 0 0.000000
11 0 0.000000
12 0 0.000000
13 0 0.000000
14 0 0.000000
15 0 0.000000
16 0 0.000000
17 0 0.000000
18 0 0.000000
19 0 0.000000

0 1 0.000000
1 1 0.000001
2 1 0.000004
3 1 0.000009
4 1 0.000020
5 1 0.000041
6 1 0.000074
7 1 0.000117
8 1 0.000163
9 1 0.000200
10 1 0.000214
11 1 0.000200
12 1 0.000163
13 1 0.000117
14 1 0.000074
15 1 0.000041
16 1 0.000020
17 1 0.000009
18 1 0.000003
19 1 0.000000

0 2 0.000000
1 2 0.000004
2 2 0.000011
3 2 0.000027
4 2 0.000061
5 2 0.000123
6 2 0.000218
7 2 0.000343
8 2 0.000476
9 2 0.000579
10 2 0.000619
11 2 0.000579
12 2 0.000476
13 2 0.000343
14 2 0.000218
15 2 0.000122
16 2 0.000061
17 2 0.000027
18 2 0.000010
19 2 0.000000

0 3 0.000000
1 3 0.000009
2 3 0.000027
3 3 0.000068
4 3 0.000151
5 3 0.000300
6 3 0.000529
7 3 0.000826
8 3 0.001141
9 3 0.001386
10 3 0.001479
11 3 0.001386
12 3 0.001141
13 3 0.000826
14 3 0.000529
15 3 0.000299
16 3 0.000151
17 3 0.000067
18 3 0.000024
19 3 0.000000

0 4 0.000000
1 4 0.000020
2 4 0.000061
3 4 0.000151
4 4 0.000332
5 4 0.000653
6 4 0.001143
7 4 0.001777
8 4 0.002442
9 4 0.002959
10 4 0.003155
11 4 0.002959
12 4 0.002442
13 4 0.001777
14 4 0.001143
15 4 0.000653
16 4 0.000332
17 4 0.000149
18 4 0.000054
19 4 0.000000

0 5 0.000000
1 5 0.000041
2 5 0.000123
3 5 0.000300
4 5 0.000653
5 5 0.001273
6 5 0.002215
7 5 0.003425
8 5 0.004688
9 5 0.005667
10 5 0.006039
11 5 0.005667
12 5 0.004688
13 5 0.003425
14 5 0.002215
15 5 0.001273
16 5 0.000652
17 5 0.000295
18 5 0.000108
19 5 0.000000

0 6 0.000000
1 6 0.000074
2 6 0.000218
3 6 0.000529
4 6 0.001143
5 6 0.002215
6 6 0.003833
7 6 0.005899
8 6 0.008049
9 6 0.009711
10 6 0.010340
11 6 0.009711
12 6 0.008049
13 6 0.005899
14 6 0.003832
15 6 0.002215
16 6 0.001141
17 6 0.000520
18 6 0.000192
19 6 0.000000

0 7 0.000000
1 7 0.000117
2 7 0.000343
3 7 0.000826
4 7 0.001777
5 7 0.003425
6 7 0.005899
7 7 0.009047
8 7 0.012313
9 7 0.014832
10 7 0.015785
11 7 0.014832
12 7 0.012313
13 7 0.009047
14 7 0.005898
15 7 0.003424
16 7 0.001773
17 7 0.000813
18 7 0.000302
19 7 0.000000

0 8 0.000000
1 8 0.000163
2 8 0.000476
3 8 0.001141
4 8 0.002442
5 8 0.004688
6 8 0.008049
7 8 0.012313
8 8 0.016727
9 8 0.020127
10 8 0.021411
11 8 0.020127
12 8 0.016727
13 8 0.012313
14 8 0.008049
15 8 0.004687
16 8 0.002436
17 8 0.001122
18 8 0.000418
19 8 0.000000

0 9 0.000000
1 9 0.000200
2 9 0.000579
3 9 0.001386
4 9 0.002959
5 9 0.005667
6 9 0.009711
7 9 0.014832
8 9 0.020127
9 9 0.024200
10 9 0.025738
11 9 0.024200
12 9 0.020127
13 9 0.014832
14 9 0.009711
15 9 0.005666
16 9 0.002952
17 9 0.001363
18 9 0.000509
19 9 0.000000

0 10 0.000000
1 10 0.000214
2 10 0.000619
3 10 0.001479
4 10 0.003155
5 10 0.006039
6 10 0.010340
7 10 0.015785
8 10 0.021411
9 10 0.025738
10 10 0.027373
11 10 0.025738
12 10 0.021411
13 10 0.015785
14 10 0.010340
15 10 0.006037
16 10 0.003148
17 10 0.001455
18 10 0.000543
19 10 0.000000

0 11 0.000000
1 11 0.000200
2 11 0.000579
3 11 0.001386
4 11 0.002959
5 11 0.005667
6 11 0.009711
7 11 0.014832
8 11 0.020127
9 11 0.024200
10 11 0.025738
11 11 0.024200
12 11 0.020127
13 11 0.014832
14 11 0.009711
15 11 0.005666
16 11 0.002952
17 11 0.001363
18 11 0.000509
19 11 0.000000

0 12 0.000000
1 12 0.000163
2 12 0.000476
3 12 0.001141
4 12 0.002442
5 12 0.004688
6 12 0.008049
7 12 0.012313
8 12 0.016727
9 12 0.020127
10 12 0.021411
11 12 0.020127
12 12 0.016727
13 12 0.012313
14 12 0.008049
15 12 0.004687
16 12 0.002436
17 12 0.001122
18 12 0.000418
19 12 0.000000

0 13 0.000000
1 13 0.000117
2 13 0.000343
3 13 0.000826
4 13 0.001777
5 13 0.003425
6 13 0.005899
7 13 0.009047
8 13 0.012313
9 13 0.014832
10 13 0.015785
11 13 0.014832
12 13 0.012313
13 13 0.009047
14 13 0.005898
15 13 0.003424
16 13 0.001773
17 13 0.000813
18 13 0.000302
19 13 0.000000

0 14 0.000000
1 14 0.000074
2 14 0.000218
3 14 0.000529
4 14 0.001143
5 14 0.002215
6 14 0.003832
7 14 0.005898
8 14 0.008049
9 14 0.009711
10 14 0.010340
11 14 0.009711
12 14 0.008049
13 14 0.005898
14 14 0.003832
15 14 0.002215
16 14 0.001141
17 14 0.000520
18 14 0.000192
19 14 0.000000

0 15 0.000000
1 15 0.000041
2 15 0.000122
3 15 0.000299
4 15 0.000653
5 15 0.001273
6 15 0.002215
7 15 0.003424
8 15 0.004687
9 15 0.005666
10 15 0.006037
11 15 0.005666
12 15 0.004687
13 15 0.003424
14 15 0.002215
15 15 0.001273
16 15 0.000651
17 15 0.000295
18 15 0.000108
19 15 0.000000

0 16 0.000000
1 16 0.000020
2 16 0.000061
3 16 0.000151
4 16 0.000332
5 16 0.000652
6 16 0.001141
7 16 0.001773
8 16 0.002436
9 16 0.002952
10 16 0.003148
11 16 0.002952
12 16 0.002436
13 16 0.001773
14 16 0.001141
15 16 0.000651
16 16 0.000331
17 16 0.000149
18 16 0.000054
19 16 0.000000

0 17 0.000000
1 17 0.000009
2 17 0.000027
3 17 0.000067
4 17 0.000149
5 17 0.000295
6 17 0.000520
7 17 0.000813
8 17 0.001122
9 17 0.001363
10 17 0.001455
11 17 0.001363
12 17 0.001122
13 17 0.000813
14 17 0.000520
15 17 0.000295
16 17 0.000149
17 17 0.000066
18 17 0.000024
19 17 0.000000

0 18 0.000000
1 18 0.000003
2 18 0.000010
3 18 0.000024
4 18 0.000054
5 18 0.000108
6 18 0.000192
7 18 0.000302
8 18 0.000418
9 18 0.000509
10 18 0.000543
11 18 0.000509
12 18 0.000418
13 18 0.000302
14 18 0.000192
15 18 0.000108
16 18 0.000054
17 18 0.000024
18 18 0.000009
19 18 0.000000

0 19 0.000000
1 19 0.000000
2 19 0.000000
3 19 0.000000
4 19 0.000000
5 19 0.000000
6 19 0.000000
7 19 0.000000
8 19 0.000000
9 19 0.000000
10 19 0.000000
11 19 0.000000
12 19 0.000000
13 19 0.000000
14 19 0.000000
15 19 0.000000
16 19 0.000000
17 19 0.000000
18 19 0.000000
19 19 0.000000

