#:x y Ey Bx Bz
0 0 0.000000 0.000000 0.000000
1 0 0.000000 0.000000 0.000000
2 0 0.000000 0.000000 0.000000
3 0 0.000000 0.000000 0.000000
4 0 0.000000 0.000000 0.000000
5 0 0.000000 0.000000 0.000000
6 0 0.000000 0.000000 0.000000
7 0 0.000000 0.000000 0.000000
8 0 0.000000 0.000000 0.000000
9 0 0.000000 0.000000 0.000000
10 0 0.000000 0.000000 0.000000
11 0 0.000000 0.000000 0.000000
12 0 0.000000 0.000000 0.000000
13 0 0.000000 0.000000 0.000000
14 0 0.000000 0.000000 0.000000
15 0 0.000000 0.000000 0.000000
16 0 0.000000 0.000000 0.000000
17 0 0.000000 0.000000 0.000000
18 0 0.000000 0.000000 0.000000
19 0 0.000000 0.000000 0.000000
20 0 0.000000 0.000000 0.000000
21 0 0.000000 0.000000 0.000000
22 0 0.000000 0.000000 0.000000
23 0 0.000000 0.000000 0.000000
24 0 0.000000 0.000000 0.000000
25 0 0.000000 0.000000 0.000000
26 0 0.000000 0.000000 0.000000
27 0 0.000000 0.000000 0.000000
28 0 0.000000 0.000000 0.000000
29 0 0.000000 0.000000 0.000000
30 0 0.000000 0.000000 0.000000
31 0 0.000000 0.000000 0.000000
32 0 0.000000 0.000000 0.000000
33 0 0.000000 0.000000 0.000000
34 0 0.000000 0.000000 0.000000
35 0 0.000000 0.000000 0.000000
36 0 0.000000 0.000000 0.000000
37 0 0.000000 0.000000 0.000000
38 0 0.000000 0.000000 0.000000
39 0 0.000000 0.000000 0.000000
40 0 0.000000 0.000000 0.000000
41 0 0.000000 0.000000 0.000000
42 0 0.000000 0.000000 0.000000
43 0 0.000000 0.000000 0.000000
44 0 0.000000 0.000000 0.000000
45 0 0.000000 0.000000 0.000000
46 0 0.000000 0.000000 0.000000
47 0 0.000000 0.000000 0.000000
48 0 0.000000 0.000000 0.000000
49 0 0.000000 0.000000 0.000000

0 1 0.000000 0.000000 0.000000
1 1 0.002136 -0.000877 0.000877
2 1 0.004107 -0.001898 0.001021
3 1 0.005700 -0.003184 0.001286
4 1 0.006622 -0.004798 0.001614
5 1 0.006497 -0.006703 0.001906
6 1 0.004922 -0.008718 0.002015
7 1 0.001583 -0.010471 0.001753
8 1 -0.003509 -0.011412 0.000941
9 1 -0.009793 -0.010905 -0.000507
10 1 -0.015974 -0.008441 -0.002464
11 1 -0.020149 -0.003960 -0.004481
12 1 -0.020443 0.001871 -0.005831
13 1 -0.015974 0.007637 -0.005765
14 1 -0.007879 0.011610 -0.003974
15 1 0.000712 0.012675 -0.001065
16 1 0.006526 0.011029 0.001646
17 1 0.008293 0.007945 0.003084
18 1 0.007029 0.004837 0.003108
19 1 0.004642 0.002525 0.002312
20 1 0.002525 0.001143 0.001382
21 1 0.001164 0.000453 0.000690
22 1 0.000464 0.000158 0.000294
23 1 0.000162 0.000049 0.000109
24 1 0.000050 0.000014 0.000036
25 1 0.000014 0.000003 0.000010
26 1 0.000003 0.000001 0.000003
27 1 0.000001 0.000000 0.000001
28 1 0.000000 0.000000 0.000000
29 1 0.000000 0.000000 0.000000
30 1 0.000000 0.000000 0.000000
31 1 0.000000 0.000000 0.000000
32 1 0.000000 0.000000 0.000000
33 1 0.000000 0.000000 0.000000
34 1 0.000000 0.000000 0.000000
35 1 0.000000 0.000000 0.000000
36 1 0.000000 0.000000 0.000000
37 1 0.000000 0.000000 0.000000
38 1 0.000000 0.000000 0.000000
39 1 0.000000 0.000000 0.000000
40 1 0.000000 0.000000 0.000000
41 1 0.000000 0.000000 0.000000
42 1 0.000000 0.000000 0.000000
43 1 0.000000 0.000000 0.000000
44 1 0.000000 0.000000 0.000000
45 1 0.000000 0.000000 0.000000
46 1 0.000000 0.000000 0.000000
47 1 0.000000 0.000000 0.000000
48 1 0.000000 0.000000 0.000000
49 1 0.000000 0.000000 0.000000

0 2 0.000000 0.000000 0.000000
1 2 0.002051 0.000648 -0.000199
2 2 0.004232 0.001312 -0.000037
3 2 0.006618 0.001980 0.000300
4 2 0.009169 0.002586 0.000823
5 2 0.011641 0.002987 0.001530
6 2 0.013529 0.002964 0.002353
7 2 0.014019 0.002251 0.003134
8 2 0.012068 0.000648 0.003563
9 2 0.006758 -0.001824 0.003221
10 2 -0.002224 -0.004717 0.001665
11 2 -0.013722 -0.007057 -0.001305
12 2 -0.024738 -0.007589 -0.005241
13 2 -0.030956 -0.005340 -0.008908
14 2 -0.028493 -0.000503 -0.010430
15 2 -0.017256 0.005077 -0.008362
16 2 -0.002483 0.008904 -0.003344
17 2 0.008840 0.009666 0.001968
18 2 0.013171 0.007936 0.005090
19 2 0.011739 0.005263 0.005463
20 2 0.007917 0.002915 0.004154
21 2 0.004344 0.001377 0.002500
22 2 0.002008 0.000563 0.001248
23 2 0.000799 0.000202 0.000531
24 2 0.000278 0.000064 0.000196
25 2 0.000085 0.000018 0.000063
26 2 0.000023 0.000005 0.000018
27 2 0.000006 0.000001 0.000005
28 2 0.000001 0.000000 0.000001
29 2 0.000000 0.000000 0.000000
30 2 0.000000 0.000000 0.000000
31 2 0.000000 0.000000 0.000000
32 2 0.000000 0.000000 0.000000
33 2 0.000000 0.000000 0.000000
34 2 0.000000 0.000000 0.000000
35 2 0.000000 0.000000 0.000000
36 2 0.000000 0.000000 0.000000
37 2 0.000000 0.000000 0.000000
38 2 0.000000 0.000000 0.000000
39 2 0.000000 0.000000 0.000000
40 2 0.000000 0.000000 0.000000
41 2 0.000000 0.000000 0.000000
42 2 0.000000 0.000000 0.000000
43 2 0.000000 0.000000 0.000000
44 2 0.000000 0.000000 0.000000
45 2 0.000000 0.000000 0.000000
46 2 0.000000 0.000000 0.000000
47 2 0.000000 0.000000 0.000000
48 2 0.000000 0.000000 0.000000
49 2 0.000000 0.000000 0.000000

0 3 0.000000 0.000000 0.000000
1 3 -0.002033 -0.000340 -0.000269
2 3 -0.003933 -0.000399 -0.000414
3 3 -0.005479 0.000101 -0.000678
4 3 -0.006339 0.001420 -0.001006
5 3 -0.005979 0.003730 -0.001275
6 3 -0.003857 0.007006 -0.001301
7 3 0.000520 0.010880 -0.000838
8 3 0.007001 0.014470 0.000363
9 3 0.014426 0.016453 0.002300
10 3 0.020243 0.015282 0.004633
11 3 0.020598 0.010014 0.006263
12 3 0.012467 0.001306 0.005669
13 3 -0.004182 -0.008078 0.001720
14 3 -0.023742 -0.013700 -0.005301
15 3 -0.035086 -0.012241 -0.012069
16 3 -0.030245 -0.004874 -0.013666
17 3 -0.013023 0.003418 -0.008588
18 3 0.004749 0.008219 -0.000576
19 3 0.014234 0.008628 0.005340
20 3 0.014776 0.006449 0.007097
21 3 0.010670 0.003824 0.005840
22 3 0.006077 0.001884 0.003655
23 3 0.002873 0.000792 0.001865
24 3 0.001160 0.000289 0.000803
25 3 0.000407 0.000093 0.000298
26 3 0.000126 0.000027 0.000097
27 3 0.000035 0.000007 0.000028
28 3 0.000009 0.000002 0.000007
29 3 0.000002 0.000000 0.000002
30 3 0.000000 0.000000 0.000000
31 3 0.000000 0.000000 0.000000
32 3 0.000000 0.000000 0.000000
33 3 0.000000 0.000000 0.000000
34 3 0.000000 0.000000 0.000000
35 3 0.000000 0.000000 0.000000
36 3 0.000000 0.000000 0.000000
37 3 0.000000 0.000000 0.000000
38 3 0.000000 0.000000 0.000000
39 3 0.000000 0.000000 0.000000
40 3 0.000000 0.000000 0.000000
41 3 0.000000 0.000000 0.000000
42 3 0.000000 0.000000 0.000000
43 3 0.000000 0.000000 0.000000
44 3 0.000000 0.000000 0.000000
45 3 0.000000 0.000000 0.000000
46 3 0.000000 0.000000 0.000000
47 3 0.000000 0.000000 0.000000
48 3 0.000000 0.000000 0.000000
49 3 0.000000 0.000000 0.000000

0 4 0.000000 0.000000 0.000000
1 4 -0.001188 -0.001827 0.001965
2 4 -0.002895 -0.003703 0.001842
3 4 -0.005581 -0.005590 0.001518
4 4 -0.009591 -0.007332 0.000909
5 4 -0.014972 -0.008512 -0.000167
6 4 -0.021135 -0.008514 -0.001724
7 4 -0.026821 -0.006485 -0.003742
8 4 -0.029431 -0.001700 -0.005719
9 4 -0.026238 0.005913 -0.006798
10 4 -0.014597 0.015220 -0.005838
11 4 0.004979 0.023058 -0.001645
12 4 0.026366 0.025239 0.005115
13 4 0.039454 0.018428 0.011861
14 4 0.032373 0.003173 0.013866
15 4 0.003279 -0.013010 0.006383
16 4 -0.029086 -0.019972 -0.007672
17 4 -0.040703 -0.014620 -0.017385
18 4 -0.027065 -0.003271 -0.015480
19 4 -0.003888 0.005704 -0.005532
20 4 0.012187 0.008787 0.003905
21 4 0.016323 0.007476 0.007972
22 4 0.012903 0.004725 0.007325
23 4 0.007690 0.002415 0.004816
24 4 0.003732 0.001039 0.002522
25 4 0.001531 0.000385 0.001103
26 4 0.000543 0.000125 0.000413
27 4 0.000169 0.000036 0.000135
28 4 0.000047 0.000009 0.000039
29 4 0.000012 0.000002 0.000010
30 4 0.000003 0.000000 0.000002
31 4 0.000001 0.000000 0.000000
32 4 0.000000 0.000000 0.000000
33 4 0.000000 0.000000 0.000000
34 4 0.000000 0.000000 0.000000
35 4 0.000000 0.000000 0.000000
36 4 0.000000 0.000000 0.000000
37 4 0.000000 0.000000 0.000000
38 4 0.000000 0.000000 0.000000
39 4 0.000000 0.000000 0.000000
40 4 0.000000 0.000000 0.000000
41 4 0.000000 0.000000 0.000000
42 4 0.000000 0.000000 0.000000
43 4 0.000000 0.000000 0.000000
44 4 0.000000 0.000000 0.000000
45 4 0.000000 0.000000 0.000000
46 4 0.000000 0.000000 0.000000
47 4 0.000000 0.000000 0.000000
48 4 0.000000 0.000000 0.000000
49 4 0.000000 0.000000 0.000000

0 5 0.000000 0.000000 0.000000
1 5 0.003649 0.001819 0.000384
2 5 0.007353 0.003316 0.000686
3 5 0.010840 0.004094 0.001278
4 5 0.013808 0.003709 0.002096
5 5 0.015012 0.001601 0.003017
6 5 0.013226 -0.002479 0.003589
7 5 0.006544 -0.008514 0.003431
8 5 -0.006208 -0.015185 0.001473
9 5 -0.023587 -0.020206 -0.002415
10 5 -0.041942 -0.020069 -0.008303
11 5 -0.051057 -0.011562 -0.014067
12 5 -0.041536 0.004570 -0.015295
13 5 -0.010334 0.022879 -0.009066
14 5 0.033895 0.032336 0.005825
15 5 0.060011 0.022799 0.021739
16 5 0.040335 -0.000701 0.022301
17 5 -0.008639 -0.019498 0.003734
18 5 -0.042257 -0.021118 -0.016587
19 5 -0.038885 -0.009902 -0.021382
20 5 -0.013800 0.002180 -0.011392
21 5 0.008221 0.008018 0.001307
22 5 0.016492 0.007945 0.008082
23 5 0.014398 0.005360 0.008444
24 5 0.008975 0.002838 0.005836
25 5 0.004464 0.001247 0.003134
26 5 0.001859 0.000469 0.001389
27 5 0.000666 0.000154 0.000525
28 5 0.000209 0.000044 0.000173
29 5 0.000058 0.000011 0.000050
30 5 0.000014 0.000003 0.000013
31 5 0.000003 0.000001 0.000003
32 5 0.000001 0.000000 0.000001
33 5 0.000000 0.000000 0.000000
34 5 0.000000 0.000000 0.000000
35 5 0.000000 0.000000 0.000000
36 5 0.000000 0.000000 0.000000
37 5 0.000000 0.000000 0.000000
38 5 0.000000 0.000000 0.000000
39 5 0.000000 0.000000 0.000000
40 5 0.000000 0.000000 0.000000
41 5 0.000000 0.000000 0.000000
42 5 0.000000 0.000000 0.000000
43 5 0.000000 0.000000 0.000000
44 5 0.000000 0.000000 0.000000
45 5 0.000000 0.000000 0.000000
46 5 0.000000 0.000000 0.000000
47 5 0.000000 0.000000 0.000000
48 5 0.000000 0.000000 0.000000
49 5 0.000000 0.000000 0.000000

0 6 0.000000 0.000000 0.000000
1 6 -0.002507 0.002150 -0.002496
2 6 -0.004307 0.004752 -0.002657
3 6 -0.004345 0.008081 -0.002749
4 6 -0.002022 0.012339 -0.002756
5 6 0.004268 0.017118 -0.002003
6 6 0.013852 0.021442 -0.000377
7 6 0.027124 0.023581 0.002629
8 6 0.039029 0.020723 0.006882
9 6 0.044376 0.011355 0.010428
10 6 0.035476 -0.005234 0.011957
11 6 0.005415 -0.023967 0.006489
12 6 -0.035221 -0.035234 -0.005932
13 6 -0.069127 -0.030187 -0.020354
14 6 -0.068125 -0.004360 -0.028848
15 6 -0.011553 0.027868 -0.015711
16 6 0.058122 0.037626 0.016478
17 6 0.069515 0.016590 0.034565
18 6 0.018121 -0.011763 0.018490
19 6 -0.034790 -0.022691 -0.011128
20 6 -0.044982 -0.014650 -0.024450
21 6 -0.021814 -0.001331 -0.016416
22 6 0.003973 0.006624 -0.001528
23 6 0.015730 0.007819 0.007668
24 6 0.015087 0.005619 0.009121
25 6 0.009770 0.003072 0.006582
26 6 0.004957 0.001376 0.003607
27 6 0.002088 0.000523 0.001616
28 6 0.000753 0.000173 0.000614
29 6 0.000237 0.000050 0.000203
30 6 0.000066 0.000013 0.000059
31 6 0.000016 0.000003 0.000015
32 6 0.000004 0.000001 0.000004
33 6 0.000001 0.000000 0.000001
34 6 0.000000 0.000000 0.000000
35 6 0.000000 0.000000 0.000000
36 6 0.000000 0.000000 0.000000
37 6 0.000000 0.000000 0.000000
38 6 0.000000 0.000000 0.000000
39 6 0.000000 0.000000 0.000000
40 6 0.000000 0.000000 0.000000
41 6 0.000000 0.000000 0.000000
42 6 0.000000 0.000000 0.000000
43 6 0.000000 0.000000 0.000000
44 6 0.000000 0.000000 0.000000
45 6 0.000000 0.000000 0.000000
46 6 0.000000 0.000000 0.000000
47 6 0.000000 0.000000 0.000000
48 6 0.000000 0.000000 0.000000
49 6 0.000000 0.000000 0.000000

0 7 0.000000 0.000000 0.000000
1 7 -0.004117 -0.003486 0.001491
2 7 -0.009177 -0.006916 0.001133
3 7 -0.015349 -0.009751 0.000094
4 7 -0.023239 -0.011710 -0.001262
5 7 -0.031630 -0.011101 -0.003869
6 7 -0.037827 -0.007226 -0.006169
7 7 -0.039350 0.001820 -0.009072
8 7 -0.027663 0.015326 -0.009006
9 7 -0.004667 0.030016 -0.005332
10 7 0.032557 0.040445 0.003308
11 7 0.066642 0.035536 0.017411
12 7 0.070974 0.013066 0.024665
13 7 0.038332 -0.020526 0.020019
14 7 -0.035176 -0.047628 -0.001946
15 7 -0.098356 -0.038513 -0.036140
16 7 -0.067655 0.005512 -0.041482
17 7 0.030500 0.038440 -0.000641
18 7 0.079665 0.029307 0.037902
19 7 0.039203 -0.001848 0.030609
20 7 -0.024008 -0.020217 -0.004043
21 7 -0.045536 -0.016528 -0.024740
22 7 -0.026107 -0.003762 -0.019451
23 7 0.000939 0.005179 -0.003624
24 7 0.014693 0.007276 0.007152
25 7 0.015097 0.005510 0.009412
26 7 0.010024 0.003089 0.006990
27 7 0.005147 0.001403 0.003876
28 7 0.002182 0.000539 0.001746
29 7 0.000790 0.000179 0.000665
30 7 0.000249 0.000052 0.000220
31 7 0.000070 0.000014 0.000064
32 7 0.000017 0.000003 0.000017
33 7 0.000004 0.000001 0.000004
34 7 0.000001 0.000000 0.000001
35 7 0.000000 0.000000 0.000000
36 7 0.000000 0.000000 0.000000
37 7 0.000000 0.000000 0.000000
38 7 0.000000 0.000000 0.000000
39 7 0.000000 0.000000 0.000000
40 7 0.000000 0.000000 0.000000
41 7 0.000000 0.000000 0.000000
42 7 0.000000 0.000000 0.000000
43 7 0.000000 0.000000 0.000000
44 7 0.000000 0.000000 0.000000
45 7 0.000000 0.000000 0.000000
46 7 0.000000 0.000000 0.000000
47 7 0.000000 0.000000 0.000000
48 7 0.000000 0.000000 0.000000
49 7 0.000000 0.000000 0.000000

0 8 0.000000 0.000000 0.000000
1 8 0.006266 0.001440 0.000874
2 8 0.012811 0.002081 0.001504
3 8 0.017132 0.000962 0.002447
4 8 0.020864 -0.002487 0.003765
5 8 0.017502 -0.009478 0.004800
6 8 0.009199 -0.018395 0.003987
7 8 -0.010328 -0.029184 0.002021
8 8 -0.037478 -0.034665 -0.005862
9 8 -0.060446 -0.031568 -0.013028
10 8 -0.074101 -0.013669 -0.022036
11 8 -0.045302 0.017936 -0.021011
12 8 0.012696 0.043974 -0.002239
13 8 0.071029 0.050740 0.019781
14 8 0.100876 0.022805 0.040690
15 8 0.034599 -0.031703 0.031004
16 8 -0.084213 -0.054994 -0.024332
17 8 -0.100529 -0.018191 -0.057075
18 8 0.000299 0.028554 -0.018676
19 8 0.074647 0.032885 0.034371
20 8 0.048033 0.005045 0.036439
21 8 -0.016298 -0.016281 0.000891
22 8 -0.043038 -0.015908 -0.023710
23 8 -0.026561 -0.004655 -0.020287
24 8 -0.000115 0.004129 -0.004383
25 8 0.013903 0.006552 0.006908
26 8 0.014638 0.005118 0.009438
27 8 0.009784 0.002910 0.007060
28 8 0.005032 0.001331 0.003917
29 8 0.002133 0.000513 0.001762
30 8 0.000771 0.000171 0.000670
31 8 0.000243 0.000050 0.000221
32 8 0.000068 0.000013 0.000064
33 8 0.000017 0.000003 0.000017
34 8 0.000004 0.000001 0.000004
35 8 0.000001 0.000000 0.000001
36 8 0.000000 0.000000 0.000000
37 8 0.000000 0.000000 0.000000
38 8 0.000000 0.000000 0.000000
39 8 0.000000 0.000000 0.000000
40 8 0.000000 0.000000 0.000000
41 8 0.000000 0.000000 0.000000
42 8 0.000000 0.000000 0.000000
43 8 0.000000 0.000000 0.000000
44 8 0.000000 0.000000 0.000000
45 8 0.000000 0.000000 0.000000
46 8 0.000000 0.000000 0.000000
47 8 0.000000 0.000000 0.000000
48 8 0.000000 0.000000 0.000000
49 8 0.000000 0.000000 0.000000

0 9 0.000000 0.000000 0.000000
1 9 -0.001629 0.003972 -0.004351
2 9 -0.002138 0.008833 -0.004665
3 9 0.001346 0.014107 -0.003691
4 9 0.007354 0.020751 -0.003625
5 9 0.022321 0.026175 0.000049
6 9 0.035521 0.028590 0.003232
7 9 0.055647 0.024763 0.009753
8 9 0.056427 0.008842 0.015490
9 9 0.041511 -0.012847 0.013254
10 9 0.000344 -0.039825 0.007673
11 9 -0.064488 -0.049793 -0.016803
12 9 -0.084329 -0.030078 -0.033553
13 9 -0.060504 0.006550 -0.028513
14 9 0.012735 0.048832 -0.007561
15 9 0.108345 0.052970 0.040121
16 9 0.082334 -0.003186 0.055587
17 9 -0.055286 -0.049958 -0.007040
18 9 -0.103902 -0.029013 -0.059787
19 9 -0.013579 0.018058 -0.027570
20 9 0.065737 0.029563 0.030258
21 9 0.045779 0.006989 0.036332
22 9 -0.014472 -0.013077 0.001704
23 9 -0.039799 -0.013876 -0.022783
24 9 -0.024066 -0.004221 -0.019326
25 9 0.000750 0.003606 -0.003722
26 9 0.013543 0.005810 0.007087
27 9 0.013873 0.004550 0.009291
28 9 0.009147 0.002586 0.006832
29 9 0.004659 0.001182 0.003746
30 9 0.001959 0.000455 0.001669
31 9 0.000704 0.000151 0.000630
32 9 0.000221 0.000044 0.000206
33 9 0.000061 0.000012 0.000059
34 9 0.000015 0.000003 0.000015
35 9 0.000003 0.000001 0.000004
36 9 0.000001 0.000000 0.000001
37 9 0.000000 0.000000 0.000000
38 9 0.000000 0.000000 0.000000
39 9 0.000000 0.000000 0.000000
40 9 0.000000 0.000000 0.000000
41 9 0.000000 0.000000 0.000000
42 9 0.000000 0.000000 0.000000
43 9 0.000000 0.000000 0.000000
44 9 0.000000 0.000000 0.000000
45 9 0.000000 0.000000 0.000000
46 9 0.000000 0.000000 0.000000
47 9 0.000000 0.000000 0.000000
48 9 0.000000 0.000000 0.000000
49 9 0.000000 0.000000 0.000000

0 10 0.000000 0.000000 0.000000
1 10 -0.006132 -0.004795 0.000769
2 10 -0.014605 -0.009620 0.000262
3 10 -0.022094 -0.011966 -0.002042
4 10 -0.033138 -0.013335 -0.003458
5 10 -0.040026 -0.007506 -0.008773
6 10 -0.038956 0.001653 -0.008567
7 10 -0.029187 0.019542 -0.012161
8 10 0.010446 0.036959 -0.002083
9 10 0.042708 0.044144 0.009052
10 10 0.081579 0.036735 0.023316
11 10 0.067395 -0.000758 0.033656
12 10 -0.008620 -0.035463 0.005120
13 10 -0.061530 -0.045140 -0.023601
14 10 -0.087102 -0.027321 -0.040028
15 10 -0.029981 0.025016 -0.031339
16 10 0.092398 0.053964 0.031842
17 10 0.088975 0.011319 0.063129
18 10 -0.043509 -0.038126 -0.000619
19 10 -0.092623 -0.026730 -0.057031
20 10 -0.009218 0.013055 -0.025390
21 10 0.059640 0.023847 0.029531
22 10 0.036780 0.005216 0.032386
23 10 -0.017497 -0.011230 -0.001272
24 10 -0.036562 -0.011344 -0.022360
25 10 -0.019625 -0.002984 -0.017045
26 10 0.002956 0.003480 -0.001936
27 10 0.013472 0.005110 0.007595
28 10 0.012878 0.003896 0.008991
29 10 0.008222 0.002181 0.006359
30 10 0.004100 0.000986 0.003404
31 10 0.001698 0.000376 0.001490
32 10 0.000603 0.000124 0.000555
33 10 0.000187 0.000036 0.000180
34 10 0.000052 0.000009 0.000051
35 10 0.000013 0.000002 0.000013
36 10 0.000003 0.000000 0.000003
37 10 0.000001 0.000000 0.000001
38 10 0.000000 0.000000 0.000000
39 10 0.000000 0.000000 0.000000
40 10 0.000000 0.000000 0.000000
41 10 0.000000 0.000000 0.000000
42 10 0.000000 0.000000 0.000000
43 10 0.000000 0.000000 0.000000
44 10 0.000000 0.000000 0.000000
45 10 0.000000 0.000000 0.000000
46 10 0.000000 0.000000 0.000000
47 10 0.000000 0.000000 0.000000
48 10 0.000000 0.000000 0.000000
49 10 0.000000 0.000000 0.000000

0 11 0.000000 0.000000 0.000000
1 11 0.006633 0.000207 0.001788
2 11 0.014685 -0.000840 0.003004
3 11 0.014805 -0.004762 0.003378
4 11 0.017363 -0.011161 0.005150
5 11 0.000539 -0.022571 0.004015
6 11 -0.015144 -0.030493 -0.000859
7 11 -0.048153 -0.037932 -0.006676
8 11 -0.069912 -0.025267 -0.022675
9 11 -0.055560 -0.002012 -0.020655
10 11 -0.019967 0.030136 -0.016606
11 11 0.066977 0.051480 0.015148
12 11 0.090780 0.026010 0.045794
13 11 0.028334 -0.011995 0.024987
14 11 -0.043867 -0.036724 -0.010185
15 11 -0.094918 -0.032823 -0.046665
16 11 -0.031919 0.014363 -0.039820
17 11 0.091761 0.043759 0.034418
18 11 0.073138 0.008767 0.060870
19 11 -0.051338 -0.030544 -0.007897
20 11 -0.077535 -0.018731 -0.053884
21 11 0.005353 0.012663 -0.015634
22 11 0.055387 0.018209 0.031413
23 11 0.024242 0.001871 0.025921
24 11 -0.022655 -0.010190 -0.006486
25 11 -0.032816 -0.008735 -0.021888
26 11 -0.013982 -0.001451 -0.013735
27 11 0.005769 0.003517 0.000523
28 11 0.013400 0.004436 0.008191
29 11 0.011667 0.003216 0.008510
30 11 0.007109 0.001749 0.005695
31 11 0.003438 0.000775 0.002945
32 11 0.001392 0.000292 0.001257
33 11 0.000485 0.000095 0.000459
34 11 0.000149 0.000028 0.000146
35 11 0.000041 0.000007 0.000041
36 11 0.000010 0.000002 0.000010
37 11 0.000002 0.000000 0.000002
38 11 0.000000 0.000000 0.000000
39 11 0.000000 0.000000 0.000000
40 11 0.000000 0.000000 0.000000
41 11 0.000000 0.000000 0.000000
42 11 0.000000 0.000000 0.000000
43 11 0.000000 0.000000 0.000000
44 11 0.000000 0.000000 0.000000
45 11 0.000000 0.000000 0.000000
46 11 0.000000 0.000000 0.000000
47 11 0.000000 0.000000 0.000000
48 11 0.000000 0.000000 0.000000
49 11 0.000000 0.000000 0.000000

0 12 0.000000 0.000000 0.000000
1 12 0.001756 0.005748 -0.005286
2 12 0.005459 0.012715 -0.005574
3 12 0.014809 0.018423 -0.002355
4 12 0.026194 0.024661 -0.001599
5 12 0.047316 0.024683 0.007357
6 12 0.052500 0.016150 0.010811
7 12 0.055042 -0.002180 0.018256
8 12 0.007428 -0.032060 0.011556
9 12 -0.047829 -0.044415 -0.011170
10 12 -0.091942 -0.037460 -0.030680
11 12 -0.075929 0.004566 -0.044267
12 12 0.036509 0.047930 -0.002330
13 12 0.103599 0.038102 0.047304
14 12 0.063269 -0.003002 0.045359
15 12 -0.046517 -0.037277 -0.002179
16 12 -0.111488 -0.029347 -0.060350
17 12 -0.014748 0.018343 -0.038008
18 12 0.100917 0.035965 0.046972
19 12 0.047939 0.000258 0.052705
20 12 -0.064291 -0.026299 -0.022088
21 12 -0.058242 -0.010078 -0.048433
22 12 0.022301 0.013410 -0.002082
23 12 0.048993 0.012876 0.032684
24 12 0.009880 -0.001510 0.017280
25 12 -0.027301 -0.009188 -0.012178
26 12 -0.027805 -0.006173 -0.020517
27 12 -0.007732 0.000018 -0.009619
28 12 0.008504 0.003515 0.003168
29 12 0.013045 0.003759 0.008613
30 12 0.010248 0.002554 0.007812
31 12 0.005903 0.001335 0.004897
32 12 0.002747 0.000575 0.002426
33 12 0.001080 0.000212 0.001004
34 12 0.000368 0.000068 0.000357
35 12 0.000111 0.000019 0.000112
36 12 0.000030 0.000005 0.000031
37 12 0.000007 0.000001 0.000008
38 12 0.000002 0.000000 0.000002
39 12 0.000000 0.000000 0.000000
40 12 0.000000 0.000000 0.000000
41 12 0.000000 0.000000 0.000000
42 12 0.000000 0.000000 0.000000
43 12 0.000000 0.000000 0.000000
44 12 0.000000 0.000000 0.000000
45 12 0.000000 0.000000 0.000000
46 12 0.000000 0.000000 0.000000
47 12 0.000000 0.000000 0.000000
48 12 0.000000 0.000000 0.000000
49 12 0.000000 0.000000 0.000000

0 13 0.000000 0.000000 0.000000
1 13 -0.010084 -0.004033 -0.001603
2 13 -0.022193 -0.007316 -0.003032
3 13 -0.030596 -0.005533 -0.006007
4 13 -0.038428 -0.000272 -0.009137
5 13 -0.030019 0.015477 -0.012617
6 13 -0.003563 0.032682 -0.007431
7 13 0.043210 0.047802 0.002628
8 13 0.091926 0.041349 0.027532
9 13 0.083678 0.004913 0.036317
10 13 0.013939 -0.037104 0.020160
11 13 -0.091137 -0.057072 -0.027502
12 13 -0.110131 -0.021376 -0.060513
13 13 -0.008763 0.036199 -0.023689
14 13 0.100790 0.049006 0.040618
15 13 0.089209 0.005676 0.063107
16 13 -0.054472 -0.039907 -0.001773
17 13 -0.113358 -0.025291 -0.071972
18 13 0.014029 0.022796 -0.024247
19 13 0.099103 0.027559 0.058538
20 13 0.013784 -0.007458 0.035376
21 13 -0.070564 -0.021139 -0.035962
22 13 -0.032734 -0.002231 -0.037099
23 13 0.036083 0.013033 0.012081
24 13 0.037879 0.007645 0.030490
25 13 -0.004577 -0.004107 0.007011
26 13 -0.029465 -0.007781 -0.016742
27 13 -0.021237 -0.003755 -0.017660
28 13 -0.001510 0.001198 -0.005032
29 13 0.010617 0.003358 0.005545
30 13 0.012234 0.003073 0.008656
31 13 0.008670 0.001940 0.006900
32 13 0.004694 0.000968 0.004030
33 13 0.002090 0.000403 0.001902
34 13 0.000794 0.000145 0.000758
35 13 0.000263 0.000045 0.000262
36 13 0.000077 0.000013 0.000080
37 13 0.000020 0.000003 0.000022
38 13 0.000005 0.000001 0.000005
39 13 0.000001 0.000000 0.000001
40 13 0.000000 0.000000 0.000000
41 13 0.000000 0.000000 0.000000
42 13 0.000000 0.000000 0.000000
43 13 0.000000 0.000000 0.000000
44 13 0.000000 0.000000 0.000000
45 13 0.000000 0.000000 0.000000
46 13 0.000000 0.000000 0.000000
47 13 0.000000 0.000000 0.000000
48 13 0.000000 0.000000 0.000000
49 13 0.000000 0.000000 0.000000

0 14 0.000000 0.000000 0.000000
1 14 0.006453 -0.003950 0.004364
2 14 0.009094 -0.009832 0.005272
3 14 0.004703 -0.019359 0.005200
4 14 -0.013241 -0.030766 0.003836
5 14 -0.044411 -0.040138 -0.004927
6 14 -0.079112 -0.035507 -0.017353
7 14 -0.088822 -0.009819 -0.032415
8 14 -0.036389 0.032340 -0.024370
9 14 0.054595 0.061204 0.009102
10 14 0.121504 0.044140 0.051171
11 14 0.060856 -0.010884 0.048538
12 14 -0.063984 -0.049544 -0.018054
13 14 -0.100924 -0.033527 -0.059979
14 14 -0.021969 0.017878 -0.032698
15 14 0.094930 0.043205 0.040096
16 14 0.070723 0.005854 0.064315
17 14 -0.077844 -0.034597 -0.019744
18 14 -0.084773 -0.013603 -0.070718
19 14 0.052180 0.023870 0.004050
20 14 0.078277 0.015627 0.060682
21 14 -0.023699 -0.012694 0.009229
22 14 -0.063968 -0.013986 -0.043373
23 14 -0.004024 0.003931 -0.019599
24 14 0.042190 0.010898 0.023164
25 14 0.022168 0.002823 0.023577
26 14 -0.016791 -0.005499 -0.003443
27 14 -0.028027 -0.005918 -0.018887
28 14 -0.013487 -0.001636 -0.013259
29 14 0.003984 0.001965 -0.000481
30 14 0.011755 0.003014 0.007283
31 14 0.010941 0.002398 0.008228
32 14 0.007019 0.001403 0.005821
33 14 0.003561 0.000664 0.003161
34 14 0.001511 0.000266 0.001416
35 14 0.000553 0.000092 0.000542
36 14 0.000178 0.000028 0.000181
37 14 0.000051 0.000008 0.000054
38 14 0.000013 0.000002 0.000014
39 14 0.000003 0.000000 0.000003
40 14 0.000001 0.000000 0.000001
41 14 0.000000 0.000000 0.000000
42 14 0.000000 0.000000 0.000000
43 14 0.000000 0.000000 0.000000
44 14 0.000000 0.000000 0.000000
45 14 0.000000 0.000000 0.000000
46 14 0.000000 0.000000 0.000000
47 14 0.000000 0.000000 0.000000
48 14 0.000000 0.000000 0.000000
49 14 0.000000 0.000000 0.000000

0 15 0.000000 0.000000 0.000000
1 15 0.008871 0.010331 -0.007258
2 15 0.022786 0.019588 -0.004514
3 15 0.040504 0.026268 -0.000602
4 15 0.064940 0.023619 0.010074
5 15 0.069476 0.006621 0.018304
6 15 0.046734 -0.025744 0.021953
7 15 -0.035929 -0.056692 0.000475
8 15 -0.104506 -0.052873 -0.038675
9 15 -0.097972 -0.010262 -0.051706
10 15 0.012048 0.044705 -0.017177
11 15 0.121044 0.048435 0.056937
12 15 0.057297 -0.001558 0.056907
13 15 -0.069777 -0.034368 -0.019782
14 15 -0.093742 -0.019922 -0.062935
15 15 0.013759 0.019052 -0.022258
16 15 0.109881 0.028658 0.059550
17 15 0.019097 -0.008133 0.046760
18 15 -0.103355 -0.026923 -0.050543
19 15 -0.034057 0.001829 -0.052093
20 15 0.079619 0.021471 0.035821
21 15 0.039871 0.003394 0.047702
22 15 -0.051174 -0.013969 -0.017956
23 15 -0.042893 -0.006147 -0.039410
24 15 0.021006 0.007318 0.000456
25 15 0.037962 0.007332 0.027568
26 15 0.004372 -0.000966 0.012647
27 15 -0.024424 -0.005579 -0.012027
28 15 -0.022905 -0.003821 -0.017925
29 15 -0.005467 0.000010 -0.007805
30 15 0.008129 0.002287 0.003452
31 15 0.011796 0.002522 0.008156
32 15 0.009269 0.001771 0.007356
33 15 0.005411 0.000960 0.004664
34 15 0.002570 0.000430 0.002355
35 15 0.001036 0.000165 0.000998
36 15 0.000364 0.000055 0.000366
37 15 0.000113 0.000016 0.000118
38 15 0.000031 0.000004 0.000034
39 15 0.000008 0.000001 0.000009
40 15 0.000002 0.000000 0.000002
41 15 0.000000 0.000000 0.000000
42 15 0.000000 0.000000 0.000000
43 15 0.000000 0.000000 0.000000
44 15 0.000000 0.000000 0.000000
45 15 0.000000 0.000000 0.000000
46 15 0.000000 0.000000 0.000000
47 15 0.000000 0.000000 0.000000
48 15 0.000000 0.000000 0.000000
49 15 0.000000 0.000000 0.000000

0 16 0.000000 0.000000 0.000000
1 16 -0.017858 -0.002739 -0.006293
2 16 -0.032394 -0.000675 -0.009360
3 16 -0.041189 0.008620 -0.013441
4 16 -0.025200 0.030327 -0.016520
5 16 0.023106 0.052555 -0.004831
6 16 0.090851 0.058630 0.020426
7 16 0.115005 0.024664 0.050973
8 16 0.028071 -0.031582 0.031287
9 16 -0.092416 -0.055594 -0.029001
10 16 -0.119672 -0.023080 -0.071695
11 16 0.014004 0.036074 -0.024016
12 16 0.124558 0.041736 0.063995
13 16 0.051904 -0.008820 0.056189
14 16 -0.089039 -0.037240 -0.029722
15 16 -0.093299 -0.009056 -0.071942
16 16 0.058831 0.029013 0.002257
17 16 0.103878 0.017431 0.076499
18 16 -0.041274 -0.019193 0.010571
19 16 -0.094488 -0.016617 -0.068528
20 16 0.024374 0.012006 -0.015538
21 16 0.076247 0.014211 0.053446
22 16 -0.006400 -0.005373 0.019837
23 16 -0.057440 -0.010806 -0.035633
24 16 -0.012457 0.000517 -0.023648
25 16 0.035210 0.007558 0.017136
26 16 0.024277 0.003266 0.023657
27 16 -0.011558 -0.003220 0.000219
28 16 -0.026099 -0.004575 -0.016874
29 16 -0.015080 -0.001830 -0.014038
30 16 0.001693 0.001074 -0.002172
31 16 0.010548 0.002223 0.006274
32 16 0.010848 0.001956 0.008128
33 16 0.007404 0.001228 0.006164
34 16 0.003953 0.000617 0.003534
35 16 0.001758 0.000261 0.001661
36 16 0.000673 0.000096 0.000666
37 16 0.000226 0.000031 0.000233
38 16 0.000068 0.000009 0.000072
39 16 0.000018 0.000002 0.000020
40 16 0.000004 0.000001 0.000005
41 16 0.000001 0.000000 0.000001
42 16 0.000000 0.000000 0.000000
43 16 0.000000 0.000000 0.000000
44 16 0.000000 0.000000 0.000000
45 16 0.000000 0.000000 0.000000
46 16 0.000000 0.000000 0.000000
47 16 0.000000 0.000000 0.000000
48 16 0.000000 0.000000 0.000000
49 16 0.000000 0.000000 0.000000

0 17 0.000000 0.000000 0.000000
1 17 0.002897 -0.010392 0.007670
2 17 -0.003546 -0.024078 0.007234
3 17 -0.030231 -0.039223 0.003463
4 17 -0.076550 -0.046127 -0.012814
5 17 -0.109740 -0.024886 -0.035733
6 17 -0.067055 0.024068 -0.042077
7 17 0.058775 0.064908 0.005303
8 17 0.138934 0.048967 0.064615
9 17 0.066287 -0.014752 0.058814
10 17 -0.097850 -0.052250 -0.028745
11 17 -0.112644 -0.021444 -0.081558
12 17 0.032075 0.029792 -0.009351
13 17 0.104558 0.033875 0.066637
14 17 0.017858 -0.007427 0.039769
15 17 -0.099418 -0.029864 -0.048653
16 17 -0.041715 -0.000223 -0.057810
17 17 0.098210 0.025133 0.042133
18 17 0.045604 0.002675 0.062060
19 17 -0.087619 -0.019128 -0.036083
20 17 -0.043519 -0.002973 -0.055465
21 17 0.066218 0.014104 0.025995
22 17 0.041033 0.004352 0.046119
23 17 -0.042168 -0.008799 -0.012274
24 17 -0.040498 -0.005084 -0.036360
25 17 0.016359 0.004419 -0.001900
26 17 0.034707 0.005384 0.024878
27 17 0.005679 -0.000170 0.012941
28 17 -0.021818 -0.003844 -0.010292
29 17 -0.022031 -0.002978 -0.017108
30 17 -0.006275 -0.000262 -0.008243
31 17 0.007025 0.001559 0.002682
32 17 0.011210 0.001890 0.007738
33 17 0.009197 0.001401 0.007342
34 17 0.005559 0.000793 0.004832
35 17 0.002728 0.000370 0.002523
36 17 0.001136 0.000148 0.001105
37 17 0.000412 0.000052 0.000418
38 17 0.000132 0.000016 0.000140
39 17 0.000038 0.000004 0.000042
40 17 0.000010 0.000001 0.000011
41 17 0.000002 0.000000 0.000003
42 17 0.000001 0.000000 0.000001
43 17 0.000000 0.000000 0.000000
44 17 0.000000 0.000000 0.000000
45 17 0.000000 0.000000 0.000000
46 17 0.000000 0.000000 0.000000
47 17 0.000000 0.000000 0.000000
48 17 0.000000 0.000000 0.000000
49 17 0.000000 0.000000 0.000000

0 18 0.000000 0.000000 0.000000
1 18 0.024257 0.015341 -0.008250
2 18 0.053557 0.024912 -0.001049
3 18 0.085107 0.016820 0.016892
4 18 0.071345 -0.017290 0.030560
5 18 -0.015378 -0.060750 0.014365
6 18 -0.136372 -0.065822 -0.045542
7 18 -0.122662 -0.010056 -0.075630
8 18 0.027729 0.050152 -0.011624
9 18 0.138292 0.050328 0.073167
10 18 0.046381 -0.007898 0.062309
11 18 -0.113605 -0.037564 -0.048934
12 18 -0.065621 -0.004534 -0.071325
13 18 0.080793 0.023801 0.023805
14 18 0.084738 0.009912 0.070998
15 18 -0.054279 -0.016792 0.001507
16 18 -0.101772 -0.012537 -0.073605
17 18 0.041310 0.014560 -0.012949
18 18 0.099976 0.013838 0.073303
19 18 -0.034201 -0.010568 0.014968
20 18 -0.085661 -0.011540 -0.063313
21 18 0.022579 0.007125 -0.014618
22 18 0.067488 0.009464 0.048817
23 18 -0.007705 -0.003256 0.017086
24 18 -0.051308 -0.007120 -0.032830
25 18 -0.009507 0.000273 -0.020664
26 18 0.032409 0.005062 0.016420
27 18 0.021288 0.002258 0.021550
28 18 -0.011443 -0.002178 -0.000358
29 18 -0.024392 -0.003197 -0.016045
30 18 -0.014014 -0.001345 -0.013246
31 18 0.001643 0.000709 -0.002033
32 18 0.010024 0.001576 0.006034
33 18 0.010417 0.001429 0.007892
34 18 0.007209 0.000920 0.006068
35 18 0.003912 0.000474 0.003535
36 18 0.001772 0.000206 0.001692
37 18 0.000692 0.000078 0.000692
38 18 0.000238 0.000026 0.000247
39 18 0.000073 0.000008 0.000079
40 18 0.000020 0.000002 0.000022
41 18 0.000005 0.000001 0.000006
42 18 0.000001 0.000000 0.000001
43 18 0.000000 0.000000 0.000000
44 18 0.000000 0.000000 0.000000
45 18 0.000000 0.000000 0.000000
46 18 0.000000 0.000000 0.000000
47 18 0.000000 0.000000 0.000000
48 18 0.000000 0.000000 0.000000
49 18 0.000000 0.000000 0.000000

0 19 0.000000 0.000000 0.000000
1 19 -0.027724 0.007470 -0.020572
2 19 -0.039653 0.026799 -0.026238
3 19 0.003886 0.061101 -0.023720
4 19 0.105378 0.078037 0.016377
5 19 0.159340 0.040717 0.069030
6 19 0.046857 -0.032462 0.051836
7 19 -0.124124 -0.062742 -0.048091
8 19 -0.116011 -0.016213 -0.088231
9 19 0.059572 0.036027 -0.001186
10 19 0.130494 0.027675 0.089043
11 19 -0.020080 -0.019104 0.029842
12 19 -0.120621 -0.027038 -0.072988
13 19 -0.017440 0.010980 -0.043496
14 19 0.104620 0.026931 0.054258
15 19 0.040901 -0.001617 0.057858
16 19 -0.100785 -0.021532 -0.044191
17 19 -0.043301 -0.000852 -0.062246
18 19 0.097104 0.017067 0.043651
19 19 0.035230 0.001446 0.057425
20 19 -0.084417 -0.012383 -0.039192
21 19 -0.030048 -0.001204 -0.047445
22 19 0.063903 0.009065 0.029567
23 19 0.029232 0.002133 0.039056
24 19 -0.042553 -0.005799 -0.016178
25 19 -0.032233 -0.002832 -0.031992
26 19 0.019278 0.003137 0.002068
27 19 0.030651 0.003362 0.023549
28 19 0.001932 -0.000352 0.009903
29 19 -0.021655 -0.002621 -0.011187
30 19 -0.019875 -0.001931 -0.016012
31 19 -0.004732 -0.000104 -0.006991
32 19 0.007276 0.001094 0.003159
33 19 0.010762 0.001300 0.007607
34 19 0.008685 0.000965 0.007045
35 19 0.005232 0.000551 0.004608
36 19 0.002575 0.000260 0.002411
37 19 0.001080 0.000105 0.001062
38 19 0.000396 0.000037 0.000406
39 19 0.000129 0.000012 0.000137
40 19 0.000038 0.000003 0.000041
41 19 0.000010 0.000001 0.000011
42 19 0.000002 0.000000 0.000003
43 19 0.000001 0.000000 0.000001
44 19 0.000000 0.000000 0.000000
45 19 0.000000 0.000000 0.000000
46 19 0.000000 0.000000 0.000000
47 19 0.000000 0.000000 0.000000
48 19 0.000000 0.000000 0.000000
49 19 0.000000 0.000000 0.000000

0 20 0.000000 0.000000 0.000000
1 20 -0.016110 -0.028302 0.013275
2 20 -0.076625 -0.053761 0.001606
3 20 -0.152956 -0.041406 -0.044783
4 20 -0.113873 0.022779 -0.068106
5 20 0.072495 0.077045 0.003971
6 20 0.170670 0.051571 0.099806
7 20 0.025167 -0.018837 0.056513
8 20 -0.138533 -0.043207 -0.065483
9 20 -0.074742 0.000835 -0.080345
10 20 0.110749 0.034256 0.041438
11 20 0.077849 0.010346 0.083867
12 20 -0.083074 -0.017587 -0.024947
13 20 -0.072359 -0.010347 -0.071372
14 20 0.061809 0.010017 0.009482
15 20 0.083993 0.009568 0.071051
16 20 -0.055648 -0.008517 0.002232
17 20 -0.091753 -0.008063 -0.074197
18 20 0.055277 0.009158 -0.001650
19 20 0.083212 0.007452 0.071505
20 20 -0.050306 -0.007355 -0.000456
21 20 -0.068659 -0.005828 -0.059846
22 20 0.036779 0.005335 -0.000387
23 20 0.054920 0.004940 0.046385
24 20 -0.019825 -0.002856 0.005976
25 20 -0.044897 -0.003992 -0.032920
26 20 0.000385 0.000855 -0.013081
27 20 0.031821 0.003166 0.018963
28 20 0.014829 0.001003 0.017810
29 20 -0.014660 -0.001621 -0.003846
30 20 -0.022766 -0.001973 -0.016015
31 20 -0.011054 -0.000694 -0.011299
32 20 0.003255 0.000564 -0.000500
33 20 0.010070 0.001044 0.006431
34 20 0.009774 0.000912 0.007592
35 20 0.006575 0.000579 0.005632
36 20 0.003517 0.000297 0.003224
37 20 0.001581 0.000129 0.001529
38 20 0.000616 0.000049 0.000623
39 20 0.000212 0.000016 0.000223
40 20 0.000065 0.000005 0.000071
41 20 0.000018 0.000001 0.000020
42 20 0.000005 0.000000 0.000005
43 20 0.000001 0.000000 0.000001
44 20 0.000000 0.000000 0.000000
45 20 0.000000 0.000000 0.000000
46 20 0.000000 0.000000 0.000000
47 20 0.000000 0.000000 0.000000
48 20 0.000000 0.000000 0.000000
49 20 0.000000 0.000000 0.000000

0 21 0.000000 0.000000 0.000000
1 21 0.083913 0.023754 -0.007257
2 21 0.126864 -0.008332 0.045795
3 21 -0.004113 -0.072030 0.034182
4 21 -0.183679 -0.076153 -0.071800
5 21 -0.134854 -0.003658 -0.105797
6 21 0.098381 0.054676 0.021837
7 21 0.142361 0.029348 0.110942
8 21 -0.044857 -0.020529 0.017133
9 21 -0.130141 -0.022694 -0.090938
10 21 0.027680 0.010807 -0.029161
11 21 0.123204 0.017308 0.083946
12 21 -0.014355 -0.009803 0.034348
13 21 -0.113598 -0.014421 -0.068897
14 21 -0.008461 0.008724 -0.040497
15 21 0.108623 0.015012 0.060326
16 21 0.016351 -0.003973 0.049145
17 21 -0.107705 -0.012212 -0.058737
18 21 -0.008834 0.002427 -0.045696
19 21 0.098849 0.009510 0.058835
20 21 0.000677 -0.001580 0.037338
21 21 -0.082470 -0.006743 -0.051013
22 21 -0.001464 0.001146 -0.029363
23 21 0.062936 0.005037 0.038867
24 21 0.008136 -0.000070 0.026032
25 21 -0.045260 -0.003462 -0.024514
26 21 -0.018612 -0.000821 -0.024778
27 21 0.025445 0.002173 0.009682
28 21 0.024503 0.001603 0.021778
29 21 -0.005092 -0.000612 0.004267
30 21 -0.022346 -0.001596 -0.013409
31 21 -0.016376 -0.000962 -0.014275
32 21 -0.001538 0.000109 -0.004433
33 21 0.008349 0.000718 0.004459
34 21 0.010315 0.000767 0.007602
35 21 0.007816 0.000545 0.006494
36 21 0.004546 0.000304 0.004077
37 21 0.002188 0.000142 0.002079
38 21 0.000904 0.000057 0.000901
39 21 0.000328 0.000020 0.000341
40 21 0.000106 0.000006 0.000114
41 21 0.000031 0.000002 0.000034
42 21 0.000008 0.000000 0.000009
43 21 0.000002 0.000000 0.000002
44 21 0.000000 0.000000 0.000001
45 21 0.000000 0.000000 0.000000
46 21 0.000000 0.000000 0.000000
47 21 0.000000 0.000000 0.000000
48 21 0.000000 0.000000 0.000000
49 21 0.000000 0.000000 0.000000

0 22 0.000000 0.000000 0.000000
1 22 -0.021584 0.084471 -0.108511
2 22 0.160990 0.120626 0.001050
3 22 0.233747 0.053794 0.127209
4 22 0.006031 -0.038746 0.056654
5 22 -0.186908 -0.048641 -0.105667
6 22 -0.042465 0.005031 -0.078482
7 22 0.142152 0.030495 0.076681
8 22 0.055079 0.002013 0.083059
9 22 -0.127517 -0.019048 -0.052820
10 22 -0.061418 -0.000226 -0.079547
11 22 0.109557 0.015805 0.048810
12 22 0.050176 0.006317 0.071348
13 22 -0.086365 -0.007268 -0.035463
14 22 -0.051461 -0.006006 -0.062786
15 22 0.079912 0.004603 0.026300
16 22 0.060607 0.004015 0.068187
17 22 -0.085200 -0.004994 -0.024916
18 22 -0.058459 -0.002178 -0.068286
19 22 0.084072 0.005609 0.029511
20 22 0.046649 0.001751 0.060831
21 22 -0.072741 -0.004550 -0.028083
22 22 -0.037532 -0.001339 -0.048775
23 22 0.054298 0.003394 0.021254
24 22 0.033260 0.001439 0.038947
25 22 -0.035100 -0.002088 -0.010308
26 22 -0.033365 -0.001477 -0.030719
27 22 0.013871 0.001014 -0.001621
28 22 0.029496 0.001498 0.021483
29 22 0.005140 0.000095 0.011589
30 22 -0.018957 -0.001018 -0.008845
31 22 -0.020043 -0.000911 -0.015575
32 22 -0.006525 -0.000178 -0.008135
33 22 0.005756 0.000397 0.001907
34 22 0.010223 0.000557 0.007049
35 22 0.008842 0.000448 0.007103
36 22 0.005601 0.000272 0.004907
37 22 0.002880 0.000135 0.002687
38 22 0.001259 0.000058 0.001235
39 22 0.000480 0.000021 0.000492
40 22 0.000163 0.000007 0.000173
41 22 0.000049 0.000002 0.000054
42 22 0.000014 0.000001 0.000015
43 22 0.000003 0.000000 0.000004
44 22 0.000001 0.000000 0.000001
45 22 0.000000 0.000000 0.000000
46 22 0.000000 0.000000 0.000000
47 22 0.000000 0.000000 0.000000
48 22 0.000000 0.000000 0.000000
49 22 0.000000 0.000000 0.000000

0 23 0.000000 0.000000 0.000000
1 23 -0.301428 -0.012924 -0.091270
2 23 -0.160241 0.068729 -0.117118
3 23 0.176002 0.091519 0.089868
4 23 0.159217 0.031849 0.161867
5 23 -0.114056 -0.020305 -0.014925
6 23 -0.133289 -0.010178 -0.117497
7 23 0.087573 0.015831 0.013748
8 23 0.117446 0.011592 0.104713
9 23 -0.069044 -0.005884 0.001175
10 23 -0.106671 -0.007428 -0.091223
11 23 0.067708 0.005412 0.001775
12 23 0.099867 0.003415 0.085220
13 23 -0.053096 -0.008156 0.003417
14 23 -0.099460 -0.003585 -0.074338
15 23 0.037980 0.007584 -0.011143
16 23 0.100687 0.005102 0.074530
17 23 -0.040796 -0.004432 0.013779
18 23 -0.094414 -0.004096 -0.073971
19 23 0.047559 0.002897 -0.005988
20 23 0.079097 0.002910 0.068302
21 23 -0.045832 -0.001992 0.000698
22 23 -0.063388 -0.001946 -0.055863
23 23 0.033909 0.001436 -0.000495
24 23 0.050498 0.001548 0.043043
25 23 -0.018277 -0.000751 0.005662
26 23 -0.041631 -0.001224 -0.030593
27 23 0.000004 0.000181 -0.012473
28 23 0.029639 0.000953 0.017586
29 23 0.014405 0.000361 0.017052
30 23 -0.013386 -0.000459 -0.003207
31 23 -0.021768 -0.000622 -0.015195
32 23 -0.011175 -0.000254 -0.011206
33 23 0.002554 0.000146 -0.000950
34 23 0.009501 0.000320 0.005982
35 23 0.009568 0.000295 0.007404
36 23 0.006614 0.000195 0.005655
37 23 0.003628 0.000103 0.003322
38 23 0.001673 0.000047 0.001617
39 23 0.000669 0.000018 0.000676
40 23 0.000236 0.000006 0.000248
41 23 0.000075 0.000002 0.000081
42 23 0.000021 0.000001 0.000024
43 23 0.000006 0.000000 0.000006
44 23 0.000001 0.000000 0.000002
45 23 0.000000 0.000000 0.000000
46 23 0.000000 0.000000 0.000000
47 23 0.000000 0.000000 0.000000
48 23 0.000000 0.000000 0.000000
49 23 0.000000 0.000000 0.000000

0 24 0.000000 0.000000 0.000000
1 24 -0.173887 -0.099252 0.086135
2 24 -0.316151 -0.040823 -0.203785
3 24 0.033524 0.012375 -0.030578
4 24 0.201080 0.015939 0.161660
5 24 -0.028731 -0.001915 0.057583
6 24 -0.159452 -0.006946 -0.108620
7 24 0.022577 0.000434 -0.037804
8 24 0.139531 0.003526 0.095647
9 24 -0.012474 -0.003395 0.045395
10 24 -0.133373 -0.003598 -0.083495
11 24 0.012989 0.001312 -0.038011
12 24 0.109391 0.003149 0.076951
13 24 -0.013049 0.003780 0.033379
14 24 -0.095937 0.000480 -0.061766
15 24 0.003922 -0.002855 -0.035296
16 24 0.101552 -0.001038 0.060171
17 24 -0.002039 0.000549 0.040489
18 24 -0.104320 -0.000091 -0.062607
19 24 0.008393 0.000395 -0.034868
20 24 0.093302 0.000804 0.061586
21 24 -0.012784 -0.000361 0.026848
22 24 -0.076085 -0.000781 -0.051932
23 24 0.008416 0.000227 -0.020961
24 24 0.058227 0.000629 0.039323
25 24 0.000941 -0.000048 0.020095
26 24 -0.043184 -0.000445 -0.025525
27 24 -0.013571 -0.000086 -0.021159
28 24 0.025710 0.000289 0.011285
29 24 0.021632 0.000202 0.020185
30 24 -0.006599 -0.000086 0.002640
31 24 -0.021611 -0.000212 -0.013393
32 24 -0.015095 -0.000127 -0.013409
33 24 -0.000955 0.000014 -0.003837
34 24 0.008224 0.000096 0.004511
35 24 0.009952 0.000104 0.007383
36 24 0.007527 0.000075 0.006275
37 24 0.004399 0.000042 0.003952
38 24 0.002134 0.000020 0.002030
39 24 0.000892 0.000008 0.000889
40 24 0.000328 0.000003 0.000340
41 24 0.000108 0.000001 0.000116
42 24 0.000032 0.000000 0.000035
43 24 0.000009 0.000000 0.000010
44 24 0.000002 0.000000 0.000002
45 24 0.000000 0.000000 0.000001
46 24 0.000000 0.000000 0.000000
47 24 0.000000 0.000000 0.000000
48 24 0.000000 0.000000 0.000000
49 24 0.000000 0.000000 0.000000

0 25 0.000000 0.000000 0.000000
1 25 -0.200533 0.079528 0.023517
2 25 -0.303820 0.053656 -0.149459
3 25 -0.005659 -0.000591 -0.046266
4 25 0.205109 -0.016641 0.144198
5 25 0.023932 -0.002124 0.089029
6 25 -0.165838 0.006290 -0.090889
7 25 -0.029049 0.001410 -0.069330
8 25 0.135511 -0.004013 0.077679
9 25 0.030309 0.001685 0.070097
10 25 -0.124531 0.005236 -0.062866
11 25 -0.027229 0.000534 -0.062581
12 25 0.114020 -0.001743 0.059947
13 25 0.034396 -0.003075 0.059199
14 25 -0.096326 -0.002636 -0.045627
15 25 -0.045117 0.001026 -0.058930
16 25 0.092055 0.001762 0.039909
17 25 0.043348 0.000307 0.062663
18 25 -0.095887 0.000180 -0.042024
19 25 -0.031643 -0.000329 -0.056902
20 25 0.090651 -0.000968 0.045243
21 25 0.020275 0.000035 0.047062
22 25 -0.076175 0.000865 -0.040102
23 25 -0.016939 0.000061 -0.037058
24 25 0.057209 -0.000650 0.030073
25 25 0.019146 -0.000156 0.031058
26 25 -0.039141 0.000418 -0.017274
27 25 -0.025068 0.000215 -0.026879
28 25 0.018970 -0.000225 0.003869
29 25 0.026356 -0.000259 0.021034
30 25 0.000496 0.000014 0.008013
31 25 -0.019875 0.000199 -0.010575
32 25 -0.018063 0.000161 -0.014674
33 25 -0.004485 0.000022 -0.006526
34 25 0.006522 -0.000080 0.002777
35 25 0.009990 -0.000105 0.007063
36 25 0.008298 -0.000083 0.006738
37 25 0.005156 -0.000050 0.004544
38 25 0.002625 -0.000025 0.002458
39 25 0.001142 -0.000011 0.001123
40 25 0.000435 -0.000004 0.000446
41 25 0.000148 -0.000001 0.000157
42 25 0.000045 -0.000000 0.000050
43 25 0.000013 -0.000000 0.000014
44 25 0.000003 -0.000000 0.000004
45 25 0.000001 -0.000000 0.000001
46 25 0.000000 -0.000000 0.000000
47 25 0.000000 -0.000000 0.000000
48 25 0.000000 -0.000000 0.000000
49 25 0.000000 0.000000 0.000000

0 26 0.000000 0.000000 0.000000
1 26 -0.153770 0.096213 -0.032589
2 26 -0.179898 0.067127 -0.099716
3 26 0.057917 -0.025291 -0.013481
4 26 0.215477 -0.053131 0.129885
5 26 0.040772 -0.011674 0.083807
6 26 -0.162083 0.019920 -0.084530
7 26 -0.049839 0.004051 -0.080818
8 26 0.130175 -0.014174 0.062992
9 26 0.065592 -0.006303 0.083267
10 26 -0.112938 0.005688 -0.043888
11 26 -0.061999 0.001971 -0.078325
12 26 0.101416 -0.008693 0.042362
13 26 0.049977 -0.003109 0.069539
14 26 -0.088572 0.009372 -0.031963
15 26 -0.058406 0.004959 -0.064759
16 26 0.082282 -0.006636 0.024070
17 26 0.067076 -0.004585 0.070352
18 26 -0.083200 0.003996 -0.022758
19 26 -0.061205 0.002668 -0.068422
20 26 0.079498 -0.003097 0.026549
21 26 0.047894 -0.001630 0.059671
22 26 -0.067752 0.002332 -0.024775
23 26 -0.038710 0.001077 -0.047650
24 26 0.049839 -0.001721 0.018042
25 26 0.034271 -0.001001 0.037950
26 26 -0.031279 0.001020 -0.007637
27 26 -0.033622 0.000938 -0.029611
28 26 0.010754 -0.000427 -0.003574
29 26 0.028628 -0.000865 0.019994
30 26 0.007190 -0.000167 0.012488
31 26 -0.016998 0.000518 -0.007186
32 26 -0.020025 0.000550 -0.015069
33 26 -0.007802 0.000167 -0.008859
34 26 0.004550 -0.000182 0.000925
35 26 0.009718 -0.000310 0.006497
36 26 0.008902 -0.000268 0.007034
37 26 0.005871 -0.000171 0.005076
38 26 0.003126 -0.000089 0.002882
39 26 0.001412 -0.000040 0.001370
40 26 0.000556 -0.000015 0.000563
41 26 0.000194 -0.000005 0.000205
42 26 0.000061 -0.000002 0.000066
43 26 0.000017 -0.000000 0.000020
44 26 0.000005 -0.000000 0.000005
45 26 0.000001 -0.000000 0.000001
46 26 0.000000 -0.000000 0.000000
47 26 0.000000 -0.000000 0.000000
48 26 0.000000 -0.000000 0.000000
49 26 0.000000 0.000000 0.000000

0 27 0.000000 0.000000 0.000000
1 27 -0.061358 0.048328 -0.050163
2 27 -0.025390 0.008588 -0.054750
3 27 0.139194 -0.073707 0.021250
4 27 0.197037 -0.082653 0.107319
5 27 0.007185 -0.012643 0.048738
6 27 -0.169144 0.032942 -0.089545
7 27 -0.058843 0.009295 -0.079619
8 27 0.125518 -0.022217 0.058500
9 27 0.073001 -0.011973 0.085939
10 27 -0.108929 0.015041 -0.035196
11 27 -0.080082 0.009906 -0.083377
12 27 0.089039 -0.008390 0.027974
13 27 0.075490 -0.004598 0.076036
14 27 -0.062110 0.004641 -0.013493
15 27 -0.076748 0.001457 -0.067608
16 27 0.052337 -0.005718 0.003107
17 27 0.082840 -0.003355 0.071030
18 27 -0.058117 0.005362 -0.001420
19 27 -0.080114 0.004001 -0.071460
20 27 0.060791 -0.004625 0.007034
21 27 0.067581 -0.003693 0.065060
22 27 -0.053878 0.003322 -0.008661
23 27 -0.055111 0.002781 -0.052918
24 27 0.038697 -0.002315 0.005428
25 27 0.045444 -0.002325 0.041074
26 27 -0.021423 0.001190 0.001958
27 27 -0.039115 0.001886 -0.029839
28 27 0.002206 -0.000267 -0.010296
29 27 0.028838 -0.001473 0.017625
30 27 0.013033 -0.000588 0.015891
31 27 -0.013449 0.000690 -0.003626
32 27 -0.021062 0.000980 -0.014754
33 27 -0.010748 0.000432 -0.010756
34 27 0.002461 -0.000200 -0.000913
35 27 0.009199 -0.000493 0.005755
36 27 0.009337 -0.000470 0.007175
37 27 0.006519 -0.000318 0.005531
38 27 0.003618 -0.000173 0.003285
39 27 0.001691 -0.000080 0.001619
40 27 0.000686 -0.000032 0.000687
41 27 0.000246 -0.000011 0.000256
42 27 0.000079 -0.000004 0.000085
43 27 0.000023 -0.000001 0.000026
44 27 0.000006 -0.000000 0.000007
45 27 0.000002 -0.000000 0.000002
46 27 0.000000 -0.000000 0.000000
47 27 0.000000 -0.000000 0.000000
48 27 0.000000 -0.000000 0.000000
49 27 0.000000 0.000000 0.000000

0 28 0.000000 0.000000 0.000000
1 28 0.013674 -0.005213 -0.032679
2 28 0.070010 -0.051064 -0.016093
3 28 0.153342 -0.099688 0.036958
4 28 0.117585 -0.072284 0.068347
5 28 -0.062112 0.012983 0.001441
6 28 -0.175853 0.053577 -0.094874
7 28 -0.037005 0.014046 -0.062148
8 28 0.134899 -0.030760 0.066435
9 28 0.074582 -0.015468 0.081151
10 28 -0.097509 0.017461 -0.031739
11 28 -0.085882 0.011778 -0.083464
12 28 0.085257 -0.013976 0.019904
13 28 0.087602 -0.015601 0.080371
14 28 -0.065067 0.005969 -0.007544
15 28 -0.093774 0.013567 -0.072278
16 28 0.044154 -0.002912 -0.006230
17 28 0.099353 -0.010710 0.072727
18 28 -0.039981 0.002854 0.013208
19 28 -0.095422 0.007938 -0.072145
20 28 0.041775 -0.003796 -0.009413
21 28 0.081710 -0.006449 0.066355
22 28 -0.038097 0.003160 0.006021
23 28 -0.066563 0.004837 -0.054348
24 28 0.026083 -0.002232 -0.006264
25 28 0.052856 -0.003854 0.041346
26 28 -0.011080 0.000884 0.010593
27 28 -0.041962 0.002878 -0.028295
28 28 -0.005857 0.000226 -0.015908
29 28 0.027547 -0.001983 0.014507
30 28 0.017821 -0.001179 0.018247
31 28 -0.009652 0.000697 -0.000205
32 28 -0.021343 0.001401 -0.013935
33 28 -0.013241 0.000786 -0.012204
34 28 0.000395 -0.000134 -0.002634
35 28 0.008510 -0.000643 0.004917
36 28 0.009615 -0.000679 0.007183
37 28 0.007085 -0.000486 0.005901
38 28 0.004085 -0.000275 0.003655
39 28 0.001968 -0.000131 0.001860
40 28 0.000820 -0.000054 0.000811
41 28 0.000301 -0.000020 0.000310
42 28 0.000099 -0.000006 0.000106
43 28 0.000029 -0.000002 0.000032
44 28 0.000008 -0.000001 0.000009
45 28 0.000002 -0.000000 0.000002
46 28 0.000000 -0.000000 0.000001
47 28 0.000000 -0.000000 0.000000
48 28 0.000000 -0.000000 0.000000
49 28 0.000000 0.000000 0.000000

0 29 0.000000 0.000000 0.000000
1 29 0.036293 -0.029901 -0.005513
2 29 0.074401 -0.065047 0.007786
3 29 0.086251 -0.075213 0.030458
4 29 0.006428 -0.023301 0.023586
5 29 -0.123766 0.050014 -0.035934
6 29 -0.148881 0.062496 -0.084607
7 29 0.014943 0.000045 -0.027467
8 29 0.145755 -0.045539 0.077637
9 29 0.059871 -0.021296 0.068971
10 29 -0.108665 0.021135 -0.039752
11 29 -0.091464 0.018357 -0.083011
12 29 0.081594 -0.015688 0.019721
13 29 0.084507 -0.014812 0.079026
14 29 -0.057715 0.013291 -0.005113
15 29 -0.083475 0.013755 -0.067000
16 29 0.036390 -0.009690 -0.010370
17 29 0.095306 -0.014477 0.066474
18 29 -0.027669 0.005176 0.021421
19 29 -0.099628 0.012118 -0.067998
20 29 0.026523 -0.003763 -0.020972
21 29 0.089471 -0.009730 0.064335
22 29 -0.023619 0.002535 0.017718
23 29 -0.073691 0.007121 -0.053240
24 29 0.013949 -0.001597 -0.016076
25 29 0.057218 -0.005423 0.039817
26 29 -0.001360 0.000168 0.017790
27 29 -0.042846 0.003797 -0.025747
28 29 -0.012942 0.000976 -0.020307
29 29 0.025355 -0.002346 0.011148
30 29 0.021545 -0.001870 0.019717
31 29 -0.005948 0.000553 0.002866
32 29 -0.021082 0.001782 -0.012827
33 29 -0.015263 0.001200 -0.013242
34 29 -0.001538 0.000005 -0.004166
35 29 0.007734 -0.000756 0.004055
36 29 0.009764 -0.000886 0.007092
37 29 0.007563 -0.000667 0.006188
38 29 0.004510 -0.000391 0.003979
39 29 0.002232 -0.000191 0.002084
40 29 0.000951 -0.000081 0.000930
41 29 0.000356 -0.000030 0.000363
42 29 0.000119 -0.000010 0.000126
43 29 0.000036 -0.000003 0.000039
44 29 0.000010 -0.000001 0.000011
45 29 0.000003 -0.000000 0.000003
46 29 0.000001 -0.000000 0.000001
47 29 0.000000 -0.000000 0.000000
48 29 0.000000 -0.000000 0.000000
49 29 0.000000 0.000000 0.000000

0 30 0.000000 0.000000 0.000000
1 30 0.015577 -0.021344 0.008573
2 30 0.017813 -0.032906 0.011726
3 30 -0.010592 -0.015439 0.010621
4 30 -0.081771 0.034558 -0.010446
5 30 -0.136366 0.073845 -0.049183
6 30 -0.081416 0.047605 -0.053344
7 30 0.072703 -0.024178 0.011551
8 30 0.142995 -0.054910 0.082207
9 30 0.020355 -0.013832 0.045070
10 30 -0.123266 0.035302 -0.055179
11 30 -0.074686 0.022417 -0.073566
12 30 0.091463 -0.019700 0.027227
13 30 0.091717 -0.019975 0.078718
14 30 -0.051455 0.007102 -0.003746
15 30 -0.092384 0.013376 -0.068122
16 30 0.020896 -0.004300 -0.016667
17 30 0.097800 -0.013436 0.063827
18 30 -0.011333 0.002891 0.029690
19 30 -0.101454 0.013200 -0.063915
20 30 0.011747 -0.002662 -0.030340
21 30 0.093200 -0.011986 0.061069
22 30 -0.010789 0.001503 0.026847
23 30 -0.077619 0.009170 -0.050892
24 30 0.003275 -0.000603 -0.023831
25 30 0.059426 -0.006887 0.037447
26 30 0.007084 -0.000829 0.023447
27 30 -0.042514 0.004592 -0.022871
28 30 -0.018837 0.001893 -0.023589
29 30 0.022807 -0.002562 0.007944
30 30 0.024326 -0.002605 0.020522
31 30 -0.002585 0.000288 0.005472
32 30 -0.020503 0.002110 -0.011623
33 30 -0.016845 0.001647 -0.013943
34 30 -0.003256 0.000202 -0.005466
35 30 0.006952 -0.000834 0.003236
36 30 0.009817 -0.001087 0.006939
37 30 0.007954 -0.000857 0.006399
38 30 0.004884 -0.000518 0.004250
39 30 0.002472 -0.000260 0.002281
40 30 0.001073 -0.000112 0.001039
41 30 0.000409 -0.000042 0.000412
42 30 0.000139 -0.000014 0.000145
43 30 0.000043 -0.000004 0.000046
44 30 0.000012 -0.000001 0.000013
45 30 0.000003 -0.000000 0.000003
46 30 0.000001 -0.000000 0.000001
47 30 0.000000 -0.000000 0.000000
48 30 0.000000 -0.000000 0.000000
49 30 0.000000 0.000000 0.000000

0 31 0.000000 0.000000 0.000000
1 31 -0.011322 0.000778 0.004680
2 31 -0.032307 0.010575 0.001482
3 31 -0.061506 0.034423 -0.007546
4 31 -0.092892 0.061926 -0.023713
5 31 -0.074896 0.059291 -0.035629
6 31 0.014134 0.007134 -0.012177
7 31 0.122484 -0.053130 0.040991
8 31 0.117229 -0.056797 0.071816
9 31 -0.029670 0.002123 0.010678
10 31 -0.124550 0.042240 -0.066572
11 31 -0.047886 0.015737 -0.056779
12 31 0.103697 -0.028980 0.038715
13 31 0.082309 -0.025921 0.075608
14 31 -0.073334 0.013494 -0.014527
15 31 -0.096354 0.025201 -0.071643
16 31 0.033951 -0.003989 -0.010133
17 31 0.104601 -0.021885 0.066342
18 31 -0.010299 -0.000034 0.029665
19 31 -0.106241 0.017631 -0.063556
20 31 0.003532 -0.000312 -0.035037
21 31 0.096700 -0.014764 0.059230
22 31 -0.001269 -0.000143 0.033024
23 31 -0.080228 0.011156 -0.048825
24 31 -0.005245 0.000686 -0.029541
25 31 0.060546 -0.008235 0.035139
26 31 0.013924 -0.001997 0.027677
27 31 -0.041686 0.005270 -0.020218
28 31 -0.023518 0.002899 -0.025954
29 31 0.020359 -0.002662 0.005176
30 31 0.026352 -0.003345 0.020902
31 31 0.000273 -0.000056 0.007565
32 31 -0.019810 0.002390 -0.010486
33 31 -0.018047 0.002105 -0.014389
34 31 -0.004703 0.000436 -0.006515
35 31 0.006233 -0.000884 0.002514
36 31 0.009812 -0.001278 0.006760
37 31 0.008262 -0.001050 0.006543
38 31 0.005197 -0.000652 0.004466
39 31 0.002679 -0.000333 0.002444
40 31 0.001181 -0.000146 0.001131
41 31 0.000456 -0.000056 0.000455
42 31 0.000157 -0.000019 0.000163
43 31 0.000049 -0.000006 0.000052
44 31 0.000014 -0.000002 0.000015
45 31 0.000004 -0.000000 0.000004
46 31 0.000001 -0.000000 0.000001
47 31 0.000000 -0.000000 0.000000
48 31 0.000000 -0.000000 0.000000
49 31 0.000000 0.000000 0.000000

0 32 0.000000 0.000000 0.000000
1 32 -0.017004 0.012361 -0.005417
2 32 -0.034009 0.026574 -0.008533
3 32 -0.041628 0.038306 -0.013439
4 32 -0.032387 0.037720 -0.016850
5 32 0.017798 0.007310 -0.008818
6 32 0.086823 -0.041977 0.019304
7 32 0.121996 -0.070768 0.048111
8 32 0.048262 -0.038924 0.041024
9 32 -0.086494 0.026381 -0.025248
10 32 -0.121550 0.048227 -0.069442
11 32 -0.014225 0.009691 -0.033576
12 32 0.115796 -0.035516 0.053605
13 32 0.059921 -0.020929 0.065299
14 32 -0.084661 0.023975 -0.028302
15 32 -0.075599 0.022600 -0.065664
16 32 0.045604 -0.013935 0.000341
17 32 0.092658 -0.024129 0.062405
18 32 -0.016402 0.004334 0.024183
19 32 -0.103284 0.021392 -0.061426
20 32 0.002466 -0.000663 -0.034936
21 32 0.097915 -0.017891 0.057824
22 32 0.003658 -0.001200 0.035926
23 32 -0.082067 0.013293 -0.047526
24 32 -0.010982 0.001937 -0.033181
25 32 0.061379 -0.009577 0.033495
26 32 0.018970 -0.003204 0.030628
27 32 -0.040967 0.005897 -0.018196
28 32 -0.027054 0.003930 -0.027620
29 32 0.018366 -0.002704 0.003034
30 32 0.027827 -0.004074 0.021073
31 32 0.002526 -0.000435 0.009142
32 32 -0.019181 0.002640 -0.009544
33 32 -0.018936 0.002561 -0.014663
34 32 -0.005845 0.000687 -0.007309
35 32 0.005637 -0.000917 0.001931
36 32 0.009783 -0.001462 0.006590
37 32 0.008495 -0.001243 0.006634
38 32 0.005444 -0.000788 0.004624
39 32 0.002846 -0.000409 0.002569
40 32 0.001269 -0.000181 0.001203
41 32 0.000495 -0.000071 0.000489
42 32 0.000172 -0.000024 0.000176
43 32 0.000054 -0.000008 0.000057
44 32 0.000015 -0.000002 0.000017
45 32 0.000004 -0.000001 0.000004
46 32 0.000001 -0.000000 0.000001
47 32 0.000000 -0.000000 0.000000
48 32 0.000000 -0.000000 0.000000
49 32 0.000000 0.000000 0.000000

0 33 0.000000 0.000000 0.000000
1 33 -0.004051 0.007410 -0.009426
2 33 -0.003620 0.011574 -0.009296
3 33 0.007958 0.007744 -0.008086
4 33 0.033261 -0.009262 -0.001692
5 33 0.069491 -0.038725 0.010608
6 33 0.090371 -0.061496 0.028270
7 33 0.057153 -0.050185 0.029766
8 33 -0.036422 0.003714 0.001872
9 33 -0.119958 0.053478 -0.048060
10 33 -0.085559 0.047373 -0.056326
11 33 0.043965 -0.007952 0.000284
12 33 0.125152 -0.045796 0.065445
13 33 0.034040 -0.016680 0.047358
14 33 -0.093861 0.025287 -0.041353
15 33 -0.068624 0.018767 -0.060955
16 33 0.047382 -0.012793 0.007661
17 33 0.088309 -0.021014 0.061215
18 33 -0.016879 0.004618 0.020362
19 33 -0.100849 0.021411 -0.060842
20 33 0.002306 -0.000931 -0.033743
21 33 0.098304 -0.019764 0.057567
22 33 0.005463 -0.001728 0.036741
23 33 -0.083640 0.015244 -0.047353
24 33 -0.013987 0.002916 -0.035071
25 33 0.062452 -0.010944 0.032883
26 33 0.022175 -0.004314 0.032480
27 33 -0.040802 0.006555 -0.017078
28 33 -0.029537 0.004931 -0.028779
29 33 0.017092 -0.002759 0.001640
30 33 0.028930 -0.004790 0.021212
31 33 0.004111 -0.000803 0.010215
32 33 -0.018756 0.002884 -0.008889
33 33 -0.019578 0.003007 -0.014835
34 33 -0.006660 0.000933 -0.007853
35 33 0.005211 -0.000948 0.001516
36 33 0.009762 -0.001641 0.006453
37 33 0.008662 -0.001431 0.006682
38 33 0.005622 -0.000921 0.004725
39 33 0.002966 -0.000484 0.002651
40 33 0.001333 -0.000217 0.001251
41 33 0.000523 -0.000085 0.000513
42 33 0.000183 -0.000030 0.000186
43 33 0.000057 -0.000009 0.000060
44 33 0.000016 -0.000003 0.000018
45 33 0.000004 -0.000001 0.000005
46 33 0.000001 -0.000000 0.000001
47 33 0.000000 -0.000000 0.000000
48 33 0.000000 -0.000000 0.000000
49 33 0.000000 0.000000 0.000000

0 34 0.000000 0.000000 0.000000
1 34 0.009864 -0.003615 -0.005002
2 34 0.021239 -0.010076 -0.002921
3 34 0.037544 -0.021100 0.000623
4 34 0.051848 -0.035950 0.008097
5 34 0.057114 -0.046090 0.013503
6 34 0.035527 -0.039034 0.017038
7 34 -0.023768 -0.003256 0.000632
8 34 -0.085547 0.042078 -0.024747
9 34 -0.102094 0.059106 -0.048382
10 34 -0.013222 0.021465 -0.025564
11 34 0.093545 -0.036883 0.032727
12 34 0.105441 -0.049576 0.061901
13 34 -0.010588 -0.004952 0.020956
14 34 -0.115784 0.036293 -0.057017
15 34 -0.053609 0.023768 -0.053478
16 34 0.074342 -0.016934 0.025162
17 34 0.089408 -0.027649 0.063744
18 34 -0.032605 0.004761 0.008990
19 34 -0.104142 0.025491 -0.064779
20 34 0.009417 -0.000564 -0.028319
21 34 0.101176 -0.022539 0.060342
22 34 0.002993 -0.002162 0.034933
23 34 -0.086179 0.017398 -0.049092
24 34 -0.014044 0.003617 -0.035221
25 34 0.064299 -0.012452 0.033665
26 34 0.023478 -0.005243 0.033326
27 34 -0.041523 0.007339 -0.017065
28 34 -0.031024 0.005863 -0.029556
29 34 0.016732 -0.002903 0.001081
30 34 0.029789 -0.005497 0.021438
31 34 0.004984 -0.001115 0.010797
32 34 -0.018637 0.003154 -0.008585
33 34 -0.020020 0.003439 -0.014956
34 34 -0.007136 0.001154 -0.008151
35 34 0.004987 -0.000993 0.001289
36 34 0.009770 -0.001820 0.006370
37 34 0.008768 -0.001613 0.006694
38 34 0.005727 -0.001048 0.004768
39 34 0.003035 -0.000554 0.002688
40 34 0.001368 -0.000249 0.001274
41 34 0.000539 -0.000098 0.000523
42 34 0.000189 -0.000034 0.000190
43 34 0.000059 -0.000011 0.000062
44 34 0.000017 -0.000003 0.000018
45 34 0.000004 -0.000001 0.000005
46 34 0.000001 -0.000000 0.000001
47 34 0.000000 -0.000000 0.000000
48 34 0.000000 -0.000000 0.000000
49 34 0.000000 0.000000 0.000000

0 35 0.000000 0.000000 0.000000
1 35 0.010791 -0.008621 0.001647
2 35 0.018695 -0.016795 0.002977
3 35 0.025436 -0.024342 0.004909
4 35 0.019398 -0.026035 0.006930
5 35 0.003451 -0.017990 0.004404
6 35 -0.032859 0.005155 -0.001789
7 35 -0.071639 0.037182 -0.019537
8 35 -0.082293 0.054327 -0.029536
9 35 -0.042730 0.037795 -0.028541
10 35 0.056011 -0.015140 0.009596
11 35 0.104031 -0.051309 0.047543
12 35 0.059938 -0.034570 0.042782
13 35 -0.058879 0.018292 -0.008700
14 35 -0.114161 0.047584 -0.065270
15 35 -0.004826 0.012499 -0.030829
16 35 0.100257 -0.033941 0.046012
17 35 0.063488 -0.027638 0.054428
18 35 -0.058820 0.015594 -0.009839
19 35 -0.096166 0.029570 -0.064447
20 35 0.026570 -0.004947 -0.016514
21 35 0.101609 -0.026285 0.063328
22 35 -0.005787 -0.000859 0.029144
23 35 -0.088883 0.020143 -0.052260
24 35 -0.010346 0.003614 -0.033119
25 35 0.066993 -0.014297 0.035907
26 35 0.022616 -0.005845 0.033039
27 35 -0.043313 0.008367 -0.018277
28 35 -0.031468 0.006675 -0.029963
29 35 0.017420 -0.003221 0.001426
30 35 0.030458 -0.006201 0.021806
31 35 0.005100 -0.001326 0.010882
32 35 -0.018885 0.003482 -0.008668
33 35 -0.020284 0.003853 -0.015049
34 35 -0.007257 0.001329 -0.008204
35 35 0.004988 -0.001068 0.001261
36 35 0.009819 -0.002004 0.006349
37 35 0.008816 -0.001785 0.006676
38 35 0.005757 -0.001163 0.004754
39 35 0.003050 -0.000615 0.002679
40 35 0.001375 -0.000277 0.001269
41 35 0.000542 -0.000109 0.000521
42 35 0.000190 -0.000038 0.000189
43 35 0.000060 -0.000012 0.000062
44 35 0.000017 -0.000003 0.000018
45 35 0.000004 -0.000001 0.000005
46 35 0.000001 -0.000000 0.000001
47 35 0.000000 -0.000000 0.000000
48 35 0.000000 -0.000000 0.000000
49 35 0.000000 0.000000 0.000000

0 36 0.000000 0.000000 0.000000
1 36 -0.000027 -0.003622 0.003110
2 36 -0.003402 -0.005024 0.002798
3 36 -0.009847 -0.003254 0.001791
4 36 -0.025368 0.005822 -0.000939
5 36 -0.042524 0.019990 -0.006575
6 36 -0.061715 0.038910 -0.013447
7 36 -0.060556 0.048028 -0.020900
8 36 -0.029134 0.036302 -0.015678
9 36 0.033059 -0.000492 0.000340
10 36 0.095745 -0.043068 0.032424
11 36 0.082591 -0.047144 0.042015
12 36 0.005382 -0.010486 0.014942
13 36 -0.090069 0.038373 -0.033796
14 36 -0.081639 0.041893 -0.057734
15 36 0.041586 -0.009065 -0.001738
16 36 0.096006 -0.038629 0.054559
17 36 0.029378 -0.013581 0.036733
18 36 -0.070094 0.024859 -0.023818
19 36 -0.077603 0.026019 -0.058137
20 36 0.043361 -0.011630 -0.003413
21 36 0.096660 -0.027614 0.064305
22 36 -0.018547 0.002602 0.020407
23 36 -0.089997 0.022676 -0.055715
24 36 -0.002825 0.002441 -0.028592
25 36 0.070013 -0.016418 0.039299
26 36 0.019289 -0.005893 0.031389
27 36 -0.046118 0.009719 -0.020704
28 36 -0.030707 0.007283 -0.029896
29 36 0.019225 -0.003795 0.002726
30 36 0.030900 -0.006897 0.022300
31 36 0.004404 -0.001384 0.010441
32 36 -0.019519 0.003897 -0.009152
33 36 -0.020361 0.004240 -0.015113
34 36 -0.007011 0.001437 -0.008007
35 36 0.005220 -0.001186 0.001435
36 36 0.009911 -0.002194 0.006391
37 36 0.008804 -0.001945 0.006627
38 36 0.005712 -0.001262 0.004683
39 36 0.003011 -0.000666 0.002624
40 36 0.001352 -0.000299 0.001237
41 36 0.000530 -0.000117 0.000506
42 36 0.000185 -0.000041 0.000183
43 36 0.000058 -0.000013 0.000059
44 36 0.000017 -0.000004 0.000017
45 36 0.000004 -0.000001 0.000005
46 36 0.000001 -0.000000 0.000001
47 36 0.000000 -0.000000 0.000000
48 36 0.000000 -0.000000 0.000000
49 36 0.000000 0.000000 0.000000

0 37 0.000000 0.000000 0.000000
1 37 -0.008357 0.004084 -0.000968
2 37 -0.017660 0.009372 -0.001814
3 37 -0.026988 0.016562 -0.004111
4 37 -0.035705 0.025268 -0.006540
5 37 -0.038522 0.032459 -0.010335
6 37 -0.029451 0.033416 -0.010565
7 37 -0.002994 0.020340 -0.008056
8 37 0.040662 -0.006636 0.005014
9 37 0.079058 -0.039167 0.020433
10 37 0.084394 -0.051896 0.032616
11 37 0.026158 -0.026992 0.019741
12 37 -0.056195 0.019619 -0.016227
13 37 -0.098246 0.051057 -0.046143
14 37 -0.036253 0.027994 -0.036357
15 37 0.073472 -0.021774 0.023386
16 37 0.087686 -0.033120 0.055021
17 37 0.007117 -0.003526 0.020465
18 37 -0.077436 0.027624 -0.035073
19 37 -0.060982 0.022397 -0.051408
20 37 0.060815 -0.016140 0.010931
21 37 0.090346 -0.027368 0.064874
22 37 -0.034044 0.006938 0.009142
23 37 -0.089285 0.024700 -0.059188
24 37 0.008403 0.000143 -0.021469
25 37 0.072823 -0.018647 0.043522
26 37 0.013238 -0.005199 0.028086
27 37 -0.049689 0.011412 -0.024233
28 37 -0.028474 0.007573 -0.029139
29 37 0.022135 -0.004694 0.005007
30 37 0.030979 -0.007554 0.022825
31 37 0.002837 -0.001232 0.009418
32 37 -0.020510 0.004417 -0.010016
33 37 -0.020207 0.004585 -0.015111
34 37 -0.006380 0.001454 -0.007547
35 37 0.005677 -0.001360 0.001803
36 37 0.010035 -0.002394 0.006487
37 37 0.008727 -0.002088 0.006542
38 37 0.005590 -0.001341 0.004554
39 37 0.002918 -0.000702 0.002525
40 37 0.001300 -0.000313 0.001180
41 37 0.000507 -0.000122 0.000479
42 37 0.000176 -0.000043 0.000172
43 37 0.000055 -0.000013 0.000056
44 37 0.000016 -0.000004 0.000016
45 37 0.000004 -0.000001 0.000004
46 37 0.000001 -0.000000 0.000001
47 37 0.000000 -0.000000 0.000000
48 37 0.000000 -0.000000 0.000000
49 37 0.000000 0.000000 0.000000

0 38 0.000000 0.000000 0.000000
1 38 -0.005514 0.005130 -0.004427
2 38 -0.010665 0.009841 -0.004664
3 38 -0.011489 0.013349 -0.005753
4 38 -0.009040 0.013675 -0.005123
5 38 0.002143 0.009158 -0.005254
6 38 0.021499 -0.003736 0.000514
7 38 0.043579 -0.022170 0.005087
8 38 0.064829 -0.042511 0.016624
9 38 0.054832 -0.048485 0.018727
10 38 0.019062 -0.030170 0.013234
11 38 -0.051021 0.010750 -0.009531
12 38 -0.094926 0.048430 -0.037436
13 38 -0.068065 0.047957 -0.037260
14 38 0.020514 0.006007 -0.006806
15 38 0.102023 -0.035190 0.042638
16 38 0.072853 -0.031739 0.048727
17 38 -0.029597 0.006999 -0.002159
18 38 -0.090205 0.036924 -0.048088
19 38 -0.032873 0.020624 -0.038398
20 38 0.086445 -0.023167 0.030361
21 38 0.079075 -0.026803 0.062604
22 38 -0.054222 0.013471 -0.006253
23 38 -0.084743 0.026638 -0.061307
24 38 0.024239 -0.003536 -0.010833
25 38 0.074538 -0.020878 0.047980
26 38 0.004066 -0.003512 0.022637
27 38 -0.053515 0.013433 -0.028593
28 38 -0.024378 0.007390 -0.027340
29 38 0.026028 -0.005971 0.008246
30 38 0.030451 -0.008111 0.023195
31 38 0.000343 -0.000809 0.007745
32 38 -0.021772 0.005052 -0.011208
33 38 -0.019745 0.004862 -0.014982
34 38 -0.005353 0.001358 -0.006809
35 38 0.006337 -0.001599 0.002350
36 38 0.010168 -0.002600 0.006615
37 38 0.008575 -0.002209 0.006412
38 38 0.005390 -0.001396 0.004369
39 38 0.002775 -0.000722 0.002386
40 38 0.001221 -0.000319 0.001101
41 38 0.000471 -0.000123 0.000443
42 38 0.000162 -0.000043 0.000158
43 38 0.000050 -0.000013 0.000050
44 38 0.000014 -0.000004 0.000015
45 38 0.000004 -0.000001 0.000004
46 38 0.000001 -0.000000 0.000001
47 38 0.000000 -0.000000 0.000000
48 38 0.000000 -0.000000 0.000000
49 38 0.000000 0.000000 0.000000

0 39 0.000000 0.000000 0.000000
1 39 0.002833 0.000085 -0.003410
2 39 0.005135 -0.000493 -0.003056
3 39 0.013005 -0.003974 -0.002108
4 39 0.018838 -0.009589 0.000003
5 39 0.031876 -0.019295 0.002215
6 39 0.038434 -0.030306 0.007654
7 39 0.040607 -0.038130 0.008496
8 39 0.028326 -0.038335 0.012580
9 39 -0.010358 -0.019373 0.001764
10 39 -0.048554 0.009392 -0.008377
11 39 -0.091407 0.041751 -0.027874
12 39 -0.072490 0.047290 -0.034194
13 39 -0.005974 0.015659 -0.011001
14 39 0.068045 -0.027957 0.019093
15 39 0.098363 -0.049334 0.047713
16 39 0.016302 -0.019714 0.024941
17 39 -0.081176 0.031103 -0.032486
18 39 -0.079769 0.045421 -0.050283
19 39 0.016498 0.008377 -0.012821
20 39 0.106307 -0.033193 0.048068
21 39 0.053704 -0.020524 0.051409
22 39 -0.075002 0.023978 -0.024096
23 39 -0.070959 0.027250 -0.058475
24 39 0.044753 -0.009119 0.003739
25 39 0.073317 -0.022500 0.051302
26 39 -0.008330 -0.000394 0.014626
27 39 -0.056541 0.015658 -0.033129
28 39 -0.017939 0.006517 -0.024027
29 39 0.030606 -0.007632 0.012315
30 39 0.028975 -0.008457 0.023136
31 39 -0.003093 -0.000052 0.005361
32 39 -0.023147 0.005785 -0.012622
33 39 -0.018870 0.005032 -0.014635
34 39 -0.003926 0.001126 -0.005781
35 39 0.007156 -0.001905 0.003043
36 39 0.010276 -0.002805 0.006749
37 39 0.008336 -0.002301 0.006227
38 39 0.005114 -0.001422 0.004127
39 39 0.002585 -0.000723 0.002209
40 39 0.001121 -0.000315 0.001004
41 39 0.000427 -0.000120 0.000398
42 39 0.000145 -0.000041 0.000140
43 39 0.000045 -0.000013 0.000044
44 39 0.000012 -0.000004 0.000013
45 39 0.000003 -0.000001 0.000003
46 39 0.000001 -0.000000 0.000001
47 39 0.000000 -0.000000 0.000000
48 39 0.000000 -0.000000 0.000000
49 39 0.000000 0.000000 0.000000

0 40 0.000000 0.000000 0.000000
1 40 0.006988 -0.003763 -0.000213
2 40 0.012272 -0.007331 0.000052
3 40 0.020777 -0.012903 0.001890
4 40 0.022352 -0.016820 0.002753
5 40 0.027792 -0.022207 0.004995
6 40 0.017778 -0.021499 0.005634
7 40 0.007576 -0.016657 0.003219
8 40 -0.019726 -0.002202 0.000582
9 40 -0.048163 0.019471 -0.012172
10 40 -0.061316 0.034716 -0.015984
11 40 -0.060922 0.039666 -0.024253
12 40 -0.003734 0.011780 -0.010092
13 40 0.047631 -0.027493 0.014969
14 40 0.074936 -0.052605 0.029401
15 40 0.043413 -0.043407 0.032452
16 40 -0.062662 0.009379 -0.011432
17 40 -0.103479 0.047900 -0.051512
18 40 -0.037822 0.030764 -0.033429
19 40 0.057076 -0.014481 0.013170
20 40 0.098376 -0.036200 0.051826
21 40 0.016426 -0.005496 0.031225
22 40 -0.087194 0.035292 -0.039143
23 40 -0.045330 0.024461 -0.048452
24 40 0.067293 -0.015768 0.020826
25 40 0.067406 -0.022080 0.051900
26 40 -0.022850 0.004559 0.004316
27 40 -0.057043 0.017771 -0.036698
28 40 -0.008722 0.004737 -0.018713
29 40 0.035354 -0.009580 0.016923
30 40 0.026163 -0.008427 0.022308
31 40 -0.007393 0.001089 0.002259
32 40 -0.024400 0.006573 -0.014095
33 40 -0.017463 0.005045 -0.013962
34 40 -0.002120 0.000739 -0.004464
35 40 0.008072 -0.002271 0.003837
36 40 0.010318 -0.002998 0.006853
37 40 0.007998 -0.002358 0.005974
38 40 0.004766 -0.001418 0.003832
39 40 0.002357 -0.000706 0.002003
40 40 0.001004 -0.000302 0.000893
41 40 0.000377 -0.000114 0.000348
42 40 0.000126 -0.000038 0.000121
43 40 0.000038 -0.000012 0.000038
44 40 0.000011 -0.000003 0.000011
45 40 0.000003 -0.000001 0.000003
46 40 0.000001 -0.000000 0.000001
47 40 0.000000 -0.000000 0.000000
48 40 0.000000 -0.000000 0.000000
49 40 0.000000 0.000000 0.000000

0 41 0.000000 0.000000 0.000000
1 41 0.003086 -0.003054 0.001444
2 41 0.004574 -0.005215 0.001155
3 41 0.006188 -0.007277 0.002252
4 41 0.001722 -0.005735 0.000896
5 41 -0.001322 -0.003497 0.001668
6 41 -0.016048 0.006012 -0.001872
7 41 -0.023524 0.015475 -0.004204
8 41 -0.040455 0.030238 -0.008721
9 41 -0.037538 0.037506 -0.013753
10 41 -0.023073 0.033337 -0.009185
11 41 0.008448 0.015053 -0.006048
12 41 0.060703 -0.021992 0.015516
13 41 0.069430 -0.044023 0.026727
14 41 0.051199 -0.044554 0.024472
15 41 -0.019523 -0.013535 0.007737
16 41 -0.100743 0.033040 -0.036792
17 41 -0.076215 0.034736 -0.045046
18 41 0.003153 -0.003005 -0.008819
19 41 0.061419 -0.033760 0.024946
20 41 0.063104 -0.030836 0.040641
21 41 -0.025629 0.010156 0.006623
22 41 -0.090768 0.041638 -0.049900
23 41 -0.012790 0.017863 -0.033050
24 41 0.087266 -0.021501 0.037666
25 41 0.055990 -0.018159 0.048536
26 41 -0.037114 0.011490 -0.007282
27 41 -0.052777 0.019407 -0.037776
28 41 0.003604 0.002001 -0.010971
29 41 0.039630 -0.011537 0.021646
30 41 0.021727 -0.007791 0.020400
31 41 -0.012310 0.002638 -0.001459
32 41 -0.025207 0.007335 -0.015391
33 41 -0.015412 0.004839 -0.012853
34 41 0.000013 0.000188 -0.002882
35 41 0.009002 -0.002681 0.004668
36 41 0.010247 -0.003164 0.006886
37 41 0.007552 -0.002370 0.005645
38 41 0.004354 -0.001381 0.003489
39 41 0.002099 -0.000671 0.001775
40 41 0.000876 -0.000282 0.000774
41 41 0.000323 -0.000104 0.000297
42 41 0.000107 -0.000035 0.000101
43 41 0.000032 -0.000010 0.000031
44 41 0.000009 -0.000003 0.000009
45 41 0.000002 -0.000001 0.000002
46 41 0.000001 -0.000000 0.000001
47 41 0.000000 -0.000000 0.000000
48 41 0.000000 -0.000000 0.000000
49 41 0.000000 0.000000 0.000000

0 42 0.000000 0.000000 0.000000
1 42 -0.004104 -0.000021 0.000847
2 42 -0.008698 0.000686 0.000151
3 42 -0.014614 0.002631 -0.000017
4 42 -0.022028 0.006882 -0.002461
5 42 -0.028733 0.012168 -0.003009
6 42 -0.037166 0.020497 -0.007256
7 42 -0.035481 0.025259 -0.007471
8 42 -0.033423 0.029890 -0.009965
9 42 -0.008390 0.022106 -0.006552
10 42 0.016960 0.008843 0.001185
11 42 0.052745 -0.012669 0.009160
12 42 0.074619 -0.031749 0.024144
13 42 0.052366 -0.026830 0.020064
14 42 0.016222 -0.008409 0.009696
15 42 -0.048913 0.025787 -0.012315
16 42 -0.073354 0.042356 -0.037117
17 42 -0.014884 0.010531 -0.018126
18 42 0.035783 -0.028119 0.013957
19 42 0.052253 -0.042878 0.028052
20 42 0.019844 -0.026889 0.024315
21 42 -0.072187 0.017493 -0.020013
22 42 -0.093531 0.038912 -0.058291
23 42 0.017392 0.006057 -0.015791
24 42 0.096724 -0.026142 0.049854
25 42 0.036555 -0.010339 0.038988
26 42 -0.048904 0.020168 -0.019168
27 42 -0.041514 0.020296 -0.034772
28 42 0.019186 -0.001400 -0.000551
29 42 0.042860 -0.012956 0.025996
30 42 0.015718 -0.006248 0.017274
31 42 -0.017298 0.004583 -0.005483
32 42 -0.025148 0.007962 -0.016191
33 42 -0.012629 0.004360 -0.011210
34 42 0.002378 -0.000516 -0.001091
35 42 0.009846 -0.003107 0.005460
36 42 0.010021 -0.003281 0.006811
37 42 0.006998 -0.002333 0.005236
38 42 0.003890 -0.001312 0.003108
39 42 0.001824 -0.000620 0.001534
40 42 0.000744 -0.000254 0.000653
41 42 0.000269 -0.000092 0.000245
42 42 0.000087 -0.000030 0.000082
43 42 0.000026 -0.000009 0.000025
44 42 0.000007 -0.000002 0.000007
45 42 0.000002 -0.000001 0.000002
46 42 0.000000 -0.000000 0.000000
47 42 0.000000 -0.000000 0.000000
48 42 0.000000 -0.000000 0.000000
49 42 0.000000 0.000000 0.000000

0 43 0.000000 0.000000 0.000000
1 43 -0.005084 0.002694 -0.001026
2 43 -0.009510 0.005258 -0.001494
3 43 -0.014784 0.008356 -0.001931
4 43 -0.017661 0.010680 -0.003302
5 43 -0.019896 0.012439 -0.003427
6 43 -0.017679 0.011892 -0.005023
7 43 -0.009649 0.006906 -0.002821
8 43 0.001211 -0.001106 -0.002364
9 43 0.021817 -0.016479 0.003814
10 43 0.031826 -0.028234 0.007870
11 43 0.040996 -0.037855 0.011624
12 43 0.023436 -0.030270 0.012185
13 43 -0.012435 -0.004154 -0.001602
14 43 -0.041300 0.025191 -0.012420
15 43 -0.063206 0.051895 -0.025992
16 43 -0.022572 0.042258 -0.022592
17 43 0.050181 0.000860 0.011578
18 43 0.077016 -0.028659 0.033343
19 43 0.062391 -0.037537 0.033636
20 43 -0.010684 -0.017969 0.011230
21 43 -0.106629 0.021699 -0.041275
22 43 -0.084817 0.025043 -0.057366
23 43 0.039974 -0.015545 0.002614
24 43 0.082738 -0.032353 0.050796
25 43 0.002145 -0.000423 0.019091
26 43 -0.058631 0.028816 -0.031316
27 43 -0.023113 0.019733 -0.027166
28 43 0.036983 -0.004866 0.011908
29 43 0.044531 -0.012949 0.029345
30 43 0.008821 -0.003392 0.013145
31 43 -0.021345 0.006905 -0.009177
32 43 -0.023663 0.008351 -0.016066
33 43 -0.009045 0.003586 -0.008948
34 43 0.004854 -0.001337 0.000830
35 43 0.010505 -0.003505 0.006135
36 43 0.009610 -0.003330 0.006600
37 43 0.006344 -0.002240 0.004751
38 43 0.003392 -0.001212 0.002702
39 43 0.001543 -0.000556 0.001291
40 43 0.000614 -0.000223 0.000535
41 43 0.000217 -0.000079 0.000197
42 43 0.000069 -0.000025 0.000065
43 43 0.000020 -0.000007 0.000019
44 43 0.000005 -0.000002 0.000005
45 43 0.000001 -0.000000 0.000001
46 43 0.000000 -0.000000 0.000000
47 43 0.000000 -0.000000 0.000000
48 43 0.000000 -0.000000 0.000000
49 43 0.000000 0.000000 0.000000

0 44 0.000000 0.000000 0.000000
1 44 0.000506 0.003141 -0.003150
2 44 0.002273 0.005540 -0.003008
3 44 0.004446 0.007405 -0.002741
4 44 0.010310 0.006742 -0.002063
5 44 0.016715 0.004425 -0.000663
6 44 0.027573 -0.002115 0.001074
7 44 0.037399 -0.011224 0.004682
8 44 0.045946 -0.022709 0.006949
9 44 0.048310 -0.034183 0.011167
10 44 0.034431 -0.038075 0.009761
11 44 0.010896 -0.034913 0.006627
12 44 -0.033512 -0.015501 -0.003715
13 44 -0.070846 0.009059 -0.018987
14 44 -0.086278 0.028829 -0.026417
15 44 -0.068748 0.035646 -0.028428
16 44 0.003117 0.012995 -0.008068
17 44 0.068214 -0.013630 0.023653
18 44 0.083651 -0.020158 0.034504
19 44 0.055431 -0.011333 0.027736
20 44 -0.027682 0.016916 -0.002405
21 44 -0.088663 0.037402 -0.042572
22 44 -0.027940 0.005861 -0.030187
23 44 0.064579 -0.043387 0.026903
24 44 0.042001 -0.039664 0.038520
25 44 -0.049842 0.007239 -0.011694
26 44 -0.069507 0.032026 -0.043947
27 44 -0.003375 0.015238 -0.017482
28 44 0.052004 -0.008104 0.023230
29 44 0.043241 -0.010599 0.030330
30 44 0.002226 0.001182 0.008506
31 44 -0.022942 0.009615 -0.011576
32 44 -0.020010 0.008483 -0.014471
33 44 -0.004552 0.002580 -0.005969
34 44 0.007352 -0.002184 0.002814
35 44 0.010920 -0.003820 0.006642
36 44 0.009014 -0.003289 0.006248
37 44 0.005615 -0.002092 0.004207
38 44 0.002882 -0.001088 0.002288
39 44 0.001270 -0.000484 0.001057
40 44 0.000492 -0.000189 0.000426
41 44 0.000170 -0.000066 0.000153
42 44 0.000053 -0.000021 0.000049
43 44 0.000015 -0.000006 0.000014
44 44 0.000004 -0.000002 0.000004
45 44 0.000001 -0.000000 0.000001
46 44 0.000000 -0.000000 0.000000
47 44 0.000000 -0.000000 0.000000
48 44 0.000000 -0.000000 0.000000
49 44 0.000000 0.000000 0.000000

0 45 0.000000 0.000000 0.000000
1 45 0.002824 -0.000801 -0.002450
2 45 0.006431 -0.002054 -0.002109
3 45 0.010442 -0.003572 -0.001658
4 45 0.016435 -0.006284 -0.000523
5 45 0.021937 -0.008899 0.000671
6 45 0.028936 -0.012489 0.002492
7 45 0.031909 -0.014040 0.004267
8 45 0.032390 -0.013950 0.005150
9 45 0.024326 -0.008807 0.005551
10 45 0.008299 0.001767 0.001962
11 45 -0.011739 0.015000 -0.001898
12 45 -0.035191 0.029583 -0.009417
13 45 -0.041254 0.031885 -0.013822
14 45 -0.031878 0.019951 -0.011397
15 45 -0.003213 -0.007576 -0.004407
16 45 0.034828 -0.042274 0.012257
17 45 0.037031 -0.051609 0.019969
18 45 0.007603 -0.028765 0.008572
19 45 -0.033105 0.013681 -0.009067
20 45 -0.067422 0.057854 -0.029955
21 45 -0.028918 0.056224 -0.028745
22 45 0.074762 -0.004570 0.018463
23 45 0.103507 -0.053190 0.057019
24 45 0.003082 -0.034543 0.024388
25 45 -0.095159 0.011182 -0.039050
26 45 -0.077608 0.023108 -0.051941
27 45 0.007221 0.002568 -0.010168
28 45 0.053591 -0.012386 0.027109
29 45 0.034665 -0.006177 0.025874
30 45 -0.003863 0.007286 0.003246
31 45 -0.020833 0.012654 -0.011911
32 45 -0.013445 0.008503 -0.010907
33 45 0.001084 0.001568 -0.002125
34 45 0.009934 -0.002887 0.004888
35 45 0.011149 -0.003968 0.007009
36 45 0.008296 -0.003136 0.005798
37 45 0.004859 -0.001891 0.003642
38 45 0.002387 -0.000945 0.001888
39 45 0.001016 -0.000407 0.000841
40 45 0.000383 -0.000154 0.000329
41 45 0.000129 -0.000052 0.000115
42 45 0.000039 -0.000016 0.000036
43 45 0.000011 -0.000005 0.000010
44 45 0.000003 -0.000001 0.000003
45 45 0.000001 -0.000000 0.000001
46 45 0.000000 -0.000000 0.000000
47 45 0.000000 -0.000000 0.000000
48 45 0.000000 -0.000000 0.000000
49 45 0.000000 0.000000 0.000000

0 46 0.000000 0.000000 0.000000
1 46 0.001879 -0.004662 0.001647
2 46 0.003258 -0.009286 0.001792
3 46 0.003362 -0.013554 0.001808
4 46 0.001831 -0.017251 0.001975
5 46 -0.002822 -0.019133 0.001452
6 46 -0.010039 -0.018772 0.000732
7 46 -0.021847 -0.013745 -0.001356
8 46 -0.034643 -0.004458 -0.004233
9 46 -0.048788 0.010785 -0.008079
10 46 -0.056092 0.028313 -0.012360
11 46 -0.051945 0.044231 -0.013809
12 46 -0.030791 0.052004 -0.012500
13 46 0.011973 0.042413 -0.003018
14 46 0.059345 0.017602 0.011539
15 46 0.097129 -0.018945 0.026407
16 46 0.095231 -0.049450 0.035154
17 46 0.033394 -0.051303 0.021382
18 46 -0.053477 -0.026801 -0.010044
19 46 -0.120895 0.013192 -0.040917
20 46 -0.116349 0.044185 -0.054086
21 46 -0.005057 0.029956 -0.022217
22 46 0.119988 -0.013928 0.041611
23 46 0.114458 -0.027051 0.064392
24 46 -0.004815 0.001258 0.016164
25 46 -0.085771 0.021035 -0.039178
26 46 -0.057693 0.005468 -0.039884
27 46 0.009251 -0.018407 -0.003259
28 46 0.033420 -0.020047 0.019475
29 46 0.012084 -0.002597 0.012209
30 46 -0.012679 0.012936 -0.004581
31 46 -0.016140 0.015373 -0.010954
32 46 -0.004164 0.008596 -0.005607
33 46 0.008053 0.000940 0.002625
34 46 0.012912 -0.003162 0.007220
35 46 0.011469 -0.003816 0.007420
36 46 0.007641 -0.002831 0.005383
37 46 0.004174 -0.001631 0.003130
38 46 0.001950 -0.000786 0.001538
39 46 0.000798 -0.000328 0.000657
40 46 0.000291 -0.000121 0.000249
41 46 0.000096 -0.000040 0.000085
42 46 0.000029 -0.000012 0.000026
43 46 0.000008 -0.000003 0.000007
44 46 0.000002 -0.000001 0.000002
45 46 0.000000 -0.000000 0.000000
46 46 0.000000 -0.000000 0.000000
47 46 0.000000 -0.000000 0.000000
48 46 0.000000 -0.000000 0.000000
49 46 0.000000 0.000000 0.000000

0 47 0.000000 0.000000 0.000000
1 47 0.001603 -0.000518 0.001790
2 47 0.002567 -0.000845 0.001844
3 47 0.002339 -0.000855 0.001798
4 47 0.000170 -0.000285 0.001711
5 47 -0.004501 0.001005 0.001093
6 47 -0.011832 0.003015 0.000165
7 47 -0.021996 0.005819 -0.001798
8 47 -0.032730 0.008292 -0.004147
9 47 -0.042833 0.010198 -0.007156
10 47 -0.046389 0.008872 -0.009573
11 47 -0.041107 0.004258 -0.010024
12 47 -0.022854 -0.004625 -0.007847
13 47 0.006860 -0.015390 -0.000806
14 47 0.037201 -0.021256 0.007930
15 47 0.058756 -0.018515 0.016109
16 47 0.053563 -0.001561 0.018580
17 47 0.019152 0.023150 0.009037
18 47 -0.023163 0.036576 -0.006096
19 47 -0.053498 0.028196 -0.019053
20 47 -0.044818 -0.005328 -0.021471
21 47 0.007374 -0.046832 -0.002972
22 47 0.043704 -0.050185 0.019955
23 47 0.018008 -0.000255 0.015568
24 47 -0.024999 0.049064 -0.009300
25 47 -0.022574 0.043392 -0.017316
26 47 0.012707 -0.002292 0.000184
27 47 0.026731 -0.034282 0.015342
28 47 0.004479 -0.028501 0.008861
29 47 -0.023500 -0.003544 -0.008481
30 47 -0.029375 0.014028 -0.017200
31 47 -0.014244 0.015693 -0.011927
32 47 0.004856 0.008374 -0.000684
33 47 0.015590 0.000986 0.007569
34 47 0.016595 -0.002679 0.009913
35 47 0.012397 -0.003171 0.008201
36 47 0.007422 -0.002291 0.005268
37 47 0.003757 -0.001287 0.002819
38 47 0.001655 -0.000606 0.001302
39 47 0.000647 -0.000248 0.000530
40 47 0.000227 -0.000090 0.000193
41 47 0.000072 -0.000029 0.000063
42 47 0.000021 -0.000009 0.000019
43 47 0.000006 -0.000002 0.000005
44 47 0.000001 -0.000001 0.000001
45 47 0.000000 -0.000000 0.000000
46 47 0.000000 -0.000000 0.000000
47 47 0.000000 -0.000000 0.000000
48 47 0.000000 -0.000000 0.000000
49 47 0.000000 0.000000 0.000000

0 48 0.000000 0.000000 0.000000
1 48 -0.003863 0.003853 -0.002384
2 48 -0.007442 0.008088 -0.002584
3 48 -0.010122 0.012868 -0.002937
4 48 -0.011567 0.018355 -0.003343
5 48 -0.010556 0.024043 -0.003660
6 48 -0.006567 0.029204 -0.003531
7 48 0.001731 0.032237 -0.002798
8 48 0.014346 0.030986 -0.000749
9 48 0.030340 0.023520 0.002331
10 48 0.047273 0.007735 0.006923
11 48 0.058500 -0.014729 0.011383
12 48 0.058569 -0.040542 0.014315
13 48 0.038963 -0.060377 0.013086
14 48 -0.000432 -0.063180 0.004665
15 48 -0.049596 -0.042225 -0.009157
16 48 -0.090194 0.002714 -0.025320
17 48 -0.090635 0.052204 -0.033571
18 48 -0.038251 0.077014 -0.022443
19 48 0.045376 0.058375 0.005653
20 48 0.114641 -0.003222 0.038390
21 48 0.103447 -0.067323 0.050691
22 48 -0.005723 -0.071681 0.017047
23 48 -0.113741 -0.010401 -0.040573
24 48 -0.104582 0.048344 -0.059444
25 48 0.002724 0.048251 -0.017708
26 48 0.084880 0.006390 0.034990
27 48 0.070708 -0.025608 0.044535
28 48 0.000639 -0.024906 0.012610
29 48 -0.049720 -0.006400 -0.021392
30 48 -0.050341 0.007961 -0.030386
31 48 -0.021112 0.010598 -0.017590
32 48 0.007343 0.006186 -0.000092
33 48 0.020514 0.001229 0.010379
34 48 0.020314 -0.001375 0.012316
35 48 0.014312 -0.001856 0.009522
36 48 0.008147 -0.001380 0.005788
37 48 0.003946 -0.000783 0.002954
38 48 0.001671 -0.000369 0.001308
39 48 0.000630 -0.000151 0.000513
40 48 0.000214 -0.000054 0.000180
41 48 0.000066 -0.000018 0.000058
42 48 0.000019 -0.000005 0.000017
43 48 0.000005 -0.000001 0.000004
44 48 0.000001 -0.000000 0.000001
45 48 0.000000 -0.000000 0.000000
46 48 0.000000 -0.000000 0.000000
47 48 0.000000 -0.000000 0.000000
48 48 0.000000 -0.000000 0.000000
49 48 0.000000 0.000000 0.000000

0 49 0.000000 0.000000 0.000000
1 49 0.000000 0.000000 0.000000
2 49 0.000000 0.000000 0.000000
3 49 0.000000 0.000000 0.000000
4 49 0.000000 0.000000 0.000000
5 49 0.000000 0.000000 0.000000
6 49 0.000000 0.000000 0.000000
7 49 0.000000 0.000000 0.000000
8 49 0.000000 0.000000 0.000000
9 49 0.000000 0.000000 0.000000
10 49 0.000000 0.000000 0.000000
11 49 0.000000 0.000000 0.000000
12 49 0.000000 0.000000 0.000000
13 49 0.000000 0.000000 0.000000
14 49 0.000000 0.000000 0.000000
15 49 0.000000 0.000000 0.000000
16 49 0.000000 0.000000 0.000000
17 49 0.000000 0.000000 0.000000
18 49 0.000000 0.000000 0.000000
19 49 0.000000 0.000000 0.000000
20 49 0.000000 0.000000 0.000000
21 49 0.000000 0.000000 0.000000
22 49 0.000000 0.000000 0.000000
23 49 0.000000 0.000000 0.000000
24 49 0.000000 0.000000 0.000000
25 49 0.000000 0.000000 0.000000
26 49 0.000000 0.000000 0.000000
27 49 0.000000 0.000000 0.000000
28 49 0.000000 0.000000 0.000000
29 49 0.000000 0.000000 0.000000
30 49 0.000000 0.000000 0.000000
31 49 0.000000 0.000000 0.000000
32 49 0.000000 0.000000 0.000000
33 49 0.000000 0.000000 0.000000
34 49 0.000000 0.000000 0.000000
35 49 0.000000 0.000000 0.000000
36 49 0.000000 0.000000 0.000000
37 49 0.000000 0.000000 0.000000
38 49 0.000000 0.000000 0.000000
39 49 0.000000 0.000000 0.000000
40 49 0.000000 0.000000 0.000000
41 49 0.000000 0.000000 0.000000
42 49 0.000000 0.000000 0.000000
43 49 0.000000 0.000000 0.000000
44 49 0.000000 0.000000 0.000000
45 49 0.000000 0.000000 0.000000
46 49 0.000000 0.000000 0.000000
47 49 0.000000 0.000000 0.000000
48 49 0.000000 0.000000 0.000000
49 49 0.000000 0.000000 0.000000

