#:x y Ey Bx Bz
0 0 0.000000 0.000000 0.000000
1 0 0.000000 0.000000 0.000000
2 0 0.000000 0.000000 0.000000
3 0 0.000000 0.000000 0.000000
4 0 0.000000 0.000000 0.000000
5 0 0.000000 0.000000 0.000000
6 0 0.000000 0.000000 0.000000
7 0 0.000000 0.000000 0.000000
8 0 0.000000 0.000000 0.000000
9 0 0.000000 0.000000 0.000000
10 0 0.000000 0.000000 0.000000
11 0 0.000000 0.000000 0.000000
12 0 0.000000 0.000000 0.000000
13 0 0.000000 0.000000 0.000000
14 0 0.000000 0.000000 0.000000
15 0 0.000000 0.000000 0.000000
16 0 0.000000 0.000000 0.000000
17 0 0.000000 0.000000 0.000000
18 0 0.000000 0.000000 0.000000
19 0 0.000000 0.000000 0.000000
20 0 0.000000 0.000000 0.000000
21 0 0.000000 0.000000 0.000000
22 0 0.000000 0.000000 0.000000
23 0 0.000000 0.000000 0.000000
24 0 0.000000 0.000000 0.000000
25 0 0.000000 0.000000 0.000000
26 0 0.000000 0.000000 0.000000
27 0 0.000000 0.000000 0.000000
28 0 0.000000 0.000000 0.000000
29 0 0.000000 0.000000 0.000000
30 0 0.000000 0.000000 0.000000
31 0 0.000000 0.000000 0.000000
32 0 0.000000 0.000000 0.000000
33 0 0.000000 0.000000 0.000000
34 0 0.000000 0.000000 0.000000
35 0 0.000000 0.000000 0.000000
36 0 0.000000 0.000000 0.000000
37 0 0.000000 0.000000 0.000000
38 0 0.000000 0.000000 0.000000
39 0 0.000000 0.000000 0.000000
40 0 0.000000 0.000000 0.000000
41 0 0.000000 0.000000 0.000000
42 0 0.000000 0.000000 0.000000
43 0 0.000000 0.000000 0.000000
44 0 0.000000 0.000000 0.000000
45 0 0.000000 0.000000 0.000000
46 0 0.000000 0.000000 0.000000
47 0 0.000000 0.000000 0.000000
48 0 0.000000 0.000000 0.000000
49 0 0.000000 0.000000 0.000000

0 1 0.000000 0.000000 0.000000
1 1 -0.003328 0.000718 -0.000718
2 1 -0.006532 0.001655 -0.000937
3 1 -0.009401 0.003009 -0.001354
4 1 -0.011553 0.004920 -0.001912
5 1 -0.012405 0.007418 -0.002497
6 1 -0.011163 0.010324 -0.002906
7 1 -0.007029 0.013171 -0.002847
8 1 0.000546 0.015137 -0.001966
9 1 0.011252 0.015099 0.000038
10 1 0.023409 0.011938 0.003161
11 1 0.033667 0.005047 0.006891
12 1 0.037399 -0.004889 0.009936
13 1 0.030766 -0.015402 0.010513
14 1 0.013284 -0.022617 0.007215
15 1 -0.009841 -0.022755 0.000138
16 1 -0.028101 -0.014834 -0.007921
17 1 -0.032388 -0.002387 -0.012447
18 1 -0.022741 0.008585 -0.010972
19 1 -0.007676 0.013918 -0.005333
20 1 0.003832 0.013505 0.000413
21 1 0.008396 0.009952 0.003553
22 1 0.007764 0.005989 0.003964
23 1 0.005169 0.003047 0.002941
24 1 0.002767 0.001339 0.001708
25 1 0.001247 0.000516 0.000823
26 1 0.000485 0.000176 0.000340
27 1 0.000166 0.000054 0.000122
28 1 0.000050 0.000015 0.000039
29 1 0.000014 0.000004 0.000011
30 1 0.000003 0.000001 0.000003
31 1 0.000001 0.000000 0.000001
32 1 0.000000 0.000000 0.000000
33 1 0.000000 0.000000 0.000000
34 1 0.000000 0.000000 0.000000
35 1 0.000000 0.000000 0.000000
36 1 0.000000 0.000000 0.000000
37 1 0.000000 0.000000 0.000000
38 1 0.000000 0.000000 0.000000
39 1 0.000000 0.000000 0.000000
40 1 0.000000 0.000000 0.000000
41 1 0.000000 0.000000 0.000000
42 1 0.000000 0.000000 0.000000
43 1 0.000000 0.000000 0.000000
44 1 0.000000 0.000000 0.000000
45 1 0.000000 0.000000 0.000000
46 1 0.000000 0.000000 0.000000
47 1 0.000000 0.000000 0.000000
48 1 0.000000 0.000000 0.000000
49 1 0.000000 0.000000 0.000000

0 2 0.000000 0.000000 0.000000
1 2 -0.001187 -0.000694 0.000642
2 2 -0.002624 -0.001534 0.000544
3 2 -0.004541 -0.002638 0.000323
4 2 -0.007069 -0.004039 -0.000080
5 2 -0.010186 -0.005660 -0.000705
6 2 -0.013548 -0.007216 -0.001600
7 2 -0.016327 -0.008229 -0.002660
8 2 -0.017216 -0.008031 -0.003679
9 2 -0.014324 -0.006000 -0.004135
10 2 -0.006145 -0.001941 -0.003330
11 2 0.007779 0.003504 -0.000606
12 2 0.024997 0.008408 0.004287
13 2 0.039130 0.010153 0.010094
14 2 0.041961 0.006747 0.014117
15 2 0.026865 -0.001341 0.012851
16 2 -0.003785 -0.009640 0.004030
17 2 -0.033962 -0.012163 -0.009067
18 2 -0.045144 -0.007046 -0.018018
19 2 -0.033519 0.001662 -0.017055
20 2 -0.011502 0.008280 -0.008506
21 2 0.006060 0.010201 0.000719
22 2 0.013088 0.008484 0.005808
23 2 0.012052 0.005507 0.006437
24 2 0.007983 0.002954 0.004742
25 2 0.004248 0.001349 0.002732
26 2 0.001903 0.000536 0.001306
27 2 0.000736 0.000187 0.000535
28 2 0.000250 0.000058 0.000191
29 2 0.000076 0.000016 0.000060
30 2 0.000020 0.000004 0.000017
31 2 0.000005 0.000001 0.000004
32 2 0.000001 0.000000 0.000001
33 2 0.000000 0.000000 0.000000
34 2 0.000000 0.000000 0.000000
35 2 0.000000 0.000000 0.000000
36 2 0.000000 0.000000 0.000000
37 2 0.000000 0.000000 0.000000
38 2 0.000000 0.000000 0.000000
39 2 0.000000 0.000000 0.000000
40 2 0.000000 0.000000 0.000000
41 2 0.000000 0.000000 0.000000
42 2 0.000000 0.000000 0.000000
43 2 0.000000 0.000000 0.000000
44 2 0.000000 0.000000 0.000000
45 2 0.000000 0.000000 0.000000
46 2 0.000000 0.000000 0.000000
47 2 0.000000 0.000000 0.000000
48 2 0.000000 0.000000 0.000000
49 2 0.000000 0.000000 0.000000

0 3 0.000000 0.000000 0.000000
1 3 0.003529 0.001561 -0.000681
2 3 0.007214 0.002804 -0.000412
3 3 0.011147 0.003369 0.000142
4 3 0.015044 0.002825 0.000969
5 3 0.018430 0.000725 0.002018
6 3 0.020101 -0.003324 0.003122
7 3 0.018751 -0.009315 0.003887
8 3 0.012796 -0.016684 0.003868
9 3 0.001536 -0.023704 0.002307
10 3 -0.013467 -0.027746 -0.000923
11 3 -0.028310 -0.025629 -0.005508
12 3 -0.035122 -0.015175 -0.009612
13 3 -0.027012 0.002090 -0.009998
14 3 -0.003171 0.020292 -0.004651
15 3 0.027565 0.030003 0.006160
16 3 0.043192 0.023720 0.016444
17 3 0.025680 0.005183 0.015505
18 3 -0.013348 -0.011478 0.000879
19 3 -0.041352 -0.015360 -0.015497
20 3 -0.039799 -0.007934 -0.020335
21 3 -0.018115 0.001905 -0.012633
22 3 0.003546 0.007498 -0.001191
23 3 0.013959 0.007992 0.006151
24 3 0.014070 0.005809 0.007739
25 3 0.009697 0.003320 0.005967
26 3 0.005275 0.001579 0.003517
27 3 0.002395 0.000643 0.001703
28 3 0.000935 0.000229 0.000702
29 3 0.000320 0.000072 0.000252
30 3 0.000097 0.000020 0.000080
31 3 0.000026 0.000005 0.000023
32 3 0.000006 0.000001 0.000006
33 3 0.000001 0.000000 0.000001
34 3 0.000000 0.000000 0.000000
35 3 0.000000 0.000000 0.000000
36 3 0.000000 0.000000 0.000000
37 3 0.000000 0.000000 0.000000
38 3 0.000000 0.000000 0.000000
39 3 0.000000 0.000000 0.000000
40 3 0.000000 0.000000 0.000000
41 3 0.000000 0.000000 0.000000
42 3 0.000000 0.000000 0.000000
43 3 0.000000 0.000000 0.000000
44 3 0.000000 0.000000 0.000000
45 3 0.000000 0.000000 0.000000
46 3 0.000000 0.000000 0.000000
47 3 0.000000 0.000000 0.000000
48 3 0.000000 0.000000 0.000000
49 3 0.000000 0.000000 0.000000

0 4 0.000000 0.000000 0.000000
1 4 -0.001219 0.000870 -0.002257
2 4 -0.001857 0.002012 -0.002292
3 4 -0.001301 0.003705 -0.002337
4 4 0.001239 0.006024 -0.002130
5 4 0.006296 0.008941 -0.001576
6 4 0.014583 0.011910 -0.000182
7 4 0.025161 0.013956 0.002111
8 4 0.036830 0.013590 0.005425
9 4 0.044816 0.008957 0.009192
10 4 0.043955 -0.000559 0.011594
11 4 0.028846 -0.014091 0.010993
12 4 -0.002835 -0.026739 0.004399
13 4 -0.040459 -0.030856 -0.007502
14 4 -0.066723 -0.020651 -0.019624
15 4 -0.060864 0.004078 -0.024717
16 4 -0.013151 0.030568 -0.013171
17 4 0.043544 0.037757 0.011817
18 4 0.056213 0.019532 0.026910
19 4 0.017200 -0.006403 0.016038
20 4 -0.028957 -0.019093 -0.007956
21 4 -0.042789 -0.014580 -0.021483
22 4 -0.025449 -0.003076 -0.017027
23 4 -0.001114 0.005266 -0.004274
24 4 0.012886 0.007574 0.005409
25 4 0.014835 0.006070 0.008346
26 4 0.010751 0.003640 0.006831
27 4 0.006004 0.001779 0.004140
28 4 0.002769 0.000738 0.002036
29 4 0.001092 0.000266 0.000847
30 4 0.000376 0.000085 0.000306
31 4 0.000115 0.000024 0.000097
32 4 0.000031 0.000006 0.000028
33 4 0.000008 0.000001 0.000007
34 4 0.000002 0.000000 0.000002
35 4 0.000000 0.000000 0.000000
36 4 0.000000 0.000000 0.000000
37 4 0.000000 0.000000 0.000000
38 4 0.000000 0.000000 0.000000
39 4 0.000000 0.000000 0.000000
40 4 0.000000 0.000000 0.000000
41 4 0.000000 0.000000 0.000000
42 4 0.000000 0.000000 0.000000
43 4 0.000000 0.000000 0.000000
44 4 0.000000 0.000000 0.000000
45 4 0.000000 0.000000 0.000000
46 4 0.000000 0.000000 0.000000
47 4 0.000000 0.000000 0.000000
48 4 0.000000 0.000000 0.000000
49 4 0.000000 0.000000 0.000000

0 5 0.000000 0.000000 0.000000
1 5 -0.002167 -0.003700 0.001687
2 5 -0.004871 -0.007316 0.001451
3 5 -0.008919 -0.010724 0.000960
4 5 -0.014112 -0.013325 -0.000037
5 5 -0.020604 -0.014535 -0.001376
6 5 -0.026752 -0.012912 -0.003463
7 5 -0.030068 -0.007694 -0.005223
8 5 -0.027729 0.002119 -0.006722
9 5 -0.014436 0.015255 -0.005542
10 5 0.008014 0.028091 -0.001070
11 5 0.037646 0.035220 0.006886
12 5 0.059714 0.028862 0.017093
13 5 0.054244 0.008219 0.020666
14 5 0.017075 -0.019168 0.013015
15 5 -0.045266 -0.037847 -0.007210
16 5 -0.091356 -0.027650 -0.032910
17 5 -0.063471 0.008739 -0.035911
18 5 0.019735 0.036678 -0.003563
19 5 0.069014 0.030259 0.030261
20 5 0.042288 0.002463 0.029072
21 5 -0.014351 -0.017348 0.001094
22 5 -0.041912 -0.017332 -0.020511
23 5 -0.030393 -0.006310 -0.020163
24 5 -0.005238 0.003373 -0.007074
25 5 0.011309 0.006931 0.004398
26 5 0.014866 0.006033 0.008546
27 5 0.011242 0.003756 0.007366
28 5 0.006409 0.001875 0.004564
29 5 0.002990 0.000788 0.002270
30 5 0.001187 0.000286 0.000950
31 5 0.000410 0.000092 0.000344
32 5 0.000126 0.000026 0.000110
33 5 0.000034 0.000007 0.000031
34 5 0.000008 0.000002 0.000008
35 5 0.000002 0.000000 0.000002
36 5 0.000000 0.000000 0.000000
37 5 0.000000 0.000000 0.000000
38 5 0.000000 0.000000 0.000000
39 5 0.000000 0.000000 0.000000
40 5 0.000000 0.000000 0.000000
41 5 0.000000 0.000000 0.000000
42 5 0.000000 0.000000 0.000000
43 5 0.000000 0.000000 0.000000
44 5 0.000000 0.000000 0.000000
45 5 0.000000 0.000000 0.000000
46 5 0.000000 0.000000 0.000000
47 5 0.000000 0.000000 0.000000
48 5 0.000000 0.000000 0.000000
49 5 0.000000 0.000000 0.000000

0 6 0.000000 0.000000 0.000000
1 6 0.006011 0.000813 0.001308
2 6 0.011560 0.001096 0.001709
3 6 0.016885 0.000199 0.002667
4 6 0.019691 -0.002444 0.003644
5 6 0.020350 -0.007260 0.004738
6 6 0.014093 -0.014520 0.005027
7 6 0.002073 -0.022590 0.003510
8 6 -0.018796 -0.030034 0.000255
9 6 -0.043734 -0.031174 -0.007061
10 6 -0.061862 -0.023025 -0.013709
11 6 -0.065853 -0.002687 -0.019378
12 6 -0.035327 0.026131 -0.016140
13 6 0.018407 0.047144 0.000747
14 6 0.066892 0.047642 0.019951
15 6 0.082532 0.018978 0.033922
16 6 0.022791 -0.027827 0.023112
17 6 -0.076811 -0.048127 -0.021187
18 6 -0.096881 -0.017960 -0.050372
19 6 -0.012868 0.025004 -0.022559
20 6 0.064308 0.033808 0.025612
21 6 0.055011 0.010103 0.036128
22 6 -0.003085 -0.013171 0.008275
23 6 -0.038681 -0.017142 -0.018496
24 6 -0.031972 -0.007750 -0.021496
25 6 -0.007439 0.002038 -0.008700
26 6 0.010098 0.006180 0.003693
27 6 0.014505 0.005720 0.008550
28 6 0.011239 0.003655 0.007595
29 6 0.006476 0.001850 0.004758
30 6 0.003037 0.000784 0.002377
31 6 0.001209 0.000287 0.000997
32 6 0.000419 0.000092 0.000361
33 6 0.000128 0.000026 0.000115
34 6 0.000035 0.000007 0.000033
35 6 0.000009 0.000002 0.000008
36 6 0.000002 0.000000 0.000002
37 6 0.000000 0.000000 0.000000
38 6 0.000000 0.000000 0.000000
39 6 0.000000 0.000000 0.000000
40 6 0.000000 0.000000 0.000000
41 6 0.000000 0.000000 0.000000
42 6 0.000000 0.000000 0.000000
43 6 0.000000 0.000000 0.000000
44 6 0.000000 0.000000 0.000000
45 6 0.000000 0.000000 0.000000
46 6 0.000000 0.000000 0.000000
47 6 0.000000 0.000000 0.000000
48 6 0.000000 0.000000 0.000000
49 6 0.000000 0.000000 0.000000

0 7 0.000000 0.000000 0.000000
1 7 -0.001555 0.003002 -0.002896
2 7 -0.002143 0.006354 -0.002754
3 7 -0.000595 0.010917 -0.002961
4 7 0.004495 0.015864 -0.001864
5 7 0.012720 0.021580 -0.001109
6 7 0.026808 0.025349 0.002510
7 7 0.038853 0.025425 0.005838
8 7 0.051667 0.018891 0.010963
9 7 0.046444 0.002683 0.014134
10 7 0.024688 -0.017533 0.010133
11 7 -0.016974 -0.038065 0.001952
12 7 -0.070844 -0.042012 -0.018298
13 7 -0.085337 -0.020216 -0.031795
14 7 -0.055675 0.015724 -0.025686
15 7 0.015061 0.051188 -0.004670
16 7 0.098585 0.051426 0.034823
17 7 0.082151 0.000046 0.050114
18 7 -0.040000 -0.046757 0.000445
19 7 -0.103512 -0.033537 -0.052582
20 7 -0.034241 0.012093 -0.035453
21 7 0.053751 0.031017 0.019063
22 7 0.056438 0.013338 0.037573
23 7 0.001743 -0.009535 0.011497
24 7 -0.035432 -0.015411 -0.016962
25 7 -0.030797 -0.007667 -0.021351
26 7 -0.007452 0.001406 -0.008887
27 7 0.009626 0.005490 0.003585
28 7 0.013979 0.005230 0.008509
29 7 0.010838 0.003379 0.007562
30 7 0.006233 0.001719 0.004724
31 7 0.002916 0.000731 0.002352
32 7 0.001157 0.000267 0.000983
33 7 0.000400 0.000086 0.000355
34 7 0.000122 0.000025 0.000113
35 7 0.000033 0.000006 0.000032
36 7 0.000008 0.000001 0.000008
37 7 0.000002 0.000000 0.000002
38 7 0.000000 0.000000 0.000000
39 7 0.000000 0.000000 0.000000
40 7 0.000000 0.000000 0.000000
41 7 0.000000 0.000000 0.000000
42 7 0.000000 0.000000 0.000000
43 7 0.000000 0.000000 0.000000
44 7 0.000000 0.000000 0.000000
45 7 0.000000 0.000000 0.000000
46 7 0.000000 0.000000 0.000000
47 7 0.000000 0.000000 0.000000
48 7 0.000000 0.000000 0.000000
49 7 0.000000 0.000000 0.000000

0 8 0.000000 0.000000 0.000000
1 8 -0.005591 -0.004249 0.001665
2 8 -0.010995 -0.007960 0.001074
3 8 -0.019683 -0.011218 -0.000013
4 8 -0.026779 -0.011789 -0.002312
5 8 -0.036442 -0.010339 -0.004204
6 8 -0.040044 -0.002346 -0.008301
7 8 -0.035485 0.008928 -0.007845
8 8 -0.020766 0.026139 -0.008811
9 8 0.016158 0.040560 0.000757
10 8 0.045775 0.043875 0.011170
11 8 0.073366 0.032374 0.021785
12 8 0.056652 -0.002717 0.027567
13 8 -0.011415 -0.035183 0.003569
14 8 -0.063410 -0.044290 -0.022512
15 8 -0.088801 -0.025712 -0.037395
16 8 -0.041858 0.024732 -0.032326
17 8 0.077495 0.056937 0.021196
18 8 0.102842 0.020480 0.061332
19 8 -0.015103 -0.034730 0.015331
20 8 -0.094994 -0.035079 -0.048958
21 8 -0.037567 0.004887 -0.038501
22 8 0.046961 0.025800 0.016122
23 8 0.051097 0.012435 0.035801
24 8 0.000333 -0.007670 0.010579
25 8 -0.033350 -0.013232 -0.016716
26 8 -0.027803 -0.006568 -0.020221
27 8 -0.005661 0.001383 -0.007781
28 8 0.009859 0.004931 0.004090
29 8 0.013376 0.004649 0.008473
30 8 0.010130 0.002986 0.007308
31 8 0.005742 0.001512 0.004488
32 8 0.002657 0.000640 0.002206
33 8 0.001046 0.000233 0.000913
34 8 0.000359 0.000075 0.000327
35 8 0.000109 0.000021 0.000103
36 8 0.000030 0.000005 0.000029
37 8 0.000007 0.000001 0.000007
38 8 0.000002 0.000000 0.000002
39 8 0.000000 0.000000 0.000000
40 8 0.000000 0.000000 0.000000
41 8 0.000000 0.000000 0.000000
42 8 0.000000 0.000000 0.000000
43 8 0.000000 0.000000 0.000000
44 8 0.000000 0.000000 0.000000
45 8 0.000000 0.000000 0.000000
46 8 0.000000 0.000000 0.000000
47 8 0.000000 0.000000 0.000000
48 8 0.000000 0.000000 0.000000
49 8 0.000000 0.000000 0.000000

0 9 0.000000 0.000000 0.000000
1 9 0.006395 0.000715 0.002068
2 9 0.010844 0.000693 0.002177
3 9 0.016381 -0.001528 0.003946
4 9 0.013684 -0.006186 0.003766
5 9 0.012003 -0.013457 0.005000
6 9 -0.007044 -0.023546 0.002508
7 9 -0.023878 -0.029572 -0.002730
8 9 -0.052679 -0.032712 -0.008614
9 9 -0.067630 -0.018181 -0.021158
10 9 -0.050103 0.004721 -0.017655
11 9 -0.016582 0.033239 -0.012252
12 9 0.057361 0.051061 0.013089
13 9 0.081773 0.029114 0.039130
14 9 0.033115 -0.006362 0.023363
15 9 -0.026082 -0.034820 -0.003859
16 9 -0.087292 -0.040053 -0.036482
17 9 -0.061613 0.003870 -0.046597
18 9 0.063992 0.046842 0.013290
19 9 0.097149 0.023439 0.062322
20 9 -0.014122 -0.025841 0.016300
21 9 -0.084820 -0.028996 -0.046832
22 9 -0.027726 0.004005 -0.033785
23 9 0.045655 0.021006 0.017973
24 9 0.042405 0.009239 0.032499
25 9 -0.005194 -0.007281 0.006540
26 9 -0.032107 -0.011083 -0.017528
27 9 -0.023583 -0.004952 -0.018341
28 9 -0.002680 0.001729 -0.005696
29 9 0.010512 0.004474 0.005024
30 9 0.012674 0.004030 0.008401
31 9 0.009191 0.002531 0.006865
32 9 0.005076 0.001263 0.004091
33 9 0.002305 0.000529 0.001969
34 9 0.000895 0.000191 0.000802
35 9 0.000303 0.000061 0.000283
36 9 0.000091 0.000017 0.000088
37 9 0.000025 0.000004 0.000025
38 9 0.000006 0.000001 0.000006
39 9 0.000001 0.000000 0.000001
40 9 0.000000 0.000000 0.000000
41 9 0.000000 0.000000 0.000000
42 9 0.000000 0.000000 0.000000
43 9 0.000000 0.000000 0.000000
44 9 0.000000 0.000000 0.000000
45 9 0.000000 0.000000 0.000000
46 9 0.000000 0.000000 0.000000
47 9 0.000000 0.000000 0.000000
48 9 0.000000 0.000000 0.000000
49 9 0.000000 0.000000 0.000000

0 10 0.000000 0.000000 0.000000
1 10 0.000366 0.005043 -0.004254
2 10 0.001753 0.009752 -0.003421
3 10 0.007038 0.016445 -0.003855
4 10 0.016510 0.020766 -0.000016
5 10 0.027750 0.025546 0.000557
6 10 0.045330 0.022766 0.009097
7 10 0.044764 0.013023 0.010379
8 10 0.043076 -0.004880 0.015049
9 10 -0.002739 -0.030399 0.007351
10 10 -0.047072 -0.038690 -0.012869
11 10 -0.079023 -0.032437 -0.025209
12 10 -0.070133 0.003436 -0.037573
13 10 0.026404 0.042362 -0.004679
14 10 0.085182 0.037039 0.038418
15 10 0.059889 0.007079 0.037940
16 10 -0.013635 -0.026721 0.009560
17 10 -0.094535 -0.037493 -0.040961
18 10 -0.056503 0.002010 -0.051334
19 10 0.071314 0.038689 0.019012
20 10 0.082870 0.016397 0.060847
21 10 -0.028060 -0.022927 0.006631
22 10 -0.075178 -0.021186 -0.046944
23 10 -0.011409 0.006336 -0.024225
24 10 0.046359 0.017023 0.022462
25 10 0.031486 0.005311 0.027772
26 10 -0.012447 -0.007496 0.000661
27 10 -0.030626 -0.008999 -0.018542
28 10 -0.018412 -0.003179 -0.015696
29 10 0.000868 0.002192 -0.002985
30 10 0.011217 0.004049 0.006113
31 10 0.011802 0.003402 0.008208
32 10 0.008084 0.002061 0.006255
33 10 0.004308 0.001004 0.003580
34 10 0.001907 0.000413 0.001675
35 10 0.000725 0.000147 0.000667
36 10 0.000242 0.000046 0.000232
37 10 0.000072 0.000013 0.000071
38 10 0.000019 0.000003 0.000020
39 10 0.000005 0.000001 0.000005
40 10 0.000001 0.000000 0.000001
41 10 0.000000 0.000000 0.000000
42 10 0.000000 0.000000 0.000000
43 10 0.000000 0.000000 0.000000
44 10 0.000000 0.000000 0.000000
45 10 0.000000 0.000000 0.000000
46 10 0.000000 0.000000 0.000000
47 10 0.000000 0.000000 0.000000
48 10 0.000000 0.000000 0.000000
49 10 0.000000 0.000000 0.000000

0 11 0.000000 0.000000 0.000000
1 11 -0.008639 -0.003807 -0.000521
2 11 -0.015400 -0.006157 -0.001348
3 11 -0.026885 -0.007663 -0.003407
4 11 -0.030193 -0.003315 -0.006258
5 11 -0.035091 0.003023 -0.008029
6 11 -0.021176 0.019164 -0.010560
7 11 0.005393 0.032090 -0.002433
8 11 0.042050 0.043208 0.004268
9 11 0.081801 0.033952 0.025770
10 11 0.062479 0.001582 0.028366
11 11 0.009875 -0.031173 0.013936
12 11 -0.077597 -0.051195 -0.019329
13 11 -0.107119 -0.020871 -0.054310
14 11 -0.014733 0.031563 -0.025772
15 11 0.082971 0.044392 0.030168
16 11 0.091566 0.014231 0.054426
17 11 -0.012215 -0.029312 0.018762
18 11 -0.109437 -0.035360 -0.052892
19 11 -0.040543 0.007985 -0.049897
20 11 0.084028 0.034072 0.032449
21 11 0.061473 0.007383 0.055506
22 11 -0.045199 -0.021812 -0.008326
23 11 -0.061588 -0.013430 -0.045361
24 11 0.006958 0.008961 -0.011483
25 11 0.044970 0.013144 0.026564
26 11 0.018636 0.001508 0.021084
27 11 -0.019372 -0.007572 -0.005827
28 11 -0.027896 -0.006894 -0.018817
29 11 -0.012533 -0.001485 -0.012250
30 11 0.004410 0.002577 -0.000019
31 11 0.011648 0.003594 0.007074
32 11 0.010706 0.002782 0.007811
33 11 0.006870 0.001610 0.005508
34 11 0.003509 0.000760 0.003005
35 11 0.001505 0.000305 0.001358
36 11 0.000558 0.000107 0.000527
37 11 0.000183 0.000033 0.000179
38 11 0.000053 0.000009 0.000054
39 11 0.000014 0.000002 0.000015
40 11 0.000003 0.000001 0.000004
41 11 0.000001 0.000000 0.000001
42 11 0.000000 0.000000 0.000000
43 11 0.000000 0.000000 0.000000
44 11 0.000000 0.000000 0.000000
45 11 0.000000 0.000000 0.000000
46 11 0.000000 0.000000 0.000000
47 11 0.000000 0.000000 0.000000
48 11 0.000000 0.000000 0.000000
49 11 0.000000 0.000000 0.000000

0 12 0.000000 0.000000 0.000000
1 12 0.005409 -0.002235 0.003442
2 12 0.008052 -0.005678 0.003447
3 12 0.007955 -0.011789 0.005002
4 12 -0.003021 -0.020410 0.003024
5 12 -0.019137 -0.028930 0.001471
6 12 -0.050329 -0.034480 -0.007794
7 12 -0.069852 -0.024836 -0.017390
8 12 -0.072626 -0.002638 -0.025262
9 12 -0.023671 0.034464 -0.019281
10 12 0.055266 0.054981 0.011714
11 12 0.104127 0.039377 0.040060
12 12 0.070222 -0.006806 0.044348
13 12 -0.045026 -0.050930 -0.004281
14 12 -0.109325 -0.040350 -0.054829
15 12 -0.051466 0.013172 -0.042895
16 12 0.070050 0.046641 0.019238
17 12 0.103506 0.020373 0.065787
18 12 -0.023767 -0.030015 0.016940
19 12 -0.109830 -0.030097 -0.063594
20 12 -0.009734 0.013737 -0.036299
21 12 0.088525 0.027405 0.046350
22 12 0.030190 -0.001245 0.041658
23 12 -0.057711 -0.019201 -0.024128
24 12 -0.041380 -0.005925 -0.038468
25 12 0.023609 0.010362 0.002675
26 12 0.038918 0.008965 0.027747
27 12 0.004790 -0.001664 0.012405
28 12 -0.024265 -0.007110 -0.011667
29 12 -0.023396 -0.004771 -0.017662
30 12 -0.006357 -0.000037 -0.008142
31 12 0.007447 0.002768 0.002822
32 12 0.011584 0.003086 0.007682
33 12 0.009386 0.002191 0.007170
34 12 0.005621 0.001203 0.004665
35 12 0.002737 0.000547 0.002415
36 12 0.001133 0.000213 0.001050
37 12 0.000408 0.000073 0.000395
38 12 0.000130 0.000022 0.000131
39 12 0.000037 0.000006 0.000039
40 12 0.000010 0.000002 0.000010
41 12 0.000002 0.000000 0.000003
42 12 0.000000 0.000000 0.000001
43 12 0.000000 0.000000 0.000000
44 12 0.000000 0.000000 0.000000
45 12 0.000000 0.000000 0.000000
46 12 0.000000 0.000000 0.000000
47 12 0.000000 0.000000 0.000000
48 12 0.000000 0.000000 0.000000
49 12 0.000000 0.000000 0.000000

0 13 0.000000 0.000000 0.000000
1 13 0.006057 0.007642 -0.005282
2 13 0.014175 0.014864 -0.004303
3 13 0.027709 0.021101 -0.001216
4 13 0.043116 0.022874 0.003446
5 13 0.058906 0.016694 0.010874
6 13 0.056134 -0.001541 0.016679
7 13 0.027084 -0.029387 0.014361
8 13 -0.038617 -0.051633 -0.002461
9 13 -0.096420 -0.047801 -0.032905
10 13 -0.091738 -0.008363 -0.043511
11 13 -0.006060 0.041346 -0.019421
12 13 0.100470 0.053472 0.039003
13 13 0.082950 0.013918 0.058323
14 13 -0.025973 -0.031995 0.003944
15 13 -0.091887 -0.037185 -0.049276
16 13 -0.045386 0.003051 -0.045301
17 13 0.077456 0.037516 0.024631
18 13 0.082373 0.013253 0.066658
19 13 -0.057193 -0.028334 -0.004794
20 13 -0.089681 -0.017582 -0.067070
21 13 0.031346 0.018336 -0.009220
22 13 0.078209 0.017585 0.054077
23 13 -0.005977 -0.008235 0.019273
24 13 -0.059484 -0.014424 -0.035545
25 13 -0.016308 0.000570 -0.025317
26 13 0.034428 0.009957 0.015298
27 13 0.027636 0.004700 0.024487
28 13 -0.008198 -0.003822 0.002667
29 13 -0.025887 -0.006019 -0.015639
30 13 -0.017226 -0.002752 -0.014817
31 13 -0.000472 0.001046 -0.003737
32 13 0.009598 0.002725 0.005175
33 13 0.010943 0.002535 0.007800
34 13 0.007900 0.001651 0.006303
35 13 0.004410 0.000857 0.003786
36 13 0.002042 0.000374 0.001854
37 13 0.000812 0.000141 0.000772
38 13 0.000283 0.000047 0.000281
39 13 0.000088 0.000014 0.000090
40 13 0.000025 0.000004 0.000026
41 13 0.000006 0.000001 0.000007
42 13 0.000001 0.000000 0.000002
43 13 0.000000 0.000000 0.000000
44 13 0.000000 0.000000 0.000000
45 13 0.000000 0.000000 0.000000
46 13 0.000000 0.000000 0.000000
47 13 0.000000 0.000000 0.000000
48 13 0.000000 0.000000 0.000000
49 13 0.000000 0.000000 0.000000

0 14 0.000000 0.000000 0.000000
1 14 -0.012574 -0.002596 -0.003897
2 14 -0.025911 -0.003040 -0.005483
3 14 -0.032978 0.002012 -0.008974
4 14 -0.033950 0.013411 -0.011035
5 14 -0.012050 0.032734 -0.011607
6 14 0.030980 0.048885 0.001082
7 14 0.081056 0.050622 0.018434
8 14 0.100317 0.020354 0.040947
9 14 0.030713 -0.027226 0.026236
10 14 -0.064516 -0.054081 -0.017593
11 14 -0.114512 -0.033771 -0.056866
12 14 -0.026201 0.023429 -0.039503
13 14 0.101399 0.044413 0.040843
14 14 0.076444 0.008497 0.061644
15 14 -0.042596 -0.027455 -0.000141
16 14 -0.100632 -0.023829 -0.058227
17 14 -0.011697 0.013129 -0.036896
18 14 0.104083 0.029658 0.049145
19 14 0.039791 -0.002428 0.055205
20 14 -0.089853 -0.026012 -0.036988
21 14 -0.049634 -0.003205 -0.056233
22 14 0.064131 0.019418 0.022081
23 14 0.050145 0.006921 0.048607
24 14 -0.036374 -0.011646 -0.006277
25 14 -0.047173 -0.008185 -0.037414
26 14 0.008482 0.004955 -0.007988
27 14 0.036230 0.007808 0.022993
28 14 0.012636 0.000908 0.016734
29 14 -0.018091 -0.004759 -0.006435
30 14 -0.023754 -0.004446 -0.016862
31 14 -0.010054 -0.001012 -0.010521
32 14 0.004487 0.001703 0.000446
33 14 0.010651 0.002469 0.006765
34 14 0.009775 0.001976 0.007404
35 14 0.006352 0.001183 0.005277
36 14 0.003307 0.000579 0.002931
37 14 0.001452 0.000242 0.001356
38 14 0.000554 0.000088 0.000540
39 14 0.000187 0.000028 0.000189
40 14 0.000056 0.000008 0.000059
41 14 0.000015 0.000002 0.000017
42 14 0.000004 0.000001 0.000004
43 14 0.000001 0.000000 0.000001
44 14 0.000000 0.000000 0.000000
45 14 0.000000 0.000000 0.000000
46 14 0.000000 0.000000 0.000000
47 14 0.000000 0.000000 0.000000
48 14 0.000000 0.000000 0.000000
49 14 0.000000 0.000000 0.000000

0 15 0.000000 0.000000 0.000000
1 15 0.003338 -0.006796 0.005414
2 15 0.002950 -0.015679 0.006068
3 15 -0.010634 -0.027063 0.003823
4 15 -0.034068 -0.037400 -0.000504
5 15 -0.072796 -0.038851 -0.014536
6 15 -0.086826 -0.017639 -0.028735
7 15 -0.055483 0.020894 -0.030115
8 15 0.042414 0.057719 0.000271
9 15 0.117088 0.048054 0.049822
10 15 0.075495 -0.002834 0.052341
11 15 -0.052967 -0.046587 -0.003114
12 15 -0.126248 -0.035233 -0.068519
13 15 -0.023836 0.022076 -0.041986
14 15 0.102829 0.043254 0.045457
15 15 0.076217 0.004017 0.062904
16 15 -0.060281 -0.033345 -0.009258
17 15 -0.102524 -0.017603 -0.070425
18 15 0.032805 0.022917 -0.014531
19 15 0.104814 0.021394 0.069586
20 15 -0.017959 -0.013813 0.024148
21 15 -0.092245 -0.018518 -0.059572
22 15 0.003890 0.007619 -0.026810
23 15 0.071982 0.014950 0.044073
24 15 0.009988 -0.002021 0.027998
25 15 -0.050721 -0.010708 -0.026567
26 15 -0.023293 -0.001941 -0.027886
27 15 0.026463 0.006606 0.008896
28 15 0.028456 0.004579 0.023480
29 15 -0.002895 -0.001835 0.006124
30 15 -0.023101 -0.004536 -0.013028
31 15 -0.018319 -0.002692 -0.015106
32 15 -0.002899 0.000292 -0.005445
33 15 0.008018 0.001947 0.003877
34 15 0.010602 0.002063 0.007463
35 15 0.008234 0.001452 0.006572
36 15 0.004859 0.000802 0.004191
37 15 0.002361 0.000370 0.002159
38 15 0.000983 0.000147 0.000942
39 15 0.000358 0.000052 0.000358
40 15 0.000116 0.000016 0.000121
41 15 0.000034 0.000005 0.000036
42 15 0.000009 0.000001 0.000010
43 15 0.000002 0.000000 0.000002
44 15 0.000000 0.000000 0.000001
45 15 0.000000 0.000000 0.000000
46 15 0.000000 0.000000 0.000000
47 15 0.000000 0.000000 0.000000
48 15 0.000000 0.000000 0.000000
49 15 0.000000 0.000000 0.000000

0 16 0.000000 0.000000 0.000000
1 16 0.014092 0.010817 -0.006070
2 16 0.032516 0.019490 -0.002528
3 16 0.053086 0.021137 0.004892
4 16 0.068414 0.009460 0.015860
5 16 0.049070 -0.019353 0.022023
6 16 -0.018620 -0.052295 0.007012
7 16 -0.107332 -0.056914 -0.031764
8 16 -0.115293 -0.015642 -0.060580
9 16 -0.003857 0.043295 -0.024051
10 16 0.117862 0.056222 0.047733
11 16 0.096303 0.007454 0.071347
12 16 -0.059553 -0.040611 -0.005799
13 16 -0.107978 -0.029786 -0.073293
14 16 0.003389 0.015661 -0.025323
15 16 0.092706 0.031919 0.051969
16 16 0.037046 0.000721 0.049239
17 16 -0.087668 -0.026617 -0.034637
18 16 -0.057945 -0.005026 -0.063189
19 16 0.083433 0.022788 0.027370
20 16 0.060928 0.006519 0.064972
21 16 -0.070742 -0.017392 -0.020804
22 16 -0.056662 -0.006400 -0.057029
23 16 0.049738 0.012342 0.011713
24 16 0.050192 0.006865 0.045874
25 16 -0.027183 -0.007032 -0.000529
26 16 -0.044188 -0.006594 -0.033809
27 16 0.003873 0.002623 -0.010272
28 16 0.032591 0.005746 0.019958
29 16 0.013799 0.001283 0.016857
30 16 -0.015229 -0.003200 -0.004503
31 16 -0.022608 -0.003479 -0.015783
32 16 -0.010861 -0.001090 -0.010919
33 16 0.003187 0.001084 -0.000481
34 16 0.009883 0.001858 0.006173
35 16 0.009639 0.001590 0.007312
36 16 0.006530 0.001001 0.005456
37 16 0.003524 0.000512 0.003147
38 16 0.001601 0.000222 0.001507
39 16 0.000631 0.000084 0.000621
40 16 0.000220 0.000028 0.000225
41 16 0.000069 0.000009 0.000073
42 16 0.000019 0.000002 0.000021
43 16 0.000005 0.000001 0.000006
44 16 0.000001 0.000000 0.000001
45 16 0.000000 0.000000 0.000000
46 16 0.000000 0.000000 0.000000
47 16 0.000000 0.000000 0.000000
48 16 0.000000 0.000000 0.000000
49 16 0.000000 0.000000 0.000000

0 17 0.000000 0.000000 0.000000
1 17 -0.018174 0.002020 -0.010909
2 17 -0.029344 0.009885 -0.014078
3 17 -0.025236 0.027141 -0.016477
4 17 0.016540 0.051748 -0.011812
5 17 0.087316 0.061676 0.015963
6 17 0.128312 0.034564 0.047663
7 17 0.062302 -0.026397 0.046939
8 17 -0.086018 -0.063371 -0.022014
9 17 -0.129346 -0.034991 -0.074718
10 17 -0.017781 0.025556 -0.037157
11 17 0.118243 0.046425 0.054789
12 17 0.063626 0.002169 0.069628
13 17 -0.092637 -0.030889 -0.030550
14 17 -0.079984 -0.007902 -0.070583
15 17 0.056170 0.021352 0.004851
16 17 0.096788 0.013875 0.067848
17 17 -0.027525 -0.014774 0.018954
18 17 -0.106288 -0.016634 -0.067273
19 17 0.014987 0.011117 -0.028656
20 17 0.099931 0.016495 0.064095
21 17 -0.009576 -0.007066 0.029091
22 17 -0.084027 -0.013243 -0.053668
23 17 0.001139 0.004048 -0.026857
24 17 0.064285 0.010355 0.039476
25 17 0.009347 -0.000795 0.026096
26 17 -0.045460 -0.007305 -0.023897
27 17 -0.020980 -0.001622 -0.025568
28 17 0.024037 0.004502 0.008092
29 17 0.026014 0.003359 0.021758
30 17 -0.002658 -0.001159 0.005820
31 17 -0.021563 -0.003259 -0.012208
32 17 -0.017450 -0.002064 -0.014463
33 17 -0.003077 0.000104 -0.005458
34 17 0.007435 0.001395 0.003543
35 17 0.010170 0.001552 0.007204
36 17 0.008076 0.001130 0.006500
37 17 0.004867 0.000643 0.004236
38 17 0.002416 0.000305 0.002229
39 17 0.001028 0.000125 0.000995
40 17 0.000384 0.000045 0.000387
41 17 0.000128 0.000015 0.000133
42 17 0.000038 0.000004 0.000041
43 17 0.000010 0.000001 0.000012
44 17 0.000003 0.000000 0.000003
45 17 0.000001 0.000000 0.000001
46 17 0.000000 0.000000 0.000000
47 17 0.000000 0.000000 0.000000
48 17 0.000000 0.000000 0.000000
49 17 0.000000 0.000000 0.000000

0 18 0.000000 0.000000 0.000000
1 18 -0.005768 -0.015764 0.008490
2 18 -0.026536 -0.033155 0.005547
3 18 -0.069470 -0.044759 -0.005695
4 18 -0.117245 -0.031989 -0.032938
5 18 -0.091994 0.017136 -0.047317
6 18 0.030440 0.066199 -0.009599
7 18 0.145131 0.062707 0.063633
8 18 0.084654 -0.000867 0.071225
9 18 -0.082387 -0.047088 -0.019832
10 18 -0.122033 -0.023593 -0.082966
11 18 0.026687 0.026324 -0.022332
12 18 0.126003 0.030978 0.075897
13 18 0.012511 -0.012060 0.043741
14 18 -0.104554 -0.029867 -0.055308
15 18 -0.043639 0.001814 -0.054061
16 18 0.086545 0.025871 0.035668
17 18 0.060649 0.005090 0.064598
18 18 -0.083553 -0.019740 -0.026691
19 18 -0.062017 -0.005368 -0.067282
20 18 0.079839 0.015850 0.025888
21 18 0.054107 0.004895 0.061948
22 18 -0.067851 -0.011666 -0.022218
23 18 -0.046754 -0.004087 -0.051469
24 18 0.048688 0.008305 0.014455
25 18 0.041431 0.004292 0.041095
26 18 -0.028427 -0.004862 -0.003781
27 18 -0.038295 -0.004240 -0.031087
28 18 0.006756 0.001976 -0.007128
29 18 0.030051 0.003895 0.019443
30 18 0.010801 0.000755 0.014695
31 18 -0.015473 -0.002290 -0.005382
32 18 -0.021108 -0.002432 -0.015144
33 18 -0.009626 -0.000748 -0.010017
34 18 0.003455 0.000784 -0.000090
35 18 0.009559 0.001338 0.006102
36 18 0.009232 0.001156 0.007100
37 18 0.006265 0.000737 0.005297
38 18 0.003404 0.000382 0.003074
39 18 0.001562 0.000169 0.001486
40 18 0.000624 0.000065 0.000620
41 18 0.000221 0.000022 0.000228
42 18 0.000070 0.000007 0.000075
43 18 0.000020 0.000002 0.000022
44 18 0.000005 0.000000 0.000006
45 18 0.000001 0.000000 0.000001
46 18 0.000000 0.000000 0.000000
47 18 0.000000 0.000000 0.000000
48 18 0.000000 0.000000 0.000000
49 18 0.000000 0.000000 0.000000

0 19 0.000000 0.000000 0.000000
1 19 0.036292 0.015156 -0.005512
2 19 0.074397 0.017070 0.007786
3 19 0.086247 -0.010496 0.030458
4 19 0.006423 -0.057465 0.023587
5 19 -0.123772 -0.073899 -0.035934
6 19 -0.148886 -0.023377 -0.084607
7 19 0.014939 0.044785 -0.027467
8 19 0.145751 0.050468 0.077637
9 19 0.059868 -0.004927 0.068971
10 19 -0.108668 -0.040211 -0.039752
11 19 -0.091466 -0.009276 -0.083011
12 19 0.081593 0.027037 0.019721
13 19 0.084506 0.014450 0.079026
14 19 -0.057715 -0.012331 -0.005113
15 19 -0.083475 -0.011574 -0.067000
16 19 0.036390 0.008427 -0.010370
17 19 0.095306 0.011730 0.066474
18 19 -0.027669 -0.007542 0.021421
19 19 -0.099628 -0.011133 -0.067998
20 19 0.026523 0.007356 -0.020972
21 19 0.089471 0.010115 0.064335
22 19 -0.023619 -0.005429 0.017718
23 19 -0.073691 -0.007877 -0.053240
24 19 0.013949 0.003566 -0.016076
25 19 0.057218 0.006295 0.039817
26 19 -0.001360 -0.001304 0.017790
27 19 -0.042846 -0.004670 -0.025747
28 19 -0.012942 -0.000501 -0.020307
29 19 0.025355 0.003136 0.011148
30 19 0.021545 0.001964 0.019717
31 19 -0.005948 -0.001030 0.002866
32 19 -0.021082 -0.002220 -0.012827
33 19 -0.015263 -0.001291 -0.013242
34 19 -0.001538 0.000169 -0.004166
35 19 0.007734 0.000995 0.004055
36 19 0.009764 0.001069 0.007092
37 19 0.007563 0.000771 0.006188
38 19 0.004510 0.000438 0.003979
39 19 0.002232 0.000209 0.002084
40 19 0.000951 0.000086 0.000930
41 19 0.000356 0.000031 0.000363
42 19 0.000119 0.000010 0.000126
43 19 0.000036 0.000003 0.000039
44 19 0.000010 0.000001 0.000011
45 19 0.000003 0.000000 0.000003
46 19 0.000001 0.000000 0.000001
47 19 0.000000 0.000000 0.000000
48 19 0.000000 0.000000 0.000000
49 19 0.000000 0.000000 0.000000

0 20 0.000000 0.000000 0.000000
1 20 -0.026289 0.021280 -0.034050
2 20 -0.009120 0.056751 -0.035306
3 20 0.094341 0.084868 -0.000028
4 20 0.176429 0.053893 0.070526
5 20 0.076979 -0.023651 0.067649
6 20 -0.122666 -0.065160 -0.038076
7 20 -0.141519 -0.022475 -0.102918
8 20 0.050714 0.036575 -0.007576
9 20 0.131602 0.031620 0.091103
10 20 -0.010898 -0.011079 0.036654
11 20 -0.124622 -0.022883 -0.074647
12 20 -0.004227 0.008209 -0.045983
13 20 0.116594 0.020209 0.066443
14 20 0.021717 -0.006455 0.049995
15 20 -0.100771 -0.018351 -0.049953
16 20 -0.040682 0.002646 -0.055340
17 20 0.094018 0.016582 0.040755
18 20 0.045055 0.001023 0.061576
19 20 -0.094101 -0.012914 -0.039669
20 20 -0.037445 -0.001047 -0.058069
21 20 0.087209 0.010259 0.040439
22 20 0.028145 0.001004 0.049591
23 20 -0.072543 -0.007483 -0.034740
24 20 -0.024897 -0.000933 -0.040154
25 20 0.053399 0.005465 0.024766
26 20 0.025742 0.001575 0.033395
27 20 -0.034657 -0.003465 -0.012410
28 20 -0.029176 -0.002044 -0.027709
29 20 0.013981 0.001740 -0.000295
30 20 0.027232 0.002295 0.019923
31 20 0.004769 0.000082 0.010578
32 20 -0.017511 -0.001621 -0.008096
33 20 -0.019052 -0.001458 -0.014569
34 20 -0.006847 -0.000318 -0.008051
35 20 0.004834 0.000601 0.001281
36 20 0.009527 0.000885 0.006402
37 20 0.008604 0.000734 0.006780
38 20 0.005655 0.000458 0.004864
39 20 0.003016 0.000236 0.002762
40 20 0.001369 0.000104 0.001318
41 20 0.000543 0.000040 0.000546
42 20 0.000192 0.000014 0.000200
43 20 0.000061 0.000004 0.000066
44 20 0.000018 0.000001 0.000019
45 20 0.000005 0.000000 0.000005
46 20 0.000001 0.000000 0.000001
47 20 0.000000 0.000000 0.000000
48 20 0.000000 0.000000 0.000000
49 20 0.000000 0.000000 0.000000

0 21 0.000000 0.000000 0.000000
1 21 -0.055470 -0.038507 0.009715
2 21 -0.159149 -0.042873 -0.034375
3 21 -0.149929 0.019075 -0.082667
4 21 0.052401 0.083527 -0.010344
5 21 0.191747 0.064071 0.106995
6 21 0.047905 -0.010834 0.076759
7 21 -0.143564 -0.040692 -0.069289
8 21 -0.068068 -0.003386 -0.083329
9 21 0.112220 0.027857 0.043682
10 21 0.085108 0.005927 0.087084
11 21 -0.096051 -0.020245 -0.025730
12 21 -0.082695 -0.007881 -0.082426
13 21 0.077388 0.013006 0.021391
14 21 0.069253 0.010250 0.071726
15 21 -0.059540 -0.005400 -0.009805
16 21 -0.074156 -0.007524 -0.065234
17 21 0.053402 0.005034 0.001258
18 21 0.083493 0.006228 0.070174
19 21 -0.056670 -0.005715 0.000105
20 21 -0.080434 -0.004957 -0.070158
21 21 0.056664 0.005851 0.004700
22 21 0.067385 0.004230 0.063024
23 21 -0.048908 -0.004512 -0.005859
24 21 -0.054933 -0.003274 -0.050922
25 21 0.034087 0.003179 0.002654
26 21 0.045162 0.002867 0.039239
27 21 -0.017554 -0.001661 0.004198
28 21 -0.038249 -0.002419 -0.028047
29 21 -0.000672 0.000394 -0.011739
30 21 0.027157 0.001924 0.015743
31 21 0.014519 0.000765 0.016229
32 21 -0.011233 -0.000899 -0.001976
33 21 -0.020492 -0.001294 -0.013865
34 21 -0.011766 -0.000592 -0.011194
35 21 0.001160 0.000241 -0.001888
36 21 0.008483 0.000642 0.005062
37 21 0.009256 0.000627 0.006980
38 21 0.006748 0.000432 0.005649
39 21 0.003881 0.000239 0.003483
40 21 0.001874 0.000112 0.001775
41 21 0.000785 0.000046 0.000777
42 21 0.000291 0.000017 0.000299
43 21 0.000097 0.000005 0.000103
44 21 0.000029 0.000002 0.000032
45 21 0.000008 0.000000 0.000009
46 21 0.000002 0.000000 0.000002
47 21 0.000000 0.000000 0.000001
48 21 0.000000 0.000000 0.000000
49 21 0.000000 0.000000 0.000000

0 22 0.000000 0.000000 0.000000
1 22 0.130910 -0.003771 0.024580
2 22 0.028682 -0.074990 0.057580
3 22 -0.202327 -0.088096 -0.071405
4 22 -0.164775 -0.012935 -0.125970
5 22 0.093971 0.048769 0.017422
6 22 0.153954 0.028839 0.125457
7 22 -0.060834 -0.018712 0.016555
8 22 -0.136248 -0.017245 -0.099894
9 22 0.034480 0.011565 -0.021186
10 22 0.120830 0.016753 0.087318
11 22 -0.026035 -0.003744 0.030999
12 22 -0.116140 -0.009669 -0.079172
13 22 0.024064 0.007099 -0.027393
14 22 0.108313 0.008058 0.072394
15 22 -0.008150 -0.007492 0.031504
16 22 -0.102910 -0.008449 -0.061354
17 22 -0.003172 0.004954 -0.037657
18 22 0.102978 0.008256 0.060854
19 22 -0.001666 -0.002463 0.038856
20 22 -0.099006 -0.006324 -0.061544
21 22 0.010272 0.001923 -0.030966
22 22 0.085819 0.004828 0.057975
23 22 -0.012817 -0.001390 0.023618
24 22 -0.069510 -0.003480 -0.047627
25 22 0.006664 0.000918 -0.019548
26 22 0.053214 0.002673 0.035268
27 22 0.003194 -0.000167 0.019581
28 22 -0.039091 -0.001907 -0.022168
29 22 -0.015158 -0.000450 -0.020711
30 22 0.022011 0.001203 0.008523
31 22 0.021734 0.000945 0.019015
32 22 -0.003453 -0.000289 0.004407
33 22 -0.019550 -0.000921 -0.011380
34 22 -0.015726 -0.000631 -0.013230
35 22 -0.002899 -0.000015 -0.005089
36 22 0.006705 0.000388 0.003194
37 22 0.009439 0.000466 0.006747
38 22 0.007702 0.000358 0.006259
39 22 0.004781 0.000214 0.004201
40 22 0.002452 0.000106 0.002284
41 22 0.001081 0.000046 0.001056
42 22 0.000419 0.000017 0.000426
43 22 0.000145 0.000006 0.000153
44 22 0.000045 0.000002 0.000050
45 22 0.000013 0.000001 0.000015
46 22 0.000003 0.000000 0.000004
47 22 0.000001 0.000000 0.000001
48 22 0.000000 0.000000 0.000000
49 22 0.000000 0.000000 0.000000

0 23 0.000000 0.000000 0.000000
1 23 0.186568 0.163745 -0.165347
2 23 0.306914 0.079628 0.162142
3 23 0.018847 -0.027220 0.081644
4 23 -0.204646 -0.040710 -0.119991
5 23 -0.036953 0.006616 -0.081654
6 23 0.162723 0.025006 0.095072
7 23 0.035160 0.002950 0.081568
8 23 -0.133485 -0.012469 -0.069392
9 23 -0.037153 0.000567 -0.068367
10 23 0.124161 0.009877 0.060739
11 23 0.042676 -0.001282 0.071531
12 23 -0.113348 -0.008494 -0.053939
13 23 -0.033119 -0.002866 -0.061062
14 23 0.092341 0.004586 0.048092
15 23 0.030767 0.004810 0.054572
16 23 -0.083619 -0.001315 -0.036276
17 23 -0.040353 -0.002473 -0.056446
18 23 0.088370 0.002004 0.035147
19 23 0.041745 0.001003 0.060786
20 23 -0.091327 -0.002774 -0.038299
21 23 -0.033145 -0.000357 -0.055239
22 23 0.083257 0.002821 0.039688
23 23 0.023882 0.000332 0.045835
24 23 -0.068239 -0.002184 -0.033773
25 23 -0.021225 -0.000325 -0.036641
26 23 0.050088 0.001613 0.024020
27 23 0.022778 0.000514 0.030684
28 23 -0.032767 -0.001019 -0.012178
29 23 -0.026880 -0.000647 -0.025869
30 23 0.013346 0.000499 -0.000057
31 23 0.025639 0.000713 0.018856
32 23 0.004597 0.000058 0.010100
33 23 -0.016567 -0.000487 -0.007616
34 23 -0.018376 -0.000468 -0.014014
35 23 -0.006945 -0.000125 -0.007998
36 23 0.004349 0.000172 0.000976
37 23 0.009127 0.000277 0.006096
38 23 0.008446 0.000238 0.006644
39 23 0.005666 0.000154 0.004870
40 23 0.003083 0.000081 0.002822
41 23 0.001428 0.000037 0.001374
42 23 0.000579 0.000015 0.000581
43 23 0.000209 0.000005 0.000217
44 23 0.000068 0.000002 0.000073
45 23 0.000020 0.000000 0.000022
46 23 0.000005 0.000000 0.000006
47 23 0.000001 0.000000 0.000002
48 23 0.000000 0.000000 0.000000
49 23 0.000000 0.000000 0.000000

0 24 0.000000 0.000000 0.000000
1 24 -0.292992 0.244014 0.232348
2 24 0.231227 0.110287 0.271800
3 24 0.151707 0.028835 0.220710
4 24 -0.153505 -0.007352 -0.039105
5 24 -0.115732 -0.004360 -0.118184
6 24 0.126101 0.006330 0.044446
7 24 0.100289 0.001809 0.111601
8 24 -0.106817 -0.004832 -0.029022
9 24 -0.089393 -0.002713 -0.089752
10 24 0.087401 0.001770 0.023992
11 24 0.082765 0.003262 0.086336
12 24 -0.086779 -0.000572 -0.018900
13 24 -0.078587 0.000874 -0.078554
14 24 0.076256 0.004723 0.019151
15 24 0.078348 -0.000515 0.072124
16 24 -0.059918 -0.005394 -0.008521
17 24 -0.081960 -0.001313 -0.069180
18 24 0.058150 0.003218 0.004872
19 24 0.079401 0.001606 0.071722
20 24 -0.064675 -0.001485 -0.008594
21 24 -0.068267 -0.000981 -0.067379
22 24 0.063983 0.000890 0.014537
23 24 0.054058 0.000583 0.058016
24 24 -0.054271 -0.000615 -0.014152
25 24 -0.044178 -0.000386 -0.046272
26 24 0.038348 0.000437 0.008934
27 24 0.037955 0.000341 0.036242
28 24 -0.021518 -0.000240 -0.000488
29 24 -0.034433 -0.000303 -0.026984
30 24 0.002971 0.000070 -0.008474
31 24 0.026201 0.000253 0.016214
32 24 0.011909 0.000092 0.014469
33 24 -0.012117 -0.000125 -0.003166
34 24 -0.019601 -0.000172 -0.013604
35 24 -0.010642 -0.000078 -0.010379
36 24 0.001618 0.000033 -0.001393
37 24 0.008353 0.000087 0.005087
38 24 0.008935 0.000085 0.006782
39 24 0.006490 0.000059 0.005451
40 24 0.003741 0.000033 0.003364
41 24 0.001817 0.000016 0.001723
42 24 0.000767 0.000007 0.000760
43 24 0.000287 0.000002 0.000296
44 24 0.000096 0.000001 0.000103
45 24 0.000029 0.000000 0.000032
46 24 0.000008 0.000000 0.000009
47 24 0.000002 0.000000 0.000002
48 24 0.000001 0.000000 0.000001
49 24 0.000000 0.000000 0.000000

0 25 0.000000 0.000000 0.000000
1 25 -0.039617 -0.169469 -0.218607
2 25 0.252467 -0.095803 0.093290
3 25 0.193035 -0.036200 0.177012
4 25 -0.118411 0.002984 -0.017247
5 25 -0.155187 0.006589 -0.129343
6 25 0.085863 -0.004531 0.007200
7 25 0.129675 -0.004043 0.116274
8 25 -0.070527 0.004097 0.004260
9 25 -0.116284 0.003933 -0.093074
10 25 0.054431 0.000147 -0.007580
11 25 0.116046 -0.002411 0.089822
12 25 -0.049435 0.000176 0.012422
13 25 -0.098464 0.000676 -0.080693
14 25 0.047379 -0.004790 -0.006352
15 25 0.084334 -0.002955 0.069871
16 25 -0.037064 0.004314 0.011863
17 25 -0.089650 0.003721 -0.064178
18 25 0.030917 -0.001875 -0.017555
19 25 0.095220 -0.002588 0.068185
20 25 -0.034652 0.000644 0.016990
21 25 -0.088854 0.001376 -0.067393
22 25 0.037352 -0.000470 -0.010067
23 25 0.073928 -0.000831 0.060362
24 25 -0.033133 0.000382 0.006301
25 25 -0.059555 0.000565 -0.048474
26 25 0.021616 -0.000274 -0.006731
27 25 0.047315 -0.000451 0.036497
28 25 -0.007871 0.000109 0.010846
29 25 -0.037545 0.000345 -0.024636
30 25 -0.007499 0.000032 -0.015642
31 25 0.023917 -0.000239 0.011839
32 25 0.017824 -0.000152 0.017241
33 25 -0.006841 0.000077 0.001410
34 25 -0.019487 0.000175 -0.012206
35 25 -0.013753 0.000109 -0.012104
36 25 -0.001274 -0.000006 -0.003730
37 25 0.007192 -0.000077 0.003810
38 25 0.009154 -0.000088 0.006677
39 25 0.007215 -0.000066 0.005919
40 25 0.004400 -0.000039 0.003887
41 25 0.002234 -0.000020 0.002088
42 25 0.000980 -0.000008 0.000959
43 25 0.000379 -0.000003 0.000386
44 25 0.000132 -0.000001 0.000139
45 25 0.000041 -0.000000 0.000045
46 25 0.000012 -0.000000 0.000013
47 25 0.000003 -0.000000 0.000004
48 25 0.000001 -0.000000 0.000001
49 25 0.000000 0.000000 0.000000

0 26 0.000000 0.000000 0.000000
1 26 0.080681 -0.122778 -0.087905
2 26 0.235096 -0.144393 0.056487
3 26 0.141021 -0.063121 0.107627
4 26 -0.132615 0.019423 -0.037502
5 26 -0.163408 0.024622 -0.127187
6 26 0.068278 -0.010950 -0.005438
7 26 0.148447 -0.017478 0.114040
8 26 -0.041899 0.002238 0.024584
9 26 -0.127375 0.009263 -0.090947
10 26 0.027278 -0.005419 -0.027041
11 26 0.119547 -0.010414 0.082493
12 26 -0.022276 0.001934 0.033170
13 26 -0.114118 0.006066 -0.075018
14 26 0.011176 0.001047 -0.030502
15 26 0.098595 -0.001228 0.064755
16 26 0.003523 -0.000449 0.035364
17 26 -0.093593 0.000633 -0.054743
18 26 -0.007946 -0.001053 -0.039983
19 26 0.097534 -0.002451 0.056722
20 26 0.000414 0.001035 0.039478
21 26 -0.095357 0.002937 -0.058455
22 26 0.007584 -0.000874 -0.031498
23 26 0.082733 -0.002640 0.054813
24 26 -0.009351 0.000537 0.024536
25 26 -0.066876 0.001978 -0.044631
26 26 0.003237 -0.000289 -0.020698
27 26 0.050899 -0.001505 0.032573
28 26 0.005998 -0.000083 0.020461
29 26 -0.036751 0.001039 -0.019823
30 26 -0.016894 0.000377 -0.020989
31 26 0.019569 -0.000606 0.006539
32 26 0.022048 -0.000589 0.018443
33 26 -0.001334 0.000077 0.005677
34 26 -0.018262 0.000500 -0.010100
35 26 -0.016155 0.000399 -0.013150
36 26 -0.004133 0.000061 -0.005888
37 26 0.005746 -0.000193 0.002371
38 26 0.009114 -0.000265 0.006356
39 26 0.007817 -0.000216 0.006258
40 26 0.005034 -0.000135 0.004369
41 26 0.002666 -0.000070 0.002456
42 26 0.001212 -0.000031 0.001171
43 26 0.000484 -0.000012 0.000487
44 26 0.000173 -0.000004 0.000180
45 26 0.000056 -0.000001 0.000060
46 26 0.000016 -0.000000 0.000018
47 26 0.000004 -0.000000 0.000005
48 26 0.000001 -0.000000 0.000001
49 26 0.000000 0.000000 0.000000

0 27 0.000000 0.000000 0.000000
1 27 0.083764 -0.092333 -0.011708
2 27 0.137860 -0.110440 0.043711
3 27 0.020463 -0.027924 0.043925
4 27 -0.173084 0.052840 -0.063538
5 27 -0.148204 0.040396 -0.108585
6 27 0.075979 -0.017700 0.006321
7 27 0.150546 -0.031277 0.111583
8 27 -0.037934 0.004175 0.027201
9 27 -0.134197 0.018982 -0.088659
10 27 0.004904 -0.001177 -0.037812
11 27 0.122211 -0.012023 0.074885
12 27 0.005947 0.000938 0.048574
13 27 -0.114488 0.011701 -0.067413
14 27 -0.002052 -0.000409 -0.043450
15 27 0.103499 -0.013050 0.059912
16 27 0.013710 -0.003165 0.044493
17 27 -0.097225 0.009628 -0.048112
18 27 -0.028131 0.003237 -0.050722
19 27 0.097323 -0.007073 0.045936
20 27 0.027796 -0.002044 0.053874
21 27 -0.094851 0.005442 -0.046787
22 27 -0.019566 0.000749 -0.047392
23 27 0.083554 -0.004528 0.045060
24 27 0.013452 -0.000463 0.038888
25 27 -0.067581 0.003383 -0.036972
26 27 -0.014310 0.000446 -0.031784
27 27 0.049748 -0.002492 0.025979
28 27 0.018585 -0.000777 0.027726
29 27 -0.033030 0.001578 -0.013629
30 27 -0.024560 0.001017 -0.024400
31 27 0.014001 -0.000755 0.001019
32 27 0.024594 -0.001121 0.018313
33 27 0.003941 -0.000123 0.009356
34 27 -0.016229 0.000747 -0.007585
35 27 -0.017829 0.000752 -0.013576
36 27 -0.006806 0.000228 -0.007769
37 27 0.004131 -0.000249 0.000872
38 27 0.008851 -0.000431 0.005865
39 27 0.008285 -0.000383 0.006470
40 27 0.005623 -0.000253 0.004796
41 27 0.003098 -0.000137 0.002813
42 27 0.001455 -0.000063 0.001388
43 27 0.000598 -0.000026 0.000595
44 27 0.000219 -0.000009 0.000226
45 27 0.000072 -0.000003 0.000077
46 27 0.000022 -0.000001 0.000024
47 27 0.000006 -0.000000 0.000007
48 27 0.000002 -0.000000 0.000002
49 27 0.000000 0.000000 0.000000

0 28 0.000000 0.000000 0.000000
1 28 0.028808 -0.043175 0.014715
2 28 0.014096 -0.033859 0.023575
3 28 -0.087404 0.036583 -0.003037
4 28 -0.178774 0.082194 -0.070440
5 28 -0.087524 0.039802 -0.071168
6 28 0.112853 -0.033417 0.034703
7 28 0.144026 -0.041107 0.104360
8 28 -0.043027 0.007176 0.016615
9 28 -0.133766 0.026579 -0.088809
10 28 0.006193 -0.001047 -0.038006
11 28 0.127919 -0.023087 0.073464
12 28 0.017112 -0.004599 0.053338
13 28 -0.114810 0.013797 -0.061722
14 28 -0.024102 0.000161 -0.052301
15 28 0.090190 -0.010191 0.049153
16 28 0.031734 0.000948 0.051312
17 28 -0.079144 0.009363 -0.034340
18 28 -0.044131 0.000816 -0.055994
19 28 0.082874 -0.009262 0.030924
20 28 0.047365 -0.002735 0.061252
21 28 -0.085695 0.007684 -0.032677
22 28 -0.040992 0.002481 -0.057247
23 28 0.078103 -0.006265 0.033183
24 28 0.032785 -0.002137 0.048780
25 28 -0.063512 0.004551 -0.027454
26 28 -0.029447 0.001758 -0.039645
27 28 0.045301 -0.003215 0.018141
28 28 0.029069 -0.001845 0.032588
29 28 -0.027485 0.001848 -0.006998
30 28 -0.030296 0.001835 -0.026081
31 28 0.007965 -0.000658 -0.004200
32 28 0.025686 -0.001659 0.017195
33 28 0.008673 -0.000491 0.012318
34 28 -0.013704 0.000887 -0.004928
35 28 -0.018839 0.001127 -0.013497
36 28 -0.009191 0.000478 -0.009324
37 28 0.002455 -0.000240 -0.000597
38 28 0.008416 -0.000578 0.005259
39 28 0.008622 -0.000560 0.006565
40 28 0.006152 -0.000389 0.005157
41 28 0.003515 -0.000218 0.003147
42 28 0.001700 -0.000104 0.001603
43 28 0.000717 -0.000043 0.000706
44 28 0.000269 -0.000016 0.000275
45 28 0.000091 -0.000005 0.000096
46 28 0.000028 -0.000002 0.000030
47 28 0.000008 -0.000000 0.000009
48 28 0.000002 -0.000000 0.000002
49 28 0.000000 0.000000 0.000000

0 29 0.000000 0.000000 0.000000
1 29 -0.018370 0.001576 0.007377
2 29 -0.057970 0.028522 -0.000428
3 29 -0.111962 0.070900 -0.025115
4 29 -0.114104 0.071661 -0.052927
5 29 0.011410 0.004805 -0.022563
6 29 0.148263 -0.060505 0.059937
7 29 0.115685 -0.047488 0.085109
8 29 -0.072538 0.013584 -0.007047
9 29 -0.134916 0.034176 -0.091253
10 29 0.014851 -0.003870 -0.027952
11 29 0.120373 -0.027382 0.072630
12 29 0.016485 -0.002549 0.050667
13 29 -0.116286 0.020695 -0.058581
14 29 -0.033572 0.007666 -0.057414
15 29 0.100477 -0.013475 0.047436
16 29 0.049655 -0.009782 0.059311
17 29 -0.080633 0.007861 -0.029807
18 29 -0.063466 0.007643 -0.062778
19 29 0.074399 -0.007741 0.020907
20 29 0.066013 -0.006524 0.067137
21 29 -0.075135 0.007616 -0.020205
22 29 -0.058789 0.005088 -0.063660
23 29 0.069504 -0.006976 0.021428
24 29 0.048469 -0.004275 0.055143
25 29 -0.056667 0.005196 -0.017666
26 29 -0.041670 0.003423 -0.044685
27 29 0.039002 -0.003568 0.010183
28 29 0.037237 -0.003126 0.035393
29 29 -0.021121 0.001818 -0.000632
30 29 -0.034235 0.002722 -0.026423
31 29 0.002046 -0.000331 -0.008800
32 29 0.025666 -0.002142 0.015462
33 29 0.012703 -0.000981 0.014561
34 29 -0.010979 0.000912 -0.002346
35 29 -0.019304 0.001495 -0.013052
36 29 -0.011235 0.000790 -0.010549
37 29 0.000816 -0.000171 -0.001965
38 29 0.007869 -0.000698 0.004593
39 29 0.008841 -0.000738 0.006565
40 29 0.006612 -0.000538 0.005450
41 29 0.003905 -0.000312 0.003449
42 29 0.001939 -0.000153 0.001807
43 29 0.000837 -0.000065 0.000815
44 29 0.000320 -0.000025 0.000324
45 29 0.000110 -0.000008 0.000115
46 29 0.000034 -0.000003 0.000037
47 29 0.000010 -0.000001 0.000011
48 29 0.000003 -0.000000 0.000003
49 29 0.000000 0.000000 0.000000

0 30 0.000000 0.000000 0.000000
1 30 -0.027272 0.019626 -0.008575
2 30 -0.052730 0.042203 -0.015086
3 30 -0.057585 0.052032 -0.024146
4 30 -0.010702 0.021589 -0.022056
5 30 0.092820 -0.043074 0.016998
6 30 0.142824 -0.074715 0.064207
7 30 0.050631 -0.033087 0.049997
8 30 -0.114200 0.035157 -0.037646
9 30 -0.119954 0.042072 -0.085693
10 30 0.039028 -0.007160 -0.008673
11 30 0.124543 -0.031540 0.075906
12 30 0.014544 -0.004715 0.044619
13 30 -0.115610 0.023687 -0.060429
14 30 -0.028130 0.005203 -0.055472
15 30 0.099942 -0.022582 0.048411
16 30 0.039670 -0.009215 0.056108
17 30 -0.081239 0.016812 -0.029777
18 30 -0.060949 0.010933 -0.060332
19 30 0.070698 -0.012233 0.016499
20 30 0.073025 -0.010764 0.067346
21 30 -0.067455 0.009084 -0.011823
22 30 -0.070413 0.008501 -0.066347
23 30 0.061165 -0.007542 0.011812
24 30 0.060172 -0.006856 0.058664
25 30 -0.049138 0.005437 -0.008932
26 30 -0.051017 0.005314 -0.047561
27 30 0.032169 -0.003568 0.002930
28 30 0.043282 -0.004503 0.036681
29 30 -0.014755 0.001518 0.005018
30 30 -0.036714 0.003600 -0.025882
31 30 -0.003357 0.000179 -0.012635
32 30 0.024917 -0.002539 0.013456
33 30 0.015991 -0.001548 0.016163
34 30 -0.008296 0.000834 0.000007
35 30 -0.019369 0.001836 -0.012389
36 30 -0.012924 0.001143 -0.011470
37 30 -0.000706 -0.000051 -0.003182
38 30 0.007269 -0.000790 0.003922
39 30 0.008965 -0.000914 0.006494
40 30 0.006999 -0.000696 0.005678
41 30 0.004256 -0.000417 0.003711
42 30 0.002163 -0.000210 0.001992
43 30 0.000952 -0.000091 0.000917
44 30 0.000370 -0.000035 0.000371
45 30 0.000129 -0.000012 0.000134
46 30 0.000041 -0.000004 0.000044
47 30 0.000012 -0.000001 0.000013
48 30 0.000004 -0.000000 0.000003
49 30 0.000000 0.000000 0.000000

0 31 0.000000 0.000000 0.000000
1 31 -0.006347 0.011134 -0.014255
2 31 -0.003859 0.015367 -0.014227
3 31 0.020437 0.002351 -0.010158
4 31 0.068094 -0.034087 0.005005
5 31 0.114141 -0.070028 0.032234
6 31 0.087159 -0.060934 0.045112
7 31 -0.030186 0.000997 0.006504
8 31 -0.133303 0.054542 -0.058225
9 31 -0.079815 0.036162 -0.066162
10 31 0.078021 -0.022049 0.017742
11 31 0.121018 -0.041705 0.078458
12 31 -0.011409 -0.002401 0.027315
13 31 -0.121214 0.029548 -0.066347
14 31 -0.026014 0.006412 -0.049832
15 31 0.095684 -0.019660 0.048869
16 31 0.043934 -0.006554 0.055057
17 31 -0.069732 0.013979 -0.026128
18 31 -0.062613 0.008326 -0.058738
19 31 0.059427 -0.012114 0.010611
20 31 0.076378 -0.011177 0.065943
21 31 -0.058009 0.009696 -0.004600
22 31 -0.077211 0.010661 -0.066719
23 31 0.053111 -0.007922 0.004080
24 31 0.068189 -0.009239 0.060180
25 31 -0.042059 0.005451 -0.001761
26 31 -0.057806 0.007231 -0.048965
27 31 0.025770 -0.003323 -0.003153
28 31 0.047595 -0.005885 0.037020
29 31 -0.008978 0.001023 0.009718
30 31 -0.038154 0.004430 -0.024896
31 31 -0.008007 0.000812 -0.015688
32 31 0.023802 -0.002850 0.011463
33 31 0.018583 -0.002153 0.017251
34 31 -0.005839 0.000676 0.002036
35 31 -0.019186 0.002144 -0.011641
36 31 -0.014276 0.001517 -0.012133
37 31 -0.002053 0.000108 -0.004216
38 31 0.006676 -0.000858 0.003293
39 31 0.009019 -0.001084 0.006381
40 31 0.007316 -0.000859 0.005846
41 31 0.004562 -0.000528 0.003930
42 31 0.002364 -0.000271 0.002154
43 31 0.001057 -0.000120 0.001009
44 31 0.000417 -0.000047 0.000414
45 31 0.000148 -0.000017 0.000152
46 31 0.000047 -0.000005 0.000050
47 31 0.000014 -0.000002 0.000015
48 31 0.000005 -0.000001 0.000004
49 31 0.000000 0.000000 0.000000

0 32 0.000000 0.000000 0.000000
1 32 0.014092 -0.005944 -0.007041
2 32 0.031119 -0.016825 -0.003844
3 32 0.055913 -0.035740 0.003897
4 32 0.072046 -0.055605 0.015339
5 32 0.063218 -0.056018 0.023438
6 32 -0.004911 -0.017901 0.012391
7 32 -0.095427 0.040441 -0.028368
8 32 -0.120630 0.061136 -0.058297
9 32 -0.022280 0.018976 -0.034700
10 32 0.110892 -0.039279 0.044429
11 32 0.093193 -0.039202 0.069783
12 32 -0.044216 0.011814 0.002784
13 32 -0.117385 0.036757 -0.069328
14 32 -0.007356 0.006370 -0.038486
15 32 0.111780 -0.026262 0.057162
16 32 0.043184 -0.014966 0.054110
17 32 -0.082960 0.014875 -0.033237
18 32 -0.068238 0.015407 -0.060693
19 32 0.061833 -0.010637 0.012247
20 32 0.082332 -0.015197 0.067112
21 32 -0.053933 0.008766 -0.001685
22 32 -0.083096 0.013431 -0.067544
23 32 0.047443 -0.007637 -0.000917
24 32 0.074095 -0.011593 0.061121
25 32 -0.036450 0.005217 0.003479
26 32 -0.062751 0.009105 -0.049703
27 32 0.020495 -0.002930 -0.007834
28 32 0.050682 -0.007230 0.036956
29 32 -0.004182 0.000420 0.013382
30 32 -0.038988 0.005207 -0.023848
31 32 -0.011791 0.001509 -0.018019
32 32 0.022643 -0.003094 0.009703
33 32 0.020572 -0.002766 0.017967
34 32 -0.003743 0.000469 0.003686
35 32 -0.018896 0.002422 -0.010925
36 32 -0.015326 0.001898 -0.012592
37 32 -0.003182 0.000289 -0.005052
38 32 0.006140 -0.000908 0.002744
39 32 0.009032 -0.001247 0.006252
40 32 0.007567 -0.001023 0.005963
41 32 0.004816 -0.000644 0.004101
42 32 0.002535 -0.000336 0.002286
43 32 0.001148 -0.000151 0.001085
44 32 0.000458 -0.000060 0.000451
45 32 0.000164 -0.000021 0.000167
46 32 0.000053 -0.000007 0.000056
47 32 0.000016 -0.000002 0.000017
48 32 0.000005 -0.000001 0.000004
49 32 0.000000 0.000000 0.000000

0 33 0.000000 0.000000 0.000000
1 33 0.013797 -0.012009 0.002149
2 33 0.024219 -0.023378 0.004121
3 33 0.029679 -0.032226 0.007786
4 33 0.015563 -0.028996 0.008882
5 33 -0.018493 -0.006884 0.003092
6 33 -0.076206 0.034581 -0.015447
7 33 -0.104606 0.063569 -0.039253
8 33 -0.062010 0.047392 -0.037079
9 33 0.051750 -0.010498 0.003520
10 33 0.127445 -0.053096 0.060394
11 33 0.055320 -0.028588 0.048814
12 33 -0.071050 0.023410 -0.021732
13 33 -0.104159 0.037097 -0.068382
14 33 0.022770 -0.003288 -0.020107
15 33 0.114866 -0.035554 0.065601
16 33 0.015265 -0.009252 0.041528
17 33 -0.093751 0.026749 -0.044009
18 33 -0.050555 0.016362 -0.053251
19 33 0.071428 -0.017375 0.019970
20 33 0.077202 -0.018503 0.064140
21 33 -0.056890 0.011197 -0.004131
22 33 -0.084467 0.016612 -0.067127
23 33 0.046209 -0.008209 -0.002204
24 33 0.077778 -0.014117 0.061699
25 33 -0.033429 0.005147 0.006323
26 33 -0.066321 0.011000 -0.050296
27 33 0.016925 -0.002549 -0.010934
28 33 0.053005 -0.008558 0.036927
29 33 -0.000640 -0.000197 0.015994
30 33 -0.039597 0.005959 -0.023043
31 33 -0.014668 0.002215 -0.019715
32 33 0.021701 -0.003308 0.008340
33 33 0.022065 -0.003371 0.018444
34 33 -0.002101 0.000245 0.004934
35 33 -0.018622 0.002682 -0.010333
36 33 -0.016115 0.002276 -0.012899
37 33 -0.004066 0.000478 -0.005683
38 33 0.005705 -0.000949 0.002307
39 33 0.009027 -0.001405 0.006130
40 33 0.007756 -0.001185 0.006036
41 33 0.005014 -0.000759 0.004225
42 33 0.002670 -0.000402 0.002385
43 33 0.001221 -0.000183 0.001143
44 33 0.000492 -0.000073 0.000479
45 33 0.000177 -0.000026 0.000179
46 33 0.000058 -0.000009 0.000060
47 33 0.000017 -0.000003 0.000018
48 33 0.000006 -0.000001 0.000005
49 33 0.000000 0.000000 0.000000

0 34 0.000000 0.000000 0.000000
1 34 0.000030 -0.004589 0.003979
2 34 -0.004212 -0.006185 0.003632
3 34 -0.015123 -0.001345 0.001854
4 34 -0.036623 0.013231 -0.002871
5 34 -0.061381 0.035542 -0.012408
6 34 -0.075621 0.054521 -0.022883
7 34 -0.049156 0.046878 -0.025931
8 34 0.024767 0.005641 -0.004361
9 34 0.103853 -0.046175 0.032584
10 34 0.104563 -0.055687 0.054766
11 34 -0.002694 -0.009837 0.017389
12 34 -0.102876 0.039054 -0.045349
13 34 -0.081233 0.037063 -0.059770
14 34 0.054057 -0.012426 0.003997
15 34 0.106763 -0.033507 0.068263
16 34 -0.002986 0.001306 0.026635
17 34 -0.086202 0.027309 -0.048209
18 34 -0.034371 0.009361 -0.043942
19 34 0.070993 -0.019686 0.024620
20 34 0.068505 -0.016083 0.059382
21 34 -0.058237 0.013835 -0.007230
22 34 -0.081696 0.017696 -0.065473
23 34 0.047426 -0.009554 -0.001089
24 34 0.079093 -0.016091 0.061922
25 34 -0.033040 0.005554 0.006920
26 34 -0.068679 0.012809 -0.050972
27 34 0.015393 -0.002378 -0.012396
28 34 0.054875 -0.009885 0.037218
29 34 0.001462 -0.000720 0.017558
30 34 -0.040276 0.006727 -0.022699
31 34 -0.016623 0.002882 -0.020856
32 34 0.021176 -0.003540 0.007488
33 34 0.023156 -0.003957 0.018788
34 34 -0.000974 0.000039 0.005770
35 34 -0.018462 0.002942 -0.009932
36 34 -0.016680 0.002641 -0.013099
37 34 -0.004685 0.000657 -0.006109
38 34 0.005402 -0.000991 0.002001
39 34 0.009026 -0.001560 0.006034
40 34 0.007890 -0.001343 0.006074
41 34 0.005153 -0.000871 0.004301
42 34 0.002765 -0.000465 0.002448
43 34 0.001273 -0.000214 0.001181
44 34 0.000515 -0.000086 0.000498
45 34 0.000186 -0.000031 0.000186
46 34 0.000061 -0.000010 0.000063
47 34 0.000018 -0.000003 0.000019
48 34 0.000006 -0.000001 0.000005
49 34 0.000000 0.000000 0.000000

0 35 0.000000 0.000000 0.000000
1 35 -0.009872 0.004689 -0.000716
2 35 -0.021772 0.011213 -0.002044
3 35 -0.032909 0.020600 -0.005352
4 35 -0.043853 0.031135 -0.009105
5 35 -0.042712 0.037738 -0.014059
6 35 -0.022312 0.029693 -0.011990
7 35 0.023195 0.001812 -0.003343
8 35 0.079333 -0.038288 0.020954
9 35 0.092467 -0.058205 0.036684
10 35 0.038261 -0.032684 0.029102
11 35 -0.069584 0.023223 -0.017067
12 35 -0.110088 0.055121 -0.057210
13 35 -0.030477 0.026742 -0.035719
14 35 0.089328 -0.025706 0.029387
15 35 0.099879 -0.033889 0.065905
16 35 -0.022378 0.004346 0.010350
17 35 -0.093340 0.028981 -0.056201
18 35 -0.024106 0.011550 -0.036877
19 35 0.081178 -0.018854 0.033952
20 35 0.065215 -0.016398 0.057423
21 35 -0.063471 0.015064 -0.013343
22 35 -0.078846 0.019063 -0.064781
23 35 0.052107 -0.010688 0.002837
24 35 0.079406 -0.017712 0.062612
25 35 -0.035388 0.006361 0.005274
26 35 -0.070120 0.014511 -0.051995
27 35 0.016118 -0.002530 -0.012170
28 35 0.056505 -0.011226 0.038019
29 35 0.001985 -0.001049 0.018063
30 35 -0.041224 0.007559 -0.022960
31 35 -0.017631 0.003459 -0.021486
32 35 0.021211 -0.003839 0.007226
33 35 0.023909 -0.004520 0.019073
34 35 -0.000413 -0.000113 0.006190
35 35 -0.018484 0.003222 -0.009769
36 35 -0.017049 0.002990 -0.013224
37 35 -0.005026 0.000812 -0.006330
38 35 0.005258 -0.001047 0.001843
39 35 0.009043 -0.001714 0.005977
40 35 0.007973 -0.001495 0.006082
41 35 0.005233 -0.000977 0.004330
42 35 0.002818 -0.000524 0.002473
43 35 0.001301 -0.000242 0.001197
44 35 0.000528 -0.000098 0.000506
45 35 0.000191 -0.000035 0.000190
46 35 0.000063 -0.000012 0.000064
47 35 0.000019 -0.000004 0.000020
48 35 0.000006 -0.000001 0.000005
49 35 0.000000 0.000000 0.000000

0 36 0.000000 0.000000 0.000000
1 36 -0.007394 0.006485 -0.005227
2 36 -0.014529 0.012785 -0.005963
3 36 -0.014775 0.016520 -0.006859
4 36 -0.011485 0.016469 -0.006865
5 36 0.007587 0.007083 -0.004901
6 36 0.032536 -0.012140 0.003153
7 36 0.062865 -0.037153 0.012569
8 36 0.071682 -0.053183 0.025756
9 36 0.033228 -0.038011 0.018886
10 36 -0.035955 0.004114 -0.002181
11 36 -0.104754 0.048533 -0.039917
12 36 -0.073120 0.046350 -0.046926
13 36 0.028229 -0.001899 -0.003393
14 36 0.105516 -0.042147 0.045674
15 36 0.067156 -0.030892 0.052540
16 36 -0.066006 0.019161 -0.015252
17 36 -0.096552 0.040919 -0.063767
18 36 0.011433 0.008864 -0.018669
19 36 0.099897 -0.026932 0.048691
20 36 0.049811 -0.015946 0.049629
21 36 -0.075991 0.021303 -0.024855
22 36 -0.069855 0.021360 -0.061763
23 36 0.063063 -0.013237 0.011244
24 36 0.077897 -0.019247 0.063162
25 36 -0.041121 0.008095 0.000892
26 36 -0.070330 0.016242 -0.053196
27 36 0.019497 -0.003173 -0.010002
28 36 0.057928 -0.012609 0.039377
29 36 0.000764 -0.001072 0.017430
30 36 -0.042518 0.008503 -0.023893
31 36 -0.017628 0.003892 -0.021593
32 36 0.021896 -0.004257 0.007607
33 36 0.024342 -0.005050 0.019326
34 36 -0.000455 -0.000176 0.006180
35 36 -0.018728 0.003539 -0.009870
36 36 -0.017231 0.003315 -0.013286
37 36 -0.005078 0.000925 -0.006345
38 36 0.005284 -0.001127 0.001838
39 36 0.009088 -0.001871 0.005964
40 36 0.008006 -0.001638 0.006062
41 36 0.005250 -0.001072 0.004312
42 36 0.002825 -0.000576 0.002461
43 36 0.001303 -0.000266 0.001190
44 36 0.000528 -0.000108 0.000502
45 36 0.000191 -0.000039 0.000188
46 36 0.000063 -0.000013 0.000064
47 36 0.000019 -0.000004 0.000019
48 36 0.000006 -0.000001 0.000005
49 36 0.000000 0.000000 0.000000

0 37 0.000000 0.000000 0.000000
1 37 0.002923 0.000861 -0.004609
2 37 0.006796 0.000512 -0.004187
3 37 0.015992 -0.003794 -0.002504
4 37 0.026289 -0.011420 0.000103
5 37 0.042792 -0.024999 0.004864
6 37 0.050684 -0.037572 0.010735
7 37 0.049541 -0.044996 0.013928
8 37 0.018655 -0.033430 0.012426
9 37 -0.033986 -0.001985 -0.004868
10 37 -0.082490 0.033695 -0.024025
11 37 -0.091590 0.048240 -0.040702
12 37 -0.016795 0.015420 -0.020433
13 37 0.064804 -0.031233 0.022990
14 37 0.087814 -0.048062 0.047046
15 37 0.007541 -0.014053 0.026203
16 37 -0.101714 0.038443 -0.041115
17 37 -0.068191 0.037369 -0.056584
18 37 0.051155 -0.009249 0.006352
19 37 0.094835 -0.031999 0.053748
20 37 0.020520 -0.005346 0.032994
21 37 -0.082523 0.030120 -0.035162
22 37 -0.050419 0.020468 -0.053338
23 37 0.077020 -0.017248 0.022377
24 37 0.072687 -0.019108 0.062054
25 37 -0.049221 0.011451 -0.005863
26 37 -0.067986 0.017830 -0.053733
27 37 0.025858 -0.004516 -0.005622
28 37 0.058909 -0.013961 0.041136
29 37 -0.002336 -0.000630 0.015532
30 37 -0.044069 0.009589 -0.025456
31 37 -0.016491 0.004112 -0.021094
32 37 0.023258 -0.004841 0.008656
33 37 0.024416 -0.005530 0.019526
34 37 -0.001137 -0.000111 0.005721
35 37 -0.019200 0.003911 -0.010239
36 37 -0.017215 0.003607 -0.013281
37 37 -0.004831 0.000981 -0.006150
38 37 0.005487 -0.001242 0.001989
39 37 0.009159 -0.002034 0.005995
40 37 0.007988 -0.001770 0.006015
41 37 0.005205 -0.001153 0.004247
42 37 0.002787 -0.000618 0.002410
43 37 0.001280 -0.000284 0.001160
44 37 0.000517 -0.000115 0.000488
45 37 0.000187 -0.000042 0.000182
46 37 0.000061 -0.000014 0.000061
47 37 0.000018 -0.000004 0.000019
48 37 0.000006 -0.000001 0.000005
49 37 0.000000 0.000000 0.000000

0 38 0.000000 0.000000 0.000000
1 38 0.008602 -0.004724 -0.000469
2 38 0.016928 -0.010118 0.000432
3 38 0.025520 -0.016586 0.002125
4 38 0.030862 -0.023075 0.004533
5 38 0.031836 -0.027927 0.006415
6 38 0.021049 -0.025954 0.007183
7 38 -0.002031 -0.014675 0.002878
8 38 -0.037530 0.009233 -0.005305
9 38 -0.069120 0.034454 -0.019561
10 38 -0.072114 0.046301 -0.026171
11 38 -0.031380 0.027414 -0.019996
12 38 0.045009 -0.017673 0.009695
13 38 0.084126 -0.049267 0.038265
14 38 0.050121 -0.041721 0.034897
15 38 -0.048826 0.005208 -0.004671
16 38 -0.109055 0.040061 -0.054118
17 38 -0.035543 0.015679 -0.038907
18 38 0.062104 -0.024963 0.023125
19 38 0.070002 -0.027524 0.047574
20 38 -0.007399 0.005362 0.014971
21 38 -0.083769 0.033526 -0.042717
22 38 -0.029106 0.016811 -0.043044
23 38 0.089774 -0.020062 0.033762
24 38 0.064388 -0.016221 0.059081
25 38 -0.057619 0.016379 -0.014082
26 38 -0.061673 0.019102 -0.052702
27 38 0.035424 -0.006481 0.001191
28 38 0.059194 -0.015019 0.043064
29 38 -0.007267 0.000469 0.012293
30 38 -0.045556 0.010820 -0.027460
31 38 -0.014027 0.004037 -0.019827
32 38 0.025261 -0.005622 0.010365
33 38 0.024034 -0.005927 0.019600
34 38 -0.002486 0.000120 0.004784
35 38 -0.019868 0.004347 -0.010853
36 38 -0.016969 0.003852 -0.013183
37 38 -0.004275 0.000963 -0.005739
38 38 0.005857 -0.001399 0.002288
39 38 0.009247 -0.002200 0.006062
40 38 0.007913 -0.001887 0.005936
41 38 0.005095 -0.001218 0.004135
42 38 0.002704 -0.000648 0.002324
43 38 0.001233 -0.000296 0.001110
44 38 0.000495 -0.000119 0.000463
45 38 0.000178 -0.000043 0.000172
46 38 0.000058 -0.000014 0.000058
47 38 0.000017 -0.000004 0.000017
48 38 0.000006 -0.000001 0.000005
49 38 0.000000 0.000000 0.000000

0 39 0.000000 0.000000 0.000000
1 39 0.003424 -0.004147 0.001958
2 39 0.004892 -0.007632 0.002251
3 39 0.005167 -0.009462 0.002237
4 39 -0.000592 -0.008350 0.002352
5 39 -0.010073 -0.002215 0.000085
6 39 -0.026254 0.009351 -0.002225
7 39 -0.044196 0.026297 -0.009452
8 39 -0.053455 0.041587 -0.013494
9 39 -0.047347 0.046685 -0.018342
10 39 -0.006829 0.030664 -0.009551
11 39 0.046548 -0.005083 0.007605
12 39 0.092749 -0.040627 0.029961
13 39 0.078451 -0.047985 0.037799
14 39 0.001207 -0.017431 0.011144
15 39 -0.080737 0.026055 -0.028367
16 39 -0.090147 0.033987 -0.050003
17 39 -0.002496 -0.003365 -0.016257
18 39 0.069173 -0.035874 0.036104
19 39 0.045164 -0.028889 0.039009
20 39 -0.042568 0.007296 -0.005734
21 39 -0.094046 0.032682 -0.052829
22 39 -0.011150 0.011283 -0.032577
23 39 0.098925 -0.023240 0.044508
24 39 0.050492 -0.011639 0.052558
25 39 -0.066556 0.022836 -0.024156
26 39 -0.050259 0.020253 -0.049309
27 39 0.048560 -0.008719 0.010744
28 39 0.058674 -0.015319 0.044910
29 39 -0.013634 0.002502 0.007765
30 39 -0.046311 0.012198 -0.029499
31 39 -0.009933 0.003593 -0.017527
32 39 0.027807 -0.006598 0.012699
33 39 0.023052 -0.006183 0.019430
34 39 -0.004506 0.000559 0.003345
35 39 -0.020658 0.004846 -0.011663
36 39 -0.016440 0.004030 -0.012947
37 39 -0.003407 0.000855 -0.005103
38 39 0.006377 -0.001604 0.002721
39 39 0.009335 -0.002370 0.006150
40 39 0.007775 -0.001986 0.005819
41 39 0.004922 -0.001263 0.003975
42 39 0.002578 -0.000664 0.002203
43 39 0.001163 -0.000301 0.001040
44 39 0.000463 -0.000120 0.000430
45 39 0.000165 -0.000043 0.000159
46 39 0.000053 -0.000014 0.000053
47 39 0.000016 -0.000004 0.000016
48 39 0.000005 -0.000001 0.000004
49 39 0.000000 0.000000 0.000000

0 40 0.000000 0.000000 0.000000
1 40 -0.004586 0.000270 0.001003
2 40 -0.011531 0.001826 0.000401
3 40 -0.017092 0.004559 -0.000551
4 40 -0.028323 0.010533 -0.002469
5 40 -0.034749 0.017922 -0.005408
6 40 -0.043698 0.026608 -0.007675
7 40 -0.040462 0.032436 -0.011692
8 40 -0.025628 0.029301 -0.008507
9 40 0.003197 0.015911 -0.006173
10 40 0.049120 -0.011481 0.009738
11 40 0.073140 -0.034902 0.020351
12 40 0.075916 -0.041867 0.027685
13 40 0.019968 -0.017369 0.016161
14 40 -0.051708 0.026716 -0.017492
15 40 -0.076022 0.050363 -0.035625
16 40 -0.034727 0.031381 -0.029139
17 40 0.060132 -0.017152 0.014745
18 40 0.092578 -0.046841 0.051460
19 40 0.015131 -0.028946 0.025916
20 40 -0.084322 0.012743 -0.029877
21 40 -0.098381 0.028329 -0.058119
22 40 0.009141 -0.003471 -0.017356
23 40 0.095041 -0.031734 0.050756
24 40 0.021189 -0.006788 0.037297
25 40 -0.078942 0.029881 -0.037415
26 40 -0.034045 0.020500 -0.043187
27 40 0.064256 -0.011058 0.022539
28 40 0.056785 -0.014142 0.045971
29 40 -0.020595 0.005917 0.002168
30 40 -0.045134 0.013779 -0.030826
31 40 -0.003713 0.002762 -0.013786
32 40 0.030794 -0.007695 0.015608
33 40 0.021335 -0.006198 0.018885
34 40 -0.007143 0.001248 0.001411
35 40 -0.021439 0.005392 -0.012577
36 40 -0.015555 0.004112 -0.012510
37 40 -0.002230 0.000642 -0.004239
38 40 0.007013 -0.001857 0.003263
39 40 0.009399 -0.002537 0.006238
40 40 0.007566 -0.002062 0.005656
41 40 0.004686 -0.001286 0.003770
42 40 0.002415 -0.000666 0.002052
43 40 0.001075 -0.000298 0.000955
44 40 0.000422 -0.000117 0.000390
45 40 0.000149 -0.000041 0.000142
46 40 0.000048 -0.000013 0.000047
47 40 0.000014 -0.000004 0.000014
48 40 0.000005 -0.000001 0.000004
49 40 0.000000 0.000000 0.000000

0 41 0.000000 0.000000 0.000000
1 41 -0.004807 0.003260 -0.001340
2 41 -0.010874 0.007194 -0.002144
3 41 -0.013361 0.010017 -0.002262
4 41 -0.018927 0.013957 -0.004163
5 41 -0.014783 0.013910 -0.004076
6 41 -0.013519 0.012637 -0.004612
7 41 0.003613 0.003193 -0.002895
8 41 0.018131 -0.011042 0.002760
9 41 0.039094 -0.029464 0.006484
10 41 0.049637 -0.045899 0.016988
11 41 0.029487 -0.042872 0.012520
12 41 -0.002664 -0.022802 0.007061
13 41 -0.065991 0.019613 -0.015064
14 41 -0.086230 0.052425 -0.035969
15 41 -0.047499 0.048845 -0.027182
16 41 0.029118 0.014664 -0.003217
17 41 0.113306 -0.030314 0.040752
18 41 0.089404 -0.037555 0.052212
19 41 -0.020789 0.000431 0.003418
20 41 -0.088271 0.031923 -0.041478
21 41 -0.058302 0.018007 -0.041391
22 41 0.040015 -0.027193 0.006340
23 41 0.073181 -0.043043 0.049426
24 41 -0.026151 -0.003282 0.012307
25 41 -0.096593 0.032654 -0.053325
26 41 -0.018106 0.016311 -0.035824
27 41 0.076562 -0.014214 0.033403
28 41 0.050828 -0.010941 0.044192
29 41 -0.027409 0.011096 -0.004392
30 41 -0.040466 0.015652 -0.030474
31 41 0.005307 0.001672 -0.008090
32 41 0.034209 -0.008688 0.019066
33 41 0.018877 -0.005799 0.017888
34 41 -0.010201 0.002233 -0.000926
35 41 -0.021999 0.005960 -0.013445
36 41 -0.014228 0.004067 -0.011794
37 41 -0.000760 0.000313 -0.003151
38 41 0.007720 -0.002152 0.003880
39 41 0.009408 -0.002692 0.006300
40 41 0.007277 -0.002108 0.005439
41 41 0.004391 -0.001283 0.003521
42 41 0.002218 -0.000652 0.001875
43 41 0.000971 -0.000287 0.000858
44 41 0.000376 -0.000112 0.000345
45 41 0.000131 -0.000039 0.000124
46 41 0.000041 -0.000012 0.000040
47 41 0.000012 -0.000004 0.000012
48 41 0.000004 -0.000001 0.000003
49 41 0.000000 0.000000 0.000000

0 42 0.000000 0.000000 0.000000
1 42 0.000585 0.002924 -0.003303
2 42 0.001479 0.005639 -0.003646
3 42 0.005463 0.006330 -0.002456
4 42 0.009516 0.006248 -0.002968
5 42 0.020775 0.001143 0.000201
6 42 0.028238 -0.004757 0.001035
7 42 0.044900 -0.017343 0.006265
8 42 0.046656 -0.026813 0.009326
9 42 0.049095 -0.035970 0.011449
10 42 0.025336 -0.033149 0.012058
11 42 -0.012853 -0.016079 -0.000520
12 42 -0.051845 0.006666 -0.009255
13 42 -0.090369 0.032790 -0.028523
14 42 -0.064790 0.029821 -0.028953
15 42 -0.012447 0.003605 -0.008712
16 42 0.049472 -0.028032 0.013096
17 42 0.082743 -0.043554 0.039436
18 42 0.013561 -0.007657 0.021096
19 42 -0.059892 0.043744 -0.025944
20 42 -0.047381 0.050410 -0.034648
21 42 0.018633 0.010584 -0.007559
22 42 0.084595 -0.037338 0.034599
23 42 0.056498 -0.042233 0.047687
24 42 -0.066892 0.000389 -0.010448
25 42 -0.110132 0.026201 -0.065049
26 42 -0.008249 0.003074 -0.028394
27 42 0.074977 -0.020618 0.038161
28 42 0.034244 -0.006904 0.035626
29 42 -0.035591 0.017325 -0.012974
30 42 -0.031880 0.017592 -0.028130
31 42 0.017388 0.000600 -0.000253
32 42 0.038112 -0.009128 0.023014
33 42 0.015975 -0.004691 0.016517
34 42 -0.013215 0.003597 -0.003399
35 42 -0.021993 0.006527 -0.014015
36 42 -0.012339 0.003870 -0.010691
37 42 0.000977 -0.000129 -0.001845
38 42 0.008442 -0.002476 0.004531
39 42 0.009331 -0.002824 0.006311
40 42 0.006902 -0.002120 0.005161
41 42 0.004043 -0.001254 0.003232
42 42 0.001996 -0.000624 0.001680
43 42 0.000858 -0.000269 0.000753
44 42 0.000327 -0.000103 0.000298
45 42 0.000112 -0.000036 0.000106
46 42 0.000035 -0.000011 0.000034
47 42 0.000010 -0.000003 0.000010
48 42 0.000003 -0.000001 0.000003
49 42 0.000000 0.000000 0.000000

0 43 0.000000 0.000000 0.000000
1 43 0.002640 -0.001029 -0.002391
2 43 0.006182 -0.002491 -0.002363
3 43 0.010177 -0.004667 -0.001076
4 43 0.015539 -0.007505 -0.000940
5 43 0.021797 -0.011561 0.002004
6 43 0.025279 -0.014016 0.001998
7 43 0.029680 -0.016789 0.005705
8 43 0.020966 -0.011802 0.003988
9 43 0.014214 -0.004708 0.003867
10 43 -0.011192 0.013468 -0.001366
11 43 -0.026223 0.030311 -0.009725
12 43 -0.035361 0.040545 -0.011690
13 43 -0.025832 0.035858 -0.016131
14 43 0.021546 0.001340 0.000448
15 43 0.048160 -0.034798 0.016958
16 43 0.057109 -0.058840 0.024754
17 43 0.013048 -0.047972 0.021914
18 43 -0.081984 0.006772 -0.019812
19 43 -0.100394 0.044932 -0.049413
20 43 -0.031878 0.036444 -0.028663
21 43 0.054032 0.005456 0.010227
22 43 0.111559 -0.022251 0.049113
23 43 0.059271 -0.016307 0.047363
24 43 -0.067385 0.015749 -0.017827
25 43 -0.090839 0.017941 -0.058593
26 43 0.007109 -0.017070 -0.013760
27 43 0.057197 -0.032119 0.036565
28 43 0.000600 -0.005613 0.017267
29 43 -0.050273 0.021441 -0.026062
30 43 -0.022750 0.018074 -0.025505
31 43 0.030527 -0.000496 0.008463
32 43 0.041928 -0.008487 0.026860
33 43 0.013147 -0.002466 0.014924
34 43 -0.015350 0.005483 -0.005510
35 43 -0.020853 0.007110 -0.013886
36 43 -0.009691 0.003529 -0.009042
37 43 0.002975 -0.000659 -0.000320
38 43 0.009134 -0.002801 0.005180
39 43 0.009146 -0.002916 0.006248
40 43 0.006443 -0.002091 0.004823
41 43 0.003651 -0.001199 0.002911
42 43 0.001757 -0.000581 0.001472
43 43 0.000739 -0.000246 0.000646
44 43 0.000277 -0.000093 0.000251
45 43 0.000093 -0.000031 0.000087
46 43 0.000029 -0.000010 0.000028
47 43 0.000008 -0.000003 0.000008
48 43 0.000003 -0.000001 0.000002
49 43 0.000000 0.000000 0.000000

0 44 0.000000 0.000000 0.000000
1 44 0.002451 -0.004432 0.001513
2 44 0.005109 -0.009122 0.001618
3 44 0.005279 -0.013086 0.002089
4 44 0.005327 -0.017050 0.001952
5 44 0.000400 -0.018792 0.002494
6 44 -0.006801 -0.018106 0.000616
7 44 -0.018908 -0.013371 0.000090
8 44 -0.035813 -0.002267 -0.005374
9 44 -0.048156 0.010914 -0.007963
10 44 -0.061615 0.029311 -0.014682
11 44 -0.049707 0.038438 -0.015846
12 44 -0.026760 0.039872 -0.011297
13 44 0.021618 0.024296 -0.002461
14 44 0.075522 -0.004540 0.019809
15 44 0.090173 -0.022569 0.029664
16 44 0.074954 -0.029470 0.029865
17 44 0.000776 -0.010432 0.011688
18 44 -0.080570 0.017701 -0.028938
19 44 -0.079773 0.011555 -0.039585
20 44 -0.035597 -0.011751 -0.019060
21 44 0.020759 -0.024127 0.005421
22 44 0.065534 -0.018864 0.032344
23 44 0.023413 0.015113 0.023845
24 44 -0.051315 0.047011 -0.024394
25 44 -0.024497 0.024321 -0.031213
26 44 0.055735 -0.028604 0.019575
27 44 0.044666 -0.041361 0.039304
28 44 -0.040974 -0.007935 -0.004838
29 44 -0.072856 0.019006 -0.042828
30 44 -0.019787 0.013515 -0.025519
31 44 0.038385 -0.003021 0.014344
32 44 0.042622 -0.006843 0.028402
33 44 0.010224 0.001105 0.012732
34 44 -0.015697 0.008051 -0.006755
35 44 -0.017819 0.007808 -0.012543
36 44 -0.005952 0.003133 -0.006599
37 44 0.005310 -0.001203 0.001483
38 44 0.009798 -0.003079 0.005825
39 44 0.008859 -0.002947 0.006113
40 44 0.005916 -0.002017 0.004433
41 44 0.003232 -0.001118 0.002570
42 44 0.001512 -0.000528 0.001261
43 44 0.000622 -0.000219 0.000540
44 44 0.000228 -0.000081 0.000205
45 44 0.000076 -0.000027 0.000070
46 44 0.000023 -0.000008 0.000022
47 44 0.000006 -0.000002 0.000006
48 44 0.000002 -0.000001 0.000002
49 44 0.000000 0.000000 0.000000

0 45 0.000000 0.000000 0.000000
1 45 0.001837 -0.000846 0.001869
2 45 0.003564 -0.001715 0.001956
3 45 0.002782 -0.001492 0.001832
4 45 0.001655 -0.001239 0.001689
5 45 -0.004365 0.001203 0.001038
6 45 -0.010552 0.003702 -0.000443
7 45 -0.021528 0.008165 -0.001951
8 45 -0.030775 0.011696 -0.005524
9 45 -0.037513 0.012822 -0.006621
10 45 -0.039249 0.010589 -0.009757
11 45 -0.025583 -0.001048 -0.006591
12 45 -0.010314 -0.014082 -0.002852
13 45 0.016817 -0.030473 0.004254
14 45 0.029637 -0.034325 0.012880
15 45 0.021057 -0.016646 0.009054
16 45 0.005747 0.012598 0.003666
17 45 -0.025819 0.049259 -0.010138
18 45 -0.022238 0.056525 -0.019935
19 45 0.022995 0.017424 -0.000643
20 45 0.043801 -0.029552 0.019081
21 45 0.036723 -0.058200 0.022797
22 45 -0.005380 -0.047636 0.012826
23 45 -0.084962 0.011581 -0.026948
24 45 -0.089925 0.058418 -0.056285
25 45 0.030333 0.033892 -0.012050
26 45 0.121105 -0.019512 0.056933
27 45 0.059371 -0.030282 0.052289
28 45 -0.058114 -0.003709 -0.014284
29 45 -0.085260 0.011072 -0.051233
30 45 -0.022865 0.001076 -0.026136
31 45 0.033248 -0.009754 0.013539
32 45 0.033792 -0.005837 0.023638
33 45 0.004627 0.005302 0.008072
34 45 -0.014447 0.011133 -0.007402
35 45 -0.012411 0.008734 -0.009720
36 45 -0.000724 0.002875 -0.003113
37 45 0.008205 -0.001601 0.003706
38 45 0.010558 -0.003221 0.006547
39 45 0.008546 -0.002879 0.005959
40 45 0.005369 -0.001887 0.004030
41 45 0.002813 -0.001012 0.002232
42 45 0.001275 -0.000465 0.001058
43 45 0.000511 -0.000188 0.000441
44 45 0.000183 -0.000068 0.000164
45 45 0.000060 -0.000022 0.000055
46 45 0.000018 -0.000007 0.000017
47 45 0.000005 -0.000002 0.000005
48 45 0.000002 -0.000001 0.000001
49 45 0.000000 0.000000 0.000000

0 46 0.000000 0.000000 0.000000
1 46 -0.004391 0.003348 -0.001847
2 46 -0.008383 0.006982 -0.002023
3 46 -0.012497 0.011684 -0.002713
4 46 -0.014739 0.016753 -0.003155
5 46 -0.016506 0.023138 -0.004142
6 46 -0.013269 0.028270 -0.004338
7 46 -0.007850 0.032723 -0.004209
8 46 0.005975 0.031840 -0.002791
9 46 0.023028 0.025508 0.001059
10 46 0.044752 0.010724 0.005374
11 46 0.064110 -0.011759 0.013158
12 46 0.067792 -0.034448 0.016784
13 46 0.055078 -0.053696 0.018076
14 46 0.008402 -0.053096 0.009716
15 46 -0.050934 -0.032498 -0.009827
16 46 -0.098973 0.001891 -0.027662
17 46 -0.112211 0.039765 -0.041698
18 46 -0.047334 0.049152 -0.030038
19 46 0.054010 0.029261 0.010200
20 46 0.119090 0.000802 0.043379
21 46 0.117394 -0.028888 0.053902
22 46 0.013767 -0.033123 0.025481
23 46 -0.128245 -0.000831 -0.043323
24 46 -0.133543 0.019653 -0.075777
25 46 0.012722 0.001417 -0.017866
26 46 0.113791 -0.013735 0.053931
27 46 0.062076 0.002670 0.048230
28 46 -0.035169 0.020062 -0.008178
29 46 -0.055911 0.009216 -0.034958
30 46 -0.013146 -0.014064 -0.015335
31 46 0.018019 -0.020938 0.009190
32 46 0.010926 -0.008012 0.010603
33 46 -0.008537 0.007799 -0.001905
34 46 -0.014454 0.013560 -0.009349
35 46 -0.005669 0.009666 -0.006233
36 46 0.005927 0.002946 0.001270
37 46 0.011931 -0.001619 0.006485
38 46 0.011704 -0.003077 0.007534
39 46 0.008412 -0.002648 0.005933
40 46 0.004916 -0.001682 0.003699
41 46 0.002448 -0.000878 0.001939
42 46 0.001067 -0.000394 0.000882
43 46 0.000414 -0.000156 0.000356
44 46 0.000145 -0.000055 0.000129
45 46 0.000046 -0.000018 0.000042
46 46 0.000013 -0.000005 0.000013
47 46 0.000004 -0.000001 0.000003
48 46 0.000001 -0.000000 0.000001
49 46 0.000000 0.000000 0.000000

0 47 0.000000 0.000000 0.000000
1 47 -0.005247 0.000821 -0.001789
2 47 -0.010256 0.001607 -0.002011
3 47 -0.014837 0.002360 -0.002643
4 47 -0.018095 0.002796 -0.003143
5 47 -0.019817 0.003029 -0.004022
6 47 -0.017696 0.002170 -0.004126
7 47 -0.012413 0.000956 -0.004079
8 47 -0.000522 -0.002112 -0.002489
9 47 0.014234 -0.004745 0.000281
10 47 0.033189 -0.007876 0.004160
11 47 0.048612 -0.007957 0.009368
12 47 0.054898 -0.003840 0.011931
13 47 0.048158 0.003867 0.012911
14 47 0.020276 0.015896 0.007022
15 47 -0.014066 0.021321 -0.003385
16 47 -0.046699 0.016515 -0.013249
17 47 -0.060420 -0.001301 -0.021234
18 47 -0.035819 -0.029183 -0.015131
19 47 0.001796 -0.039815 0.000564
20 47 0.033177 -0.021407 0.011955
21 47 0.047729 0.013818 0.019016
22 47 0.016174 0.049242 0.010783
23 47 -0.031737 0.047573 -0.013252
24 47 -0.025841 -0.009059 -0.018086
25 47 0.014668 -0.060906 0.004728
26 47 0.015644 -0.041872 0.014684
27 47 -0.017818 0.020511 -0.003811
28 47 -0.023036 0.048610 -0.016828
29 47 0.008808 0.021047 -0.003247
30 47 0.029626 -0.018049 0.015208
31 47 0.013384 -0.028593 0.013500
32 47 -0.017148 -0.012679 -0.003892
33 47 -0.030436 0.006040 -0.016731
34 47 -0.020332 0.012988 -0.015114
35 47 -0.001232 0.009528 -0.004530
36 47 0.012417 0.003177 0.005301
37 47 0.016293 -0.001093 0.009555
38 47 0.013557 -0.002469 0.008956
39 47 0.008798 -0.002146 0.006268
40 47 0.004777 -0.001352 0.003604
41 47 0.002247 -0.000697 0.001777
42 47 0.000935 -0.000309 0.000770
43 47 0.000349 -0.000120 0.000298
44 47 0.000118 -0.000042 0.000104
45 47 0.000037 -0.000013 0.000033
46 47 0.000010 -0.000004 0.000010
47 47 0.000003 -0.000001 0.000003
48 47 0.000001 -0.000000 0.000001
49 47 0.000000 0.000000 0.000000

0 48 0.000000 0.000000 0.000000
1 48 0.004857 0.000124 -0.000864
2 48 0.009783 -0.000344 -0.000541
3 48 0.015189 -0.002121 0.000050
4 48 0.020353 -0.005665 0.001053
5 48 0.025355 -0.011483 0.002140
6 48 0.028450 -0.019660 0.003627
7 48 0.028422 -0.029268 0.004472
8 48 0.023332 -0.039310 0.005175
9 48 0.010427 -0.045712 0.003731
10 48 -0.008798 -0.046240 0.000898
11 48 -0.035505 -0.035076 -0.004881
12 48 -0.059517 -0.012162 -0.012241
13 48 -0.074231 0.020349 -0.018252
14 48 -0.066640 0.054159 -0.021211
15 48 -0.027471 0.071181 -0.013538
16 48 0.029498 0.061831 0.002627
17 48 0.088018 0.019916 0.023425
18 48 0.107253 -0.039678 0.039542
19 48 0.056074 -0.076682 0.030044
20 48 -0.034972 -0.068222 -0.002780
21 48 -0.115879 -0.012631 -0.039485
22 48 -0.121141 0.062495 -0.058032
23 48 -0.004349 0.083776 -0.024951
24 48 0.134145 0.017189 0.047322
25 48 0.122939 -0.059847 0.073662
26 48 -0.026573 -0.058412 0.013054
27 48 -0.124729 0.002533 -0.058064
28 48 -0.070714 0.041467 -0.054717
29 48 0.040866 0.026845 0.005006
30 48 0.080892 -0.006649 0.044538
31 48 0.034499 -0.020877 0.030977
32 48 -0.027524 -0.012470 -0.006193
33 48 -0.049801 0.001238 -0.027782
34 48 -0.032417 0.007726 -0.023623
35 48 -0.003656 0.006540 -0.007164
36 48 0.015110 0.002649 0.006462
37 48 0.019768 -0.000257 0.011686
38 48 0.015962 -0.001338 0.010583
39 48 0.010021 -0.001260 0.007142
40 48 0.005267 -0.000818 0.003966
41 48 0.002402 -0.000427 0.001893
42 48 0.000971 -0.000191 0.000796
43 48 0.000353 -0.000075 0.000299
44 48 0.000116 -0.000026 0.000102
45 48 0.000035 -0.000008 0.000032
46 48 0.000010 -0.000002 0.000009
47 48 0.000003 -0.000001 0.000002
48 48 0.000001 -0.000000 0.000001
49 48 0.000000 0.000000 0.000000

0 49 0.000000 0.000000 0.000000
1 49 0.000000 0.000000 0.000000
2 49 0.000000 0.000000 0.000000
3 49 0.000000 0.000000 0.000000
4 49 0.000000 0.000000 0.000000
5 49 0.000000 0.000000 0.000000
6 49 0.000000 0.000000 0.000000
7 49 0.000000 0.000000 0.000000
8 49 0.000000 0.000000 0.000000
9 49 0.000000 0.000000 0.000000
10 49 0.000000 0.000000 0.000000
11 49 0.000000 0.000000 0.000000
12 49 0.000000 0.000000 0.000000
13 49 0.000000 0.000000 0.000000
14 49 0.000000 0.000000 0.000000
15 49 0.000000 0.000000 0.000000
16 49 0.000000 0.000000 0.000000
17 49 0.000000 0.000000 0.000000
18 49 0.000000 0.000000 0.000000
19 49 0.000000 0.000000 0.000000
20 49 0.000000 0.000000 0.000000
21 49 0.000000 0.000000 0.000000
22 49 0.000000 0.000000 0.000000
23 49 0.000000 0.000000 0.000000
24 49 0.000000 0.000000 0.000000
25 49 0.000000 0.000000 0.000000
26 49 0.000000 0.000000 0.000000
27 49 0.000000 0.000000 0.000000
28 49 0.000000 0.000000 0.000000
29 49 0.000000 0.000000 0.000000
30 49 0.000000 0.000000 0.000000
31 49 0.000000 0.000000 0.000000
32 49 0.000000 0.000000 0.000000
33 49 0.000000 0.000000 0.000000
34 49 0.000000 0.000000 0.000000
35 49 0.000000 0.000000 0.000000
36 49 0.000000 0.000000 0.000000
37 49 0.000000 0.000000 0.000000
38 49 0.000000 0.000000 0.000000
39 49 0.000000 0.000000 0.000000
40 49 0.000000 0.000000 0.000000
41 49 0.000000 0.000000 0.000000
42 49 0.000000 0.000000 0.000000
43 49 0.000000 0.000000 0.000000
44 49 0.000000 0.000000 0.000000
45 49 0.000000 0.000000 0.000000
46 49 0.000000 0.000000 0.000000
47 49 0.000000 0.000000 0.000000
48 49 0.000000 0.000000 0.000000
49 49 0.000000 0.000000 0.000000

