#:x y Ey Bx Bz
0 0 0.000000 0.000000 0.000000
1 0 0.000000 0.000000 0.000000
2 0 0.000000 0.000000 0.000000
3 0 0.000000 0.000000 0.000000
4 0 0.000000 0.000000 0.000000
5 0 0.000000 0.000000 0.000000
6 0 0.000000 0.000000 0.000000
7 0 0.000000 0.000000 0.000000
8 0 0.000000 0.000000 0.000000
9 0 0.000000 0.000000 0.000000
10 0 0.000000 0.000000 0.000000
11 0 0.000000 0.000000 0.000000
12 0 0.000000 0.000000 0.000000
13 0 0.000000 0.000000 0.000000
14 0 0.000000 0.000000 0.000000
15 0 0.000000 0.000000 0.000000
16 0 0.000000 0.000000 0.000000
17 0 0.000000 0.000000 0.000000
18 0 0.000000 0.000000 0.000000
19 0 0.000000 0.000000 0.000000
20 0 0.000000 0.000000 0.000000
21 0 0.000000 0.000000 0.000000
22 0 0.000000 0.000000 0.000000
23 0 0.000000 0.000000 0.000000
24 0 0.000000 0.000000 0.000000
25 0 0.000000 0.000000 0.000000
26 0 0.000000 0.000000 0.000000
27 0 0.000000 0.000000 0.000000
28 0 0.000000 0.000000 0.000000
29 0 0.000000 0.000000 0.000000
30 0 0.000000 0.000000 0.000000
31 0 0.000000 0.000000 0.000000
32 0 0.000000 0.000000 0.000000
33 0 0.000000 0.000000 0.000000
34 0 0.000000 0.000000 0.000000
35 0 0.000000 0.000000 0.000000
36 0 0.000000 0.000000 0.000000
37 0 0.000000 0.000000 0.000000
38 0 0.000000 0.000000 0.000000
39 0 0.000000 0.000000 0.000000
40 0 0.000000 0.000000 0.000000
41 0 0.000000 0.000000 0.000000
42 0 0.000000 0.000000 0.000000
43 0 0.000000 0.000000 0.000000
44 0 0.000000 0.000000 0.000000
45 0 0.000000 0.000000 0.000000
46 0 0.000000 0.000000 0.000000
47 0 0.000000 0.000000 0.000000
48 0 0.000000 0.000000 0.000000
49 0 0.000000 0.000000 0.000000

0 1 0.000000 0.000000 0.000000
1 1 0.000946 -0.001384 0.001384
2 1 0.001639 -0.002818 0.001434
3 1 0.001816 -0.004317 0.001500
4 1 0.001206 -0.005833 0.001515
5 1 -0.000430 -0.007216 0.001383
6 1 -0.003220 -0.008204 0.000988
7 1 -0.007052 -0.008431 0.000227
8 1 -0.011438 -0.007500 -0.000930
9 1 -0.015441 -0.005127 -0.002374
10 1 -0.017766 -0.001334 -0.003792
11 1 -0.017172 0.003359 -0.004694
12 1 -0.013108 0.007933 -0.004574
13 1 -0.006333 0.011127 -0.003194
14 1 0.000957 0.012026 -0.000899
15 1 0.006179 0.010637 0.001389
16 1 0.008017 0.007883 0.002754
17 1 0.007043 0.004962 0.002921
18 1 0.004833 0.002682 0.002280
19 1 0.002730 0.001256 0.001426
20 1 0.001305 0.000514 0.000742
21 1 0.000537 0.000185 0.000329
22 1 0.000193 0.000059 0.000126
23 1 0.000061 0.000017 0.000042
24 1 0.000017 0.000004 0.000013
25 1 0.000004 0.000001 0.000003
26 1 0.000001 0.000000 0.000001
27 1 0.000000 0.000000 0.000000
28 1 0.000000 0.000000 0.000000
29 1 0.000000 0.000000 0.000000
30 1 0.000000 0.000000 0.000000
31 1 0.000000 0.000000 0.000000
32 1 0.000000 0.000000 0.000000
33 1 0.000000 0.000000 0.000000
34 1 0.000000 0.000000 0.000000
35 1 0.000000 0.000000 0.000000
36 1 0.000000 0.000000 0.000000
37 1 0.000000 0.000000 0.000000
38 1 0.000000 0.000000 0.000000
39 1 0.000000 0.000000 0.000000
40 1 0.000000 0.000000 0.000000
41 1 0.000000 0.000000 0.000000
42 1 0.000000 0.000000 0.000000
43 1 0.000000 0.000000 0.000000
44 1 0.000000 0.000000 0.000000
45 1 0.000000 0.000000 0.000000
46 1 0.000000 0.000000 0.000000
47 1 0.000000 0.000000 0.000000
48 1 0.000000 0.000000 0.000000
49 1 0.000000 0.000000 0.000000

0 2 0.000000 0.000000 0.000000
1 2 0.002151 0.000519 0.000676
2 2 0.004245 0.000979 0.000835
3 2 0.006166 0.001304 0.001139
4 2 0.007685 0.001386 0.001556
5 2 0.008411 0.001087 0.002010
6 2 0.007811 0.000270 0.002362
7 2 0.005261 -0.001133 0.002396
8 2 0.000304 -0.003015 0.001829
9 2 -0.007024 -0.004999 0.000411
10 2 -0.015740 -0.006378 -0.001949
11 2 -0.023614 -0.006283 -0.004907
12 2 -0.027622 -0.004084 -0.007585
13 2 -0.025069 0.000083 -0.008717
14 2 -0.015589 0.004929 -0.007203
15 2 -0.002700 0.008487 -0.003212
16 2 0.007957 0.009453 0.001420
17 2 0.012717 0.008051 0.004517
18 2 0.011939 0.005554 0.005220
19 2 0.008433 0.003197 0.004203
20 2 0.004825 0.001567 0.002657
21 2 0.002318 0.000663 0.001386
22 2 0.000955 0.000245 0.000613
23 2 0.000343 0.000080 0.000234
24 2 0.000108 0.000023 0.000078
25 2 0.000030 0.000006 0.000023
26 2 0.000008 0.000001 0.000006
27 2 0.000002 0.000000 0.000001
28 2 0.000000 0.000000 0.000000
29 2 0.000000 0.000000 0.000000
30 2 0.000000 0.000000 0.000000
31 2 0.000000 0.000000 0.000000
32 2 0.000000 0.000000 0.000000
33 2 0.000000 0.000000 0.000000
34 2 0.000000 0.000000 0.000000
35 2 0.000000 0.000000 0.000000
36 2 0.000000 0.000000 0.000000
37 2 0.000000 0.000000 0.000000
38 2 0.000000 0.000000 0.000000
39 2 0.000000 0.000000 0.000000
40 2 0.000000 0.000000 0.000000
41 2 0.000000 0.000000 0.000000
42 2 0.000000 0.000000 0.000000
43 2 0.000000 0.000000 0.000000
44 2 0.000000 0.000000 0.000000
45 2 0.000000 0.000000 0.000000
46 2 0.000000 0.000000 0.000000
47 2 0.000000 0.000000 0.000000
48 2 0.000000 0.000000 0.000000
49 2 0.000000 0.000000 0.000000

0 3 0.000000 0.000000 0.000000
1 3 -0.000831 0.000986 -0.000739
2 3 -0.001375 0.002182 -0.000781
3 3 -0.001324 0.003758 -0.000821
4 3 -0.000341 0.005797 -0.000787
5 3 0.001865 0.008208 -0.000547
6 3 0.005389 0.010667 0.000023
7 3 0.009933 0.012534 0.001039
8 3 0.014413 0.012918 0.002438
9 3 0.017020 0.010904 0.003890
10 3 0.015261 0.006006 0.004692
11 3 0.007225 -0.001124 0.003797
12 3 -0.006631 -0.008420 0.000513
13 3 -0.022330 -0.012761 -0.004887
14 3 -0.032089 -0.011523 -0.010337
15 3 -0.028974 -0.005101 -0.012212
16 3 -0.014259 0.002728 -0.008540
17 3 0.002769 0.007838 -0.001545
18 3 0.013248 0.008805 0.004409
19 3 0.015057 0.006937 0.006772
20 3 0.011549 0.004305 0.006011
21 3 0.006907 0.002209 0.003983
22 3 0.003405 0.000963 0.002131
23 3 0.001426 0.000363 0.000956
24 3 0.000517 0.000120 0.000368
25 3 0.000164 0.000035 0.000124
26 3 0.000046 0.000009 0.000037
27 3 0.000012 0.000002 0.000010
28 3 0.000003 0.000000 0.000002
29 3 0.000001 0.000000 0.000000
30 3 0.000000 0.000000 0.000000
31 3 0.000000 0.000000 0.000000
32 3 0.000000 0.000000 0.000000
33 3 0.000000 0.000000 0.000000
34 3 0.000000 0.000000 0.000000
35 3 0.000000 0.000000 0.000000
36 3 0.000000 0.000000 0.000000
37 3 0.000000 0.000000 0.000000
38 3 0.000000 0.000000 0.000000
39 3 0.000000 0.000000 0.000000
40 3 0.000000 0.000000 0.000000
41 3 0.000000 0.000000 0.000000
42 3 0.000000 0.000000 0.000000
43 3 0.000000 0.000000 0.000000
44 3 0.000000 0.000000 0.000000
45 3 0.000000 0.000000 0.000000
46 3 0.000000 0.000000 0.000000
47 3 0.000000 0.000000 0.000000
48 3 0.000000 0.000000 0.000000
49 3 0.000000 0.000000 0.000000

0 4 0.000000 0.000000 0.000000
1 4 -0.003113 -0.001448 0.000875
2 4 -0.006483 -0.002737 0.000618
3 4 -0.010212 -0.003650 0.000081
4 4 -0.014240 -0.003873 -0.000760
5 4 -0.017986 -0.002972 -0.001889
6 4 -0.020492 -0.000512 -0.003142
7 4 -0.020130 0.003835 -0.004216
8 4 -0.015158 0.009810 -0.004434
9 4 -0.004609 0.016351 -0.003172
10 4 0.010813 0.021202 0.000194
11 4 0.026346 0.021366 0.005240
12 4 0.034543 0.014760 0.009891
13 4 0.027818 0.001900 0.011113
14 4 0.003918 -0.012117 0.005632
15 4 -0.025172 -0.019211 -0.005741
16 4 -0.039099 -0.015390 -0.015303
17 4 -0.029599 -0.004840 -0.015501
18 4 -0.007747 0.004693 -0.007219
19 4 0.010013 0.008801 0.002301
20 4 0.016378 0.008108 0.007406
21 4 0.014084 0.005421 0.007599
22 4 0.008900 0.002900 0.005352
23 4 0.004526 0.001297 0.002955
24 4 0.001931 0.000497 0.001350
25 4 0.000709 0.000166 0.000525
26 4 0.000227 0.000049 0.000177
27 4 0.000064 0.000013 0.000053
28 4 0.000016 0.000003 0.000014
29 4 0.000004 0.000001 0.000003
30 4 0.000001 0.000000 0.000001
31 4 0.000000 0.000000 0.000000
32 4 0.000000 0.000000 0.000000
33 4 0.000000 0.000000 0.000000
34 4 0.000000 0.000000 0.000000
35 4 0.000000 0.000000 0.000000
36 4 0.000000 0.000000 0.000000
37 4 0.000000 0.000000 0.000000
38 4 0.000000 0.000000 0.000000
39 4 0.000000 0.000000 0.000000
40 4 0.000000 0.000000 0.000000
41 4 0.000000 0.000000 0.000000
42 4 0.000000 0.000000 0.000000
43 4 0.000000 0.000000 0.000000
44 4 0.000000 0.000000 0.000000
45 4 0.000000 0.000000 0.000000
46 4 0.000000 0.000000 0.000000
47 4 0.000000 0.000000 0.000000
48 4 0.000000 0.000000 0.000000
49 4 0.000000 0.000000 0.000000

0 5 0.000000 0.000000 0.000000
1 5 0.002423 -0.000031 0.001528
2 5 0.004434 -0.000448 0.001709
3 5 0.005453 -0.001590 0.001969
4 5 0.004831 -0.003769 0.002224
5 5 0.001503 -0.007021 0.002112
6 5 -0.005058 -0.011030 0.001368
7 5 -0.015441 -0.014812 -0.000506
8 5 -0.027793 -0.016527 -0.003714
9 5 -0.038829 -0.014122 -0.007686
10 5 -0.042311 -0.005678 -0.011334
11 5 -0.030998 0.007948 -0.011492
12 5 -0.004279 0.022168 -0.005970
13 5 0.030857 0.029447 0.005179
14 5 0.054364 0.022023 0.017836
15 5 0.042108 0.001510 0.020590
16 5 -0.000979 -0.017681 0.006673
17 5 -0.038164 -0.022127 -0.012955
18 5 -0.042078 -0.012593 -0.021124
19 5 -0.019916 0.000152 -0.013996
20 5 0.004288 0.007593 -0.001308
21 5 0.015955 0.008590 0.007061
22 5 0.015735 0.006229 0.008750
23 5 0.010532 0.003477 0.006582
24 5 0.005522 0.001595 0.003751
25 5 0.002399 0.000621 0.001743
26 5 0.000890 0.000210 0.000685
27 5 0.000288 0.000062 0.000233
28 5 0.000082 0.000017 0.000069
29 5 0.000021 0.000004 0.000018
30 5 0.000005 0.000001 0.000004
31 5 0.000001 0.000000 0.000001
32 5 0.000000 0.000000 0.000000
33 5 0.000000 0.000000 0.000000
34 5 0.000000 0.000000 0.000000
35 5 0.000000 0.000000 0.000000
36 5 0.000000 0.000000 0.000000
37 5 0.000000 0.000000 0.000000
38 5 0.000000 0.000000 0.000000
39 5 0.000000 0.000000 0.000000
40 5 0.000000 0.000000 0.000000
41 5 0.000000 0.000000 0.000000
42 5 0.000000 0.000000 0.000000
43 5 0.000000 0.000000 0.000000
44 5 0.000000 0.000000 0.000000
45 5 0.000000 0.000000 0.000000
46 5 0.000000 0.000000 0.000000
47 5 0.000000 0.000000 0.000000
48 5 0.000000 0.000000 0.000000
49 5 0.000000 0.000000 0.000000

0 6 0.000000 0.000000 0.000000
1 6 0.001364 0.003378 -0.002334
2 6 0.003561 0.006845 -0.002160
3 6 0.007092 0.010261 -0.001651
4 6 0.012656 0.013381 -0.000772
5 6 0.019871 0.015241 0.000918
6 6 0.027611 0.014869 0.003052
7 6 0.033489 0.010551 0.005889
8 6 0.032180 0.001573 0.007734
9 6 0.020784 -0.011379 0.007473
10 6 -0.004927 -0.025015 0.002998
11 6 -0.038032 -0.031728 -0.007042
12 6 -0.062089 -0.025308 -0.017733
13 6 -0.060276 -0.003700 -0.023457
14 6 -0.016564 0.024553 -0.015119
15 6 0.047617 0.037150 0.010444
16 6 0.071325 0.021212 0.031229
17 6 0.031291 -0.007363 0.023057
18 6 -0.025817 -0.022908 -0.004796
19 6 -0.047436 -0.018123 -0.023213
20 6 -0.029835 -0.004441 -0.019830
21 6 -0.001855 0.005590 -0.005303
22 6 0.014386 0.008339 0.006045
23 6 0.016426 0.006580 0.009382
24 6 0.011588 0.003826 0.007507
25 6 0.006236 0.001796 0.004397
26 6 0.002750 0.000710 0.002073
27 6 0.001030 0.000242 0.000821
28 6 0.000335 0.000073 0.000280
29 6 0.000096 0.000019 0.000084
30 6 0.000024 0.000005 0.000022
31 6 0.000006 0.000001 0.000005
32 6 0.000001 0.000000 0.000001
33 6 0.000000 0.000000 0.000000
34 6 0.000000 0.000000 0.000000
35 6 0.000000 0.000000 0.000000
36 6 0.000000 0.000000 0.000000
37 6 0.000000 0.000000 0.000000
38 6 0.000000 0.000000 0.000000
39 6 0.000000 0.000000 0.000000
40 6 0.000000 0.000000 0.000000
41 6 0.000000 0.000000 0.000000
42 6 0.000000 0.000000 0.000000
43 6 0.000000 0.000000 0.000000
44 6 0.000000 0.000000 0.000000
45 6 0.000000 0.000000 0.000000
46 6 0.000000 0.000000 0.000000
47 6 0.000000 0.000000 0.000000
48 6 0.000000 0.000000 0.000000
49 6 0.000000 0.000000 0.000000

0 7 0.000000 0.000000 0.000000
1 7 -0.005997 -0.001800 -0.000807
2 7 -0.012247 -0.003047 -0.001353
3 7 -0.017826 -0.003116 -0.002288
4 7 -0.023011 -0.001270 -0.003731
5 7 -0.024357 0.003379 -0.005173
6 7 -0.021393 0.010812 -0.005929
7 7 -0.009167 0.020963 -0.005438
8 7 0.012036 0.030110 -0.001151
9 7 0.038230 0.034623 0.005240
10 7 0.062653 0.027796 0.014966
11 7 0.061770 0.006598 0.020777
12 7 0.029409 -0.021404 0.015080
13 7 -0.029052 -0.043646 -0.001577
14 7 -0.087223 -0.039396 -0.028111
15 7 -0.077434 -0.001816 -0.039972
16 7 0.009480 0.035539 -0.010868
17 7 0.077397 0.035510 0.031093
18 7 0.056824 0.005686 0.036449
19 7 -0.009421 -0.018723 0.005520
20 7 -0.046154 -0.020106 -0.021968
21 7 -0.035227 -0.007643 -0.023362
22 7 -0.006393 0.003583 -0.008430
23 7 0.012617 0.007605 0.004952
24 7 0.016361 0.006481 0.009599
25 7 0.011999 0.003899 0.008049
26 7 0.006575 0.001865 0.004804
27 7 0.002927 0.000746 0.002284
28 7 0.001103 0.000257 0.000909
29 7 0.000360 0.000077 0.000311
30 7 0.000103 0.000021 0.000093
31 7 0.000026 0.000005 0.000025
32 7 0.000006 0.000001 0.000006
33 7 0.000001 0.000000 0.000001
34 7 0.000000 0.000000 0.000000
35 7 0.000000 0.000000 0.000000
36 7 0.000000 0.000000 0.000000
37 7 0.000000 0.000000 0.000000
38 7 0.000000 0.000000 0.000000
39 7 0.000000 0.000000 0.000000
40 7 0.000000 0.000000 0.000000
41 7 0.000000 0.000000 0.000000
42 7 0.000000 0.000000 0.000000
43 7 0.000000 0.000000 0.000000
44 7 0.000000 0.000000 0.000000
45 7 0.000000 0.000000 0.000000
46 7 0.000000 0.000000 0.000000
47 7 0.000000 0.000000 0.000000
48 7 0.000000 0.000000 0.000000
49 7 0.000000 0.000000 0.000000

0 8 0.000000 0.000000 0.000000
1 8 0.003092 -0.002121 0.002514
2 8 0.005115 -0.005075 0.002851
3 8 0.004568 -0.008985 0.002738
4 8 0.000689 -0.014676 0.002996
5 8 -0.009745 -0.020749 0.001170
6 8 -0.023438 -0.026172 -0.001099
7 8 -0.044045 -0.027513 -0.006543
8 8 -0.056854 -0.020175 -0.012730
9 8 -0.059256 -0.003883 -0.016291
10 8 -0.035341 0.022395 -0.016196
11 8 0.019406 0.044153 -0.000804
12 8 0.068309 0.046627 0.019079
13 8 0.091549 0.023358 0.033384
14 8 0.048754 -0.024080 0.030961
15 8 -0.060835 -0.055568 -0.010442
16 8 -0.111384 -0.030654 -0.053165
17 8 -0.032218 0.020791 -0.033936
18 8 0.065600 0.038567 0.022788
19 8 0.067471 0.014684 0.042651
20 8 0.002345 -0.013079 0.013142
21 8 -0.041963 -0.019079 -0.019546
22 8 -0.036079 -0.008813 -0.024463
23 8 -0.008233 0.002216 -0.009879
24 8 0.011439 0.006722 0.004344
25 8 0.015858 0.006045 0.009598
26 8 0.011830 0.003719 0.008216
27 8 0.006523 0.001799 0.004933
28 8 0.002912 0.000724 0.002349
29 8 0.001097 0.000250 0.000934
30 8 0.000358 0.000076 0.000319
31 8 0.000103 0.000020 0.000095
32 8 0.000026 0.000005 0.000025
33 8 0.000006 0.000001 0.000006
34 8 0.000001 0.000000 0.000001
35 8 0.000000 0.000000 0.000000
36 8 0.000000 0.000000 0.000000
37 8 0.000000 0.000000 0.000000
38 8 0.000000 0.000000 0.000000
39 8 0.000000 0.000000 0.000000
40 8 0.000000 0.000000 0.000000
41 8 0.000000 0.000000 0.000000
42 8 0.000000 0.000000 0.000000
43 8 0.000000 0.000000 0.000000
44 8 0.000000 0.000000 0.000000
45 8 0.000000 0.000000 0.000000
46 8 0.000000 0.000000 0.000000
47 8 0.000000 0.000000 0.000000
48 8 0.000000 0.000000 0.000000
49 8 0.000000 0.000000 0.000000

0 9 0.000000 0.000000 0.000000
1 9 0.004024 0.005185 -0.003289
2 9 0.010169 0.010438 -0.002807
3 9 0.016759 0.014578 -0.001293
4 9 0.027822 0.017886 0.000464
5 9 0.037555 0.016447 0.004696
6 9 0.045225 0.011082 0.007005
7 9 0.044829 -0.003270 0.011931
8 9 0.021951 -0.021811 0.008373
9 9 -0.009768 -0.039634 0.002012
10 9 -0.062111 -0.047526 -0.013087
11 9 -0.086802 -0.027692 -0.031587
12 9 -0.057309 0.008016 -0.026410
13 9 0.002838 0.044486 -0.007734
14 9 0.090171 0.056558 0.027449
15 9 0.104973 0.012323 0.055710
16 9 -0.015661 -0.045958 0.015226
17 9 -0.111291 -0.043704 -0.052022
18 9 -0.052924 0.006236 -0.046716
19 9 0.052027 0.033552 0.014961
20 9 0.065421 0.017012 0.042706
21 9 0.005459 -0.009077 0.015404
22 9 -0.038345 -0.016576 -0.018140
23 9 -0.033689 -0.008222 -0.023802
24 9 -0.007395 0.001693 -0.009505
25 9 0.011156 0.005922 0.004486
26 9 0.015152 0.005412 0.009531
27 9 0.011199 0.003347 0.008060
28 9 0.006132 0.001622 0.004796
29 9 0.002720 0.000653 0.002266
30 9 0.001020 0.000226 0.000895
31 9 0.000331 0.000068 0.000304
32 9 0.000095 0.000018 0.000091
33 9 0.000024 0.000004 0.000024
34 9 0.000006 0.000001 0.000006
35 9 0.000001 0.000000 0.000001
36 9 0.000000 0.000000 0.000000
37 9 0.000000 0.000000 0.000000
38 9 0.000000 0.000000 0.000000
39 9 0.000000 0.000000 0.000000
40 9 0.000000 0.000000 0.000000
41 9 0.000000 0.000000 0.000000
42 9 0.000000 0.000000 0.000000
43 9 0.000000 0.000000 0.000000
44 9 0.000000 0.000000 0.000000
45 9 0.000000 0.000000 0.000000
46 9 0.000000 0.000000 0.000000
47 9 0.000000 0.000000 0.000000
48 9 0.000000 0.000000 0.000000
49 9 0.000000 0.000000 0.000000

0 10 0.000000 0.000000 0.000000
1 10 -0.007740 -0.001822 -0.002272
2 10 -0.016638 -0.002408 -0.003451
3 10 -0.021020 -0.000879 -0.004139
4 10 -0.027274 0.004066 -0.006694
5 10 -0.019248 0.013759 -0.006943
6 10 -0.009886 0.024900 -0.005670
7 10 0.020828 0.038508 -0.001598
8 10 0.051794 0.039596 0.011861
9 10 0.070299 0.029900 0.018051
10 10 0.069403 -0.000359 0.027641
11 10 0.000677 -0.037702 0.010694
12 10 -0.061889 -0.047602 -0.022409
13 10 -0.083201 -0.031855 -0.035510
14 10 -0.054853 0.012834 -0.034707
15 10 0.058955 0.055784 0.009800
16 10 0.115428 0.031906 0.063230
17 10 0.005257 -0.029651 0.028660
18 10 -0.098812 -0.040536 -0.047504
19 10 -0.049876 0.000445 -0.047011
20 10 0.046735 0.026810 0.013663
21 10 0.056805 0.014377 0.039830
22 10 0.001114 -0.007573 0.012570
23 10 -0.036366 -0.013819 -0.018487
24 10 -0.029312 -0.006568 -0.022015
25 10 -0.004575 0.001829 -0.007621
26 10 0.011590 0.005265 0.005295
27 10 0.014318 0.004690 0.009425
28 10 0.010228 0.002862 0.007636
29 10 0.005486 0.001375 0.004435
30 10 0.002397 0.000550 0.002060
31 10 0.000889 0.000189 0.000803
32 10 0.000286 0.000057 0.000270
33 10 0.000081 0.000015 0.000080
34 10 0.000021 0.000004 0.000021
35 10 0.000005 0.000001 0.000005
36 10 0.000001 0.000000 0.000001
37 10 0.000000 0.000000 0.000000
38 10 0.000000 0.000000 0.000000
39 10 0.000000 0.000000 0.000000
40 10 0.000000 0.000000 0.000000
41 10 0.000000 0.000000 0.000000
42 10 0.000000 0.000000 0.000000
43 10 0.000000 0.000000 0.000000
44 10 0.000000 0.000000 0.000000
45 10 0.000000 0.000000 0.000000
46 10 0.000000 0.000000 0.000000
47 10 0.000000 0.000000 0.000000
48 10 0.000000 0.000000 0.000000
49 10 0.000000 0.000000 0.000000

0 11 0.000000 0.000000 0.000000
1 11 0.002138 -0.003888 0.003165
2 11 0.002037 -0.009444 0.003885
3 11 -0.002110 -0.014761 0.002054
4 11 -0.010868 -0.023053 0.002849
5 11 -0.030391 -0.027602 -0.004000
6 11 -0.043975 -0.028631 -0.006513
7 11 -0.065982 -0.019070 -0.017302
8 11 -0.046689 0.005494 -0.018897
9 11 -0.014778 0.029151 -0.009307
10 11 0.047784 0.050691 0.006281
11 11 0.096494 0.035106 0.040024
12 11 0.045108 -0.006857 0.032067
13 11 -0.026775 -0.034202 -0.003902
14 11 -0.082307 -0.040077 -0.034503
15 11 -0.069709 -0.004309 -0.048728
16 11 0.052317 0.043201 0.004426
17 11 0.105569 0.029314 0.064581
18 11 -0.004199 -0.022227 0.024851
19 11 -0.089550 -0.031176 -0.047849
20 11 -0.033066 0.002193 -0.039028
21 11 0.048399 0.021502 0.018507
22 11 0.045163 0.009656 0.035554
23 11 -0.007310 -0.007655 0.006320
24 11 -0.035032 -0.011222 -0.019859
25 11 -0.023611 -0.004491 -0.019300
26 11 -0.000654 0.002280 -0.004709
27 11 0.012308 0.004695 0.006465
28 11 0.013310 0.003941 0.009209
29 11 0.009019 0.002334 0.006991
30 11 0.004682 0.001099 0.003912
31 11 0.001999 0.000433 0.001770
32 11 0.000728 0.000147 0.000677
33 11 0.000231 0.000044 0.000224
34 11 0.000065 0.000012 0.000065
35 11 0.000016 0.000003 0.000017
36 11 0.000004 0.000001 0.000004
37 11 0.000001 0.000000 0.000001
38 11 0.000000 0.000000 0.000000
39 11 0.000000 0.000000 0.000000
40 11 0.000000 0.000000 0.000000
41 11 0.000000 0.000000 0.000000
42 11 0.000000 0.000000 0.000000
43 11 0.000000 0.000000 0.000000
44 11 0.000000 0.000000 0.000000
45 11 0.000000 0.000000 0.000000
46 11 0.000000 0.000000 0.000000
47 11 0.000000 0.000000 0.000000
48 11 0.000000 0.000000 0.000000
49 11 0.000000 0.000000 0.000000

0 12 0.000000 0.000000 0.000000
1 12 0.006924 0.005711 -0.002974
2 12 0.017827 0.011403 -0.001786
3 12 0.025157 0.013402 0.000884
4 12 0.039446 0.013954 0.004049
5 12 0.040970 0.003704 0.010154
6 12 0.034144 -0.009226 0.009133
7 12 0.005421 -0.032035 0.009908
8 12 -0.050314 -0.043676 -0.011115
9 12 -0.077185 -0.034247 -0.025118
10 12 -0.078943 -0.004366 -0.036113
11 12 0.007249 0.041953 -0.016037
12 12 0.097565 0.046143 0.038154
13 12 0.078438 0.008373 0.048245
14 12 -0.009986 -0.028552 0.013528
15 12 -0.099637 -0.038313 -0.041487
16 12 -0.067154 -0.000902 -0.057391
17 12 0.070216 0.038039 0.014990
18 12 0.091552 0.018756 0.066086
19 12 -0.027133 -0.022095 0.010073
20 12 -0.080503 -0.021794 -0.050625
21 12 -0.010746 0.006412 -0.025993
22 12 0.050594 0.017167 0.025446
23 12 0.031022 0.004691 0.029291
24 12 -0.016621 -0.008049 -0.001575
25 12 -0.032757 -0.008710 -0.020923
26 12 -0.016912 -0.002409 -0.015601
27 12 0.003547 0.002739 -0.001276
28 12 0.012848 0.004131 0.007616
29 12 0.012062 0.003200 0.008779
30 12 0.007659 0.001815 0.006165
31 12 0.003814 0.000830 0.003292
32 12 0.001580 0.000320 0.001441
33 12 0.000562 0.000107 0.000537
34 12 0.000175 0.000031 0.000174
35 12 0.000048 0.000008 0.000050
36 12 0.000012 0.000002 0.000013
37 12 0.000003 0.000000 0.000003
38 12 0.000001 0.000000 0.000001
39 12 0.000000 0.000000 0.000000
40 12 0.000000 0.000000 0.000000
41 12 0.000000 0.000000 0.000000
42 12 0.000000 0.000000 0.000000
43 12 0.000000 0.000000 0.000000
44 12 0.000000 0.000000 0.000000
45 12 0.000000 0.000000 0.000000
46 12 0.000000 0.000000 0.000000
47 12 0.000000 0.000000 0.000000
48 12 0.000000 0.000000 0.000000
49 12 0.000000 0.000000 0.000000

0 13 0.000000 0.000000 0.000000
1 13 -0.008078 0.000810 -0.005169
2 13 -0.015777 0.003603 -0.006760
3 13 -0.015532 0.009787 -0.006766
4 13 -0.011447 0.019783 -0.008805
5 13 0.014357 0.033284 -0.003651
6 13 0.042859 0.039594 0.004189
7 13 0.081120 0.035758 0.019489
8 13 0.076894 0.004186 0.031604
9 13 0.019181 -0.032957 0.017400
10 13 -0.068406 -0.054414 -0.014304
11 13 -0.118541 -0.033204 -0.054486
12 13 -0.040975 0.025592 -0.038704
13 13 0.079200 0.053064 0.024597
14 13 0.110343 0.021992 0.062286
15 13 0.001477 -0.029768 0.028203
16 13 -0.116977 -0.039385 -0.054269
17 13 -0.050886 0.006045 -0.057914
18 13 0.088202 0.035026 0.032838
19 13 0.065934 0.008094 0.060742
20 13 -0.050120 -0.021945 -0.009912
21 13 -0.063719 -0.012804 -0.049085
22 13 0.012406 0.009739 -0.009366
23 13 0.048064 0.012630 0.030316
24 13 0.014744 0.000323 0.020261
25 13 -0.024273 -0.007929 -0.009445
26 13 -0.028441 -0.006193 -0.020505
27 13 -0.009646 -0.000583 -0.010978
28 13 0.007322 0.003006 0.002168
29 13 0.012873 0.003521 0.008421
30 13 0.010555 0.002496 0.008071
31 13 0.006241 0.001343 0.005213
32 13 0.002962 0.000592 0.002638
33 13 0.001184 0.000222 0.001110
34 13 0.000409 0.000073 0.000401
35 13 0.000124 0.000021 0.000127
36 13 0.000034 0.000005 0.000036
37 13 0.000008 0.000001 0.000009
38 13 0.000002 0.000000 0.000002
39 13 0.000000 0.000000 0.000000
40 13 0.000000 0.000000 0.000000
41 13 0.000000 0.000000 0.000000
42 13 0.000000 0.000000 0.000000
43 13 0.000000 0.000000 0.000000
44 13 0.000000 0.000000 0.000000
45 13 0.000000 0.000000 0.000000
46 13 0.000000 0.000000 0.000000
47 13 0.000000 0.000000 0.000000
48 13 0.000000 0.000000 0.000000
49 13 0.000000 0.000000 0.000000

0 14 0.000000 0.000000 0.000000
1 14 -0.003339 -0.007579 0.004026
2 14 -0.011088 -0.015965 0.003166
3 14 -0.024267 -0.023423 0.000643
4 14 -0.046529 -0.028061 -0.004985
5 14 -0.066648 -0.022354 -0.014519
6 14 -0.071413 -0.001250 -0.022615
7 14 -0.032183 0.031896 -0.021310
8 14 0.046068 0.058915 0.005431
9 14 0.111302 0.048677 0.039180
10 14 0.089879 -0.000021 0.051911
11 14 -0.032455 -0.048548 0.004068
12 14 -0.110303 -0.047339 -0.055426
13 14 -0.063166 0.002823 -0.049600
14 14 0.059148 0.045680 0.013200
15 14 0.109000 0.027072 0.068584
16 14 -0.016700 -0.026630 0.023124
17 14 -0.113928 -0.031525 -0.066237
18 14 -0.009197 0.012571 -0.039076
19 14 0.093794 0.026906 0.050861
20 14 0.025726 -0.002081 0.042285
21 14 -0.064535 -0.018747 -0.029700
22 14 -0.037466 -0.004202 -0.039135
23 14 0.031301 0.010901 0.008081
24 14 0.038497 0.007680 0.030146
25 14 -0.001829 -0.002926 0.008965
26 14 -0.028302 -0.007003 -0.015595
27 14 -0.021865 -0.003760 -0.017980
28 14 -0.002504 0.000815 -0.005801
29 14 0.010118 0.002997 0.005129
30 14 0.012223 0.002867 0.008664
31 14 0.008848 0.001856 0.007088
32 14 0.004860 0.000942 0.004208
33 14 0.002188 0.000398 0.002010
34 14 0.000840 0.000145 0.000810
35 14 0.000281 0.000046 0.000282
36 14 0.000083 0.000013 0.000087
37 14 0.000022 0.000003 0.000024
38 14 0.000005 0.000001 0.000006
39 14 0.000001 0.000000 0.000001
40 14 0.000000 0.000000 0.000000
41 14 0.000000 0.000000 0.000000
42 14 0.000000 0.000000 0.000000
43 14 0.000000 0.000000 0.000000
44 14 0.000000 0.000000 0.000000
45 14 0.000000 0.000000 0.000000
46 14 0.000000 0.000000 0.000000
47 14 0.000000 0.000000 0.000000
48 14 0.000000 0.000000 0.000000
49 14 0.000000 0.000000 0.000000

0 15 0.000000 0.000000 0.000000
1 15 0.015486 0.006198 -0.001504
2 15 0.030112 0.009411 0.001503
3 15 0.045220 0.006684 0.006005
4 15 0.046651 -0.007026 0.013178
5 15 0.025171 -0.029656 0.012135
6 15 -0.030559 -0.053709 0.002391
7 15 -0.099728 -0.052833 -0.030032
8 15 -0.102134 -0.016414 -0.046639
9 15 -0.025317 0.037286 -0.027567
10 15 0.100264 0.059891 0.033592
11 15 0.102288 0.018921 0.069504
12 15 -0.027787 -0.030428 0.009493
13 15 -0.099864 -0.034093 -0.055362
14 15 -0.041503 0.002046 -0.047402
15 15 0.083130 0.033160 0.027500
16 15 0.080983 0.012030 0.069394
17 15 -0.065813 -0.026349 -0.008413
18 15 -0.089579 -0.015185 -0.071186
19 15 0.042685 0.018628 -0.003550
20 15 0.078883 0.015307 0.059220
21 15 -0.017898 -0.009668 0.013327
22 15 -0.062456 -0.012816 -0.041401
23 15 -0.006534 0.002607 -0.021095
24 15 0.040423 0.009629 0.021685
25 15 0.022582 0.002928 0.023731
26 15 -0.015754 -0.004687 -0.002685
27 15 -0.027619 -0.005372 -0.018583
28 15 -0.013673 -0.001621 -0.013425
29 15 0.003686 0.001691 -0.000707
30 15 0.011603 0.002724 0.007210
31 15 0.010927 0.002207 0.008280
32 15 0.007059 0.001306 0.005906
33 15 0.003600 0.000624 0.003226
34 15 0.001534 0.000252 0.001452
35 15 0.000563 0.000088 0.000558
36 15 0.000182 0.000027 0.000187
37 15 0.000052 0.000008 0.000056
38 15 0.000013 0.000002 0.000015
39 15 0.000003 0.000000 0.000004
40 15 0.000001 0.000000 0.000001
41 15 0.000000 0.000000 0.000000
42 15 0.000000 0.000000 0.000000
43 15 0.000000 0.000000 0.000000
44 15 0.000000 0.000000 0.000000
45 15 0.000000 0.000000 0.000000
46 15 0.000000 0.000000 0.000000
47 15 0.000000 0.000000 0.000000
48 15 0.000000 0.000000 0.000000
49 15 0.000000 0.000000 0.000000

0 16 0.000000 0.000000 0.000000
1 16 -0.009671 0.006635 -0.011237
2 16 -0.011352 0.016635 -0.011422
3 16 -0.002652 0.031401 -0.011782
4 16 0.034277 0.047613 -0.003321
5 16 0.078338 0.050106 0.013938
6 16 0.108614 0.026493 0.037149
7 16 0.050550 -0.025434 0.035730
8 16 -0.064007 -0.057978 -0.013614
9 16 -0.125407 -0.040113 -0.060795
10 16 -0.045479 0.018503 -0.050140
11 16 0.104599 0.050694 0.036908
12 16 0.098648 0.011962 0.074240
13 16 -0.043751 -0.033117 0.004132
14 16 -0.116475 -0.024609 -0.067582
15 16 -0.009589 0.017319 -0.039354
16 16 0.115539 0.029465 0.057677
17 16 0.032882 -0.005409 0.055820
18 16 -0.100884 -0.025092 -0.046750
19 16 -0.039134 -0.000019 -0.055076
20 16 0.076076 0.018903 0.033058
21 16 0.040274 0.003793 0.047794
22 16 -0.049070 -0.011979 -0.016718
23 16 -0.041687 -0.005610 -0.038649
24 16 0.020556 0.006269 0.000415
25 16 0.036859 0.006470 0.027098
26 16 0.003807 -0.000800 0.012253
27 16 -0.024213 -0.004918 -0.012092
28 16 -0.022398 -0.003391 -0.017741
29 16 -0.005120 0.000010 -0.007580
30 16 0.008210 0.002046 0.003590
31 16 0.011721 0.002262 0.008200
32 16 0.009163 0.001592 0.007349
33 16 0.005334 0.000864 0.004646
34 16 0.002528 0.000388 0.002341
35 16 0.001018 0.000149 0.000991
36 16 0.000357 0.000050 0.000363
37 16 0.000111 0.000015 0.000117
38 16 0.000031 0.000004 0.000034
39 16 0.000008 0.000001 0.000009
40 16 0.000002 0.000000 0.000002
41 16 0.000000 0.000000 0.000000
42 16 0.000000 0.000000 0.000000
43 16 0.000000 0.000000 0.000000
44 16 0.000000 0.000000 0.000000
45 16 0.000000 0.000000 0.000000
46 16 0.000000 0.000000 0.000000
47 16 0.000000 0.000000 0.000000
48 16 0.000000 0.000000 0.000000
49 16 0.000000 0.000000 0.000000

0 17 0.000000 0.000000 0.000000
1 17 -0.013347 -0.013175 0.003873
2 17 -0.033363 -0.024622 0.000361
3 17 -0.064158 -0.029217 -0.008928
4 17 -0.086901 -0.015074 -0.024849
5 17 -0.064690 0.022543 -0.032491
6 17 0.031565 0.061341 -0.007703
7 17 0.128215 0.059952 0.048731
8 17 0.102805 0.003734 0.065515
9 17 -0.046190 -0.049686 0.004904
10 17 -0.139598 -0.040308 -0.075503
11 17 -0.032062 0.016416 -0.049832
12 17 0.101911 0.044349 0.047497
13 17 0.075821 0.010409 0.066552
14 17 -0.061125 -0.031164 -0.011464
15 17 -0.098286 -0.018697 -0.073198
16 17 0.044583 0.021629 -0.007674
17 17 0.101551 0.018793 0.075187
18 17 -0.037615 -0.014519 0.013316
19 17 -0.090837 -0.014915 -0.067030
20 17 0.025165 0.009785 -0.014684
21 17 0.073114 0.012146 0.052593
22 17 -0.008783 -0.004647 0.017944
23 17 -0.055690 -0.009179 -0.035594
24 17 -0.009775 0.000657 -0.021870
25 17 0.035155 0.006550 0.017945
26 17 0.022322 0.002664 0.022749
27 17 -0.012768 -0.002922 -0.000902
28 17 -0.025739 -0.003966 -0.017060
29 17 -0.014078 -0.001506 -0.013496
30 17 0.002375 0.001013 -0.001595
31 17 0.010690 0.001976 0.006536
32 17 0.010684 0.001715 0.008122
33 17 0.007189 0.001068 0.006058
34 17 0.003801 0.000534 0.003436
35 17 0.001677 0.000225 0.001602
36 17 0.000637 0.000082 0.000638
37 17 0.000213 0.000026 0.000222
38 17 0.000063 0.000008 0.000068
39 17 0.000017 0.000002 0.000019
40 17 0.000004 0.000000 0.000005
41 17 0.000001 0.000000 0.000001
42 17 0.000000 0.000000 0.000000
43 17 0.000000 0.000000 0.000000
44 17 0.000000 0.000000 0.000000
45 17 0.000000 0.000000 0.000000
46 17 0.000000 0.000000 0.000000
47 17 0.000000 0.000000 0.000000
48 17 0.000000 0.000000 0.000000
49 17 0.000000 0.000000 0.000000

0 18 0.000000 0.000000 0.000000
1 18 0.025626 0.004257 0.002285
2 18 0.047469 -0.000245 0.008867
3 18 0.043877 -0.022226 0.019212
4 18 -0.012121 -0.054272 0.011745
5 18 -0.109771 -0.066092 -0.025113
6 18 -0.143084 -0.023946 -0.069100
7 18 -0.022130 0.042077 -0.036622
8 18 0.121136 0.063973 0.048701
9 18 0.113244 0.015736 0.082940
10 18 -0.061313 -0.039567 -0.001518
11 18 -0.118565 -0.026791 -0.084115
12 18 0.022148 0.016266 -0.022355
13 18 0.104668 0.023164 0.064872
14 18 0.013528 -0.004012 0.043101
15 18 -0.104386 -0.019990 -0.049788
16 18 -0.036044 0.001384 -0.057622
17 18 0.102448 0.019741 0.045437
18 18 0.039364 0.000796 0.060093
19 18 -0.089558 -0.016039 -0.039550
20 18 -0.036687 -0.001547 -0.052376
21 18 0.067657 0.012065 0.029391
22 18 0.034955 0.003021 0.043367
23 18 -0.044408 -0.007663 -0.015528
24 18 -0.036377 -0.003860 -0.034856
25 18 0.019410 0.004071 0.001028
26 18 0.033135 0.004411 0.024976
27 18 0.002767 -0.000451 0.010978
28 18 -0.022680 -0.003374 -0.011543
29 18 -0.020904 -0.002434 -0.016768
30 18 -0.004859 -0.000078 -0.007242
31 18 0.007705 0.001415 0.003380
32 18 0.011187 0.001633 0.007905
33 18 0.008889 0.001185 0.007205
34 18 0.005267 0.000662 0.004637
35 18 0.002546 0.000306 0.002383
36 18 0.001047 0.000121 0.001030
37 18 0.000376 0.000042 0.000386
38 18 0.000119 0.000013 0.000127
39 18 0.000034 0.000004 0.000038
40 18 0.000009 0.000001 0.000010
41 18 0.000002 0.000000 0.000002
42 18 0.000000 0.000000 0.000001
43 18 0.000000 0.000000 0.000000
44 18 0.000000 0.000000 0.000000
45 18 0.000000 0.000000 0.000000
46 18 0.000000 0.000000 0.000000
47 18 0.000000 0.000000 0.000000
48 18 0.000000 0.000000 0.000000
49 18 0.000000 0.000000 0.000000

0 19 0.000000 0.000000 0.000000
1 19 -0.002194 0.021409 -0.024249
2 19 0.018798 0.046974 -0.021067
3 19 0.086283 0.065047 0.001857
4 19 0.144816 0.042543 0.045448
5 19 0.090428 -0.021156 0.058117
6 19 -0.081408 -0.070228 -0.013367
7 19 -0.153635 -0.042047 -0.088993
8 19 -0.019374 0.023854 -0.045854
9 19 0.130998 0.044175 0.064197
10 19 0.062323 0.002052 0.075517
11 19 -0.106157 -0.032125 -0.038488
12 19 -0.083276 -0.005712 -0.076910
13 19 0.071057 0.027385 0.015271
14 19 0.098811 0.012317 0.076396
15 19 -0.048998 -0.019299 0.005411
16 19 -0.104015 -0.013625 -0.076965
17 19 0.044939 0.014077 -0.009963
18 19 0.094833 0.012273 0.074513
19 19 -0.042539 -0.009613 0.008121
20 19 -0.079138 -0.009112 -0.063451
21 19 0.031372 0.006673 -0.007263
22 19 0.062680 0.007318 0.049263
23 19 -0.015450 -0.003411 0.011073
24 19 -0.049379 -0.005645 -0.034227
25 19 -0.003403 0.000826 -0.016601
26 19 0.033353 0.004265 0.018792
27 19 0.017606 0.001510 0.019806
28 19 -0.014208 -0.002071 -0.002872
29 19 -0.024007 -0.002623 -0.016571
30 19 -0.012099 -0.000942 -0.012132
31 19 0.003086 0.000730 -0.000805
32 19 0.010407 0.001361 0.006578
33 19 0.010141 0.001181 0.007845
34 19 0.006787 0.000741 0.005801
35 19 0.003597 0.000375 0.003293
36 19 0.001598 0.000160 0.001545
37 19 0.000614 0.000060 0.000621
38 19 0.000208 0.000020 0.000219
39 19 0.000063 0.000006 0.000068
40 19 0.000017 0.000002 0.000019
41 19 0.000004 0.000000 0.000005
42 19 0.000001 0.000000 0.000001
43 19 0.000000 0.000000 0.000000
44 19 0.000000 0.000000 0.000000
45 19 0.000000 0.000000 0.000000
46 19 0.000000 0.000000 0.000000
47 19 0.000000 0.000000 0.000000
48 19 0.000000 0.000000 0.000000
49 19 0.000000 0.000000 0.000000

0 20 0.000000 0.000000 0.000000
1 20 -0.046822 -0.020897 -0.002914
2 20 -0.109203 -0.021916 -0.024246
3 20 -0.113090 0.020664 -0.054220
4 20 0.017412 0.078087 -0.023681
5 20 0.169874 0.075738 0.071343
6 20 0.107017 0.005792 0.090946
7 20 -0.092345 -0.048035 -0.020720
8 20 -0.137401 -0.023560 -0.097181
9 20 0.040359 0.029217 -0.018655
10 20 0.135070 0.027397 0.091073
11 20 -0.015037 -0.011126 0.033730
12 20 -0.107736 -0.021817 -0.070796
13 20 -0.005269 0.001062 -0.038474
14 20 0.096686 0.016862 0.055046
15 20 0.020463 0.001792 0.050043
16 20 -0.102958 -0.013301 -0.050869
17 20 -0.022823 0.000355 -0.053409
18 20 0.101234 0.012197 0.052692
19 20 0.017171 -0.000651 0.048444
20 20 -0.087127 -0.009579 -0.047204
21 20 -0.015256 0.000493 -0.039437
22 20 0.066347 0.007300 0.036194
23 20 0.018199 0.000707 0.033292
24 20 -0.046121 -0.004869 -0.021865
25 20 -0.025270 -0.001645 -0.029021
26 20 0.024005 0.002882 0.006914
27 20 0.027932 0.002449 0.023389
28 20 -0.002639 -0.000655 0.006595
29 20 -0.022866 -0.002197 -0.013069
30 20 -0.018027 -0.001403 -0.015307
31 20 -0.002514 0.000092 -0.005337
32 20 0.008318 0.000968 0.004238
33 20 0.010709 0.001053 0.007813
34 20 0.008194 0.000750 0.006775
35 20 0.004770 0.000416 0.004265
36 20 0.002286 0.000192 0.002168
37 20 0.000938 0.000076 0.000933
38 20 0.000337 0.000027 0.000350
39 20 0.000108 0.000008 0.000116
40 20 0.000031 0.000002 0.000034
41 20 0.000008 0.000001 0.000009
42 20 0.000002 0.000000 0.000002
43 20 0.000000 0.000000 0.000001
44 20 0.000000 0.000000 0.000000
45 20 0.000000 0.000000 0.000000
46 20 0.000000 0.000000 0.000000
47 20 0.000000 0.000000 0.000000
48 20 0.000000 0.000000 0.000000
49 20 0.000000 0.000000 0.000000

0 21 0.000000 0.000000 0.000000
1 21 0.058643 -0.013493 0.019943
2 21 0.016262 -0.062661 0.037398
3 21 -0.145443 -0.086137 -0.029967
4 21 -0.192403 -0.030194 -0.105724
5 21 0.006477 0.049858 -0.039201
6 21 0.173105 0.054683 0.098693
7 21 0.051042 -0.004123 0.077958
8 21 -0.128320 -0.033842 -0.058451
9 21 -0.069085 -0.006114 -0.081935
10 21 0.109707 0.022959 0.043058
11 21 0.067908 0.005244 0.081466
12 21 -0.095811 -0.015809 -0.031203
13 21 -0.076024 -0.001112 -0.073664
14 21 0.077062 0.015277 0.018266
15 21 0.086661 0.004260 0.076305
16 21 -0.071194 -0.012179 -0.009746
17 21 -0.083791 -0.005243 -0.076372
18 21 0.071057 0.009581 0.013056
19 21 0.069268 0.004819 0.070018
20 21 -0.064420 -0.006758 -0.014768
21 21 -0.055319 -0.003483 -0.057086
22 21 0.048552 0.004820 0.011571
23 21 0.045452 0.003053 0.044689
24 21 -0.029812 -0.002803 -0.003145
25 21 -0.040285 -0.002676 -0.033318
26 21 0.008629 0.001188 -0.006805
27 21 0.031842 0.002385 0.021406
28 21 0.009345 0.000402 0.014692
29 21 -0.017971 -0.001441 -0.007181
30 21 -0.021727 -0.001435 -0.016281
31 21 -0.008301 -0.000357 -0.009519
32 21 0.005117 0.000549 0.001166
33 21 0.010460 0.000828 0.007056
34 21 0.009328 0.000678 0.007428
35 21 0.005981 0.000413 0.005214
36 21 0.003088 0.000206 0.002873
37 21 0.001349 0.000087 0.001322
38 21 0.000513 0.000032 0.000525
39 21 0.000172 0.000011 0.000183
40 21 0.000052 0.000003 0.000057
41 21 0.000014 0.000001 0.000016
42 21 0.000004 0.000000 0.000004
43 21 0.000001 0.000000 0.000001
44 21 0.000000 0.000000 0.000000
45 21 0.000000 0.000000 0.000000
46 21 0.000000 0.000000 0.000000
47 21 0.000000 0.000000 0.000000
48 21 0.000000 0.000000 0.000000
49 21 0.000000 0.000000 0.000000

0 22 0.000000 0.000000 0.000000
1 22 0.095761 0.089511 -0.081296
2 22 0.236736 0.071027 0.064359
3 22 0.116634 -0.024671 0.098072
4 22 -0.153250 -0.069631 -0.051371
5 22 -0.154366 -0.021647 -0.126961
6 22 0.083785 0.033013 0.010707
7 22 0.134173 0.023216 0.112167
8 22 -0.057613 -0.013929 0.014567
9 22 -0.132187 -0.011840 -0.095870
10 22 0.046477 0.012517 -0.017058
11 22 0.115232 0.013749 0.088595
12 22 -0.030794 -0.004415 0.019705
13 22 -0.095315 -0.012257 -0.069780
14 22 0.016412 0.000138 -0.024747
15 22 0.097414 0.009251 0.065272
16 22 -0.015682 -0.000318 0.031394
17 22 -0.102920 -0.006498 -0.067672
18 22 0.022283 0.002273 -0.026685
19 22 0.094149 0.005441 0.067208
20 22 -0.025169 -0.002337 0.019748
21 22 -0.077502 -0.004121 -0.057123
22 22 0.018503 0.001825 -0.015149
23 22 0.060018 0.003263 0.043871
24 22 -0.006716 -0.000785 0.015956
25 22 -0.045870 -0.002397 -0.029611
26 22 -0.008506 -0.000078 -0.018907
27 22 0.029373 0.001684 0.015002
28 22 0.019496 0.000874 0.020001
29 22 -0.010481 -0.000675 -0.000169
30 22 -0.022824 -0.001134 -0.015070
31 22 -0.013535 -0.000544 -0.012795
32 22 0.001161 0.000199 -0.002260
33 22 0.009384 0.000553 0.005633
34 22 0.010064 0.000532 0.007675
35 22 0.007138 0.000358 0.006058
36 22 0.003968 0.000192 0.003617
37 22 0.001842 0.000086 0.001775
38 22 0.000738 0.000034 0.000745
39 22 0.000260 0.000012 0.000274
40 22 0.000082 0.000004 0.000089
41 22 0.000023 0.000001 0.000026
42 22 0.000006 0.000000 0.000007
43 22 0.000001 0.000000 0.000002
44 22 0.000000 0.000000 0.000000
45 22 0.000000 0.000000 0.000000
46 22 0.000000 0.000000 0.000000
47 22 0.000000 0.000000 0.000000
48 22 0.000000 0.000000 0.000000
49 22 0.000000 0.000000 0.000000

0 23 0.000000 0.000000 0.000000
1 23 -0.219131 0.091180 -0.191629
2 23 0.080623 0.136612 -0.009268
3 23 0.251739 0.079579 0.179126
4 23 0.017305 -0.005575 0.087760
5 23 -0.182324 -0.026071 -0.106243
6 23 -0.018463 0.005991 -0.068985
7 23 0.150143 0.018297 0.089784
8 23 0.029382 0.000575 0.070646
9 23 -0.128819 -0.012625 -0.067756
10 23 -0.026041 -0.001728 -0.063687
11 23 0.119940 0.007340 0.065776
12 23 0.022792 -0.002483 0.058733
13 23 -0.109276 -0.005283 -0.054076
14 23 -0.036096 0.004542 -0.056917
15 23 0.102916 0.006710 0.046903
16 23 0.041069 -0.001766 0.062489
17 23 -0.102508 -0.005800 -0.046190
18 23 -0.031091 0.000298 -0.057824
19 23 0.095581 0.004388 0.048744
20 23 0.018695 0.000131 0.047869
21 23 -0.080483 -0.002991 -0.043534
22 23 -0.014636 -0.000092 -0.037248
23 23 0.060917 0.002161 0.033315
24 23 0.017014 0.000352 0.031112
25 23 -0.042428 -0.001414 -0.020015
26 23 -0.023829 -0.000576 -0.027217
27 23 0.021917 0.000816 0.006034
28 23 0.026439 0.000782 0.022010
29 23 -0.001796 -0.000139 0.006748
30 23 -0.021446 -0.000664 -0.012077
31 23 -0.017673 -0.000469 -0.014847
32 23 -0.003126 -0.000012 -0.005657
33 23 0.007583 0.000284 0.003693
34 23 0.010333 0.000334 0.007490
35 23 0.008159 0.000249 0.006728
36 23 0.004880 0.000143 0.004356
37 23 0.002401 0.000069 0.002275
38 23 0.001011 0.000028 0.001006
39 23 0.000373 0.000010 0.000387
40 23 0.000123 0.000003 0.000132
41 23 0.000036 0.000001 0.000040
42 23 0.000010 0.000000 0.000011
43 23 0.000002 0.000000 0.000003
44 23 0.000001 0.000000 0.000001
45 23 0.000000 0.000000 0.000000
46 23 0.000000 0.000000 0.000000
47 23 0.000000 0.000000 0.000000
48 23 0.000000 0.000000 0.000000
49 23 0.000000 0.000000 0.000000

0 24 0.000000 0.000000 0.000000
1 24 -0.506327 -0.040954 -0.063329
2 24 -0.199007 0.014202 -0.124375
3 24 0.188187 0.032275 0.126829
4 24 0.115577 0.009407 0.157515
5 24 -0.149206 -0.007747 -0.049162
6 24 -0.093136 -0.004111 -0.105394
7 24 0.118471 0.004837 0.047115
8 24 0.085406 0.001412 0.098223
9 24 -0.110371 -0.003144 -0.031560
10 24 -0.082570 0.000810 -0.088197
11 24 0.096797 0.003912 0.033479
12 24 0.066272 0.004336 0.077738
13 24 -0.075465 0.000156 -0.023481
14 24 -0.063379 -0.004673 -0.066725
15 24 0.069691 -0.001848 0.016276
16 24 0.070303 0.002112 0.070898
17 24 -0.076493 0.000646 -0.016008
18 24 -0.067169 -0.000627 -0.070834
19 24 0.077605 0.000578 0.022204
20 24 0.054054 0.000397 0.063428
21 24 -0.068193 -0.000774 -0.022528
22 24 -0.043067 -0.000337 -0.050854
23 24 0.050901 0.000628 0.017239
24 24 0.036828 0.000347 0.040174
25 24 -0.032267 -0.000379 -0.007401
26 24 -0.035131 -0.000328 -0.030988
27 24 0.011476 0.000168 -0.003611
28 24 0.029723 0.000307 0.020967
29 24 0.006810 0.000045 0.012657
30 24 -0.018080 -0.000192 -0.007909
31 24 -0.020430 -0.000190 -0.015604
32 24 -0.007343 -0.000048 -0.008708
33 24 0.005234 0.000072 0.001431
34 24 0.010130 0.000111 0.006901
35 24 0.008981 0.000092 0.007182
36 24 0.005776 0.000057 0.005047
37 24 0.003005 0.000029 0.002799
38 24 0.001327 0.000012 0.001300
39 24 0.000510 0.000005 0.000522
40 24 0.000174 0.000002 0.000185
41 24 0.000053 0.000000 0.000059
42 24 0.000015 0.000000 0.000017
43 24 0.000004 0.000000 0.000004
44 24 0.000001 0.000000 0.000001
45 24 0.000000 0.000000 0.000000
46 24 0.000000 0.000000 0.000000
47 24 0.000000 0.000000 0.000000
48 24 0.000000 0.000000 0.000000
49 24 0.000000 0.000000 0.000000

0 25 0.000000 0.000000 0.000000
1 25 -0.301428 0.085687 -0.091270
2 25 -0.160241 0.016966 -0.117118
3 25 0.176002 -0.023511 0.089868
4 25 0.159217 -0.013342 0.161867
5 25 -0.114056 0.005377 -0.014925
6 25 -0.133289 0.006267 -0.117497
7 25 0.087573 -0.002688 0.013748
8 25 0.117446 -0.002565 0.104713
9 25 -0.069044 0.003855 0.001175
10 25 -0.106671 0.001321 -0.091223
11 25 0.067708 -0.002849 0.001775
12 25 0.099867 -0.004226 0.085220
13 25 -0.053096 -0.002777 0.003417
14 25 -0.099460 0.002419 -0.074338
15 25 0.037980 0.003224 -0.011143
16 25 0.100687 -0.000530 0.074530
17 25 -0.040796 -0.000957 0.013779
18 25 -0.094414 0.000315 -0.073971
19 25 0.047559 -0.000449 -0.005988
20 25 0.079097 -0.000613 0.068302
21 25 -0.045832 0.000610 0.000698
22 25 -0.063388 0.000594 -0.055863
23 25 0.033909 -0.000466 -0.000495
24 25 0.050498 -0.000521 0.043043
25 25 -0.018277 0.000235 0.005662
26 25 -0.041631 0.000413 -0.030593
27 25 0.000004 -0.000047 -0.012473
28 25 0.029639 -0.000316 0.017586
29 25 0.014405 -0.000128 0.017052
30 25 -0.013386 0.000147 -0.003207
31 25 -0.021768 0.000208 -0.015195
32 25 -0.011175 0.000089 -0.011206
33 25 0.002554 -0.000046 -0.000950
34 25 0.009501 -0.000106 0.005982
35 25 0.009568 -0.000099 0.007404
36 25 0.006614 -0.000066 0.005655
37 25 0.003628 -0.000035 0.003322
38 25 0.001673 -0.000016 0.001617
39 25 0.000669 -0.000006 0.000676
40 25 0.000236 -0.000002 0.000248
41 25 0.000075 -0.000001 0.000081
42 25 0.000021 -0.000000 0.000024
43 25 0.000006 -0.000000 0.000006
44 25 0.000001 -0.000000 0.000002
45 25 0.000000 -0.000000 0.000000
46 25 0.000000 -0.000000 0.000000
47 25 0.000000 -0.000000 0.000000
48 25 0.000000 -0.000000 0.000000
49 25 0.000000 0.000000 0.000000

0 26 0.000000 0.000000 0.000000
1 26 -0.125993 0.057185 -0.088170
2 26 -0.012830 -0.020567 -0.067603
3 26 0.208910 -0.078671 0.080723
4 26 0.160482 -0.045548 0.132101
5 26 -0.105246 0.011364 -0.017182
6 26 -0.145125 0.016564 -0.118851
7 26 0.066836 -0.010706 -0.003154
8 26 0.132652 -0.014667 0.102700
9 26 -0.042129 0.001275 0.022532
10 26 -0.129017 0.007916 -0.090339
11 26 0.035209 -0.003151 -0.022034
12 26 0.106639 -0.006540 0.082178
13 26 -0.030374 0.006074 0.021395
14 26 -0.095553 0.007807 -0.066799
15 26 0.018118 -0.004536 -0.026289
16 26 0.102032 -0.007656 0.065109
17 26 -0.014384 0.001716 0.032704
18 26 -0.103992 0.005299 -0.066831
19 26 0.018788 -0.001111 -0.027972
20 26 0.092157 -0.003657 0.064541
21 26 -0.020847 0.000875 0.021152
22 26 -0.074970 0.002490 -0.053968
23 26 0.014277 -0.000679 -0.016785
24 26 0.057795 -0.001881 0.040927
25 26 -0.003147 0.000196 0.017341
26 26 -0.043660 0.001337 -0.027064
27 26 -0.010975 0.000218 -0.019680
28 26 0.026925 -0.000881 0.012758
29 26 0.020470 -0.000587 0.019805
30 26 -0.008034 0.000280 0.001484
31 26 -0.021845 0.000637 -0.013876
32 26 -0.014419 0.000372 -0.013059
33 26 -0.000245 -0.000052 -0.003272
34 26 0.008532 -0.000291 0.004831
35 26 0.009915 -0.000309 0.007409
36 26 0.007361 -0.000221 0.006158
37 26 0.004246 -0.000124 0.003823
38 26 0.002039 -0.000059 0.001942
39 26 0.000844 -0.000024 0.000842
40 26 0.000308 -0.000009 0.000320
41 26 0.000100 -0.000003 0.000108
42 26 0.000029 -0.000001 0.000033
43 26 0.000008 -0.000000 0.000009
44 26 0.000002 -0.000000 0.000002
45 26 0.000000 -0.000000 0.000001
46 26 0.000000 -0.000000 0.000000
47 26 0.000000 -0.000000 0.000000
48 26 0.000000 -0.000000 0.000000
49 26 0.000000 0.000000 0.000000

0 27 0.000000 0.000000 0.000000
1 27 -0.001886 -0.005568 -0.057403
2 27 0.096515 -0.075319 -0.020485
3 27 0.200990 -0.110307 0.071363
4 27 0.094618 -0.049289 0.080769
5 27 -0.133763 0.029030 -0.042356
6 27 -0.149092 0.031568 -0.113413
7 27 0.062111 -0.011462 -0.002516
8 27 0.135746 -0.023180 0.101254
9 27 -0.031665 0.005743 0.028565
10 27 -0.130194 0.018176 -0.085395
11 27 0.017979 -0.002331 -0.034372
12 27 0.118112 -0.011590 0.077151
13 27 0.001318 -0.001395 0.038603
14 27 -0.100560 0.004493 -0.059651
15 27 -0.018342 -0.000285 -0.044245
16 27 0.098202 -0.004967 0.053008
17 27 0.019446 0.000627 0.050394
18 27 -0.101638 0.005920 -0.054203
19 27 -0.010900 -0.000714 -0.045893
20 27 0.094404 -0.005792 0.054944
21 27 0.003837 0.000269 0.037692
22 27 -0.078620 0.004416 -0.047291
23 27 -0.005018 -0.000073 -0.030144
24 27 0.059601 -0.003298 0.035449
25 27 0.011178 -0.000470 0.026700
26 27 -0.042174 0.002184 -0.021614
27 27 -0.020509 0.000890 -0.024923
28 27 0.022487 -0.001250 0.007317
29 27 0.024859 -0.001226 0.021073
30 27 -0.002597 0.000185 0.005774
31 27 -0.020935 0.001026 -0.011956
32 27 -0.016990 0.000759 -0.014277
33 27 -0.002978 0.000053 -0.005401
34 27 0.007332 -0.000426 0.003555
35 27 0.010042 -0.000525 0.007231
36 27 0.007998 -0.000402 0.006546
37 27 0.004835 -0.000237 0.004281
38 27 0.002409 -0.000116 0.002262
39 27 0.001029 -0.000049 0.001014
40 27 0.000386 -0.000018 0.000396
41 27 0.000129 -0.000006 0.000137
42 27 0.000039 -0.000002 0.000043
43 27 0.000011 -0.000000 0.000012
44 27 0.000003 -0.000000 0.000003
45 27 0.000001 -0.000000 0.000001
46 27 0.000000 -0.000000 0.000000
47 27 0.000000 -0.000000 0.000000
48 27 0.000000 -0.000000 0.000000
49 27 0.000000 0.000000 0.000000

0 28 0.000000 0.000000 0.000000
1 28 0.045156 -0.039768 -0.017258
2 28 0.107738 -0.089240 0.009307
3 28 0.118742 -0.088213 0.049441
4 28 -0.010485 -0.010685 0.024515
5 28 -0.164361 0.058079 -0.065444
6 28 -0.120165 0.041443 -0.093712
7 28 0.089678 -0.021148 0.017835
8 28 0.136921 -0.034197 0.099576
9 28 -0.026611 0.003643 0.024208
10 28 -0.129451 0.020024 -0.082071
11 28 0.005165 -0.003145 -0.040837
12 28 0.120213 -0.020161 0.074140
13 28 0.003261 -0.002594 0.044395
14 28 -0.108728 0.016956 -0.058825
15 28 -0.024661 0.005626 -0.049359
16 28 0.102667 -0.012904 0.048229
17 28 0.037520 -0.005448 0.058689
18 28 -0.100939 0.009491 -0.044925
19 28 -0.034060 0.002978 -0.057528
20 28 0.092811 -0.007999 0.044860
21 28 0.025335 -0.001920 0.049727
22 28 -0.077416 0.006055 -0.038775
23 28 -0.022171 0.001379 -0.040188
24 28 0.057618 -0.004470 0.028374
25 28 0.023608 -0.001649 0.033565
26 28 -0.038389 0.002784 -0.015377
27 28 -0.028196 0.001844 -0.028316
28 28 0.017196 -0.001362 0.001924
29 28 0.027705 -0.001942 0.021179
30 28 0.002506 -0.000117 0.009441
31 28 -0.019363 0.001331 -0.009736
32 28 -0.018901 0.001209 -0.014943
33 28 -0.005506 0.000259 -0.007253
34 28 0.006017 -0.000504 0.002256
35 28 0.009990 -0.000732 0.006918
36 28 0.008517 -0.000600 0.006822
37 28 0.005376 -0.000370 0.004684
38 28 0.002769 -0.000188 0.002565
39 28 0.001216 -0.000081 0.001184
40 28 0.000467 -0.000031 0.000474
41 28 0.000160 -0.000010 0.000168
42 28 0.000049 -0.000003 0.000053
43 28 0.000014 -0.000001 0.000015
44 28 0.000003 -0.000000 0.000004
45 28 0.000001 -0.000000 0.000001
46 28 0.000000 -0.000000 0.000000
47 28 0.000000 -0.000000 0.000000
48 28 0.000000 -0.000000 0.000000
49 28 0.000000 0.000000 0.000000

0 29 0.000000 0.000000 0.000000
1 29 0.029481 -0.033816 0.007526
2 29 0.043858 -0.053399 0.016374
3 29 0.004311 -0.025695 0.019536
4 29 -0.098163 0.041356 -0.016690
5 29 -0.158057 0.075220 -0.068533
6 29 -0.054419 0.028067 -0.055397
7 29 0.122275 -0.040998 0.044931
8 29 0.120629 -0.042047 0.091177
9 29 -0.049745 0.007644 0.007223
10 29 -0.136613 0.031165 -0.085024
11 29 0.006307 0.000460 -0.037055
12 29 0.120181 -0.022224 0.073815
13 29 0.010910 0.000219 0.045342
14 29 -0.094498 0.016545 -0.052753
15 29 -0.029472 -0.000060 -0.049568
16 29 0.087291 -0.015593 0.038297
17 29 0.045666 -0.003937 0.060062
18 29 -0.090716 0.012799 -0.033969
19 29 -0.048263 0.004610 -0.062715
20 29 0.086750 -0.010436 0.034532
21 29 0.041352 -0.004248 0.057034
22 29 -0.073218 0.007551 -0.030024
23 29 -0.035994 0.003303 -0.046989
24 29 0.053521 -0.005352 0.021071
25 29 0.033664 -0.003164 0.038178
26 29 -0.033486 0.003095 -0.009237
27 29 -0.034038 0.002956 -0.030216
28 29 0.011775 -0.001224 -0.002975
29 29 0.029311 -0.002656 0.020509
30 29 0.007014 -0.000582 0.012406
31 29 -0.017448 0.001533 -0.007478
32 29 -0.020232 0.001683 -0.015185
33 29 -0.007738 0.000543 -0.008792
34 29 0.004693 -0.000524 0.001018
35 29 0.009810 -0.000924 0.006523
36 29 0.008924 -0.000808 0.007001
37 29 0.005856 -0.000520 0.005024
38 29 0.003104 -0.000272 0.002838
39 29 0.001397 -0.000121 0.001343
40 29 0.000548 -0.000047 0.000550
41 29 0.000191 -0.000016 0.000199
42 29 0.000060 -0.000005 0.000064
43 29 0.000017 -0.000001 0.000019
44 29 0.000004 -0.000000 0.000005
45 29 0.000001 -0.000000 0.000001
46 29 0.000000 -0.000000 0.000000
47 29 0.000000 -0.000000 0.000000
48 29 0.000000 -0.000000 0.000000
49 29 0.000000 0.000000 0.000000

0 30 0.000000 0.000000 0.000000
1 30 -0.005764 -0.006858 0.008489
2 30 -0.026529 0.001094 0.005546
3 30 -0.069460 0.034236 -0.005696
4 30 -0.117232 0.070980 -0.032939
5 30 -0.091981 0.061742 -0.047317
6 30 0.030453 -0.004783 -0.009599
7 30 0.145142 -0.058825 0.063633
8 30 0.084664 -0.038545 0.071225
9 30 -0.082378 0.022584 -0.019831
10 30 -0.122026 0.037899 -0.082965
11 30 0.026692 -0.005408 -0.022331
12 30 0.126006 -0.030266 0.075898
13 30 0.012513 -0.006811 0.043741
14 30 -0.104553 0.016825 -0.055307
15 30 -0.043638 0.008312 -0.054061
16 30 0.086545 -0.012412 0.035668
17 30 0.060649 -0.008622 0.064598
18 30 -0.083553 0.011376 -0.026690
19 30 -0.062017 0.007452 -0.067282
20 30 0.079839 -0.010907 0.025888
21 30 0.054107 -0.006741 0.061948
22 30 -0.067851 0.008367 -0.022218
23 30 -0.046754 0.005402 -0.051469
24 30 0.048688 -0.005885 0.014455
25 30 0.041431 -0.004830 0.041095
26 30 -0.028427 0.003143 -0.003781
27 30 -0.038295 0.004125 -0.031087
28 30 0.006756 -0.000885 -0.007128
29 30 0.030051 -0.003326 0.019443
30 30 0.010801 -0.001156 0.014695
31 30 -0.015473 0.001641 -0.005382
32 30 -0.021108 0.002157 -0.015144
33 30 -0.009626 0.000882 -0.010017
34 30 0.003455 -0.000496 -0.000090
35 30 0.009559 -0.001098 0.006102
36 30 0.009232 -0.001020 0.007100
37 30 0.006265 -0.000680 0.005297
38 30 0.003404 -0.000365 0.003074
39 30 0.001562 -0.000166 0.001486
40 30 0.000624 -0.000066 0.000620
41 30 0.000221 -0.000023 0.000228
42 30 0.000070 -0.000007 0.000075
43 30 0.000020 -0.000002 0.000022
44 30 0.000005 -0.000001 0.000006
45 30 0.000001 -0.000000 0.000001
46 30 0.000000 -0.000000 0.000000
47 30 0.000000 -0.000000 0.000000
48 30 0.000000 -0.000000 0.000000
49 30 0.000000 0.000000 0.000000

0 31 0.000000 0.000000 0.000000
1 31 -0.021019 0.012668 -0.003026
2 31 -0.044538 0.030459 -0.008093
3 31 -0.061560 0.049255 -0.015907
4 31 -0.055539 0.051221 -0.025350
5 31 0.010687 0.011979 -0.013125
6 31 0.101113 -0.047392 0.025285
7 31 0.135367 -0.070128 0.063432
8 31 0.022038 -0.023066 0.036259
9 31 -0.112693 0.037410 -0.046898
10 31 -0.100085 0.035181 -0.072807
11 31 0.047613 -0.013761 -0.003133
12 31 0.121906 -0.035961 0.078236
13 31 -0.010567 -0.001861 0.032339
14 31 -0.113754 0.029715 -0.063470
15 31 -0.026150 0.010376 -0.046905
16 31 0.096803 -0.022083 0.042091
17 31 0.056948 -0.014044 0.061737
18 31 -0.086494 0.015376 -0.027270
19 31 -0.067655 0.012047 -0.068261
20 31 0.077612 -0.012392 0.021957
21 31 0.062678 -0.010012 0.064713
22 31 -0.064047 0.009072 -0.016910
23 31 -0.054705 0.007748 -0.054364
24 31 0.044509 -0.006195 0.009310
25 31 0.047252 -0.006574 0.042925
26 31 -0.023990 0.003011 0.000605
27 31 -0.041353 0.005297 -0.031399
28 31 0.002505 -0.000416 -0.010425
29 31 0.030304 -0.003943 0.018312
30 31 0.013836 -0.001789 0.016391
31 31 -0.013672 0.001678 -0.003594
32 31 -0.021665 0.002618 -0.014957
33 31 -0.011152 0.001253 -0.010948
34 31 0.002377 -0.000433 -0.001021
35 31 0.009292 -0.001255 0.005704
36 31 0.009457 -0.001232 0.007142
37 31 0.006600 -0.000846 0.005504
38 31 0.003658 -0.000464 0.003264
39 31 0.001706 -0.000215 0.001605
40 31 0.000690 -0.000086 0.000679
41 31 0.000247 -0.000031 0.000253
42 31 0.000079 -0.000010 0.000084
43 31 0.000023 -0.000003 0.000025
44 31 0.000006 -0.000001 0.000007
45 31 0.000001 -0.000000 0.000002
46 31 0.000000 -0.000000 0.000000
47 31 0.000000 -0.000000 0.000000
48 31 0.000000 -0.000000 0.000000
49 31 0.000000 0.000000 0.000000

0 32 0.000000 0.000000 0.000000
1 32 -0.010262 0.011602 -0.010424
2 32 -0.015086 0.020082 -0.011870
3 32 -0.005509 0.018872 -0.011292
4 32 0.025411 -0.001350 -0.006332
5 32 0.077902 -0.040604 0.012884
6 32 0.107302 -0.069187 0.035783
7 32 0.066387 -0.052019 0.039412
8 32 -0.057374 0.012221 -0.005315
9 32 -0.130718 0.054696 -0.062428
10 32 -0.063449 0.031902 -0.052535
11 32 0.081719 -0.023505 0.022735
12 32 0.112779 -0.037698 0.077570
13 32 -0.031198 0.006564 0.014572
14 32 -0.103443 0.029862 -0.066132
15 32 -0.009726 0.000898 -0.035461
16 32 0.088377 -0.024962 0.043359
17 32 0.045945 -0.009616 0.054364
18 32 -0.082805 0.019022 -0.027219
19 32 -0.065332 0.012512 -0.065520
20 32 0.075770 -0.014783 0.020199
21 32 0.066139 -0.012266 0.065184
22 32 -0.061997 0.010193 -0.014024
23 32 -0.059744 0.009955 -0.055994
24 32 0.041800 -0.006565 0.005987
25 32 0.051415 -0.008309 0.044121
26 32 -0.020737 0.002840 0.003705
27 32 -0.043588 0.006457 -0.031543
28 32 -0.000743 0.000100 -0.012840
29 32 0.030405 -0.004524 0.017376
30 32 0.016141 -0.002438 0.017599
31 32 -0.012222 0.001680 -0.002211
32 32 -0.022031 0.003064 -0.014743
33 32 -0.012320 0.001633 -0.011619
34 32 0.001520 -0.000353 -0.001741
35 32 0.009059 -0.001401 0.005368
36 32 0.009618 -0.001440 0.007148
37 32 0.006857 -0.001013 0.005649
38 32 0.003858 -0.000565 0.003405
39 32 0.001821 -0.000265 0.001696
40 32 0.000744 -0.000108 0.000725
41 32 0.000269 -0.000039 0.000272
42 32 0.000087 -0.000013 0.000091
43 32 0.000025 -0.000004 0.000028
44 32 0.000007 -0.000001 0.000008
45 32 0.000002 -0.000000 0.000002
46 32 0.000000 -0.000000 0.000000
47 32 0.000000 -0.000000 0.000000
48 32 0.000000 -0.000000 0.000000
49 32 0.000000 0.000000 0.000000

0 33 0.000000 0.000000 0.000000
1 33 0.007293 -0.000752 -0.007620
2 33 0.018039 -0.005718 -0.005938
3 33 0.037547 -0.018107 -0.000818
4 33 0.058746 -0.038224 0.007600
5 33 0.073192 -0.054809 0.018971
6 33 0.048096 -0.047723 0.022817
7 33 -0.022885 -0.004342 0.004215
8 33 -0.104620 0.048572 -0.033476
9 33 -0.104652 0.057947 -0.057134
10 33 0.006408 0.010283 -0.018324
11 33 0.115756 -0.044185 0.048169
12 33 0.086936 -0.038217 0.065390
13 33 -0.058942 0.012770 -0.007619
14 33 -0.106297 0.030808 -0.069721
15 33 -0.001894 0.002786 -0.026182
16 33 0.092874 -0.022706 0.049231
17 33 0.044579 -0.011006 0.051150
18 33 -0.083964 0.018128 -0.030603
19 33 -0.065197 0.013589 -0.064476
20 33 0.076162 -0.015610 0.021178
21 33 0.067800 -0.013983 0.065483
22 33 -0.062040 0.011197 -0.013577
23 33 -0.062681 0.011868 -0.057117
24 33 0.040995 -0.007067 0.004613
25 33 0.054270 -0.009960 0.045092
26 33 -0.019030 0.002760 0.005415
27 33 -0.045318 0.007606 -0.031819
28 33 -0.002833 0.000577 -0.014380
29 33 0.030620 -0.005107 0.016830
30 33 0.017754 -0.003068 0.018412
31 33 -0.011258 0.001690 -0.001296
32 33 -0.022315 0.003503 -0.014593
33 33 -0.013139 0.002002 -0.012061
34 33 0.000925 -0.000277 -0.002229
35 33 0.008899 -0.001544 0.005127
36 33 0.009732 -0.001643 0.007135
37 33 0.007038 -0.001176 0.005734
38 33 0.003999 -0.000664 0.003493
39 33 0.001902 -0.000315 0.001754
40 33 0.000782 -0.000129 0.000755
41 33 0.000284 -0.000047 0.000285
42 33 0.000092 -0.000015 0.000096
43 33 0.000027 -0.000004 0.000029
44 33 0.000007 -0.000001 0.000008
45 33 0.000002 -0.000000 0.000002
46 33 0.000000 -0.000000 0.000000
47 33 0.000000 -0.000000 0.000000
48 33 0.000000 -0.000000 0.000000
49 33 0.000000 0.000000 0.000000

0 34 0.000000 0.000000 0.000000
1 34 0.013214 -0.009232 0.000154
2 34 0.024411 -0.019052 0.001733
3 34 0.035902 -0.029758 0.005986
4 34 0.033243 -0.035170 0.008772
5 34 0.018706 -0.028734 0.009645
6 34 -0.028118 -0.001122 0.000225
7 34 -0.076317 0.037977 -0.020688
8 34 -0.096713 0.058494 -0.037646
9 34 -0.038412 0.033700 -0.032334
10 34 0.072185 -0.025236 0.018400
11 34 0.111662 -0.055272 0.056335
12 34 0.035678 -0.023856 0.039738
13 34 -0.095832 0.029864 -0.032164
14 34 -0.098212 0.038979 -0.069365
15 34 0.035909 -0.002819 -0.005265
16 34 0.107211 -0.033777 0.061235
17 34 0.023897 -0.012754 0.039786
18 34 -0.097727 0.024337 -0.041986
19 34 -0.057239 0.016359 -0.060251
20 34 0.084216 -0.018647 0.027913
21 34 0.065980 -0.016235 0.064743
22 34 -0.066209 0.012900 -0.016745
23 34 -0.063541 0.013766 -0.057854
24 34 0.042808 -0.007935 0.005579
25 34 0.056002 -0.011560 0.046062
26 34 -0.019193 0.002911 0.005604
27 34 -0.046750 0.008770 -0.032421
28 34 -0.003641 0.000929 -0.015036
29 34 0.031135 -0.005736 0.016805
30 34 0.018697 -0.003644 0.018893
31 34 -0.010874 0.001753 -0.000892
32 34 -0.022594 0.003943 -0.014572
33 34 -0.013617 0.002345 -0.012297
34 34 0.000624 -0.000224 -0.002473
35 34 0.008842 -0.001693 0.005001
36 34 0.009811 -0.001840 0.007116
37 34 0.007142 -0.001331 0.005763
38 34 0.004075 -0.000757 0.003527
39 34 0.001944 -0.000360 0.001777
40 34 0.000802 -0.000148 0.000767
41 34 0.000292 -0.000054 0.000290
42 34 0.000095 -0.000018 0.000098
43 34 0.000028 -0.000005 0.000030
44 34 0.000008 -0.000001 0.000008
45 34 0.000002 -0.000000 0.000002
46 34 0.000000 -0.000000 0.000000
47 34 0.000000 -0.000000 0.000000
48 34 0.000000 -0.000000 0.000000
49 34 0.000000 0.000000 0.000000

0 35 0.000000 0.000000 0.000000
1 35 0.004102 -0.006586 0.004096
2 35 0.004335 -0.010968 0.003876
3 35 0.000305 -0.011736 0.004456
4 35 -0.016724 -0.003368 0.000937
5 35 -0.037923 0.012947 -0.003763
6 35 -0.068780 0.037916 -0.015379
7 35 -0.071473 0.051344 -0.024477
8 35 -0.042522 0.039614 -0.021837
9 35 0.037123 -0.004658 0.000278
10 35 0.101904 -0.048815 0.040437
11 35 0.076179 -0.044916 0.044540
12 35 -0.019253 0.001198 0.008822
13 35 -0.112307 0.045738 -0.050402
14 35 -0.055474 0.030658 -0.053809
15 35 0.077395 -0.023879 0.022448
16 35 0.091270 -0.038381 0.061476
17 35 -0.012599 -0.000102 0.018170
18 35 -0.100119 0.032260 -0.050023
19 35 -0.035901 0.012582 -0.048671
20 35 0.092481 -0.024367 0.036571
21 35 0.056931 -0.016460 0.060483
22 35 -0.073388 0.016172 -0.022939
23 35 -0.060994 0.015120 -0.057335
24 35 0.047421 -0.009588 0.009017
25 35 0.056306 -0.013026 0.046860
26 35 -0.021471 0.003489 0.004128
27 35 -0.047894 0.009962 -0.033382
28 35 -0.003034 0.001057 -0.014752
29 35 0.032042 -0.006459 0.017365
30 35 0.018951 -0.004133 0.019054
31 35 -0.011136 0.001917 -0.001027
32 35 -0.022903 0.004397 -0.014708
33 35 -0.013751 0.002641 -0.012336
34 35 0.000636 -0.000215 -0.002466
35 35 0.008902 -0.001858 0.005001
36 35 0.009860 -0.002032 0.007097
37 35 0.007168 -0.001473 0.005737
38 35 0.004085 -0.000838 0.003506
39 35 0.001947 -0.000399 0.001764
40 35 0.000802 -0.000165 0.000760
41 35 0.000292 -0.000060 0.000287
42 35 0.000095 -0.000019 0.000097
43 35 0.000028 -0.000006 0.000029
44 35 0.000007 -0.000002 0.000008
45 35 0.000002 -0.000000 0.000002
46 35 0.000000 -0.000000 0.000000
47 35 0.000000 -0.000000 0.000000
48 35 0.000000 -0.000000 0.000000
49 35 0.000000 0.000000 0.000000

0 36 0.000000 0.000000 0.000000
1 36 -0.007170 0.002385 0.000891
2 36 -0.016228 0.006585 -0.000371
3 36 -0.026996 0.014076 -0.002230
4 36 -0.040121 0.025119 -0.006700
5 36 -0.047325 0.036232 -0.010636
6 36 -0.044821 0.041851 -0.014826
7 36 -0.014237 0.029178 -0.011265
8 36 0.033492 -0.000805 0.002355
9 36 0.087683 -0.040364 0.023908
10 36 0.089747 -0.052727 0.039843
11 36 0.021634 -0.022571 0.019530
12 36 -0.067829 0.026155 -0.020818
13 36 -0.101727 0.049215 -0.054851
14 36 -0.005105 0.010903 -0.026863
15 36 0.092519 -0.035056 0.041832
16 36 0.063049 -0.027249 0.050894
17 36 -0.034239 0.011971 -0.000275
18 36 -0.090969 0.031253 -0.051801
19 36 -0.015026 0.005498 -0.035759
20 36 0.096559 -0.027779 0.044171
21 36 0.043652 -0.014012 0.053826
22 36 -0.081171 0.019886 -0.030773
23 36 -0.054774 0.015286 -0.055214
24 36 0.054267 -0.012038 0.014659
25 36 0.054728 -0.014116 0.047161
26 36 -0.025904 0.004653 0.000915
27 36 -0.048556 0.011140 -0.034584
28 36 -0.000884 0.000849 -0.013434
29 36 0.033319 -0.007306 0.018506
30 36 0.018447 -0.004486 0.018853
31 36 -0.012074 0.002226 -0.001722
32 36 -0.023235 0.004869 -0.014997
33 36 -0.013521 0.002870 -0.012168
34 36 0.000972 -0.000270 -0.002202
35 36 0.009081 -0.002047 0.005124
36 36 0.009877 -0.002217 0.007075
37 36 0.007114 -0.001597 0.005656
38 36 0.004027 -0.000905 0.003431
39 36 0.001909 -0.000430 0.001716
40 36 0.000783 -0.000176 0.000736
41 36 0.000284 -0.000064 0.000277
42 36 0.000092 -0.000021 0.000093
43 36 0.000027 -0.000006 0.000028
44 36 0.000007 -0.000002 0.000008
45 36 0.000002 -0.000000 0.000002
46 36 0.000000 -0.000000 0.000000
47 36 0.000000 -0.000000 0.000000
48 36 0.000000 -0.000000 0.000000
49 36 0.000000 0.000000 0.000000

0 37 0.000000 0.000000 0.000000
1 37 -0.007610 0.006549 -0.004223
2 37 -0.015107 0.013127 -0.005138
3 37 -0.018446 0.019206 -0.006156
4 37 -0.018742 0.022698 -0.007567
5 37 -0.006995 0.020534 -0.007032
6 37 0.013620 0.008390 -0.003183
7 37 0.046763 -0.014004 0.005013
8 37 0.074346 -0.039506 0.018312
9 37 0.075470 -0.051371 0.024935
10 37 0.031054 -0.031419 0.019479
11 37 -0.047950 0.012674 -0.010941
12 37 -0.095408 0.049621 -0.039873
13 37 -0.062892 0.042320 -0.040771
14 37 0.044287 -0.007374 0.003507
15 37 0.101922 -0.038017 0.052951
16 37 0.042200 -0.019344 0.038116
17 37 -0.055058 0.017701 -0.017863
18 37 -0.086524 0.031317 -0.054071
19 37 0.008298 0.001113 -0.020744
20 37 0.102950 -0.030629 0.053595
21 37 0.026758 -0.010926 0.044706
22 37 -0.090168 0.023917 -0.040653
23 37 -0.044605 0.014452 -0.051028
24 37 0.063102 -0.015213 0.022515
25 37 0.050735 -0.014655 0.046511
26 37 -0.032437 0.006509 -0.004123
27 37 -0.048360 0.012218 -0.035763
28 37 0.002925 0.000192 -0.010942
29 37 0.034821 -0.008284 0.020141
30 37 0.017060 -0.004643 0.018186
31 37 -0.013685 0.002723 -0.002984
32 37 -0.023532 0.005354 -0.015396
33 37 -0.012894 0.003008 -0.011765
34 37 0.001630 -0.000408 -0.001685
35 37 0.009363 -0.002265 0.005359
36 37 0.009852 -0.002391 0.007042
37 37 0.006976 -0.001699 0.005517
38 37 0.003903 -0.000954 0.003303
39 37 0.001833 -0.000449 0.001635
40 37 0.000746 -0.000183 0.000695
41 37 0.000268 -0.000066 0.000260
42 37 0.000086 -0.000021 0.000087
43 37 0.000025 -0.000006 0.000026
44 37 0.000007 -0.000002 0.000007
45 37 0.000002 -0.000000 0.000002
46 37 0.000000 -0.000000 0.000000
47 37 0.000000 -0.000000 0.000000
48 37 0.000000 -0.000000 0.000000
49 37 0.000000 0.000000 0.000000

0 38 0.000000 0.000000 0.000000
1 38 0.000233 0.002232 -0.004934
2 38 0.000674 0.003700 -0.005106
3 38 0.007350 0.001941 -0.003728
4 38 0.013926 -0.002699 -0.002868
5 38 0.031085 -0.013388 0.001308
6 38 0.042144 -0.026709 0.006014
7 38 0.054606 -0.039632 0.011307
8 38 0.043121 -0.042300 0.015463
9 38 0.008111 -0.024270 0.006680
10 38 -0.043432 0.010508 -0.006416
11 38 -0.091199 0.047417 -0.032049
12 38 -0.070377 0.052806 -0.035770
13 38 0.003192 0.017104 -0.011572
14 38 0.089935 -0.030290 0.029465
15 38 0.097395 -0.042781 0.053915
16 38 -0.000720 -0.008104 0.015383
17 38 -0.086617 0.033339 -0.039855
18 38 -0.067473 0.034588 -0.049027
19 38 0.047331 -0.008340 0.003221
20 38 0.106050 -0.035466 0.061790
21 38 0.000528 -0.004741 0.029220
22 38 -0.098290 0.029465 -0.051474
23 38 -0.027880 0.012056 -0.042732
24 38 0.073302 -0.019343 0.032373
25 38 0.043217 -0.014312 0.043953
26 38 -0.040815 0.009201 -0.011000
27 38 -0.046643 0.013039 -0.036417
28 38 0.008473 -0.001041 -0.007119
29 38 0.036250 -0.009357 0.022079
30 38 0.014625 -0.004518 0.016899
31 38 -0.015908 0.003439 -0.004792
32 38 -0.023681 0.005830 -0.015818
33 38 -0.011826 0.003023 -0.011085
34 38 0.002594 -0.000643 -0.000924
35 38 0.009720 -0.002511 0.005680
36 38 0.009766 -0.002549 0.006982
37 38 0.006752 -0.001774 0.005317
38 38 0.003714 -0.000981 0.003124
39 38 0.001721 -0.000456 0.001524
40 38 0.000692 -0.000184 0.000640
41 38 0.000247 -0.000066 0.000237
42 38 0.000079 -0.000021 0.000078
43 38 0.000023 -0.000006 0.000023
44 38 0.000006 -0.000002 0.000006
45 38 0.000001 -0.000000 0.000002
46 38 0.000000 -0.000000 0.000000
47 38 0.000000 -0.000000 0.000000
48 38 0.000000 -0.000000 0.000000
49 38 0.000000 0.000000 0.000000

0 39 0.000000 0.000000 0.000000
1 39 0.005855 -0.003700 -0.001280
2 39 0.011209 -0.007699 -0.001195
3 39 0.019268 -0.014070 0.001307
4 39 0.022999 -0.019938 0.001686
5 39 0.030224 -0.028047 0.005985
6 39 0.021796 -0.029874 0.005630
7 39 0.013593 -0.027372 0.006313
8 39 -0.020687 -0.010228 0.000617
9 39 -0.050965 0.015277 -0.011823
10 39 -0.076866 0.039496 -0.020327
11 39 -0.071265 0.048043 -0.031042
12 39 -0.005197 0.019556 -0.011448
13 39 0.057770 -0.022288 0.015559
14 39 0.096577 -0.049176 0.039005
15 39 0.045586 -0.032280 0.035527
16 39 -0.065269 0.021238 -0.018512
17 39 -0.092372 0.050168 -0.051606
18 39 -0.016196 0.023787 -0.026475
19 39 0.085380 -0.024995 0.029042
20 39 0.090214 -0.034352 0.059403
21 39 -0.032168 0.008186 0.007786
22 39 -0.097334 0.034807 -0.058330
23 39 -0.002818 0.006626 -0.028633
24 39 0.082363 -0.023936 0.042698
25 39 0.031014 -0.012299 0.038333
26 39 -0.050043 0.012773 -0.019267
27 39 -0.042443 0.013299 -0.035777
28 39 0.015673 -0.002962 -0.001881
29 39 0.037126 -0.010423 0.023984
30 39 0.010970 -0.004006 0.014807
31 39 -0.018601 0.004383 -0.007074
32 39 -0.023521 0.006256 -0.016136
33 39 -0.010275 0.002881 -0.010082
34 39 0.003823 -0.000984 0.000057
35 39 0.010104 -0.002779 0.006051
36 39 0.009598 -0.002682 0.006876
37 39 0.006438 -0.001816 0.005054
38 39 0.003466 -0.000984 0.002900
39 39 0.001579 -0.000451 0.001389
40 39 0.000626 -0.000180 0.000575
41 39 0.000220 -0.000063 0.000210
42 39 0.000070 -0.000020 0.000069
43 39 0.000020 -0.000006 0.000020
44 39 0.000005 -0.000002 0.000005
45 39 0.000001 -0.000000 0.000001
46 39 0.000000 -0.000000 0.000000
47 39 0.000000 -0.000000 0.000000
48 39 0.000000 -0.000000 0.000000
49 39 0.000000 0.000000 0.000000

0 40 0.000000 0.000000 0.000000
1 40 0.004700 -0.004445 0.001994
2 40 0.008835 -0.008582 0.001870
3 40 0.010845 -0.012358 0.003471
4 40 0.008985 -0.013687 0.002268
5 40 0.004010 -0.013309 0.004163
6 40 -0.012133 -0.005404 -0.000590
7 40 -0.025424 0.004340 -0.001791
8 40 -0.052073 0.022593 -0.010780
9 40 -0.053976 0.032505 -0.015679
10 40 -0.049527 0.033384 -0.016026
11 40 -0.008595 0.012921 -0.011699
12 40 0.048266 -0.025735 0.013995
13 40 0.065085 -0.048151 0.025381
14 40 0.051187 -0.045137 0.028230
15 40 -0.034322 -0.002148 0.002735
16 40 -0.103458 0.046245 -0.044734
17 40 -0.056327 0.041110 -0.041050
18 40 0.034639 -0.002580 0.001980
19 40 0.093083 -0.035022 0.041169
20 40 0.056133 -0.021462 0.044876
21 40 -0.059239 0.024115 -0.013314
22 40 -0.082209 0.036383 -0.057566
23 40 0.028172 -0.001512 -0.009641
24 40 0.087262 -0.027181 0.051331
25 40 0.014329 -0.007768 0.029190
26 40 -0.058112 0.016966 -0.027789
27 40 -0.034689 0.012600 -0.032931
28 40 0.024157 -0.005582 0.004677
29 40 0.036827 -0.011280 0.025392
30 40 0.005994 -0.002991 0.011749
31 40 -0.021514 0.005531 -0.009682
32 40 -0.022847 0.006564 -0.016184
33 40 -0.008214 0.002547 -0.008714
34 40 0.005254 -0.001431 0.001214
35 40 0.010455 -0.003057 0.006421
36 40 0.009324 -0.002781 0.006701
37 40 0.006036 -0.001821 0.004726
38 40 0.003167 -0.000963 0.002637
39 40 0.001414 -0.000433 0.001236
40 40 0.000551 -0.000169 0.000502
41 40 0.000191 -0.000059 0.000181
42 40 0.000060 -0.000018 0.000058
43 40 0.000017 -0.000005 0.000017
44 40 0.000004 -0.000001 0.000005
45 40 0.000001 -0.000000 0.000001
46 40 0.000000 -0.000000 0.000000
47 40 0.000000 -0.000000 0.000000
48 40 0.000000 -0.000000 0.000000
49 40 0.000000 0.000000 0.000000

0 41 0.000000 0.000000 0.000000
1 41 -0.001104 -0.000382 0.001436
2 41 -0.001993 -0.000391 0.001052
3 41 -0.006651 0.001693 0.000986
4 41 -0.010926 0.005246 -0.000912
5 41 -0.019706 0.011740 -0.001337
6 41 -0.027789 0.020419 -0.006040
7 41 -0.031552 0.027333 -0.006047
8 41 -0.032914 0.033055 -0.011172
9 41 -0.010347 0.024022 -0.006266
10 41 0.010707 0.008434 -0.001329
11 41 0.052608 -0.021811 0.010360
12 41 0.067186 -0.044960 0.025772
13 41 0.041356 -0.042330 0.019388
14 41 -0.006097 -0.019566 0.008246
15 41 -0.085471 0.024831 -0.024560
16 41 -0.090824 0.041262 -0.047338
17 41 -0.011853 0.008201 -0.017416
18 41 0.050187 -0.026661 0.018649
19 41 0.069859 -0.034105 0.036924
20 41 0.013979 -0.005717 0.023879
21 41 -0.079190 0.035825 -0.031782
22 41 -0.057179 0.033252 -0.050398
23 41 0.060406 -0.010299 0.011833
24 41 0.085932 -0.027179 0.056393
25 41 -0.005202 -0.000213 0.016810
26 41 -0.062204 0.021360 -0.034874
27 41 -0.022313 0.010660 -0.026915
28 41 0.033313 -0.008694 0.012262
29 41 0.034728 -0.011612 0.025777
30 41 -0.000218 -0.001370 0.007673
31 41 -0.024257 0.006811 -0.012361
32 41 -0.021438 0.006667 -0.015773
33 41 -0.005655 0.001992 -0.006965
34 41 0.006788 -0.001970 0.002482
35 41 0.010704 -0.003323 0.006734
36 41 0.008922 -0.002832 0.006436
37 41 0.005549 -0.001784 0.004336
38 41 0.002829 -0.000918 0.002344
39 41 0.001234 -0.000403 0.001072
40 41 0.000472 -0.000155 0.000427
41 41 0.000161 -0.000053 0.000151
42 41 0.000049 -0.000016 0.000048
43 41 0.000014 -0.000005 0.000014
44 41 0.000004 -0.000001 0.000004
45 41 0.000001 -0.000000 0.000001
46 41 0.000000 -0.000000 0.000000
47 41 0.000000 -0.000000 0.000000
48 41 0.000000 -0.000000 0.000000
49 41 0.000000 0.000000 0.000000

0 42 0.000000 0.000000 0.000000
1 42 -0.006083 0.003132 -0.001475
2 42 -0.011081 0.006221 -0.001860
3 42 -0.018112 0.010995 -0.002856
4 42 -0.020932 0.015028 -0.004090
5 42 -0.025458 0.020616 -0.005169
6 42 -0.020967 0.022961 -0.006769
7 42 -0.013095 0.022515 -0.004848
8 42 0.004925 0.015891 -0.004276
9 42 0.032312 0.000373 0.004739
10 42 0.051706 -0.014862 0.009695
11 42 0.071302 -0.032150 0.019267
12 42 0.049497 -0.028963 0.019670
13 42 0.009507 -0.009655 0.005245
14 42 -0.038596 0.016840 -0.008759
15 42 -0.077934 0.039979 -0.031824
16 42 -0.036144 0.020390 -0.026678
17 42 0.027782 -0.021003 0.008183
18 42 0.049045 -0.040226 0.025464
19 42 0.036495 -0.033372 0.026135
20 42 -0.036983 0.002996 -0.001314
21 42 -0.100436 0.039707 -0.049859
22 42 -0.029375 0.023854 -0.038948
23 42 0.086270 -0.019948 0.032118
24 42 0.073806 -0.023176 0.054515
25 42 -0.026219 0.010530 0.001331
26 42 -0.059125 0.025523 -0.038466
27 42 -0.004382 0.007479 -0.016849
28 42 0.042392 -0.011759 0.020375
29 42 0.030459 -0.010959 0.024694
30 42 -0.007216 0.000940 0.002763
31 42 -0.026260 0.008100 -0.014713
32 42 -0.019075 0.006467 -0.014704
33 42 -0.002662 0.001205 -0.004860
34 42 0.008300 -0.002569 0.003768
35 42 0.010779 -0.003549 0.006931
36 42 0.008378 -0.002824 0.006067
37 42 0.004991 -0.001706 0.003892
38 42 0.002464 -0.000850 0.002032
39 42 0.001047 -0.000364 0.000904
40 42 0.000392 -0.000137 0.000352
41 42 0.000131 -0.000046 0.000122
42 42 0.000040 -0.000014 0.000038
43 42 0.000011 -0.000004 0.000011
44 42 0.000003 -0.000001 0.000003
45 42 0.000001 -0.000000 0.000001
46 42 0.000000 -0.000000 0.000000
47 42 0.000000 -0.000000 0.000000
48 42 0.000000 -0.000000 0.000000
49 42 0.000000 0.000000 0.000000

0 43 0.000000 0.000000 0.000000
1 43 -0.003748 0.002487 -0.002745
2 43 -0.006295 0.004373 -0.002746
3 43 -0.008831 0.006245 -0.003323
4 43 -0.007067 0.005748 -0.003029
5 43 -0.005215 0.004639 -0.003155
6 43 0.004445 -0.001286 -0.001741
7 43 0.012986 -0.008350 0.000641
8 43 0.027533 -0.019567 0.003337
9 43 0.035820 -0.028961 0.008656
10 43 0.034345 -0.031578 0.008434
11 43 0.022752 -0.025462 0.009232
12 43 -0.013568 -0.000353 -0.001078
13 43 -0.039446 0.026256 -0.013366
14 43 -0.054388 0.047257 -0.020139
15 43 -0.033402 0.045511 -0.022210
16 43 0.036828 0.006799 0.003676
17 43 0.075527 -0.029028 0.031225
18 43 0.063009 -0.039917 0.032100
19 43 0.009875 -0.027525 0.016254
20 43 -0.084587 0.011475 -0.025618
21 43 -0.109064 0.034014 -0.059708
22 43 0.000679 0.001897 -0.021043
23 43 0.091461 -0.033633 0.044520
24 43 0.040474 -0.016084 0.039458
25 43 -0.049491 0.022987 -0.017735
26 43 -0.047291 0.028203 -0.037101
27 43 0.018514 0.003271 -0.002866
28 43 0.050283 -0.013771 0.028062
29 43 0.024249 -0.008668 0.021977
30 43 -0.013919 0.004004 -0.002375
31 43 -0.026714 0.009253 -0.016154
32 43 -0.015550 0.005895 -0.012782
33 43 0.000647 0.000214 -0.002462
34 43 0.009652 -0.003178 0.004968
35 43 0.010623 -0.003704 0.006961
36 43 0.007693 -0.002748 0.005591
37 43 0.004380 -0.001587 0.003409
38 43 0.002090 -0.000765 0.001716
39 43 0.000864 -0.000318 0.000742
40 43 0.000316 -0.000117 0.000282
41 43 0.000103 -0.000039 0.000096
42 43 0.000031 -0.000011 0.000029
43 43 0.000008 -0.000003 0.000008
44 43 0.000002 -0.000001 0.000002
45 43 0.000000 -0.000000 0.000000
46 43 0.000000 -0.000000 0.000000
47 43 0.000000 -0.000000 0.000000
48 43 0.000000 -0.000000 0.000000
49 43 0.000000 0.000000 0.000000

0 44 0.000000 0.000000 0.000000
1 44 0.004066 -0.000147 -0.001849
2 44 0.008742 -0.001012 -0.001371
3 44 0.013953 -0.002911 -0.000917
4 44 0.020718 -0.006973 0.000680
5 44 0.026647 -0.012323 0.001824
6 44 0.033572 -0.020433 0.004437
7 44 0.034147 -0.027375 0.005874
8 44 0.031763 -0.034154 0.007207
9 44 0.015231 -0.033452 0.006296
10 44 -0.009102 -0.025489 0.000766
11 44 -0.041786 -0.007998 -0.005940
12 44 -0.073976 0.016761 -0.018574
13 44 -0.078206 0.032779 -0.024208
14 44 -0.057838 0.037542 -0.021914
15 44 0.002006 0.019267 -0.008133
16 44 0.071510 -0.012467 0.021364
17 44 0.088488 -0.024718 0.035736
18 44 0.058709 -0.017160 0.027046
19 44 -0.011971 0.006524 0.003197
20 44 -0.087063 0.034806 -0.035007
21 44 -0.060984 0.021488 -0.041494
22 44 0.044403 -0.030953 0.009449
23 44 0.068195 -0.049247 0.044658
24 44 -0.018803 -0.008522 0.008930
25 44 -0.076275 0.031301 -0.039565
26 44 -0.030935 0.025677 -0.031916
27 44 0.040673 -0.002115 0.011765
28 44 0.054270 -0.013543 0.033137
29 44 0.016833 -0.004056 0.017697
30 44 -0.018549 0.007872 -0.006669
31 44 -0.024536 0.010186 -0.015908
32 44 -0.010623 0.004974 -0.009803
33 44 0.004169 -0.000887 0.000159
34 44 0.010743 -0.003718 0.005998
35 44 0.010215 -0.003753 0.006801
36 44 0.006891 -0.002598 0.005023
37 44 0.003742 -0.001432 0.002906
38 44 0.001723 -0.000666 0.001407
39 44 0.000692 -0.000270 0.000590
40 44 0.000247 -0.000097 0.000218
41 44 0.000079 -0.000031 0.000072
42 44 0.000023 -0.000009 0.000022
43 44 0.000006 -0.000002 0.000006
44 44 0.000001 -0.000001 0.000001
45 44 0.000000 -0.000000 0.000000
46 44 0.000000 -0.000000 0.000000
47 44 0.000000 -0.000000 0.000000
48 44 0.000000 -0.000000 0.000000
49 44 0.000000 0.000000 0.000000

0 45 0.000000 0.000000 0.000000
1 45 0.004995 -0.002068 -0.000594
2 45 0.009905 -0.004180 -0.000195
3 45 0.014901 -0.006465 0.000326
4 45 0.019175 -0.008596 0.001458
5 45 0.022051 -0.010110 0.002152
6 45 0.022513 -0.010474 0.003417
7 45 0.017747 -0.007802 0.003087
8 45 0.009185 -0.002709 0.002591
9 45 -0.007386 0.007399 -0.000505
10 45 -0.023575 0.017798 -0.004766
11 45 -0.039570 0.027459 -0.009064
12 45 -0.043272 0.028500 -0.013177
13 45 -0.027689 0.014755 -0.009617
14 45 -0.001888 -0.008725 -0.002508
15 45 0.033139 -0.038469 0.009643
16 45 0.043751 -0.050829 0.019823
17 45 0.014602 -0.029659 0.011171
18 45 -0.025137 0.010016 -0.006674
19 45 -0.058989 0.051326 -0.023978
20 45 -0.044497 0.061079 -0.029742
21 45 0.044829 0.011390 0.002979
22 45 0.106385 -0.049379 0.049141
23 45 0.039030 -0.048789 0.039309
24 45 -0.076568 -0.000036 -0.022424
25 45 -0.096697 0.027581 -0.055687
26 45 -0.018868 0.012281 -0.025685
27 45 0.049436 -0.010233 0.019958
28 45 0.048018 -0.011107 0.031291
29 45 0.007874 0.002777 0.011301
30 45 -0.019563 0.012390 -0.009206
31 45 -0.018682 0.010956 -0.013277
32 45 -0.003975 0.003925 -0.005554
33 45 0.007946 -0.001887 0.003013
34 45 0.011606 -0.004072 0.006867
35 45 0.009617 -0.003656 0.006491
36 45 0.006028 -0.002373 0.004404
37 45 0.003114 -0.001250 0.002413
38 45 0.001380 -0.000561 0.001122
39 45 0.000537 -0.000220 0.000455
40 45 0.000187 -0.000077 0.000164
41 45 0.000059 -0.000024 0.000053
42 45 0.000017 -0.000007 0.000016
43 45 0.000004 -0.000002 0.000004
44 45 0.000001 -0.000000 0.000001
45 45 0.000000 -0.000000 0.000000
46 45 0.000000 -0.000000 0.000000
47 45 0.000000 -0.000000 0.000000
48 45 0.000000 -0.000000 0.000000
49 45 0.000000 0.000000 0.000000

0 46 0.000000 0.000000 0.000000
1 46 -0.001726 -0.002914 0.001321
2 46 -0.004179 -0.005274 0.001183
3 46 -0.007507 -0.006745 0.000798
4 46 -0.012794 -0.006315 0.000174
5 46 -0.019420 -0.003645 -0.001093
6 46 -0.027825 0.002325 -0.002645
7 46 -0.036210 0.011596 -0.005231
8 46 -0.042054 0.023311 -0.007411
9 46 -0.042750 0.035976 -0.009856
10 46 -0.031538 0.044108 -0.009661
11 46 -0.009256 0.044758 -0.006515
12 46 0.027170 0.031265 0.001057
13 46 0.065586 0.005031 0.013501
14 46 0.088620 -0.026378 0.023740
15 46 0.081736 -0.052201 0.028461
16 46 0.026067 -0.052216 0.017715
17 46 -0.054890 -0.024824 -0.010391
18 46 -0.113008 0.013765 -0.037315
19 46 -0.112119 0.044630 -0.048072
20 46 -0.023483 0.038259 -0.026270
21 46 0.101712 -0.005536 0.028909
22 46 0.129716 -0.032612 0.063906
23 46 0.026243 -0.011118 0.031286
24 46 -0.079502 0.019272 -0.029693
25 46 -0.078086 0.014689 -0.047078
26 46 -0.007912 -0.011816 -0.014746
27 46 0.035502 -0.022810 0.017291
28 46 0.023495 -0.009308 0.018072
29 46 -0.006405 0.009438 0.000583
30 46 -0.018226 0.016509 -0.010790
31 46 -0.009448 0.011596 -0.008540
32 46 0.004495 0.003168 -0.000067
33 46 0.012259 -0.002431 0.006228
34 46 0.012541 -0.004058 0.007762
35 46 0.009051 -0.003355 0.006187
36 46 0.005233 -0.002065 0.003831
37 46 0.002555 -0.001044 0.001975
38 46 0.001085 -0.000453 0.000878
39 46 0.000408 -0.000173 0.000344
40 46 0.000138 -0.000059 0.000120
41 46 0.000042 -0.000018 0.000038
42 46 0.000012 -0.000005 0.000011
43 46 0.000003 -0.000001 0.000003
44 46 0.000001 -0.000000 0.000001
45 46 0.000000 -0.000000 0.000000
46 46 0.000000 -0.000000 0.000000
47 46 0.000000 -0.000000 0.000000
48 46 0.000000 -0.000000 0.000000
49 46 0.000000 0.000000 0.000000

0 47 0.000000 0.000000 0.000000
1 47 -0.002372 0.000440 0.001227
2 47 -0.005343 0.001091 0.001023
3 47 -0.009138 0.001957 0.000598
4 47 -0.014418 0.003356 -0.000168
5 47 -0.020576 0.004907 -0.001319
6 47 -0.027690 0.006784 -0.002841
7 47 -0.033685 0.007985 -0.004756
8 47 -0.037026 0.008087 -0.006345
9 47 -0.034704 0.005906 -0.007536
10 47 -0.023847 0.000576 -0.006573
11 47 -0.005000 -0.006777 -0.003619
12 47 0.021335 -0.015336 0.002331
13 47 0.045049 -0.019297 0.009779
14 47 0.056990 -0.015093 0.014929
15 47 0.047947 -0.000941 0.015685
16 47 0.013072 0.020770 0.007138
17 47 -0.028219 0.034118 -0.007548
18 47 -0.053615 0.027019 -0.018592
19 47 -0.046845 -0.000862 -0.020369
20 47 -0.000848 -0.038687 -0.006172
21 47 0.043690 -0.051634 0.016818
22 47 0.031858 -0.013570 0.020241
23 47 -0.016142 0.040805 -0.002395
24 47 -0.031043 0.050950 -0.018689
25 47 0.000176 0.010832 -0.007244
26 47 0.026461 -0.030158 0.012210
27 47 0.014457 -0.034644 0.013094
28 47 -0.015823 -0.011288 -0.002882
29 47 -0.030316 0.011124 -0.015849
30 47 -0.020435 0.017406 -0.014707
31 47 -0.000669 0.011385 -0.004275
32 47 0.013473 0.002960 0.005569
33 47 0.017249 -0.002121 0.009756
34 47 0.014098 -0.003424 0.009008
35 47 0.008969 -0.002739 0.006199
36 47 0.004758 -0.001636 0.003492
37 47 0.002178 -0.000805 0.001680
38 47 0.000879 -0.000341 0.000708
39 47 0.000317 -0.000127 0.000265
40 47 0.000103 -0.000043 0.000090
41 47 0.000031 -0.000013 0.000027
42 47 0.000008 -0.000004 0.000008
43 47 0.000002 -0.000001 0.000002
44 47 0.000000 -0.000000 0.000000
45 47 0.000000 -0.000000 0.000000
46 47 0.000000 -0.000000 0.000000
47 47 0.000000 -0.000000 0.000000
48 47 0.000000 -0.000000 0.000000
49 47 0.000000 0.000000 0.000000

0 48 0.000000 0.000000 0.000000
1 48 -0.000584 0.004682 -0.002981
2 48 -0.000608 0.009277 -0.002978
3 48 0.000571 0.013492 -0.002859
4 48 0.003440 0.016993 -0.002612
5 48 0.008719 0.018817 -0.001912
6 48 0.016303 0.018153 -0.000755
7 48 0.026364 0.013375 0.001221
8 48 0.036830 0.003849 0.003850
9 48 0.045832 -0.011005 0.006854
10 48 0.048431 -0.029305 0.009556
11 48 0.040387 -0.046794 0.010100
12 48 0.018496 -0.057283 0.007553
13 48 -0.017423 -0.052066 -0.000181
14 48 -0.056482 -0.027843 -0.011682
15 48 -0.083989 0.012653 -0.023002
16 48 -0.079221 0.055024 -0.028258
17 48 -0.029854 0.074010 -0.018276
18 48 0.044396 0.054271 0.006226
19 48 0.104113 -0.000654 0.033202
20 48 0.101523 -0.061188 0.045163
21 48 0.012995 -0.075220 0.021942
22 48 -0.096872 -0.023586 -0.029027
23 48 -0.115689 0.041557 -0.057937
24 48 -0.024653 0.055705 -0.029856
25 48 0.073149 0.018034 0.024183
26 48 0.084007 -0.021805 0.046792
27 48 0.020840 -0.029500 0.023190
28 48 -0.041282 -0.012387 -0.013938
29 48 -0.055701 0.005529 -0.030866
30 48 -0.031256 0.011575 -0.022729
31 48 0.000352 0.008181 -0.004835
32 48 0.018647 0.002579 0.008343
33 48 0.021679 -0.000960 0.012540
34 48 0.016539 -0.001982 0.010661
35 48 0.009942 -0.001646 0.006888
36 48 0.005023 -0.000993 0.003681
37 48 0.002203 -0.000490 0.001693
38 48 0.000856 -0.000207 0.000685
39 48 0.000298 -0.000077 0.000248
40 48 0.000094 -0.000026 0.000081
41 48 0.000027 -0.000008 0.000024
42 48 0.000007 -0.000002 0.000007
43 48 0.000002 -0.000001 0.000002
44 48 0.000000 -0.000000 0.000000
45 48 0.000000 -0.000000 0.000000
46 48 0.000000 -0.000000 0.000000
47 48 0.000000 -0.000000 0.000000
48 48 0.000000 -0.000000 0.000000
49 48 0.000000 0.000000 0.000000

0 49 0.000000 0.000000 0.000000
1 49 0.000000 0.000000 0.000000
2 49 0.000000 0.000000 0.000000
3 49 0.000000 0.000000 0.000000
4 49 0.000000 0.000000 0.000000
5 49 0.000000 0.000000 0.000000
6 49 0.000000 0.000000 0.000000
7 49 0.000000 0.000000 0.000000
8 49 0.000000 0.000000 0.000000
9 49 0.000000 0.000000 0.000000
10 49 0.000000 0.000000 0.000000
11 49 0.000000 0.000000 0.000000
12 49 0.000000 0.000000 0.000000
13 49 0.000000 0.000000 0.000000
14 49 0.000000 0.000000 0.000000
15 49 0.000000 0.000000 0.000000
16 49 0.000000 0.000000 0.000000
17 49 0.000000 0.000000 0.000000
18 49 0.000000 0.000000 0.000000
19 49 0.000000 0.000000 0.000000
20 49 0.000000 0.000000 0.000000
21 49 0.000000 0.000000 0.000000
22 49 0.000000 0.000000 0.000000
23 49 0.000000 0.000000 0.000000
24 49 0.000000 0.000000 0.000000
25 49 0.000000 0.000000 0.000000
26 49 0.000000 0.000000 0.000000
27 49 0.000000 0.000000 0.000000
28 49 0.000000 0.000000 0.000000
29 49 0.000000 0.000000 0.000000
30 49 0.000000 0.000000 0.000000
31 49 0.000000 0.000000 0.000000
32 49 0.000000 0.000000 0.000000
33 49 0.000000 0.000000 0.000000
34 49 0.000000 0.000000 0.000000
35 49 0.000000 0.000000 0.000000
36 49 0.000000 0.000000 0.000000
37 49 0.000000 0.000000 0.000000
38 49 0.000000 0.000000 0.000000
39 49 0.000000 0.000000 0.000000
40 49 0.000000 0.000000 0.000000
41 49 0.000000 0.000000 0.000000
42 49 0.000000 0.000000 0.000000
43 49 0.000000 0.000000 0.000000
44 49 0.000000 0.000000 0.000000
45 49 0.000000 0.000000 0.000000
46 49 0.000000 0.000000 0.000000
47 49 0.000000 0.000000 0.000000
48 49 0.000000 0.000000 0.000000
49 49 0.000000 0.000000 0.000000

