#:x y Ey Bx Bz
0 0 0.000000 0.000000 0.000000
1 0 0.000000 0.000000 0.000000
2 0 0.000000 0.000000 0.000000
3 0 0.000000 0.000000 0.000000
4 0 0.000000 0.000000 0.000000
5 0 0.000000 0.000000 0.000000
6 0 0.000000 0.000000 0.000000
7 0 0.000000 0.000000 0.000000
8 0 0.000000 0.000000 0.000000
9 0 0.000000 0.000000 0.000000
10 0 0.000000 0.000000 0.000000
11 0 0.000000 0.000000 0.000000
12 0 0.000000 0.000000 0.000000
13 0 0.000000 0.000000 0.000000
14 0 0.000000 0.000000 0.000000
15 0 0.000000 0.000000 0.000000
16 0 0.000000 0.000000 0.000000
17 0 0.000000 0.000000 0.000000
18 0 0.000000 0.000000 0.000000
19 0 0.000000 0.000000 0.000000
20 0 0.000000 0.000000 0.000000
21 0 0.000000 0.000000 0.000000
22 0 0.000000 0.000000 0.000000
23 0 0.000000 0.000000 0.000000
24 0 0.000000 0.000000 0.000000
25 0 0.000000 0.000000 0.000000
26 0 0.000000 0.000000 0.000000
27 0 0.000000 0.000000 0.000000
28 0 0.000000 0.000000 0.000000
29 0 0.000000 0.000000 0.000000
30 0 0.000000 0.000000 0.000000
31 0 0.000000 0.000000 0.000000
32 0 0.000000 0.000000 0.000000
33 0 0.000000 0.000000 0.000000
34 0 0.000000 0.000000 0.000000
35 0 0.000000 0.000000 0.000000
36 0 0.000000 0.000000 0.000000
37 0 0.000000 0.000000 0.000000
38 0 0.000000 0.000000 0.000000
39 0 0.000000 0.000000 0.000000
40 0 0.000000 0.000000 0.000000
41 0 0.000000 0.000000 0.000000
42 0 0.000000 0.000000 0.000000
43 0 0.000000 0.000000 0.000000
44 0 0.000000 0.000000 0.000000
45 0 0.000000 0.000000 0.000000
46 0 0.000000 0.000000 0.000000
47 0 0.000000 0.000000 0.000000
48 0 0.000000 0.000000 0.000000
49 0 0.000000 0.000000 0.000000

0 1 0.000000 0.000000 0.000000
1 1 -0.001424 0.000281 -0.000281
2 1 -0.002775 0.000670 -0.000389
3 1 -0.003955 0.001262 -0.000592
4 1 -0.004825 0.002124 -0.000862
5 1 -0.005208 0.003271 -0.001147
6 1 -0.004913 0.004642 -0.001371
7 1 -0.003800 0.006081 -0.001439
8 1 -0.001870 0.007340 -0.001259
9 1 0.000642 0.008120 -0.000780
10 1 0.003242 0.008169 -0.000048
11 1 0.005275 0.007393 0.000776
12 1 0.006173 0.005948 0.001444
13 1 0.005780 0.004211 0.001737
14 1 0.004475 0.002606 0.001605
15 1 0.002910 0.001406 0.001200
16 1 0.001608 0.000662 0.000744
17 1 0.000762 0.000273 0.000389
18 1 0.000313 0.000099 0.000174
19 1 0.000112 0.000032 0.000067
20 1 0.000035 0.000009 0.000023
21 1 0.000010 0.000002 0.000007
22 1 0.000002 0.000001 0.000002
23 1 0.000001 0.000000 0.000000
24 1 0.000000 0.000000 0.000000
25 1 0.000000 0.000000 0.000000
26 1 0.000000 0.000000 0.000000
27 1 0.000000 0.000000 0.000000
28 1 0.000000 0.000000 0.000000
29 1 0.000000 0.000000 0.000000
30 1 0.000000 0.000000 0.000000
31 1 0.000000 0.000000 0.000000
32 1 0.000000 0.000000 0.000000
33 1 0.000000 0.000000 0.000000
34 1 0.000000 0.000000 0.000000
35 1 0.000000 0.000000 0.000000
36 1 0.000000 0.000000 0.000000
37 1 0.000000 0.000000 0.000000
38 1 0.000000 0.000000 0.000000
39 1 0.000000 0.000000 0.000000
40 1 0.000000 0.000000 0.000000
41 1 0.000000 0.000000 0.000000
42 1 0.000000 0.000000 0.000000
43 1 0.000000 0.000000 0.000000
44 1 0.000000 0.000000 0.000000
45 1 0.000000 0.000000 0.000000
46 1 0.000000 0.000000 0.000000
47 1 0.000000 0.000000 0.000000
48 1 0.000000 0.000000 0.000000
49 1 0.000000 0.000000 0.000000

0 2 0.000000 0.000000 0.000000
1 2 -0.001821 -0.000490 0.000494
2 2 -0.003737 -0.000950 0.000341
3 2 -0.005798 -0.001333 0.000027
4 2 -0.007965 -0.001562 -0.000459
5 2 -0.010063 -0.001526 -0.001106
6 2 -0.011742 -0.001090 -0.001867
7 2 -0.012495 -0.000132 -0.002619
8 2 -0.011746 0.001387 -0.003164
9 2 -0.009062 0.003341 -0.003237
10 2 -0.004475 0.005383 -0.002610
11 2 0.001269 0.006980 -0.001228
12 2 0.006693 0.007598 0.000647
13 2 0.010098 0.007005 0.002409
14 2 0.010589 0.005478 0.003393
15 2 0.008692 0.003643 0.003348
16 2 0.005830 0.002070 0.002577
17 2 0.003271 0.001012 0.001616
18 2 0.001560 0.000429 0.000847
19 2 0.000641 0.000159 0.000377
20 2 0.000229 0.000052 0.000145
21 2 0.000072 0.000015 0.000048
22 2 0.000020 0.000004 0.000014
23 2 0.000005 0.000001 0.000004
24 2 0.000001 0.000000 0.000001
25 2 0.000000 0.000000 0.000000
26 2 0.000000 0.000000 0.000000
27 2 0.000000 0.000000 0.000000
28 2 0.000000 0.000000 0.000000
29 2 0.000000 0.000000 0.000000
30 2 0.000000 0.000000 0.000000
31 2 0.000000 0.000000 0.000000
32 2 0.000000 0.000000 0.000000
33 2 0.000000 0.000000 0.000000
34 2 0.000000 0.000000 0.000000
35 2 0.000000 0.000000 0.000000
36 2 0.000000 0.000000 0.000000
37 2 0.000000 0.000000 0.000000
38 2 0.000000 0.000000 0.000000
39 2 0.000000 0.000000 0.000000
40 2 0.000000 0.000000 0.000000
41 2 0.000000 0.000000 0.000000
42 2 0.000000 0.000000 0.000000
43 2 0.000000 0.000000 0.000000
44 2 0.000000 0.000000 0.000000
45 2 0.000000 0.000000 0.000000
46 2 0.000000 0.000000 0.000000
47 2 0.000000 0.000000 0.000000
48 2 0.000000 0.000000 0.000000
49 2 0.000000 0.000000 0.000000

0 3 0.000000 0.000000 0.000000
1 3 0.000569 0.000046 0.000813
2 3 0.000922 -0.000076 0.000846
3 3 0.000817 -0.000519 0.000882
4 3 -0.000027 -0.001396 0.000852
5 3 -0.001886 -0.002736 0.000653
6 3 -0.004953 -0.004418 0.000151
7 3 -0.009127 -0.006110 -0.000777
8 3 -0.013841 -0.007260 -0.002163
9 3 -0.017857 -0.007186 -0.003848
10 3 -0.019404 -0.005364 -0.005349
11 3 -0.016848 -0.001800 -0.005941
12 3 -0.009667 0.002667 -0.004905
13 3 0.000334 0.006467 -0.002072
14 3 0.009202 0.008185 0.001577
15 3 0.013499 0.007571 0.004342
16 3 0.012791 0.005552 0.005169
17 3 0.009254 0.003348 0.004332
18 3 0.005421 0.001699 0.002839
19 3 0.002653 0.000737 0.001523
20 3 0.001107 0.000277 0.000687
21 3 0.000399 0.000091 0.000266
22 3 0.000126 0.000026 0.000089
23 3 0.000035 0.000007 0.000026
24 3 0.000009 0.000002 0.000007
25 3 0.000002 0.000000 0.000002
26 3 0.000000 0.000000 0.000000
27 3 0.000000 0.000000 0.000000
28 3 0.000000 0.000000 0.000000
29 3 0.000000 0.000000 0.000000
30 3 0.000000 0.000000 0.000000
31 3 0.000000 0.000000 0.000000
32 3 0.000000 0.000000 0.000000
33 3 0.000000 0.000000 0.000000
34 3 0.000000 0.000000 0.000000
35 3 0.000000 0.000000 0.000000
36 3 0.000000 0.000000 0.000000
37 3 0.000000 0.000000 0.000000
38 3 0.000000 0.000000 0.000000
39 3 0.000000 0.000000 0.000000
40 3 0.000000 0.000000 0.000000
41 3 0.000000 0.000000 0.000000
42 3 0.000000 0.000000 0.000000
43 3 0.000000 0.000000 0.000000
44 3 0.000000 0.000000 0.000000
45 3 0.000000 0.000000 0.000000
46 3 0.000000 0.000000 0.000000
47 3 0.000000 0.000000 0.000000
48 3 0.000000 0.000000 0.000000
49 3 0.000000 0.000000 0.000000

0 4 0.000000 0.000000 0.000000
1 4 0.001632 0.001770 -0.001072
2 4 0.003502 0.003458 -0.000912
3 4 0.005775 0.004931 -0.000570
4 4 0.008432 0.005953 -0.000001
5 4 0.011166 0.006186 0.000792
6 4 0.013261 0.005203 0.001748
7 4 0.013534 0.002653 0.002607
8 4 0.010649 -0.001517 0.002949
9 4 0.003512 -0.006729 0.002167
10 4 -0.007430 -0.011535 -0.000233
11 4 -0.019443 -0.013928 -0.004059
12 4 -0.027553 -0.012109 -0.008160
13 4 -0.026180 -0.005989 -0.010192
14 4 -0.014320 0.001793 -0.007979
15 4 0.001598 0.007482 -0.002206
16 4 0.012910 0.009144 0.003648
17 4 0.015900 0.007601 0.006582
18 4 0.012840 0.004904 0.006303
19 4 0.007966 0.002587 0.004393
20 4 0.004029 0.001149 0.002435
21 4 0.001714 0.000438 0.001118
22 4 0.000626 0.000145 0.000437
23 4 0.000199 0.000042 0.000147
24 4 0.000056 0.000011 0.000043
25 4 0.000014 0.000003 0.000011
26 4 0.000003 0.000001 0.000003
27 4 0.000001 0.000000 0.000001
28 4 0.000000 0.000000 0.000000
29 4 0.000000 0.000000 0.000000
30 4 0.000000 0.000000 0.000000
31 4 0.000000 0.000000 0.000000
32 4 0.000000 0.000000 0.000000
33 4 0.000000 0.000000 0.000000
34 4 0.000000 0.000000 0.000000
35 4 0.000000 0.000000 0.000000
36 4 0.000000 0.000000 0.000000
37 4 0.000000 0.000000 0.000000
38 4 0.000000 0.000000 0.000000
39 4 0.000000 0.000000 0.000000
40 4 0.000000 0.000000 0.000000
41 4 0.000000 0.000000 0.000000
42 4 0.000000 0.000000 0.000000
43 4 0.000000 0.000000 0.000000
44 4 0.000000 0.000000 0.000000
45 4 0.000000 0.000000 0.000000
46 4 0.000000 0.000000 0.000000
47 4 0.000000 0.000000 0.000000
48 4 0.000000 0.000000 0.000000
49 4 0.000000 0.000000 0.000000

0 5 0.000000 0.000000 0.000000
1 5 -0.002614 0.000323 -0.001721
2 5 -0.004875 0.000940 -0.001904
3 5 -0.006374 0.002135 -0.002219
4 5 -0.006440 0.004134 -0.002532
5 5 -0.004403 0.006999 -0.002619
6 5 0.000537 0.010496 -0.002169
7 5 0.008469 0.013825 -0.000776
8 5 0.018403 0.015677 0.001674
9 5 0.027521 0.014255 0.005017
10 5 0.030694 0.008264 0.007945
11 5 0.023371 -0.001824 0.008432
12 5 0.003888 -0.012957 0.004595
13 5 -0.021642 -0.019399 -0.004025
14 5 -0.037635 -0.016660 -0.013089
15 5 -0.032561 -0.006643 -0.015407
16 5 -0.012079 0.003751 -0.009009
17 5 0.007850 0.009133 0.000602
18 5 0.016929 0.009112 0.006936
19 5 0.015865 0.006389 0.008091
20 5 0.010531 0.003527 0.006084
21 5 0.005523 0.001609 0.003499
22 5 0.002401 0.000624 0.001640
23 5 0.000889 0.000209 0.000647
24 5 0.000285 0.000061 0.000220
25 5 0.000080 0.000016 0.000065
26 5 0.000020 0.000004 0.000017
27 5 0.000004 0.000001 0.000004
28 5 0.000001 0.000000 0.000001
29 5 0.000000 0.000000 0.000000
30 5 0.000000 0.000000 0.000000
31 5 0.000000 0.000000 0.000000
32 5 0.000000 0.000000 0.000000
33 5 0.000000 0.000000 0.000000
34 5 0.000000 0.000000 0.000000
35 5 0.000000 0.000000 0.000000
36 5 0.000000 0.000000 0.000000
37 5 0.000000 0.000000 0.000000
38 5 0.000000 0.000000 0.000000
39 5 0.000000 0.000000 0.000000
40 5 0.000000 0.000000 0.000000
41 5 0.000000 0.000000 0.000000
42 5 0.000000 0.000000 0.000000
43 5 0.000000 0.000000 0.000000
44 5 0.000000 0.000000 0.000000
45 5 0.000000 0.000000 0.000000
46 5 0.000000 0.000000 0.000000
47 5 0.000000 0.000000 0.000000
48 5 0.000000 0.000000 0.000000
49 5 0.000000 0.000000 0.000000

0 6 0.000000 0.000000 0.000000
1 6 -0.001680 -0.002385 0.001187
2 6 -0.003986 -0.004832 0.000996
3 6 -0.007444 -0.007323 0.000572
4 6 -0.012431 -0.009525 -0.000317
5 6 -0.018610 -0.010858 -0.001694
6 6 -0.025172 -0.010286 -0.003729
7 6 -0.029272 -0.006683 -0.005966
8 6 -0.027944 0.000575 -0.007571
9 6 -0.016943 0.010976 -0.007207
10 6 0.004630 0.021130 -0.002844
11 6 0.030624 0.025931 0.005095
12 6 0.049536 0.020213 0.014210
13 6 0.043589 0.003016 0.018277
14 6 0.007331 -0.016220 0.009345
15 6 -0.033450 -0.023754 -0.008887
16 6 -0.046228 -0.016121 -0.020738
17 6 -0.027802 -0.002363 -0.017142
18 6 -0.000654 0.007249 -0.004492
19 6 0.015550 0.009618 0.005935
20 6 0.017726 0.007460 0.009309
21 6 0.012663 0.004330 0.007631
22 6 0.006892 0.002033 0.004562
23 6 0.003059 0.000802 0.002181
24 6 0.001147 0.000272 0.000870
25 6 0.000371 0.000080 0.000297
26 6 0.000105 0.000021 0.000089
27 6 0.000026 0.000005 0.000023
28 6 0.000006 0.000001 0.000005
29 6 0.000001 0.000000 0.000001
30 6 0.000000 0.000000 0.000000
31 6 0.000000 0.000000 0.000000
32 6 0.000000 0.000000 0.000000
33 6 0.000000 0.000000 0.000000
34 6 0.000000 0.000000 0.000000
35 6 0.000000 0.000000 0.000000
36 6 0.000000 0.000000 0.000000
37 6 0.000000 0.000000 0.000000
38 6 0.000000 0.000000 0.000000
39 6 0.000000 0.000000 0.000000
40 6 0.000000 0.000000 0.000000
41 6 0.000000 0.000000 0.000000
42 6 0.000000 0.000000 0.000000
43 6 0.000000 0.000000 0.000000
44 6 0.000000 0.000000 0.000000
45 6 0.000000 0.000000 0.000000
46 6 0.000000 0.000000 0.000000
47 6 0.000000 0.000000 0.000000
48 6 0.000000 0.000000 0.000000
49 6 0.000000 0.000000 0.000000

0 7 0.000000 0.000000 0.000000
1 7 0.005046 0.001686 -0.000163
2 7 0.009968 0.002843 0.000300
3 7 0.014721 0.002954 0.001152
4 7 0.018059 0.001237 0.002398
5 7 0.018831 -0.002708 0.003487
6 7 0.014520 -0.009358 0.004234
7 7 0.002772 -0.017505 0.003000
8 7 -0.015802 -0.024973 -0.000368
9 7 -0.039429 -0.027390 -0.006990
10 7 -0.055258 -0.019743 -0.014806
11 7 -0.050980 -0.001688 -0.018158
12 7 -0.018848 0.021895 -0.013156
13 7 0.036446 0.036585 0.004776
14 7 0.072084 0.026677 0.026505
15 7 0.047380 -0.001576 0.027522
16 7 -0.013075 -0.022942 0.003183
17 7 -0.049605 -0.022724 -0.021045
18 7 -0.040283 -0.008695 -0.023950
19 7 -0.009756 0.004190 -0.010191
20 7 0.012584 0.009095 0.003970
21 7 0.018293 0.007909 0.009828
22 7 0.014039 0.004831 0.008794
23 7 0.007899 0.002332 0.005446
24 7 0.003570 0.000935 0.002649
25 7 0.001353 0.000321 0.001067
26 7 0.000441 0.000096 0.000367
27 7 0.000126 0.000025 0.000109
28 7 0.000032 0.000006 0.000029
29 7 0.000007 0.000001 0.000007
30 7 0.000001 0.000000 0.000001
31 7 0.000000 0.000000 0.000000
32 7 0.000000 0.000000 0.000000
33 7 0.000000 0.000000 0.000000
34 7 0.000000 0.000000 0.000000
35 7 0.000000 0.000000 0.000000
36 7 0.000000 0.000000 0.000000
37 7 0.000000 0.000000 0.000000
38 7 0.000000 0.000000 0.000000
39 7 0.000000 0.000000 0.000000
40 7 0.000000 0.000000 0.000000
41 7 0.000000 0.000000 0.000000
42 7 0.000000 0.000000 0.000000
43 7 0.000000 0.000000 0.000000
44 7 0.000000 0.000000 0.000000
45 7 0.000000 0.000000 0.000000
46 7 0.000000 0.000000 0.000000
47 7 0.000000 0.000000 0.000000
48 7 0.000000 0.000000 0.000000
49 7 0.000000 0.000000 0.000000

0 8 0.000000 0.000000 0.000000
1 8 -0.002333 0.002594 -0.003766
2 8 -0.003354 0.005719 -0.003809
3 8 -0.002524 0.009855 -0.003934
4 8 0.002778 0.014958 -0.003373
5 8 0.011641 0.020300 -0.002010
6 8 0.026629 0.024412 0.000985
7 8 0.042000 0.023679 0.006082
8 8 0.053253 0.016063 0.010963
9 8 0.050213 -0.001480 0.015278
10 8 0.019600 -0.024044 0.010924
11 8 -0.027192 -0.040550 -0.002508
12 8 -0.074873 -0.039356 -0.020776
13 8 -0.084267 -0.010015 -0.035624
14 8 -0.017204 0.030548 -0.021186
15 8 0.068696 0.042594 0.020418
16 8 0.077398 0.016530 0.041338
17 8 0.012418 -0.015335 0.018126
18 8 -0.043969 -0.024338 -0.016811
19 8 -0.046419 -0.012984 -0.027651
20 8 -0.016425 0.001216 -0.014697
21 8 0.009535 0.007945 0.001957
22 8 0.017928 0.007749 0.009842
23 8 0.014570 0.004952 0.009471
24 8 0.008399 0.002447 0.006020
25 8 0.003844 0.000995 0.002963
26 8 0.001467 0.000344 0.001200
27 8 0.000480 0.000103 0.000413
28 8 0.000137 0.000027 0.000124
29 8 0.000035 0.000006 0.000033
30 8 0.000008 0.000001 0.000008
31 8 0.000002 0.000000 0.000002
32 8 0.000000 0.000000 0.000000
33 8 0.000000 0.000000 0.000000
34 8 0.000000 0.000000 0.000000
35 8 0.000000 0.000000 0.000000
36 8 0.000000 0.000000 0.000000
37 8 0.000000 0.000000 0.000000
38 8 0.000000 0.000000 0.000000
39 8 0.000000 0.000000 0.000000
40 8 0.000000 0.000000 0.000000
41 8 0.000000 0.000000 0.000000
42 8 0.000000 0.000000 0.000000
43 8 0.000000 0.000000 0.000000
44 8 0.000000 0.000000 0.000000
45 8 0.000000 0.000000 0.000000
46 8 0.000000 0.000000 0.000000
47 8 0.000000 0.000000 0.000000
48 8 0.000000 0.000000 0.000000
49 8 0.000000 0.000000 0.000000

0 9 0.000000 0.000000 0.000000
1 9 -0.005126 -0.004651 0.001352
2 9 -0.011197 -0.008871 0.000615
3 9 -0.019145 -0.012646 -0.000325
4 9 -0.028963 -0.014003 -0.003077
5 9 -0.037653 -0.012397 -0.005389
6 9 -0.044512 -0.004741 -0.009669
7 9 -0.036626 0.009128 -0.010861
8 9 -0.017384 0.026648 -0.008808
9 9 0.024580 0.043097 -0.000563
10 9 0.069060 0.042755 0.017389
11 9 0.082616 0.021724 0.027881
12 9 0.056496 -0.016520 0.027005
13 9 -0.030187 -0.053067 0.002802
14 9 -0.112327 -0.045164 -0.042501
15 9 -0.073577 0.006887 -0.048813
16 9 0.042357 0.042670 0.003815
17 9 0.086670 0.028136 0.045655
18 9 0.029836 -0.006441 0.029043
19 9 -0.035799 -0.021974 -0.011629
20 9 -0.046693 -0.014279 -0.028391
21 9 -0.019066 -0.000648 -0.016866
22 9 0.007694 0.006715 0.000800
23 9 0.017173 0.007159 0.009699
24 9 0.014365 0.004721 0.009692
25 9 0.008367 0.002369 0.006225
26 9 0.003846 0.000972 0.003073
27 9 0.001470 0.000338 0.001245
28 9 0.000481 0.000102 0.000428
29 9 0.000137 0.000027 0.000128
30 9 0.000035 0.000006 0.000034
31 9 0.000008 0.000001 0.000008
32 9 0.000002 0.000000 0.000002
33 9 0.000000 0.000000 0.000000
34 9 0.000000 0.000000 0.000000
35 9 0.000000 0.000000 0.000000
36 9 0.000000 0.000000 0.000000
37 9 0.000000 0.000000 0.000000
38 9 0.000000 0.000000 0.000000
39 9 0.000000 0.000000 0.000000
40 9 0.000000 0.000000 0.000000
41 9 0.000000 0.000000 0.000000
42 9 0.000000 0.000000 0.000000
43 9 0.000000 0.000000 0.000000
44 9 0.000000 0.000000 0.000000
45 9 0.000000 0.000000 0.000000
46 9 0.000000 0.000000 0.000000
47 9 0.000000 0.000000 0.000000
48 9 0.000000 0.000000 0.000000
49 9 0.000000 0.000000 0.000000

0 10 0.000000 0.000000 0.000000
1 10 0.008309 0.001303 0.001074
2 10 0.014869 0.001266 0.001867
3 10 0.022059 -0.000666 0.003196
4 10 0.022033 -0.006897 0.005118
5 10 0.018147 -0.015544 0.004996
6 10 0.000769 -0.028768 0.004927
7 10 -0.028597 -0.037675 -0.003531
8 10 -0.056898 -0.039523 -0.010809
9 10 -0.083857 -0.024102 -0.024376
10 10 -0.058432 0.010931 -0.026539
11 10 0.001430 0.042248 -0.006148
12 10 0.068415 0.056476 0.018001
13 10 0.113238 0.029680 0.046935
14 10 0.037475 -0.033046 0.036653
15 10 -0.097266 -0.057872 -0.031738
16 10 -0.099025 -0.014073 -0.063171
17 10 0.019304 0.032908 -0.010188
18 10 0.081099 0.029798 0.043520
19 10 0.033691 -0.001152 0.032448
20 10 -0.030882 -0.018244 -0.009120
21 10 -0.043514 -0.013122 -0.027513
22 10 -0.017833 -0.001110 -0.016563
23 10 0.007530 0.005762 0.000931
24 10 0.016404 0.006354 0.009661
25 10 0.013612 0.004234 0.009545
26 10 0.007876 0.002133 0.006078
27 10 0.003598 0.000876 0.002977
28 10 0.001368 0.000305 0.001197
29 10 0.000446 0.000092 0.000410
30 10 0.000127 0.000024 0.000122
31 10 0.000032 0.000006 0.000032
32 10 0.000007 0.000001 0.000007
33 10 0.000001 0.000000 0.000002
34 10 0.000000 0.000000 0.000000
35 10 0.000000 0.000000 0.000000
36 10 0.000000 0.000000 0.000000
37 10 0.000000 0.000000 0.000000
38 10 0.000000 0.000000 0.000000
39 10 0.000000 0.000000 0.000000
40 10 0.000000 0.000000 0.000000
41 10 0.000000 0.000000 0.000000
42 10 0.000000 0.000000 0.000000
43 10 0.000000 0.000000 0.000000
44 10 0.000000 0.000000 0.000000
45 10 0.000000 0.000000 0.000000
46 10 0.000000 0.000000 0.000000
47 10 0.000000 0.000000 0.000000
48 10 0.000000 0.000000 0.000000
49 10 0.000000 0.000000 0.000000

0 11 0.000000 0.000000 0.000000
1 11 -0.001747 0.005139 -0.005727
2 11 0.000020 0.010725 -0.005031
3 11 0.002831 0.017943 -0.005460
4 11 0.017395 0.025128 -0.002062
5 11 0.029684 0.030203 0.000698
6 11 0.056007 0.030455 0.008151
7 11 0.062014 0.016282 0.016515
8 11 0.054382 -0.004989 0.016122
9 11 0.013574 -0.037608 0.013635
10 11 -0.063178 -0.052789 -0.016444
11 11 -0.085728 -0.034427 -0.036482
12 11 -0.064208 0.001916 -0.031739
13 11 0.015026 0.048363 -0.008477
14 11 0.115687 0.052416 0.047752
15 11 0.068124 -0.008375 0.056002
16 11 -0.077045 -0.049889 -0.021304
17 11 -0.093958 -0.019872 -0.063871
18 11 0.014775 0.023877 -0.012589
19 11 0.071476 0.024963 0.040844
20 11 0.026657 -0.000455 0.029212
21 11 -0.030593 -0.015011 -0.010431
22 11 -0.038767 -0.010656 -0.026054
23 11 -0.013827 -0.000519 -0.014278
24 11 0.008718 0.005141 0.002226
25 11 0.015691 0.005483 0.009763
26 11 0.012468 0.003601 0.009106
27 11 0.007044 0.001798 0.005636
28 11 0.003165 0.000733 0.002708
29 11 0.001189 0.000254 0.001074
30 11 0.000384 0.000076 0.000363
31 11 0.000108 0.000020 0.000107
32 11 0.000027 0.000005 0.000028
33 11 0.000006 0.000001 0.000006
34 11 0.000001 0.000000 0.000001
35 11 0.000000 0.000000 0.000000
36 11 0.000000 0.000000 0.000000
37 11 0.000000 0.000000 0.000000
38 11 0.000000 0.000000 0.000000
39 11 0.000000 0.000000 0.000000
40 11 0.000000 0.000000 0.000000
41 11 0.000000 0.000000 0.000000
42 11 0.000000 0.000000 0.000000
43 11 0.000000 0.000000 0.000000
44 11 0.000000 0.000000 0.000000
45 11 0.000000 0.000000 0.000000
46 11 0.000000 0.000000 0.000000
47 11 0.000000 0.000000 0.000000
48 11 0.000000 0.000000 0.000000
49 11 0.000000 0.000000 0.000000

0 12 0.000000 0.000000 0.000000
1 12 -0.008567 -0.006039 0.000662
2 12 -0.017270 -0.010255 -0.001168
3 12 -0.029067 -0.014187 -0.002091
4 12 -0.039842 -0.010824 -0.008337
5 12 -0.042646 -0.003874 -0.008710
6 12 -0.039023 0.014221 -0.015208
7 12 0.002232 0.034919 -0.005384
8 12 0.038173 0.046051 0.006517
9 12 0.088551 0.042203 0.025644
10 12 0.073442 0.001221 0.039889
11 12 -0.014594 -0.035650 0.004899
12 12 -0.071120 -0.042773 -0.028920
13 12 -0.085464 -0.021409 -0.045688
14 12 -0.002928 0.029878 -0.023666
15 12 0.108443 0.046959 0.048433
16 12 0.057395 -0.001888 0.056577
17 12 -0.075322 -0.038109 -0.024268
18 12 -0.075075 -0.014143 -0.058301
19 12 0.024891 0.019639 -0.004278
20 12 0.061859 0.018206 0.039609
21 12 0.013804 -0.002443 0.021667
22 12 -0.032760 -0.012558 -0.014304
23 12 -0.032931 -0.007776 -0.024048
24 12 -0.008248 0.000554 -0.010613
25 12 0.010533 0.004709 0.004212
26 12 0.014882 0.004609 0.009851
27 12 0.011042 0.002919 0.008411
28 12 0.006003 0.001424 0.004978
29 12 0.002627 0.000572 0.002321
30 12 0.000967 0.000195 0.000900
31 12 0.000307 0.000058 0.000299
32 12 0.000086 0.000015 0.000087
33 12 0.000021 0.000004 0.000022
34 12 0.000005 0.000001 0.000005
35 12 0.000001 0.000000 0.000001
36 12 0.000000 0.000000 0.000000
37 12 0.000000 0.000000 0.000000
38 12 0.000000 0.000000 0.000000
39 12 0.000000 0.000000 0.000000
40 12 0.000000 0.000000 0.000000
41 12 0.000000 0.000000 0.000000
42 12 0.000000 0.000000 0.000000
43 12 0.000000 0.000000 0.000000
44 12 0.000000 0.000000 0.000000
45 12 0.000000 0.000000 0.000000
46 12 0.000000 0.000000 0.000000
47 12 0.000000 0.000000 0.000000
48 12 0.000000 0.000000 0.000000
49 12 0.000000 0.000000 0.000000

0 13 0.000000 0.000000 0.000000
1 13 0.009227 -0.000380 0.002755
2 13 0.013351 -0.003283 0.003476
3 13 0.018989 -0.008308 0.005293
4 13 0.006337 -0.020182 0.005692
5 13 -0.009305 -0.029927 0.001596
6 13 -0.046515 -0.041100 -0.004760
7 13 -0.077007 -0.030676 -0.024059
8 13 -0.068053 -0.005143 -0.026204
9 13 -0.022723 0.032135 -0.021710
10 13 0.079613 0.055579 0.019466
11 13 0.103167 0.023979 0.054106
12 13 0.021873 -0.021217 0.027582
13 13 -0.075513 -0.041034 -0.023002
14 13 -0.101416 -0.020147 -0.061061
15 13 0.014467 0.028301 -0.022288
16 13 0.112437 0.035685 0.059401
17 13 0.029018 -0.008076 0.046037
18 13 -0.082422 -0.029841 -0.036586
19 13 -0.050349 -0.005327 -0.048785
20 13 0.038756 0.017767 0.009122
21 13 0.050044 0.011602 0.037443
22 13 -0.001048 -0.004907 0.011518
23 13 -0.034358 -0.010349 -0.018572
24 13 -0.025803 -0.004944 -0.020955
25 13 -0.002116 0.001627 -0.006115
26 13 0.012227 0.004287 0.006321
27 13 0.013784 0.003752 0.009714
28 13 0.009418 0.002253 0.007484
29 13 0.004874 0.001063 0.004187
30 13 0.002060 0.000416 0.001879
31 13 0.000739 0.000140 0.000708
32 13 0.000230 0.000041 0.000230
33 13 0.000063 0.000011 0.000066
34 13 0.000015 0.000002 0.000017
35 13 0.000003 0.000001 0.000004
36 13 0.000001 0.000000 0.000001
37 13 0.000000 0.000000 0.000000
38 13 0.000000 0.000000 0.000000
39 13 0.000000 0.000000 0.000000
40 13 0.000000 0.000000 0.000000
41 13 0.000000 0.000000 0.000000
42 13 0.000000 0.000000 0.000000
43 13 0.000000 0.000000 0.000000
44 13 0.000000 0.000000 0.000000
45 13 0.000000 0.000000 0.000000
46 13 0.000000 0.000000 0.000000
47 13 0.000000 0.000000 0.000000
48 13 0.000000 0.000000 0.000000
49 13 0.000000 0.000000 0.000000

0 14 0.000000 0.000000 0.000000
1 14 0.003570 0.008140 -0.007231
2 14 0.011580 0.016234 -0.005442
3 14 0.023902 0.024284 -0.003886
4 14 0.046671 0.028190 0.004317
5 14 0.061935 0.021669 0.011245
6 14 0.067704 0.002281 0.022071
7 14 0.021067 -0.032679 0.016999
8 14 -0.051738 -0.052276 -0.008398
9 14 -0.112632 -0.042271 -0.040780
10 14 -0.080281 0.007759 -0.051031
11 14 0.045716 0.054833 0.002321
12 14 0.120494 0.041114 0.057559
13 14 0.058763 -0.013555 0.051144
14 14 -0.086937 -0.046300 -0.023136
15 14 -0.108461 -0.016199 -0.075566
16 14 0.041928 0.032052 -0.008443
17 14 0.105800 0.025563 0.069209
18 14 -0.006611 -0.014535 0.025801
19 14 -0.081438 -0.022008 -0.047726
20 14 -0.020410 0.002329 -0.033036
21 14 0.048068 0.015235 0.022279
22 14 0.033802 0.005568 0.031404
23 14 -0.015008 -0.006561 0.000219
24 14 -0.033185 -0.007958 -0.021268
25 14 -0.017449 -0.002407 -0.016404
26 14 0.003677 0.002407 -0.001361
27 14 0.013237 0.003768 0.008042
28 14 0.012297 0.002929 0.009196
29 14 0.007695 0.001651 0.006374
30 14 0.003764 0.000746 0.003346
31 14 0.001526 0.000283 0.001435
32 14 0.000530 0.000093 0.000522
33 14 0.000161 0.000027 0.000165
34 14 0.000043 0.000007 0.000046
35 14 0.000010 0.000002 0.000011
36 14 0.000002 0.000000 0.000003
37 14 0.000000 0.000000 0.000001
38 14 0.000000 0.000000 0.000000
39 14 0.000000 0.000000 0.000000
40 14 0.000000 0.000000 0.000000
41 14 0.000000 0.000000 0.000000
42 14 0.000000 0.000000 0.000000
43 14 0.000000 0.000000 0.000000
44 14 0.000000 0.000000 0.000000
45 14 0.000000 0.000000 0.000000
46 14 0.000000 0.000000 0.000000
47 14 0.000000 0.000000 0.000000
48 14 0.000000 0.000000 0.000000
49 14 0.000000 0.000000 0.000000

0 15 0.000000 0.000000 0.000000
1 15 -0.014949 -0.004783 -0.003162
2 15 -0.029390 -0.006552 -0.005275
3 15 -0.042524 -0.002642 -0.010260
4 15 -0.041810 0.011524 -0.014403
5 15 -0.018933 0.034291 -0.014575
6 15 0.041504 0.054991 0.000217
7 15 0.100687 0.052024 0.029294
8 15 0.106851 0.011088 0.047099
9 15 0.011012 -0.042701 0.025188
10 15 -0.107545 -0.058770 -0.041432
11 15 -0.099760 -0.017642 -0.064006
12 15 0.012609 0.037994 -0.013033
13 15 0.112529 0.045637 0.055847
14 15 0.053843 -0.005886 0.057527
15 15 -0.099038 -0.040945 -0.036202
16 15 -0.076192 -0.007674 -0.071792
17 15 0.073724 0.029609 0.019152
18 15 0.074511 0.012539 0.065353
19 15 -0.042945 -0.017211 -0.003011
20 15 -0.065122 -0.012612 -0.049842
21 15 0.010518 0.007518 -0.011546
22 15 0.047923 0.011177 0.030598
23 15 0.014074 0.000522 0.020636
24 15 -0.025261 -0.006916 -0.010196
25 15 -0.028334 -0.005376 -0.021090
26 15 -0.008557 -0.000365 -0.010598
27 15 0.008342 0.002767 0.002999
28 15 0.013263 0.003135 0.009016
29 15 0.010455 0.002172 0.008257
30 15 0.005988 0.001143 0.005162
31 15 0.002756 0.000492 0.002534
32 15 0.001067 0.000180 0.001034
33 15 0.000357 0.000057 0.000362
34 15 0.000105 0.000016 0.000111
35 15 0.000028 0.000004 0.000030
36 15 0.000006 0.000001 0.000007
37 15 0.000001 0.000000 0.000002
38 15 0.000000 0.000000 0.000000
39 15 0.000000 0.000000 0.000000
40 15 0.000000 0.000000 0.000000
41 15 0.000000 0.000000 0.000000
42 15 0.000000 0.000000 0.000000
43 15 0.000000 0.000000 0.000000
44 15 0.000000 0.000000 0.000000
45 15 0.000000 0.000000 0.000000
46 15 0.000000 0.000000 0.000000
47 15 0.000000 0.000000 0.000000
48 15 0.000000 0.000000 0.000000
49 15 0.000000 0.000000 0.000000

0 16 0.000000 0.000000 0.000000
1 16 0.007306 -0.006480 0.006308
2 16 0.010436 -0.016050 0.007184
3 16 -0.005125 -0.030810 0.007126
4 16 -0.036607 -0.044630 -0.000725
5 16 -0.087598 -0.046947 -0.016834
6 16 -0.107584 -0.017642 -0.041175
7 16 -0.047079 0.031139 -0.031325
8 16 0.063718 0.065769 0.011236
9 16 0.134555 0.043410 0.066714
10 16 0.032372 -0.019502 0.045191
11 16 -0.096643 -0.044186 -0.040879
12 16 -0.082890 -0.015115 -0.064578
13 16 0.038249 0.026035 -0.005287
14 16 0.109886 0.027800 0.067500
15 16 -0.003373 -0.013504 0.035678
16 16 -0.112754 -0.027010 -0.062856
17 16 -0.014774 0.007087 -0.044928
18 16 0.092859 0.022647 0.049636
19 16 0.025421 -0.000701 0.043829
20 16 -0.064979 -0.015647 -0.030460
21 16 -0.034721 -0.003432 -0.038889
22 16 0.033815 0.009383 0.010301
23 16 0.036679 0.006231 0.030558
24 16 -0.005504 -0.002905 0.006808
25 16 -0.029547 -0.005997 -0.017384
26 16 -0.020227 -0.002883 -0.017668
27 16 -0.000253 0.001032 -0.004296
28 16 0.011315 0.002709 0.006354
29 16 0.012286 0.002438 0.009090
30 16 0.008408 0.001515 0.006978
31 16 0.004415 0.000743 0.003953
32 16 0.001908 0.000303 0.001811
33 16 0.000703 0.000106 0.000701
34 16 0.000226 0.000033 0.000235
35 16 0.000064 0.000009 0.000069
36 16 0.000016 0.000002 0.000018
37 16 0.000004 0.000000 0.000004
38 16 0.000001 0.000000 0.000001
39 16 0.000000 0.000000 0.000000
40 16 0.000000 0.000000 0.000000
41 16 0.000000 0.000000 0.000000
42 16 0.000000 0.000000 0.000000
43 16 0.000000 0.000000 0.000000
44 16 0.000000 0.000000 0.000000
45 16 0.000000 0.000000 0.000000
46 16 0.000000 0.000000 0.000000
47 16 0.000000 0.000000 0.000000
48 16 0.000000 0.000000 0.000000
49 16 0.000000 0.000000 0.000000

0 17 0.000000 0.000000 0.000000
1 17 0.014807 0.014629 -0.009783
2 17 0.035351 0.027201 -0.006014
3 17 0.067278 0.031296 0.006144
4 17 0.086158 0.015901 0.020966
5 17 0.063819 -0.021737 0.031002
6 17 -0.037914 -0.061614 0.002700
7 17 -0.125289 -0.055064 -0.049976
8 17 -0.096691 -0.002348 -0.063639
9 17 0.053941 0.050741 -0.000541
10 17 0.135107 0.038171 0.078198
11 17 0.018658 -0.020670 0.043765
12 17 -0.114176 -0.037442 -0.050557
13 17 -0.074179 0.001204 -0.068160
14 17 0.086041 0.032923 0.021453
15 17 0.096627 0.011303 0.079951
16 17 -0.066622 -0.023950 -0.005726
17 17 -0.092077 -0.013237 -0.075238
18 17 0.046973 0.016271 -0.001398
19 17 0.076294 0.012460 0.061126
20 17 -0.025214 -0.008708 0.008789
21 17 -0.060741 -0.010085 -0.043564
22 17 0.001230 0.003151 -0.016642
23 17 0.042036 0.007929 0.025207
24 17 0.017094 0.001587 0.021586
25 17 -0.020368 -0.004374 -0.006614
26 17 -0.027166 -0.004220 -0.019686
27 17 -0.010404 -0.000828 -0.011683
28 17 0.006315 0.001745 0.001467
29 17 0.012400 0.002334 0.008307
30 17 0.010522 0.001757 0.008331
31 17 0.006360 0.000986 0.005522
32 17 0.003070 0.000450 0.002848
33 17 0.001244 0.000174 0.001217
34 17 0.000435 0.000058 0.000446
35 17 0.000134 0.000017 0.000143
36 17 0.000037 0.000005 0.000041
37 17 0.000009 0.000001 0.000010
38 17 0.000002 0.000000 0.000002
39 17 0.000000 0.000000 0.000000
40 17 0.000000 0.000000 0.000000
41 17 0.000000 0.000000 0.000000
42 17 0.000000 0.000000 0.000000
43 17 0.000000 0.000000 0.000000
44 17 0.000000 0.000000 0.000000
45 17 0.000000 0.000000 0.000000
46 17 0.000000 0.000000 0.000000
47 17 0.000000 0.000000 0.000000
48 17 0.000000 0.000000 0.000000
49 17 0.000000 0.000000 0.000000

0 18 0.000000 0.000000 0.000000
1 18 -0.025540 -0.001317 -0.011427
2 18 -0.046196 0.005648 -0.017088
3 18 -0.040631 0.028576 -0.023170
4 18 0.016193 0.060341 -0.014575
5 18 0.113539 0.068265 0.027545
6 18 0.133240 0.025169 0.066143
7 18 0.015108 -0.041268 0.033935
8 18 -0.134841 -0.057467 -0.053159
9 18 -0.103372 -0.005715 -0.082419
10 18 0.070601 0.044073 0.012176
11 18 0.114591 0.030599 0.080529
12 18 -0.007723 -0.018994 0.025603
13 18 -0.110815 -0.031957 -0.063197
14 18 -0.022753 0.006564 -0.049112
15 18 0.110685 0.027375 0.057023
16 18 0.026782 -0.001704 0.056002
17 18 -0.101893 -0.020244 -0.051606
18 18 -0.025633 0.000834 -0.050286
19 18 0.080641 0.015099 0.040998
20 18 0.026890 0.001378 0.042811
21 18 -0.056071 -0.009932 -0.025148
22 18 -0.032291 -0.003029 -0.035940
23 18 0.029177 0.005873 0.008144
24 18 0.033390 0.004478 0.027970
25 18 -0.004293 -0.001629 0.006985
26 18 -0.027079 -0.004106 -0.015849
27 18 -0.019390 -0.002212 -0.016929
28 18 -0.000934 0.000540 -0.004629
29 18 0.010387 0.001869 0.005761
30 18 0.011799 0.001789 0.008787
31 18 0.008332 0.001162 0.006981
32 18 0.004505 0.000593 0.004076
33 18 0.002005 0.000252 0.001924
34 18 0.000762 0.000092 0.000767
35 18 0.000253 0.000029 0.000266
36 18 0.000074 0.000008 0.000081
37 18 0.000020 0.000002 0.000022
38 18 0.000005 0.000000 0.000005
39 18 0.000001 0.000000 0.000001
40 18 0.000000 0.000000 0.000000
41 18 0.000000 0.000000 0.000000
42 18 0.000000 0.000000 0.000000
43 18 0.000000 0.000000 0.000000
44 18 0.000000 0.000000 0.000000
45 18 0.000000 0.000000 0.000000
46 18 0.000000 0.000000 0.000000
47 18 0.000000 0.000000 0.000000
48 18 0.000000 0.000000 0.000000
49 18 0.000000 0.000000 0.000000

0 19 0.000000 0.000000 0.000000
1 19 0.001047 -0.017945 0.011626
2 19 -0.024229 -0.041254 0.010351
3 19 -0.087612 -0.055810 -0.009726
4 19 -0.145384 -0.032368 -0.049382
5 19 -0.077841 0.032998 -0.057290
6 19 0.091530 0.074487 0.020713
7 19 0.154515 0.043490 0.088558
8 19 0.018084 -0.026313 0.046634
9 19 -0.137634 -0.045664 -0.069362
10 19 -0.051289 0.001278 -0.069561
11 19 0.102910 0.028731 0.044279
12 19 0.067589 0.007364 0.071432
13 19 -0.078853 -0.017541 -0.017673
14 19 -0.089200 -0.008377 -0.075889
15 19 0.068316 0.016371 0.005587
16 19 0.092855 0.010136 0.079018
17 19 -0.060755 -0.013162 -0.002573
18 19 -0.080908 -0.008765 -0.069935
19 19 0.046188 0.009728 0.001250
20 19 0.064970 0.007687 0.055602
21 19 -0.027235 -0.005460 0.004591
22 19 -0.052656 -0.006182 -0.039974
23 19 0.005009 0.002158 -0.012490
24 19 0.038192 0.005045 0.024240
25 19 0.013179 0.000917 0.018650
26 19 -0.020172 -0.002911 -0.007464
27 19 -0.024951 -0.002788 -0.018590
28 19 -0.008999 -0.000549 -0.010560
29 19 0.006349 0.001178 0.001770
30 19 0.011834 0.001597 0.008086
31 19 0.010018 0.001223 0.008048
32 19 0.006098 0.000700 0.005364
33 19 0.002979 0.000326 0.002797
34 19 0.001226 0.000129 0.001213
35 19 0.000437 0.000044 0.000452
36 19 0.000137 0.000014 0.000148
37 19 0.000038 0.000004 0.000043
38 19 0.000010 0.000001 0.000011
39 19 0.000002 0.000000 0.000003
40 19 0.000000 0.000000 0.000001
41 19 0.000000 0.000000 0.000000
42 19 0.000000 0.000000 0.000000
43 19 0.000000 0.000000 0.000000
44 19 0.000000 0.000000 0.000000
45 19 0.000000 0.000000 0.000000
46 19 0.000000 0.000000 0.000000
47 19 0.000000 0.000000 0.000000
48 19 0.000000 0.000000 0.000000
49 19 0.000000 0.000000 0.000000

0 20 0.000000 0.000000 0.000000
1 20 0.048255 0.025712 -0.014295
2 20 0.108331 0.027641 0.013478
3 20 0.107113 -0.017002 0.047594
4 20 -0.029723 -0.072765 0.017935
5 20 -0.173772 -0.068785 -0.074778
6 20 -0.103373 0.003633 -0.085579
7 20 0.096926 0.052842 0.026752
8 20 0.129723 0.026000 0.100763
9 20 -0.054671 -0.024069 0.011851
10 20 -0.127718 -0.022251 -0.088648
11 20 0.017694 0.018359 -0.027171
12 20 0.118417 0.024274 0.072582
13 20 0.013357 -0.009407 0.045296
14 20 -0.115230 -0.021370 -0.061857
15 20 -0.018875 0.004692 -0.051978
16 20 0.110586 0.017275 0.061528
17 20 0.010458 -0.002290 0.047713
18 20 -0.096643 -0.012116 -0.056079
19 20 -0.007193 0.001785 -0.038070
20 20 0.075194 0.008901 0.044730
21 20 0.011162 -0.000198 0.032131
22 20 -0.054096 -0.005994 -0.029094
23 20 -0.020867 -0.001117 -0.028900
24 20 0.031246 0.003820 0.012666
25 20 0.027018 0.002412 0.025062
26 20 -0.008598 -0.001321 0.002940
27 20 -0.025953 -0.002577 -0.016379
28 20 -0.016322 -0.001253 -0.015074
29 20 0.000842 0.000453 -0.003005
30 20 0.010462 0.001230 0.006211
31 20 0.011127 0.001146 0.008495
32 20 0.007685 0.000740 0.006553
33 20 0.004121 0.000379 0.003783
34 20 0.001832 0.000162 0.001781
35 20 0.000699 0.000060 0.000712
36 20 0.000233 0.000019 0.000248
37 20 0.000069 0.000006 0.000076
38 20 0.000019 0.000001 0.000021
39 20 0.000004 0.000000 0.000005
40 20 0.000001 0.000000 0.000001
41 20 0.000000 0.000000 0.000000
42 20 0.000000 0.000000 0.000000
43 20 0.000000 0.000000 0.000000
44 20 0.000000 0.000000 0.000000
45 20 0.000000 0.000000 0.000000
46 20 0.000000 0.000000 0.000000
47 20 0.000000 0.000000 0.000000
48 20 0.000000 0.000000 0.000000
49 20 0.000000 0.000000 0.000000

0 21 0.000000 0.000000 0.000000
1 21 -0.055114 0.029314 -0.053261
2 21 -0.007042 0.081453 -0.050676
3 21 0.152544 0.100392 0.028898
4 21 0.189589 0.036851 0.108843
5 21 -0.019639 -0.042953 0.033836
6 21 -0.168239 -0.046787 -0.095825
7 21 -0.045000 0.011209 -0.071304
8 21 0.141723 0.037749 0.067663
9 21 0.062812 0.002379 0.084100
10 21 -0.112413 -0.023013 -0.048647
11 21 -0.056917 -0.007075 -0.072192
12 21 0.086250 0.012490 0.032872
13 21 0.064544 0.007915 0.070884
14 21 -0.081815 -0.008272 -0.019953
15 21 -0.073686 -0.004996 -0.074525
16 21 0.083625 0.009355 0.021284
17 21 0.066906 0.004221 0.072873
18 21 -0.077018 -0.008068 -0.022370
19 21 -0.054343 -0.003158 -0.060870
20 21 0.059754 0.006229 0.018866
21 21 0.044553 0.003014 0.048152
22 21 -0.039204 -0.003813 -0.009214
23 21 -0.040580 -0.002762 -0.036597
24 21 0.015983 0.001907 -0.002427
25 21 0.034234 0.002676 0.025138
26 21 0.004648 0.000022 0.012717
27 21 -0.022505 -0.001855 -0.011030
28 21 -0.021666 -0.001470 -0.017386
29 21 -0.005319 -0.000123 -0.007784
30 21 0.007778 0.000786 0.003378
31 21 0.011457 0.000946 0.008202
32 21 0.009095 0.000696 0.007492
33 21 0.005358 0.000391 0.004801
34 21 0.002568 0.000181 0.002449
35 21 0.001045 0.000071 0.001048
36 21 0.000370 0.000025 0.000388
37 21 0.000116 0.000008 0.000126
38 21 0.000033 0.000002 0.000037
39 21 0.000008 0.000001 0.000010
40 21 0.000002 0.000000 0.000002
41 21 0.000000 0.000000 0.000000
42 21 0.000000 0.000000 0.000000
43 21 0.000000 0.000000 0.000000
44 21 0.000000 0.000000 0.000000
45 21 0.000000 0.000000 0.000000
46 21 0.000000 0.000000 0.000000
47 21 0.000000 0.000000 0.000000
48 21 0.000000 0.000000 0.000000
49 21 0.000000 0.000000 0.000000

0 22 0.000000 0.000000 0.000000
1 22 -0.102525 -0.059689 0.017451
2 22 -0.236026 -0.038257 -0.081723
3 22 -0.103534 0.048245 -0.089521
4 22 0.162925 0.082097 0.067582
5 22 0.147207 0.025017 0.132762
6 22 -0.091898 -0.030740 -0.010348
7 22 -0.133873 -0.019162 -0.107530
8 22 0.064124 0.015568 -0.004411
9 22 0.120701 0.015581 0.099869
10 22 -0.055427 -0.009841 0.011820
11 22 -0.113748 -0.008900 -0.084232
12 22 0.032939 0.012307 -0.016969
13 22 0.113520 0.010539 0.076993
14 22 -0.020393 -0.008545 0.028404
15 22 -0.112560 -0.009693 -0.075004
16 22 0.026375 0.005561 -0.025431
17 22 0.101000 0.007617 0.074160
18 22 -0.032758 -0.003553 0.017586
19 22 -0.082942 -0.005072 -0.063886
20 22 0.027371 0.002635 -0.011661
21 22 0.064363 0.003788 0.050040
22 22 -0.014645 -0.001344 0.012669
23 22 -0.050094 -0.002763 -0.034902
24 22 -0.002767 0.000292 -0.016794
25 22 0.034187 0.002050 0.019730
26 22 0.016799 0.000751 0.019933
27 22 -0.015644 -0.000996 -0.003853
28 22 -0.024366 -0.001259 -0.017290
29 22 -0.011291 -0.000432 -0.011881
30 22 0.004090 0.000375 -0.000049
31 22 0.010934 0.000667 0.007175
32 22 0.010176 0.000567 0.008064
33 22 0.006602 0.000350 0.005765
34 22 0.003404 0.000174 0.003183
35 22 0.001473 0.000073 0.001454
36 22 0.000551 0.000027 0.000569
37 22 0.000182 0.000009 0.000195
38 22 0.000053 0.000002 0.000060
39 22 0.000014 0.000001 0.000016
40 22 0.000003 0.000000 0.000004
41 22 0.000001 0.000000 0.000001
42 22 0.000000 0.000000 0.000000
43 22 0.000000 0.000000 0.000000
44 22 0.000000 0.000000 0.000000
45 22 0.000000 0.000000 0.000000
46 22 0.000000 0.000000 0.000000
47 22 0.000000 0.000000 0.000000
48 22 0.000000 0.000000 0.000000
49 22 0.000000 0.000000 0.000000

0 23 0.000000 0.000000 0.000000
1 23 0.205445 -0.023374 0.061330
2 23 -0.097392 -0.092979 0.014583
3 23 -0.254867 -0.052054 -0.156944
4 23 -0.003512 0.022120 -0.059884
5 23 0.178239 0.034086 0.123939
6 23 0.011184 -0.000094 0.071653
7 23 -0.152371 -0.014542 -0.084686
8 23 -0.020554 0.005443 -0.063996
9 23 0.139383 0.013530 0.080468
10 23 0.016523 0.000111 0.060464
11 23 -0.110849 -0.007855 -0.064602
12 23 -0.016732 -0.004058 -0.050103
13 23 0.099686 0.003314 0.053504
14 23 0.024198 0.002895 0.055605
15 23 -0.106303 -0.002512 -0.051163
16 23 -0.022581 -0.000247 -0.055483
17 23 0.104382 0.003593 0.055396
18 23 0.013174 -0.000268 0.048197
19 23 -0.089712 -0.003246 -0.050871
20 23 -0.009150 0.000274 -0.037244
21 23 0.068783 0.002578 0.040338
22 23 0.012012 0.000151 0.030898
23 23 -0.049239 -0.001736 -0.025926
24 23 -0.020623 -0.000474 -0.027522
25 23 0.028063 0.001079 0.010787
26 23 0.025979 0.000803 0.023687
27 23 -0.006850 -0.000316 0.003754
28 23 -0.024350 -0.000786 -0.015075
29 23 -0.016393 -0.000443 -0.014839
30 23 -0.000179 0.000088 -0.003656
31 23 0.009612 0.000366 0.005528
32 23 0.010833 0.000368 0.008213
33 23 0.007763 0.000250 0.006598
34 23 0.004299 0.000134 0.003939
35 23 0.001972 0.000060 0.001914
36 23 0.000776 0.000023 0.000790
37 23 0.000268 0.000008 0.000284
38 23 0.000082 0.000002 0.000091
39 23 0.000023 0.000001 0.000026
40 23 0.000006 0.000000 0.000007
41 23 0.000001 0.000000 0.000002
42 23 0.000000 0.000000 0.000000
43 23 0.000000 0.000000 0.000000
44 23 0.000000 0.000000 0.000000
45 23 0.000000 0.000000 0.000000
46 23 0.000000 0.000000 0.000000
47 23 0.000000 0.000000 0.000000
48 23 0.000000 0.000000 0.000000
49 23 0.000000 0.000000 0.000000

0 24 0.000000 0.000000 0.000000
1 24 0.520293 0.255889 0.693507
2 24 0.185457 0.038166 0.292873
3 24 -0.195036 -0.015795 -0.071488
4 24 -0.102945 -0.003174 -0.122776
5 24 0.155835 0.010622 0.073793
6 24 0.088803 0.002549 0.113138
7 24 -0.123796 -0.005245 -0.044182
8 24 -0.077723 -0.003928 -0.091676
9 24 0.113209 0.001295 0.043258
10 24 0.067721 0.000467 0.085863
11 24 -0.099669 -0.004104 -0.034557
12 24 -0.073016 0.001492 -0.074522
13 24 0.081684 0.006950 0.024762
14 24 0.079021 0.000980 0.076673
15 24 -0.080916 -0.004655 -0.019427
16 24 -0.071603 -0.001643 -0.075239
17 24 0.084260 0.002284 0.026076
18 24 0.054974 0.001060 0.067663
19 24 -0.077400 -0.001176 -0.028058
20 24 -0.041943 -0.000505 -0.054027
21 24 0.060000 0.000794 0.023452
22 24 0.035253 0.000374 0.042672
23 24 -0.040204 -0.000491 -0.012811
24 24 -0.034691 -0.000340 -0.033396
25 24 0.017954 0.000253 0.000457
26 24 0.031375 0.000342 0.024015
27 24 0.002420 -0.000001 0.010664
28 24 -0.022009 -0.000244 -0.011333
29 24 -0.020211 -0.000195 -0.016479
30 24 -0.004593 -0.000019 -0.007075
31 24 0.007642 0.000103 0.003448
32 24 0.011029 0.000127 0.007945
33 24 0.008768 0.000095 0.007244
34 24 0.005206 0.000055 0.004672
35 24 0.002523 0.000026 0.002408
36 24 0.001041 0.000010 0.001045
37 24 0.000375 0.000004 0.000393
38 24 0.000120 0.000001 0.000130
39 24 0.000034 0.000000 0.000039
40 24 0.000009 0.000000 0.000010
41 24 0.000002 0.000000 0.000003
42 24 0.000000 0.000000 0.000001
43 24 0.000000 0.000000 0.000000
44 24 0.000000 0.000000 0.000000
45 24 0.000000 0.000000 0.000000
46 24 0.000000 0.000000 0.000000
47 24 0.000000 0.000000 0.000000
48 24 0.000000 0.000000 0.000000
49 24 0.000000 0.000000 0.000000

0 25 0.000000 0.000000 0.000000
1 25 0.300993 -0.304976 -0.034730
2 25 0.144223 -0.070161 0.125024
3 25 -0.187888 0.006698 -0.072248
4 25 -0.152922 0.006774 -0.141270
5 25 0.120844 -0.009343 0.038154
6 25 0.121855 -0.005949 0.123150
7 25 -0.093426 0.003360 -0.010971
8 25 -0.120363 0.004000 -0.101531
9 25 0.079851 -0.000025 0.009096
10 25 0.102691 -0.001100 0.096036
11 25 -0.070306 0.004374 -0.006552
12 25 -0.085392 0.002315 -0.077794
13 25 0.058983 -0.006114 0.002251
14 25 0.091270 -0.004398 0.075489
15 25 -0.056308 0.003119 0.005043
16 25 -0.095038 0.003212 -0.077195
17 25 0.058761 -0.001272 -0.000613
18 25 0.082793 -0.001679 0.073927
19 25 -0.055987 0.000721 -0.003983
20 25 -0.066083 0.000845 -0.061243
21 25 0.043284 -0.000572 0.004480
22 25 0.052230 -0.000596 0.047645
23 25 -0.026295 0.000333 0.001352
24 25 -0.043786 0.000460 -0.034626
25 25 0.006074 -0.000120 -0.009493
26 25 0.033087 -0.000372 0.021583
27 25 0.011028 -0.000099 0.016181
28 25 -0.017994 0.000204 -0.006749
29 25 -0.022605 0.000226 -0.016861
30 25 -0.008784 0.000066 -0.010039
31 25 0.005234 -0.000078 0.001145
32 25 0.010790 -0.000126 0.007315
33 25 0.009570 -0.000105 0.007675
34 25 0.006080 -0.000064 0.005344
35 25 0.003103 -0.000032 0.002913
36 25 0.001338 -0.000014 0.001323
37 25 0.000501 -0.000005 0.000518
38 25 0.000166 -0.000002 0.000178
39 25 0.000049 -0.000000 0.000055
40 25 0.000013 -0.000000 0.000015
41 25 0.000003 -0.000000 0.000004
42 25 0.000001 -0.000000 0.000001
43 25 0.000000 -0.000000 0.000000
44 25 0.000000 -0.000000 0.000000
45 25 0.000000 -0.000000 0.000000
46 25 0.000000 -0.000000 0.000000
47 25 0.000000 -0.000000 0.000000
48 25 0.000000 -0.000000 0.000000
49 25 0.000000 0.000000 0.000000

0 26 0.000000 0.000000 0.000000
1 26 0.120098 -0.125654 0.030725
2 26 -0.000247 -0.017870 0.048595
3 26 -0.216222 0.058493 -0.082189
4 26 -0.149811 0.031636 -0.121406
5 26 0.115053 -0.018959 0.033995
6 26 0.142408 -0.019747 0.123736
7 26 -0.069943 0.007621 0.004718
8 26 -0.129574 0.012266 -0.100789
9 26 0.058679 -0.007809 -0.010871
10 26 0.120744 -0.010894 0.094553
11 26 -0.041075 0.000819 0.016334
12 26 -0.106996 0.002971 -0.076929
13 26 0.017245 -0.000459 -0.023194
14 26 0.103325 -0.001138 0.069711
15 26 -0.013885 0.001864 0.031557
16 26 -0.105255 0.002476 -0.070061
17 26 0.023523 -0.002420 -0.026477
18 26 0.096546 -0.003408 0.070109
19 26 -0.028953 0.001696 0.018669
20 26 -0.079986 0.002795 -0.060323
21 26 0.022868 -0.001156 -0.013442
22 26 0.062179 -0.002186 0.046886
23 26 -0.010550 0.000474 0.014398
24 26 -0.048015 0.001568 -0.032222
25 26 -0.005773 0.000051 -0.017948
26 26 0.031798 -0.001096 0.017327
27 26 0.018277 -0.000551 0.020048
28 26 -0.013021 0.000452 -0.001948
29 26 -0.023669 0.000725 -0.016212
30 26 -0.012493 0.000326 -0.012404
31 26 0.002609 -0.000148 -0.001184
32 26 0.010188 -0.000360 0.006417
33 26 0.010151 -0.000335 0.007894
34 26 0.006884 -0.000220 0.005926
35 26 0.003687 -0.000115 0.003403
36 26 0.001653 -0.000051 0.001612
37 26 0.000640 -0.000019 0.000654
38 26 0.000219 -0.000007 0.000232
39 26 0.000067 -0.000002 0.000073
40 26 0.000018 -0.000001 0.000021
41 26 0.000005 -0.000000 0.000005
42 26 0.000001 -0.000000 0.000001
43 26 0.000000 -0.000000 0.000000
44 26 0.000000 -0.000000 0.000000
45 26 0.000000 -0.000000 0.000000
46 26 0.000000 -0.000000 0.000000
47 26 0.000000 -0.000000 0.000000
48 26 0.000000 -0.000000 0.000000
49 26 0.000000 0.000000 0.000000

0 27 0.000000 0.000000 0.000000
1 27 -0.002400 -0.018881 0.025586
2 27 -0.104294 0.052452 0.001331
3 27 -0.198965 0.090143 -0.076684
4 27 -0.085395 0.031272 -0.075818
5 27 0.143805 -0.040859 0.053154
6 27 0.139958 -0.038203 0.115608
7 27 -0.070539 0.009307 -0.000322
8 27 -0.137528 0.018919 -0.098474
9 27 0.034469 -0.006973 -0.022631
10 27 0.125925 -0.015617 0.090784
11 27 -0.028225 0.003772 0.029309
12 27 -0.114693 0.015780 -0.075753
13 27 0.011053 0.000290 -0.032552
14 27 0.113167 -0.013783 0.066568
15 27 0.004477 -0.002554 0.043770
16 27 -0.113624 0.009303 -0.063644
17 27 -0.003388 0.000716 -0.043645
18 27 0.104095 -0.007065 0.063286
19 27 -0.003328 0.000218 0.036486
20 27 -0.086692 0.005161 -0.055059
21 27 0.002441 -0.000471 -0.028381
22 27 0.066363 -0.003920 0.042473
23 27 0.004778 -0.000155 0.025179
24 27 -0.048362 0.002661 -0.027545
25 27 -0.016417 0.000716 -0.024451
26 27 0.028451 -0.001652 0.012181
27 27 0.023894 -0.001252 0.022352
28 27 -0.007736 0.000461 0.002598
29 27 -0.023649 0.001219 -0.014841
30 27 -0.015583 0.000721 -0.014141
31 27 -0.000028 -0.000102 -0.003381
32 27 0.009325 -0.000556 0.005355
33 27 0.010520 -0.000581 0.007926
34 27 0.007594 -0.000405 0.006404
35 27 0.004249 -0.000222 0.003859
36 27 0.001974 -0.000102 0.001898
37 27 0.000788 -0.000040 0.000795
38 27 0.000277 -0.000014 0.000290
39 27 0.000086 -0.000004 0.000094
40 27 0.000024 -0.000001 0.000027
41 27 0.000006 -0.000000 0.000007
42 27 0.000001 -0.000000 0.000002
43 27 0.000000 -0.000000 0.000000
44 27 0.000000 -0.000000 0.000000
45 27 0.000000 -0.000000 0.000000
46 27 0.000000 -0.000000 0.000000
47 27 0.000000 -0.000000 0.000000
48 27 0.000000 -0.000000 0.000000
49 27 0.000000 0.000000 0.000000

0 28 0.000000 0.000000 0.000000
1 28 -0.046822 0.028980 -0.002914
2 28 -0.109203 0.074935 -0.024246
3 28 -0.113090 0.071406 -0.054220
4 28 0.017412 -0.003446 -0.023681
5 28 0.169874 -0.067475 0.071343
6 28 0.107017 -0.042044 0.090946
7 28 -0.092345 0.020454 -0.020720
8 28 -0.137401 0.032558 -0.097181
9 28 0.040359 -0.005817 -0.018655
10 28 0.135070 -0.024396 0.091073
11 28 -0.015037 0.002012 0.033730
12 28 -0.107736 0.014349 -0.070796
13 28 -0.005269 -0.004878 -0.038474
14 28 0.096686 -0.013779 0.055046
15 28 0.020463 0.001686 0.050043
16 28 -0.102958 0.012531 -0.050869
17 28 -0.022823 0.000248 -0.053409
18 28 0.101234 -0.010655 0.052692
19 28 0.017171 -0.001128 0.048444
20 28 -0.087127 0.007689 -0.047204
21 28 -0.015256 0.000918 -0.039437
22 28 0.066347 -0.005587 0.036194
23 28 0.018199 -0.001384 0.033292
24 28 -0.046121 0.003565 -0.021865
25 28 -0.025270 0.001745 -0.029021
26 28 0.024005 -0.001962 0.006914
27 28 0.027932 -0.002087 0.023389
28 28 -0.002639 0.000243 0.006595
29 28 -0.022866 0.001654 -0.013069
30 28 -0.018027 0.001206 -0.015307
31 28 -0.002514 0.000052 -0.005337
32 28 0.008318 -0.000702 0.004238
33 28 0.010709 -0.000828 0.007813
34 28 0.008194 -0.000614 0.006775
35 28 0.004770 -0.000350 0.004265
36 28 0.002286 -0.000165 0.002168
37 28 0.000938 -0.000067 0.000933
38 28 0.000337 -0.000024 0.000350
39 28 0.000108 -0.000008 0.000116
40 28 0.000031 -0.000002 0.000034
41 28 0.000008 -0.000001 0.000009
42 28 0.000002 -0.000000 0.000002
43 28 0.000000 -0.000000 0.000001
44 28 0.000000 -0.000000 0.000000
45 28 0.000000 -0.000000 0.000000
46 28 0.000000 -0.000000 0.000000
47 28 0.000000 -0.000000 0.000000
48 28 0.000000 -0.000000 0.000000
49 28 0.000000 0.000000 0.000000

0 29 0.000000 0.000000 0.000000
1 29 -0.027724 0.027022 -0.020572
2 29 -0.039653 0.041491 -0.026238
3 29 0.003887 0.011768 -0.023720
4 29 0.105378 -0.054389 0.016377
5 29 0.159340 -0.082568 0.069030
6 29 0.046857 -0.030886 0.051836
7 29 -0.124124 0.036357 -0.048091
8 29 -0.116011 0.036418 -0.088231
9 29 0.059572 -0.016602 -0.001186
10 29 0.130494 -0.033515 0.089043
11 29 -0.020080 0.000394 0.029842
12 29 -0.120621 0.021126 -0.072988
13 29 -0.017440 0.005655 -0.043496
14 29 0.104620 -0.013948 0.054258
15 29 0.040901 -0.006519 0.057858
16 29 -0.100785 0.011487 -0.044191
17 29 -0.043301 0.004297 -0.062246
18 29 0.097104 -0.011473 0.043651
19 29 0.035230 -0.003642 0.057425
20 29 -0.084417 0.009206 -0.039192
21 29 -0.030048 0.002840 -0.047445
22 29 0.063903 -0.006853 0.029567
23 29 0.029232 -0.002988 0.039056
24 29 -0.042553 0.004189 -0.016178
25 29 -0.032233 0.002990 -0.031992
26 29 0.019278 -0.002019 0.002068
27 29 0.030651 -0.002965 0.023549
28 29 0.001932 -0.000159 0.009903
29 29 -0.021655 0.002004 -0.011187
30 29 -0.019875 0.001740 -0.016012
31 29 -0.004732 0.000291 -0.006991
32 29 0.007276 -0.000796 0.003159
33 29 0.010762 -0.001069 0.007607
34 29 0.008685 -0.000836 0.007045
35 29 0.005232 -0.000495 0.004608
36 29 0.002575 -0.000241 0.002411
37 29 0.001080 -0.000100 0.001062
38 29 0.000396 -0.000036 0.000406
39 29 0.000129 -0.000012 0.000137
40 29 0.000038 -0.000003 0.000041
41 29 0.000010 -0.000001 0.000011
42 29 0.000002 -0.000000 0.000003
43 29 0.000001 -0.000000 0.000001
44 29 0.000000 -0.000000 0.000000
45 29 0.000000 -0.000000 0.000000
46 29 0.000000 -0.000000 0.000000
47 29 0.000000 -0.000000 0.000000
48 29 0.000000 -0.000000 0.000000
49 29 0.000000 0.000000 0.000000

0 30 0.000000 0.000000 0.000000
1 30 0.007955 0.001589 -0.016616
2 30 0.027928 -0.010049 -0.012215
3 30 0.073905 -0.044568 0.002091
4 30 0.113780 -0.079075 0.030585
5 30 0.086829 -0.064775 0.043938
6 30 -0.042922 0.003547 0.006010
7 30 -0.149915 0.057952 -0.068300
8 30 -0.079560 0.033776 -0.065677
9 30 0.081514 -0.024244 0.021716
10 30 0.122054 -0.035378 0.085994
11 30 -0.036292 0.006743 0.017836
12 30 -0.120043 0.031062 -0.077198
13 30 0.002924 0.001852 -0.034923
14 30 0.109505 -0.026794 0.058492
15 30 0.031928 -0.009106 0.052914
16 30 -0.104030 0.019229 -0.044188
17 30 -0.048531 0.008780 -0.063294
18 30 0.096682 -0.014981 0.039332
19 30 0.046472 -0.007251 0.062069
20 30 -0.082334 0.010949 -0.033463
21 30 -0.041129 0.005342 -0.052712
22 30 0.061079 -0.007880 0.023999
23 30 0.037793 -0.004858 0.042968
24 30 -0.038829 0.004571 -0.011250
25 30 -0.037502 0.004344 -0.033829
26 30 0.014913 -0.001877 -0.002013
27 30 0.032409 -0.003834 0.023231
28 30 0.005779 -0.000686 0.012499
29 30 -0.020321 0.002272 -0.009428
30 30 -0.021225 0.002292 -0.016387
31 30 -0.006605 0.000591 -0.008319
32 30 0.006302 -0.000848 0.002197
33 30 0.010731 -0.001298 0.007360
34 30 0.009070 -0.001066 0.007229
35 30 0.005623 -0.000651 0.004884
36 30 0.002828 -0.000324 0.002615
37 30 0.001208 -0.000137 0.001175
38 30 0.000450 -0.000051 0.000456
39 30 0.000148 -0.000017 0.000156
40 30 0.000044 -0.000005 0.000048
41 30 0.000012 -0.000001 0.000013
42 30 0.000003 -0.000000 0.000003
43 30 0.000001 -0.000000 0.000001
44 30 0.000000 -0.000000 0.000000
45 30 0.000000 -0.000000 0.000000
46 30 0.000000 -0.000000 0.000000
47 30 0.000000 -0.000000 0.000000
48 30 0.000000 -0.000000 0.000000
49 30 0.000000 0.000000 0.000000

0 31 0.000000 0.000000 0.000000
1 31 0.021449 -0.015427 -0.002779
2 31 0.042724 -0.034085 0.002448
3 31 0.061012 -0.053478 0.012289
4 31 0.047728 -0.051623 0.020756
5 31 -0.014296 -0.011771 0.009475
6 31 -0.109211 0.049112 -0.028923
7 31 -0.127807 0.066994 -0.064783
8 31 -0.012966 0.017008 -0.029762
9 31 0.118891 -0.040983 0.047493
10 31 0.105827 -0.040380 0.077282
11 31 -0.060442 0.012677 -0.003552
12 31 -0.112294 0.030585 -0.078356
13 31 0.012220 -0.005108 -0.023824
14 31 0.096423 -0.025172 0.057240
15 31 0.026041 -0.003049 0.046307
16 31 -0.094389 0.020964 -0.041010
17 31 -0.048016 0.007433 -0.060862
18 31 0.092330 -0.017733 0.035455
19 31 0.051544 -0.008927 0.063305
20 31 -0.080127 0.012862 -0.029491
21 31 -0.048178 0.007549 -0.055640
22 31 0.058830 -0.008906 0.020013
23 31 0.043929 -0.006762 0.045481
24 31 -0.035798 0.004851 -0.007538
25 31 -0.041368 0.005729 -0.034972
26 31 0.011370 -0.001624 -0.005143
27 31 0.033571 -0.004676 0.022783
28 31 0.008807 -0.001275 0.014425
29 31 -0.019124 0.002485 -0.007968
30 31 -0.022193 0.002843 -0.016565
31 31 -0.008092 0.000923 -0.009323
32 31 0.005479 -0.000871 0.001409
33 31 0.010666 -0.001515 0.007119
34 31 0.009362 -0.001297 0.007342
35 31 0.005935 -0.000812 0.005089
36 31 0.003036 -0.000412 0.002774
37 31 0.001314 -0.000177 0.001264
38 31 0.000495 -0.000066 0.000497
39 31 0.000165 -0.000022 0.000172
40 31 0.000049 -0.000007 0.000053
41 31 0.000013 -0.000002 0.000015
42 31 0.000003 -0.000000 0.000004
43 31 0.000001 -0.000000 0.000001
44 31 0.000000 -0.000000 0.000000
45 31 0.000000 -0.000000 0.000000
46 31 0.000000 -0.000000 0.000000
47 31 0.000000 -0.000000 0.000000
48 31 0.000000 -0.000000 0.000000
49 31 0.000000 0.000000 0.000000

0 32 0.000000 0.000000 0.000000
1 32 0.009956 -0.012733 0.005664
2 32 0.013772 -0.021873 0.007334
3 32 0.004012 -0.020496 0.007254
4 32 -0.028275 0.000363 0.002554
5 32 -0.078125 0.038348 -0.016105
6 32 -0.105224 0.065478 -0.037070
7 32 -0.057341 0.042896 -0.038481
8 32 0.063213 -0.019376 0.009542
9 32 0.130494 -0.060595 0.062340
10 32 0.053801 -0.032164 0.051464
11 32 -0.096193 0.027453 -0.029916
12 32 -0.107876 0.035841 -0.076374
13 32 0.029016 -0.003191 -0.009695
14 32 0.106531 -0.026704 0.063912
15 32 0.024826 -0.008286 0.041965
16 32 -0.098932 0.020160 -0.045370
17 32 -0.050763 0.010434 -0.060411
18 32 0.092838 -0.018198 0.036017
19 32 0.055307 -0.011072 0.064336
20 32 -0.079869 0.014082 -0.028311
21 32 -0.052613 0.009574 -0.057521
22 32 0.058021 -0.009856 0.018041
23 32 0.048065 -0.008576 0.047182
24 32 -0.034057 0.005141 -0.005310
25 32 -0.044157 0.007096 -0.035813
26 32 0.008965 -0.001364 -0.007231
27 32 0.034457 -0.005501 0.022481
28 32 0.010978 -0.001868 0.015745
29 32 -0.018263 0.002682 -0.006932
30 32 -0.022888 0.003386 -0.016655
31 32 -0.009171 0.001259 -0.010016
32 32 0.004873 -0.000884 0.000839
33 32 0.010611 -0.001725 0.006923
34 32 0.009571 -0.001524 0.007402
35 32 0.006163 -0.000972 0.005222
36 32 0.003188 -0.000500 0.002882
37 32 0.001393 -0.000218 0.001326
38 32 0.000529 -0.000082 0.000526
39 32 0.000178 -0.000028 0.000183
40 32 0.000053 -0.000008 0.000057
41 32 0.000015 -0.000002 0.000016
42 32 0.000004 -0.000001 0.000004
43 32 0.000001 -0.000000 0.000001
44 32 0.000000 -0.000000 0.000000
45 32 0.000000 -0.000000 0.000000
46 32 0.000000 -0.000000 0.000000
47 32 0.000000 -0.000000 0.000000
48 32 0.000000 -0.000000 0.000000
49 32 0.000000 0.000000 0.000000

0 33 0.000000 0.000000 0.000000
1 33 -0.007666 0.000280 0.003393
2 33 -0.020454 0.004765 0.002085
3 33 -0.038454 0.017223 -0.003253
4 33 -0.061264 0.036261 -0.010027
5 33 -0.072673 0.052495 -0.022368
6 33 -0.045156 0.042479 -0.021635
7 33 0.024036 -0.000050 -0.005528
8 33 0.107623 -0.051442 0.036823
9 33 0.094331 -0.056298 0.053741
10 33 -0.011214 -0.004699 0.015204
11 33 -0.117412 0.045047 -0.049663
12 33 -0.077489 0.035314 -0.064305
13 33 0.072681 -0.017391 0.015632
14 33 0.108809 -0.039490 0.070509
15 33 -0.007726 -0.005162 0.023977
16 33 -0.110889 0.030344 -0.056124
17 33 -0.036655 0.012489 -0.052190
18 33 0.101472 -0.023301 0.043087
19 33 0.051986 -0.013614 0.062155
20 33 -0.084297 0.016607 -0.031497
21 33 -0.053592 0.011670 -0.058035
22 33 0.059867 -0.011201 0.018785
23 33 0.050289 -0.010331 0.048303
24 33 -0.034159 0.005626 -0.004843
25 33 -0.046096 0.008445 -0.036612
26 33 0.007939 -0.001206 -0.008205
27 33 0.035304 -0.006341 0.022518
28 33 0.012268 -0.002411 0.016510
29 33 -0.017887 0.002909 -0.006404
30 33 -0.023393 0.003918 -0.016739
31 33 -0.009829 0.001572 -0.010414
32 33 0.004533 -0.000910 0.000512
33 33 0.010599 -0.001935 0.006800
34 33 0.009707 -0.001745 0.007420
35 33 0.006303 -0.001126 0.005284
36 33 0.003280 -0.000584 0.002935
37 33 0.001440 -0.000256 0.001357
38 33 0.000549 -0.000097 0.000540
39 33 0.000185 -0.000033 0.000189
40 33 0.000056 -0.000010 0.000059
41 33 0.000015 -0.000003 0.000017
42 33 0.000004 -0.000001 0.000004
43 33 0.000001 -0.000000 0.000001
44 33 0.000000 -0.000000 0.000000
45 33 0.000000 -0.000000 0.000000
46 33 0.000000 -0.000000 0.000000
47 33 0.000000 -0.000000 0.000000
48 33 0.000000 -0.000000 0.000000
49 33 0.000000 0.000000 0.000000

0 34 0.000000 0.000000 0.000000
1 34 -0.012496 0.008871 -0.003946
2 34 -0.025760 0.019042 -0.005528
3 34 -0.032765 0.028400 -0.009011
4 34 -0.033691 0.033995 -0.011060
5 34 -0.011761 0.025529 -0.011620
6 34 0.031279 -0.002691 0.001081
7 34 0.081348 -0.040502 0.018444
8 34 0.100586 -0.061362 0.040966
9 34 0.030948 -0.031223 0.026260
10 34 -0.064323 0.022657 -0.017567
11 34 -0.114362 0.051076 -0.056842
12 34 -0.026091 0.018269 -0.039482
13 34 0.101474 -0.036993 0.040860
14 34 0.076491 -0.035365 0.061656
15 34 -0.042568 0.012052 -0.000133
16 34 -0.100616 0.034783 -0.058223
17 34 -0.011689 0.004639 -0.036893
18 34 0.104087 -0.029045 0.049146
19 34 0.039793 -0.012198 0.055206
20 34 -0.089853 0.020549 -0.036988
21 34 -0.049634 0.012606 -0.056233
22 34 0.064131 -0.013382 0.022081
23 34 0.050145 -0.011771 0.048607
24 34 -0.036374 0.006553 -0.006277
25 34 -0.047173 0.009743 -0.037414
26 34 0.008482 -0.001281 -0.007988
27 34 0.036230 -0.007229 0.022993
28 34 0.012636 -0.002846 0.016734
29 34 -0.018091 0.003217 -0.006435
30 34 -0.023754 0.004441 -0.016862
31 34 -0.010054 0.001835 -0.010521
32 34 0.004487 -0.000971 0.000446
33 34 0.010651 -0.002150 0.006765
34 34 0.009775 -0.001955 0.007404
35 34 0.006352 -0.001266 0.005277
36 34 0.003307 -0.000658 0.002931
37 34 0.001452 -0.000289 0.001356
38 34 0.000554 -0.000110 0.000540
39 34 0.000187 -0.000037 0.000189
40 34 0.000056 -0.000011 0.000059
41 34 0.000015 -0.000003 0.000017
42 34 0.000004 -0.000001 0.000004
43 34 0.000001 -0.000000 0.000001
44 34 0.000000 -0.000000 0.000000
45 34 0.000000 -0.000000 0.000000
46 34 0.000000 -0.000000 0.000000
47 34 0.000000 -0.000000 0.000000
48 34 0.000000 -0.000000 0.000000
49 34 0.000000 0.000000 0.000000

0 35 0.000000 0.000000 0.000000
1 35 -0.002406 0.005589 -0.007036
2 35 -0.002523 0.009646 -0.006931
3 35 0.005094 0.008375 -0.006339
4 35 0.019862 0.000491 -0.002991
5 35 0.046028 -0.018595 0.003080
6 35 0.070073 -0.041070 0.014947
7 35 0.075611 -0.055311 0.022672
8 35 0.038416 -0.040176 0.021983
9 35 -0.043062 0.006212 -0.006201
10 35 -0.099986 0.046373 -0.038675
11 35 -0.084073 0.046887 -0.047347
12 35 0.029586 -0.003906 -0.006343
13 35 0.108281 -0.043997 0.055437
14 35 0.044176 -0.021859 0.044514
15 35 -0.058565 0.020042 -0.018222
16 35 -0.087488 0.029580 -0.056151
17 35 0.006156 -0.001944 -0.023154
18 35 0.103495 -0.030220 0.054267
19 35 0.025685 -0.008925 0.046770
20 35 -0.095155 0.023833 -0.043817
21 35 -0.041824 0.012108 -0.052552
22 35 0.070094 -0.016094 0.027530
23 35 0.047402 -0.012603 0.047913
24 35 -0.040665 0.008044 -0.009620
25 35 -0.047208 0.010903 -0.038113
26 35 0.010718 -0.001720 -0.006497
27 35 0.037218 -0.008181 0.023904
28 35 0.012008 -0.003106 0.016378
29 35 -0.018916 0.003655 -0.007050
30 35 -0.023967 0.004950 -0.017024
31 35 -0.009824 0.002020 -0.010331
32 35 0.004752 -0.001088 0.000645
33 35 0.010769 -0.002376 0.006821
34 35 0.009774 -0.002151 0.007353
35 35 0.006309 -0.001388 0.005199
36 35 0.003267 -0.000720 0.002872
37 35 0.001429 -0.000315 0.001322
38 35 0.000543 -0.000120 0.000524
39 35 0.000182 -0.000040 0.000183
40 35 0.000055 -0.000012 0.000057
41 35 0.000015 -0.000003 0.000016
42 35 0.000004 -0.000001 0.000004
43 35 0.000001 -0.000000 0.000001
44 35 0.000000 -0.000000 0.000000
45 35 0.000000 -0.000000 0.000000
46 35 0.000000 -0.000000 0.000000
47 35 0.000000 -0.000000 0.000000
48 35 0.000000 -0.000000 0.000000
49 35 0.000000 0.000000 0.000000

0 36 0.000000 0.000000 0.000000
1 36 0.007944 -0.003101 -0.003454
2 36 0.017220 -0.008013 -0.001995
3 36 0.028545 -0.015817 -0.000058
4 36 0.040652 -0.026687 0.004925
5 36 0.047122 -0.037286 0.008446
6 36 0.041957 -0.040356 0.013208
7 36 0.010114 -0.026915 0.008124
8 36 -0.038930 0.006854 -0.004347
9 36 -0.089639 0.044188 -0.027240
10 36 -0.085693 0.055667 -0.038768
11 36 -0.014773 0.023898 -0.018761
12 36 0.082812 -0.030413 0.025236
13 36 0.103037 -0.047791 0.057076
14 36 0.008449 -0.013015 0.022560
15 36 -0.084872 0.026952 -0.037640
16 36 -0.079500 0.030832 -0.054247
17 36 0.033371 -0.006518 -0.004532
18 36 0.107483 -0.033783 0.062064
19 36 0.005420 -0.005813 0.034362
20 36 -0.102688 0.027854 -0.053315
21 36 -0.029274 0.010740 -0.046104
22 36 0.077933 -0.019481 0.035367
23 36 0.041512 -0.012742 0.045713
24 36 -0.046981 0.010206 -0.014954
25 36 -0.045816 0.011821 -0.038419
26 36 0.014732 -0.002645 -0.003616
27 36 0.038104 -0.009185 0.025144
28 36 0.010270 -0.003113 0.015348
29 36 -0.020344 0.004263 -0.008242
30 36 -0.023973 0.005431 -0.017181
31 36 -0.009113 0.002094 -0.009824
32 36 0.005322 -0.001280 0.001104
33 36 0.010942 -0.002618 0.006956
34 36 0.009695 -0.002327 0.007261
35 36 0.006170 -0.001486 0.005051
36 36 0.003162 -0.000764 0.002758
37 36 0.001371 -0.000332 0.001258
38 36 0.000517 -0.000125 0.000495
39 36 0.000172 -0.000042 0.000171
40 36 0.000052 -0.000013 0.000053
41 36 0.000014 -0.000003 0.000015
42 36 0.000003 -0.000001 0.000004
43 36 0.000001 -0.000000 0.000001
44 36 0.000000 -0.000000 0.000000
45 36 0.000000 -0.000000 0.000000
46 36 0.000000 -0.000000 0.000000
47 36 0.000000 -0.000000 0.000000
48 36 0.000000 -0.000000 0.000000
49 36 0.000000 0.000000 0.000000

0 37 0.000000 0.000000 0.000000
1 37 0.007691 -0.006324 0.001282
2 37 0.013561 -0.012614 0.002439
3 37 0.018199 -0.017898 0.002961
4 37 0.016148 -0.020874 0.005480
5 37 0.005436 -0.016791 0.003069
6 37 -0.014568 -0.004691 0.002142
7 37 -0.048309 0.019439 -0.009637
8 37 -0.067123 0.042556 -0.017655
9 37 -0.070181 0.052308 -0.026850
10 37 -0.014199 0.029542 -0.016791
11 37 0.060218 -0.018063 0.014660
12 37 0.102316 -0.052236 0.039892
13 37 0.063603 -0.041000 0.041795
14 37 -0.051839 0.008978 -0.008501
15 37 -0.106909 0.044675 -0.054672
16 37 -0.041610 0.027517 -0.038164
17 37 0.075128 -0.022224 0.022634
18 37 0.098283 -0.038486 0.063504
19 37 -0.028010 0.002946 0.013342
20 37 -0.106812 0.033451 -0.062199
21 37 -0.008446 0.006830 -0.034166
22 37 0.086058 -0.023954 0.044710
23 37 0.030953 -0.011663 0.040706
24 37 -0.054863 0.013218 -0.022137
25 37 -0.042236 0.012282 -0.037716
26 37 0.020506 -0.004194 0.000751
27 37 0.038527 -0.010184 0.026459
28 37 0.007287 -0.002770 0.013501
29 37 -0.022276 0.005067 -0.009956
30 37 -0.023659 0.005853 -0.017242
31 37 -0.007892 0.002025 -0.008968
32 37 0.006169 -0.001560 0.001803
33 37 0.011138 -0.002871 0.007143
34 37 0.009526 -0.002477 0.007117
35 37 0.005936 -0.001553 0.004832
36 37 0.002995 -0.000787 0.002594
37 37 0.001282 -0.000338 0.001167
38 37 0.000478 -0.000127 0.000454
39 37 0.000158 -0.000042 0.000156
40 37 0.000047 -0.000012 0.000048
41 37 0.000013 -0.000003 0.000013
42 37 0.000003 -0.000001 0.000003
43 37 0.000001 -0.000000 0.000001
44 37 0.000000 -0.000000 0.000000
45 37 0.000000 -0.000000 0.000000
46 37 0.000000 -0.000000 0.000000
47 37 0.000000 -0.000000 0.000000
48 37 0.000000 -0.000000 0.000000
49 37 0.000000 0.000000 0.000000

0 38 0.000000 0.000000 0.000000
1 38 0.000222 -0.002341 0.002085
2 38 -0.003078 -0.003044 0.001968
3 38 -0.005768 -0.002065 0.001054
4 38 -0.017618 0.003755 0.000070
5 38 -0.028024 0.013511 -0.004545
6 38 -0.043170 0.026549 -0.006896
7 38 -0.050663 0.039371 -0.015710
8 38 -0.035224 0.038125 -0.012647
9 38 -0.006963 0.022802 -0.010915
10 38 0.057041 -0.015549 0.010364
11 38 0.084657 -0.046423 0.030650
12 38 0.068945 -0.046196 0.031245
13 38 -0.005395 -0.009906 0.013247
14 38 -0.099015 0.041823 -0.037142
15 38 -0.078655 0.048598 -0.050433
16 38 0.023364 0.002970 -0.005595
17 38 0.096930 -0.040291 0.042547
18 38 0.063074 -0.031375 0.049957
19 38 -0.062697 0.018152 -0.010927
20 38 -0.097563 0.035817 -0.064103
21 38 0.019444 -0.001367 -0.016656
22 38 0.090122 -0.028343 0.052786
23 38 0.014751 -0.008409 0.031793
24 38 -0.062808 0.016935 -0.030318
25 38 -0.035517 0.011865 -0.035171
26 38 0.027719 -0.006458 0.006525
27 38 0.037925 -0.011026 0.027424
28 38 0.002950 -0.001965 0.010688
29 38 -0.024511 0.006058 -0.012067
30 38 -0.022861 0.006162 -0.017068
31 38 -0.006144 0.001777 -0.007737
32 38 0.007241 -0.001935 0.002702
33 38 0.011311 -0.003128 0.007342
34 38 0.009249 -0.002592 0.006904
35 38 0.005608 -0.001586 0.004543
36 38 0.002773 -0.000789 0.002385
37 38 0.001168 -0.000334 0.001054
38 38 0.000429 -0.000123 0.000404
39 38 0.000140 -0.000040 0.000137
40 38 0.000041 -0.000012 0.000041
41 38 0.000011 -0.000003 0.000011
42 38 0.000003 -0.000001 0.000003
43 38 0.000001 -0.000000 0.000001
44 38 0.000000 -0.000000 0.000000
45 38 0.000000 -0.000000 0.000000
46 38 0.000000 -0.000000 0.000000
47 38 0.000000 -0.000000 0.000000
48 38 0.000000 -0.000000 0.000000
49 38 0.000000 0.000000 0.000000

0 39 0.000000 0.000000 0.000000
1 39 -0.005740 0.002827 -0.000786
2 39 -0.013936 0.007217 -0.001762
3 39 -0.018481 0.011391 -0.002583
4 39 -0.028752 0.018947 -0.005116
5 39 -0.028051 0.023631 -0.007148
6 39 -0.029732 0.027843 -0.008079
7 39 -0.011714 0.022631 -0.008999
8 39 0.014274 0.006683 0.000213
9 39 0.044855 -0.015479 0.005594
10 39 0.076598 -0.041532 0.023617
11 39 0.052780 -0.039472 0.023067
12 39 0.010498 -0.014628 0.009543
13 39 -0.060543 0.027660 -0.014173
14 39 -0.092376 0.055242 -0.046000
15 39 -0.012720 0.024667 -0.023930
16 39 0.068304 -0.024772 0.023441
17 39 0.083661 -0.040859 0.043920
18 39 0.020875 -0.012833 0.028703
19 39 -0.083107 0.030969 -0.029576
20 39 -0.074867 0.031561 -0.057721
21 39 0.048583 -0.012038 0.003542
22 39 0.086821 -0.030553 0.057165
23 39 -0.006251 -0.002618 0.018931
24 39 -0.068636 0.020702 -0.038126
25 39 -0.024957 0.010098 -0.030025
26 39 0.035625 -0.009370 0.013345
27 39 0.035599 -0.011466 0.027479
28 39 -0.002734 -0.000598 0.006815
29 39 -0.026724 0.007186 -0.014358
30 39 -0.021388 0.006280 -0.016493
31 39 -0.003883 0.001318 -0.006118
32 39 0.008450 -0.002397 0.003740
33 39 0.011401 -0.003373 0.007504
34 39 0.008847 -0.002661 0.006605
35 39 0.005192 -0.001578 0.004188
36 39 0.002505 -0.000767 0.002141
37 39 0.001034 -0.000319 0.000927
38 39 0.000374 -0.000116 0.000349
39 39 0.000120 -0.000037 0.000116
40 39 0.000035 -0.000011 0.000035
41 39 0.000009 -0.000003 0.000009
42 39 0.000002 -0.000001 0.000002
43 39 0.000000 -0.000000 0.000001
44 39 0.000000 -0.000000 0.000000
45 39 0.000000 -0.000000 0.000000
46 39 0.000000 -0.000000 0.000000
47 39 0.000000 -0.000000 0.000000
48 39 0.000000 -0.000000 0.000000
49 39 0.000000 0.000000 0.000000

0 40 0.000000 0.000000 0.000000
1 40 -0.004909 0.003874 -0.003512
2 40 -0.010052 0.008068 -0.004317
3 40 -0.010944 0.010358 -0.003964
4 40 -0.012480 0.012843 -0.005546
5 40 -0.002720 0.009284 -0.003729
6 40 0.004773 0.004442 -0.002901
7 40 0.028155 -0.009982 0.001821
8 40 0.041201 -0.023888 0.008921
9 40 0.052879 -0.036292 0.011881
10 40 0.042343 -0.036752 0.017729
11 40 -0.004138 -0.011612 0.002690
12 40 -0.041216 0.017794 -0.011406
13 40 -0.079013 0.046820 -0.028991
14 40 -0.046904 0.040705 -0.033518
15 40 0.042975 -0.005617 0.006461
16 40 0.077659 -0.034009 0.035627
17 40 0.058757 -0.027343 0.034183
18 40 -0.012248 0.004968 0.008949
19 40 -0.090779 0.038078 -0.041890
20 40 -0.042957 0.023416 -0.044707
21 40 0.076265 -0.022609 0.024877
22 40 0.075000 -0.029544 0.056453
23 40 -0.030383 0.005445 0.002556
24 40 -0.069965 0.023714 -0.043918
25 40 -0.010237 0.006628 -0.021675
26 40 0.043056 -0.012675 0.020532
27 40 0.030831 -0.011181 0.025991
28 40 -0.009555 0.001386 0.001914
29 40 -0.028459 0.008334 -0.016509
30 40 -0.019053 0.006114 -0.015340
31 40 -0.001172 0.000632 -0.004137
32 40 0.009679 -0.002923 0.004829
33 40 0.011344 -0.003582 0.007572
34 40 0.008308 -0.002674 0.006208
35 40 0.004698 -0.001530 0.003775
36 40 0.002204 -0.000724 0.001872
37 40 0.000889 -0.000294 0.000791
38 40 0.000315 -0.000105 0.000292
39 40 0.000100 -0.000033 0.000096
40 40 0.000028 -0.000009 0.000028
41 40 0.000007 -0.000002 0.000008
42 40 0.000002 -0.000001 0.000002
43 40 0.000000 -0.000000 0.000000
44 40 0.000000 -0.000000 0.000000
45 40 0.000000 -0.000000 0.000000
46 40 0.000000 -0.000000 0.000000
47 40 0.000000 -0.000000 0.000000
48 40 0.000000 -0.000000 0.000000
49 40 0.000000 0.000000 0.000000

0 41 0.000000 0.000000 0.000000
1 41 0.001531 0.000414 -0.002945
2 41 0.003979 0.000139 -0.003013
3 41 0.008371 -0.001996 -0.001651
4 41 0.014094 -0.005771 -0.001464
5 41 0.023848 -0.013502 0.002050
6 41 0.029651 -0.021055 0.003154
7 41 0.038737 -0.031754 0.007844
8 41 0.029687 -0.033788 0.008346
9 41 0.017320 -0.030626 0.006383
10 41 -0.018411 -0.011616 0.000826
11 41 -0.056090 0.016339 -0.015969
12 41 -0.069488 0.034851 -0.022503
13 41 -0.062893 0.040751 -0.027331
14 41 0.005878 0.010762 -0.009951
15 41 0.069750 -0.027146 0.026393
16 41 0.066635 -0.031735 0.033280
17 41 0.029560 -0.013460 0.019688
18 41 -0.046168 0.021158 -0.011468
19 41 -0.087959 0.043791 -0.048816
20 41 0.001886 0.012389 -0.022870
21 41 0.100575 -0.032620 0.046042
22 41 0.052296 -0.024120 0.048206
23 41 -0.054955 0.015771 -0.016258
24 41 -0.063581 0.025065 -0.045296
25 41 0.008488 0.001223 -0.009779
26 41 0.048365 -0.015879 0.026976
27 41 0.023044 -0.009791 0.022348
28 41 -0.016985 0.003953 -0.003752
29 41 -0.029155 0.009317 -0.018092
30 41 -0.015733 0.005563 -0.013468
31 41 0.001849 -0.000276 -0.001874
32 41 0.010783 -0.003474 0.005856
33 41 0.011077 -0.003727 0.007492
34 41 0.007632 -0.002620 0.005708
35 41 0.004144 -0.001441 0.003318
36 41 0.001885 -0.000661 0.001592
37 41 0.000741 -0.000262 0.000655
38 41 0.000257 -0.000091 0.000236
39 41 0.000080 -0.000028 0.000076
40 41 0.000022 -0.000008 0.000022
41 41 0.000006 -0.000002 0.000006
42 41 0.000001 -0.000000 0.000001
43 41 0.000000 -0.000000 0.000000
44 41 0.000000 -0.000000 0.000000
45 41 0.000000 -0.000000 0.000000
46 41 0.000000 -0.000000 0.000000
47 41 0.000000 -0.000000 0.000000
48 41 0.000000 -0.000000 0.000000
49 41 0.000000 0.000000 0.000000

0 42 0.000000 0.000000 0.000000
1 42 0.006168 -0.003130 -0.000121
2 42 0.012844 -0.006882 0.000249
3 42 0.018375 -0.010943 0.001532
4 42 0.023911 -0.015893 0.002342
5 42 0.026063 -0.020408 0.004613
6 42 0.023253 -0.022755 0.004341
7 42 0.014825 -0.022149 0.005421
8 42 -0.006639 -0.012805 0.000812
9 42 -0.028030 -0.000159 -0.003788
10 42 -0.057816 0.020184 -0.012371
11 42 -0.065963 0.032290 -0.020539
12 42 -0.050546 0.029640 -0.017173
13 42 -0.012706 0.010998 -0.010009
14 42 0.049999 -0.026277 0.013570
15 42 0.066246 -0.043509 0.030851
16 42 0.030656 -0.028137 0.018531
17 42 -0.022857 0.002199 -0.003233
18 42 -0.083804 0.039562 -0.033686
19 42 -0.062508 0.043169 -0.044064
20 42 0.058416 -0.005920 0.008250
21 42 0.109650 -0.039513 0.059896
22 42 0.016185 -0.011136 0.029485
23 42 -0.073306 0.027850 -0.033794
24 42 -0.045442 0.023369 -0.039090
25 42 0.029860 -0.005946 0.005122
26 42 0.049522 -0.018059 0.031114
27 42 0.012210 -0.006899 0.016251
28 42 -0.024038 0.006922 -0.009567
29 42 -0.028205 0.009880 -0.018615
30 42 -0.011429 0.004549 -0.010822
31 42 0.004955 -0.001361 0.000519
32 42 0.011604 -0.003989 0.006698
33 42 0.010558 -0.003780 0.007223
34 42 0.006832 -0.002496 0.005113
35 42 0.003553 -0.001315 0.002835
36 42 0.001563 -0.000584 0.001312
37 42 0.000598 -0.000225 0.000525
38 42 0.000203 -0.000077 0.000185
39 42 0.000062 -0.000023 0.000058
40 42 0.000017 -0.000006 0.000017
41 42 0.000004 -0.000002 0.000004
42 42 0.000001 -0.000000 0.000001
43 42 0.000000 -0.000000 0.000000
44 42 0.000000 -0.000000 0.000000
45 42 0.000000 -0.000000 0.000000
46 42 0.000000 -0.000000 0.000000
47 42 0.000000 -0.000000 0.000000
48 42 0.000000 -0.000000 0.000000
49 42 0.000000 0.000000 0.000000

0 43 0.000000 0.000000 0.000000
1 43 0.002642 -0.002630 0.001276
2 43 0.005091 -0.005131 0.001415
3 43 0.005181 -0.006298 0.001592
4 43 0.004306 -0.006567 0.001504
5 43 -0.001375 -0.003618 0.001233
6 43 -0.009097 0.001871 -0.000585
7 43 -0.020951 0.011260 -0.002282
8 43 -0.033412 0.023266 -0.006901
9 43 -0.039094 0.032804 -0.009048
10 43 -0.038145 0.038221 -0.011832
11 43 -0.013881 0.027431 -0.008119
12 43 0.018591 0.004925 0.002249
13 43 0.054231 -0.026107 0.013455
14 43 0.071500 -0.051952 0.026874
15 43 0.032128 -0.044680 0.020330
16 43 -0.030647 -0.014017 -0.005014
17 43 -0.084427 0.022371 -0.028919
18 43 -0.096879 0.045976 -0.045101
19 43 -0.011162 0.020599 -0.022946
20 43 0.099159 -0.031796 0.036459
21 43 0.083203 -0.036370 0.054224
22 43 -0.029633 0.010606 0.001203
23 43 -0.075506 0.038365 -0.043655
24 43 -0.013968 0.017230 -0.023528
25 43 0.050411 -0.013491 0.020783
26 43 0.044976 -0.017748 0.031438
27 43 -0.000468 -0.002250 0.008216
28 43 -0.029191 0.009916 -0.014484
29 43 -0.025081 0.009756 -0.017621
30 43 -0.006326 0.003065 -0.007486
31 43 0.007860 -0.002527 0.002835
32 43 0.012004 -0.004399 0.007241
33 43 0.009772 -0.003716 0.006749
34 43 0.005938 -0.002303 0.004445
35 43 0.002954 -0.001160 0.002348
36 43 0.001256 -0.000497 0.001048
37 43 0.000467 -0.000186 0.000406
38 43 0.000155 -0.000062 0.000140
39 43 0.000046 -0.000018 0.000043
40 43 0.000012 -0.000005 0.000012
41 43 0.000003 -0.000001 0.000003
42 43 0.000001 -0.000000 0.000001
43 43 0.000000 -0.000000 0.000000
44 43 0.000000 -0.000000 0.000000
45 43 0.000000 -0.000000 0.000000
46 43 0.000000 -0.000000 0.000000
47 43 0.000000 -0.000000 0.000000
48 43 0.000000 -0.000000 0.000000
49 43 0.000000 0.000000 0.000000

0 44 0.000000 0.000000 0.000000
1 44 -0.004624 0.000415 0.000333
2 44 -0.009487 0.001309 0.000031
3 44 -0.015686 0.003700 -0.000817
4 44 -0.021873 0.007297 -0.001917
5 44 -0.029434 0.013360 -0.003694
6 44 -0.034256 0.020011 -0.005692
7 44 -0.036882 0.027495 -0.007395
8 44 -0.030952 0.031754 -0.008669
9 44 -0.015314 0.030334 -0.006491
10 44 0.010469 0.020839 -0.002527
11 44 0.045904 0.000717 0.007150
12 44 0.071608 -0.020553 0.017025
13 44 0.080211 -0.037477 0.023251
14 44 0.051996 -0.035755 0.021698
15 44 -0.012385 -0.009625 0.002074
16 44 -0.068479 0.019566 -0.021651
17 44 -0.090344 0.036225 -0.034821
18 44 -0.051036 0.023041 -0.029426
19 44 0.044533 -0.024723 0.007674
20 44 0.088202 -0.054195 0.043867
21 44 0.013534 -0.020500 0.023720
22 44 -0.074226 0.033011 -0.029741
23 44 -0.058071 0.040416 -0.041885
24 44 0.023980 0.006574 -0.001993
25 44 0.064309 -0.018525 0.033006
26 44 0.034876 -0.013341 0.027342
27 44 -0.012120 0.004069 -0.000105
28 44 -0.030509 0.012464 -0.017135
29 44 -0.019432 0.008802 -0.014781
30 44 -0.000743 0.001232 -0.003667
31 44 0.010285 -0.003630 0.004859
32 44 0.011906 -0.004632 0.007415
33 44 0.008751 -0.003525 0.006088
34 44 0.004997 -0.002051 0.003738
35 44 0.002377 -0.000988 0.001881
36 44 0.000975 -0.000408 0.000808
37 44 0.000352 -0.000148 0.000304
38 44 0.000114 -0.000048 0.000102
39 44 0.000033 -0.000014 0.000031
40 44 0.000009 -0.000004 0.000008
41 44 0.000002 -0.000001 0.000002
42 44 0.000000 -0.000000 0.000000
43 44 0.000000 -0.000000 0.000000
44 44 0.000000 -0.000000 0.000000
45 44 0.000000 -0.000000 0.000000
46 44 0.000000 -0.000000 0.000000
47 44 0.000000 -0.000000 0.000000
48 44 0.000000 -0.000000 0.000000
49 44 0.000000 0.000000 0.000000

0 45 0.000000 0.000000 0.000000
1 45 -0.004512 0.002420 -0.001162
2 45 -0.008881 0.004831 -0.001407
3 45 -0.013081 0.007290 -0.002037
4 45 -0.016176 0.009257 -0.002647
5 45 -0.018032 0.010615 -0.003540
6 45 -0.016222 0.009746 -0.003858
7 45 -0.011191 0.006588 -0.003712
8 45 0.000046 -0.001021 -0.002246
9 45 0.014292 -0.011597 0.000958
10 45 0.030122 -0.024074 0.004793
11 45 0.040838 -0.033677 0.009667
12 45 0.036558 -0.032416 0.010623
13 45 0.017659 -0.018093 0.007207
14 45 -0.017802 0.011623 -0.002375
15 45 -0.048756 0.042976 -0.016403
16 45 -0.047641 0.053547 -0.021002
17 45 -0.013269 0.035001 -0.011903
18 45 0.046498 -0.012199 0.009913
19 45 0.084969 -0.059156 0.035517
20 45 0.035005 -0.054328 0.030306
21 45 -0.067920 0.000460 -0.016134
22 45 -0.102169 0.039787 -0.051515
23 45 -0.032390 0.026326 -0.031656
24 45 0.050121 -0.007573 0.015496
25 45 0.063218 -0.018633 0.036000
26 45 0.020471 -0.004409 0.019004
27 45 -0.019225 0.011445 -0.006559
28 45 -0.026200 0.014255 -0.016267
29 45 -0.011073 0.007206 -0.009948
30 45 0.005069 -0.000633 0.000434
31 45 0.012125 -0.004469 0.006489
32 45 0.011361 -0.004623 0.007245
33 45 0.007582 -0.003206 0.005303
34 45 0.004070 -0.001757 0.003040
35 45 0.001849 -0.000809 0.001456
36 45 0.000732 -0.000323 0.000603
37 45 0.000256 -0.000114 0.000220
38 45 0.000081 -0.000036 0.000072
39 45 0.000023 -0.000010 0.000021
40 45 0.000006 -0.000003 0.000006
41 45 0.000001 -0.000001 0.000001
42 45 0.000000 -0.000000 0.000000
43 45 0.000000 -0.000000 0.000000
44 45 0.000000 -0.000000 0.000000
45 45 0.000000 -0.000000 0.000000
46 45 0.000000 -0.000000 0.000000
47 45 0.000000 -0.000000 0.000000
48 45 0.000000 -0.000000 0.000000
49 45 0.000000 0.000000 0.000000

0 46 0.000000 0.000000 0.000000
1 46 0.001953 0.002358 -0.002618
2 46 0.004460 0.004251 -0.002427
3 46 0.008098 0.005120 -0.002066
4 46 0.013238 0.004349 -0.001256
5 46 0.019945 0.001314 -0.000134
6 46 0.028016 -0.004675 0.001769
7 46 0.035586 -0.013330 0.003938
8 46 0.041117 -0.024352 0.006528
9 46 0.039579 -0.034561 0.008318
10 46 0.028655 -0.041089 0.008156
11 46 0.004383 -0.038447 0.004881
12 46 -0.030672 -0.023526 -0.003442
13 46 -0.065771 0.001679 -0.014217
14 46 -0.087294 0.031160 -0.024763
15 46 -0.072655 0.048473 -0.027525
16 46 -0.017255 0.041639 -0.014392
17 46 0.056012 0.012433 0.010428
18 46 0.110025 -0.026136 0.036528
19 46 0.093072 -0.042596 0.044283
20 46 -0.003585 -0.016369 0.014072
21 46 -0.093434 0.021468 -0.033386
22 46 -0.087542 0.024546 -0.047744
23 46 -0.010077 -0.004304 -0.016762
24 46 0.045854 -0.024464 0.019154
25 46 0.038098 -0.015578 0.024495
26 46 0.000504 0.006214 0.005761
27 46 -0.021204 0.018255 -0.010661
28 46 -0.016191 0.015230 -0.011846
29 46 -0.000162 0.005586 -0.003330
30 46 0.011188 -0.001985 0.004777
31 46 0.013657 -0.004779 0.007872
32 46 0.010648 -0.004299 0.006918
33 46 0.006441 -0.002764 0.004523
34 46 0.003239 -0.001436 0.002415
35 46 0.001402 -0.000634 0.001098
36 46 0.000534 -0.000245 0.000437
37 46 0.000181 -0.000084 0.000154
38 46 0.000055 -0.000026 0.000049
39 46 0.000015 -0.000007 0.000014
40 46 0.000004 -0.000002 0.000004
41 46 0.000001 -0.000000 0.000001
42 46 0.000000 -0.000000 0.000000
43 46 0.000000 -0.000000 0.000000
44 46 0.000000 -0.000000 0.000000
45 46 0.000000 -0.000000 0.000000
46 46 0.000000 -0.000000 0.000000
47 46 0.000000 -0.000000 0.000000
48 46 0.000000 -0.000000 0.000000
49 46 0.000000 0.000000 0.000000

0 47 0.000000 0.000000 0.000000
1 47 0.002553 -0.000862 -0.002147
2 47 0.005496 -0.001854 -0.001936
3 47 0.009247 -0.003145 -0.001502
4 47 0.013846 -0.004690 -0.000739
5 47 0.019259 -0.006475 0.000310
6 47 0.024719 -0.008089 0.001768
7 47 0.028926 -0.008929 0.003264
8 47 0.030113 -0.008208 0.004701
9 47 0.025569 -0.004712 0.005129
10 47 0.014325 0.001558 0.004070
11 47 -0.004438 0.010517 0.000776
12 47 -0.026283 0.018878 -0.004791
13 47 -0.043989 0.022260 -0.010580
14 47 -0.048781 0.016350 -0.014548
15 47 -0.031878 -0.001632 -0.012471
16 47 0.001259 -0.024129 -0.002975
17 47 0.034432 -0.037585 0.009232
18 47 0.047519 -0.029673 0.017813
19 47 0.022939 0.004344 0.013656
20 47 -0.022080 0.042647 -0.004899
21 47 -0.038164 0.046193 -0.018963
22 47 -0.009084 0.007991 -0.010720
23 47 0.023865 -0.032890 0.008625
24 47 0.020982 -0.039250 0.014328
25 47 -0.008247 -0.014743 0.001540
26 47 -0.028796 0.011688 -0.013151
27 47 -0.024224 0.020898 -0.015530
28 47 -0.005024 0.014813 -0.006764
29 47 0.011567 0.004578 0.003700
30 47 0.017744 -0.002174 0.009259
31 47 0.015601 -0.004216 0.009419
32 47 0.010373 -0.003539 0.006843
33 47 0.005669 -0.002169 0.003995
34 47 0.002649 -0.001085 0.001971
35 47 0.001084 -0.000464 0.000845
36 47 0.000394 -0.000174 0.000320
37 47 0.000129 -0.000058 0.000109
38 47 0.000038 -0.000018 0.000033
39 47 0.000010 -0.000005 0.000009
40 47 0.000003 -0.000001 0.000002
41 47 0.000001 -0.000000 0.000001
42 47 0.000000 -0.000000 0.000000
43 47 0.000000 -0.000000 0.000000
44 47 0.000000 -0.000000 0.000000
45 47 0.000000 -0.000000 0.000000
46 47 0.000000 -0.000000 0.000000
47 47 0.000000 -0.000000 0.000000
48 47 0.000000 -0.000000 0.000000
49 47 0.000000 0.000000 0.000000

0 48 0.000000 0.000000 0.000000
1 48 0.000160 -0.004123 0.001466
2 48 -0.000226 -0.008087 0.001439
3 48 -0.001638 -0.011679 0.001340
4 48 -0.004698 -0.014381 0.001043
5 48 -0.009675 -0.015567 0.000413
6 48 -0.016895 -0.014164 -0.000727
7 48 -0.025686 -0.009217 -0.002525
8 48 -0.034879 0.000115 -0.004868
9 48 -0.041742 0.013715 -0.007562
10 48 -0.042473 0.029588 -0.009554
11 48 -0.033344 0.043957 -0.009841
12 48 -0.011197 0.050209 -0.006673
13 48 0.021195 0.042432 0.000738
14 48 0.055477 0.017689 0.011153
15 48 0.076011 -0.019442 0.021280
16 48 0.064519 -0.052890 0.023846
17 48 0.017180 -0.063562 0.013269
18 48 -0.049263 -0.039371 -0.008995
19 48 -0.096194 0.012278 -0.033077
20 48 -0.078459 0.055295 -0.038912
21 48 0.002336 0.052644 -0.013095
22 48 0.077442 0.010120 0.025987
23 48 0.080413 -0.029328 0.041484
24 48 0.019517 -0.035051 0.020627
25 48 -0.042271 -0.014515 -0.013151
26 48 -0.059371 0.006921 -0.030477
27 48 -0.036019 0.014584 -0.024108
28 48 -0.002507 0.010642 -0.006663
29 48 0.018588 0.003604 0.007420
30 48 0.023315 -0.001050 0.012676
31 48 0.018442 -0.002505 0.011303
32 48 0.011351 -0.002141 0.007524
33 48 0.005828 -0.001311 0.004106
34 48 0.002584 -0.000651 0.001916
35 48 0.001010 -0.000276 0.000783
36 48 0.000353 -0.000103 0.000284
37 48 0.000111 -0.000034 0.000093
38 48 0.000032 -0.000010 0.000028
39 48 0.000008 -0.000003 0.000007
40 48 0.000002 -0.000001 0.000002
41 48 0.000000 -0.000000 0.000000
42 48 0.000000 -0.000000 0.000000
43 48 0.000000 -0.000000 0.000000
44 48 0.000000 -0.000000 0.000000
45 48 0.000000 -0.000000 0.000000
46 48 0.000000 -0.000000 0.000000
47 48 0.000000 -0.000000 0.000000
48 48 0.000000 -0.000000 0.000000
49 48 0.000000 0.000000 0.000000

0 49 0.000000 0.000000 0.000000
1 49 0.000000 0.000000 0.000000
2 49 0.000000 0.000000 0.000000
3 49 0.000000 0.000000 0.000000
4 49 0.000000 0.000000 0.000000
5 49 0.000000 0.000000 0.000000
6 49 0.000000 0.000000 0.000000
7 49 0.000000 0.000000 0.000000
8 49 0.000000 0.000000 0.000000
9 49 0.000000 0.000000 0.000000
10 49 0.000000 0.000000 0.000000
11 49 0.000000 0.000000 0.000000
12 49 0.000000 0.000000 0.000000
13 49 0.000000 0.000000 0.000000
14 49 0.000000 0.000000 0.000000
15 49 0.000000 0.000000 0.000000
16 49 0.000000 0.000000 0.000000
17 49 0.000000 0.000000 0.000000
18 49 0.000000 0.000000 0.000000
19 49 0.000000 0.000000 0.000000
20 49 0.000000 0.000000 0.000000
21 49 0.000000 0.000000 0.000000
22 49 0.000000 0.000000 0.000000
23 49 0.000000 0.000000 0.000000
24 49 0.000000 0.000000 0.000000
25 49 0.000000 0.000000 0.000000
26 49 0.000000 0.000000 0.000000
27 49 0.000000 0.000000 0.000000
28 49 0.000000 0.000000 0.000000
29 49 0.000000 0.000000 0.000000
30 49 0.000000 0.000000 0.000000
31 49 0.000000 0.000000 0.000000
32 49 0.000000 0.000000 0.000000
33 49 0.000000 0.000000 0.000000
34 49 0.000000 0.000000 0.000000
35 49 0.000000 0.000000 0.000000
36 49 0.000000 0.000000 0.000000
37 49 0.000000 0.000000 0.000000
38 49 0.000000 0.000000 0.000000
39 49 0.000000 0.000000 0.000000
40 49 0.000000 0.000000 0.000000
41 49 0.000000 0.000000 0.000000
42 49 0.000000 0.000000 0.000000
43 49 0.000000 0.000000 0.000000
44 49 0.000000 0.000000 0.000000
45 49 0.000000 0.000000 0.000000
46 49 0.000000 0.000000 0.000000
47 49 0.000000 0.000000 0.000000
48 49 0.000000 0.000000 0.000000
49 49 0.000000 0.000000 0.000000

