#:x y Ey Bx Bz
0 0 0.000000 0.000000 0.000000
1 0 0.000000 0.000000 0.000000
2 0 0.000000 0.000000 0.000000
3 0 0.000000 0.000000 0.000000
4 0 0.000000 0.000000 0.000000
5 0 0.000000 0.000000 0.000000
6 0 0.000000 0.000000 0.000000
7 0 0.000000 0.000000 0.000000
8 0 0.000000 0.000000 0.000000
9 0 0.000000 0.000000 0.000000
10 0 0.000000 0.000000 0.000000
11 0 0.000000 0.000000 0.000000
12 0 0.000000 0.000000 0.000000
13 0 0.000000 0.000000 0.000000
14 0 0.000000 0.000000 0.000000
15 0 0.000000 0.000000 0.000000
16 0 0.000000 0.000000 0.000000
17 0 0.000000 0.000000 0.000000
18 0 0.000000 0.000000 0.000000
19 0 0.000000 0.000000 0.000000
20 0 0.000000 0.000000 0.000000
21 0 0.000000 0.000000 0.000000
22 0 0.000000 0.000000 0.000000
23 0 0.000000 0.000000 0.000000
24 0 0.000000 0.000000 0.000000
25 0 0.000000 0.000000 0.000000
26 0 0.000000 0.000000 0.000000
27 0 0.000000 0.000000 0.000000
28 0 0.000000 0.000000 0.000000
29 0 0.000000 0.000000 0.000000
30 0 0.000000 0.000000 0.000000
31 0 0.000000 0.000000 0.000000
32 0 0.000000 0.000000 0.000000
33 0 0.000000 0.000000 0.000000
34 0 0.000000 0.000000 0.000000
35 0 0.000000 0.000000 0.000000
36 0 0.000000 0.000000 0.000000
37 0 0.000000 0.000000 0.000000
38 0 0.000000 0.000000 0.000000
39 0 0.000000 0.000000 0.000000
40 0 0.000000 0.000000 0.000000
41 0 0.000000 0.000000 0.000000
42 0 0.000000 0.000000 0.000000
43 0 0.000000 0.000000 0.000000
44 0 0.000000 0.000000 0.000000
45 0 0.000000 0.000000 0.000000
46 0 0.000000 0.000000 0.000000
47 0 0.000000 0.000000 0.000000
48 0 0.000000 0.000000 0.000000
49 0 0.000000 0.000000 0.000000

0 1 0.000000 0.000000 0.000000
1 1 -0.000119 0.000934 -0.000934
2 1 -0.000138 0.001866 -0.000932
3 1 0.000034 0.002779 -0.000913
4 1 0.000460 0.003633 -0.000854
5 1 0.001157 0.004359 -0.000726
6 1 0.002074 0.004863 -0.000505
7 1 0.003075 0.005051 -0.000188
8 1 0.003949 0.004857 0.000195
9 1 0.004461 0.004281 0.000576
10 1 0.004437 0.003418 0.000863
11 1 0.003861 0.002440 0.000978
12 1 0.002914 0.001540 0.000900
13 1 0.001898 0.000853 0.000687
14 1 0.001064 0.000413 0.000440
15 1 0.000515 0.000175 0.000238
16 1 0.000216 0.000065 0.000110
17 1 0.000079 0.000021 0.000044
18 1 0.000025 0.000006 0.000015
19 1 0.000007 0.000002 0.000005
20 1 0.000002 0.000000 0.000001
21 1 0.000000 0.000000 0.000000
22 1 0.000000 0.000000 0.000000
23 1 0.000000 0.000000 0.000000
24 1 0.000000 0.000000 0.000000
25 1 0.000000 0.000000 0.000000
26 1 0.000000 0.000000 0.000000
27 1 0.000000 0.000000 0.000000
28 1 0.000000 0.000000 0.000000
29 1 0.000000 0.000000 0.000000
30 1 0.000000 0.000000 0.000000
31 1 0.000000 0.000000 0.000000
32 1 0.000000 0.000000 0.000000
33 1 0.000000 0.000000 0.000000
34 1 0.000000 0.000000 0.000000
35 1 0.000000 0.000000 0.000000
36 1 0.000000 0.000000 0.000000
37 1 0.000000 0.000000 0.000000
38 1 0.000000 0.000000 0.000000
39 1 0.000000 0.000000 0.000000
40 1 0.000000 0.000000 0.000000
41 1 0.000000 0.000000 0.000000
42 1 0.000000 0.000000 0.000000
43 1 0.000000 0.000000 0.000000
44 1 0.000000 0.000000 0.000000
45 1 0.000000 0.000000 0.000000
46 1 0.000000 0.000000 0.000000
47 1 0.000000 0.000000 0.000000
48 1 0.000000 0.000000 0.000000
49 1 0.000000 0.000000 0.000000

0 2 0.000000 0.000000 0.000000
1 2 -0.001197 0.000269 -0.001180
2 2 -0.002251 0.000605 -0.001264
3 2 -0.003001 0.001067 -0.001409
4 2 -0.003275 0.001699 -0.001571
5 2 -0.002896 0.002513 -0.001679
6 2 -0.001737 0.003468 -0.001643
7 2 0.000210 0.004453 -0.001373
8 2 0.002745 0.005285 -0.000812
9 2 0.005409 0.005742 0.000016
10 2 0.007550 0.005641 0.000969
11 2 0.008523 0.004937 0.001797
12 2 0.008027 0.003795 0.002231
13 2 0.006359 0.002536 0.002149
14 2 0.004256 0.001466 0.001677
15 2 0.002420 0.000733 0.001081
16 2 0.001176 0.000318 0.000585
17 2 0.000493 0.000120 0.000269
18 2 0.000179 0.000040 0.000106
19 2 0.000057 0.000012 0.000036
20 2 0.000016 0.000003 0.000011
21 2 0.000004 0.000001 0.000003
22 2 0.000001 0.000000 0.000001
23 2 0.000000 0.000000 0.000000
24 2 0.000000 0.000000 0.000000
25 2 0.000000 0.000000 0.000000
26 2 0.000000 0.000000 0.000000
27 2 0.000000 0.000000 0.000000
28 2 0.000000 0.000000 0.000000
29 2 0.000000 0.000000 0.000000
30 2 0.000000 0.000000 0.000000
31 2 0.000000 0.000000 0.000000
32 2 0.000000 0.000000 0.000000
33 2 0.000000 0.000000 0.000000
34 2 0.000000 0.000000 0.000000
35 2 0.000000 0.000000 0.000000
36 2 0.000000 0.000000 0.000000
37 2 0.000000 0.000000 0.000000
38 2 0.000000 0.000000 0.000000
39 2 0.000000 0.000000 0.000000
40 2 0.000000 0.000000 0.000000
41 2 0.000000 0.000000 0.000000
42 2 0.000000 0.000000 0.000000
43 2 0.000000 0.000000 0.000000
44 2 0.000000 0.000000 0.000000
45 2 0.000000 0.000000 0.000000
46 2 0.000000 0.000000 0.000000
47 2 0.000000 0.000000 0.000000
48 2 0.000000 0.000000 0.000000
49 2 0.000000 0.000000 0.000000

0 3 0.000000 0.000000 0.000000
1 3 -0.001672 -0.000815 -0.000126
2 3 -0.003424 -0.001599 -0.000269
3 3 -0.005293 -0.002296 -0.000562
4 3 -0.007215 -0.002800 -0.001012
5 3 -0.008982 -0.002954 -0.001601
6 3 -0.010203 -0.002566 -0.002263
7 3 -0.010338 -0.001474 -0.002854
8 3 -0.008813 0.000352 -0.003145
9 3 -0.005310 0.002694 -0.002859
10 3 -0.000123 0.005044 -0.001809
11 3 0.005631 0.006703 -0.000056
12 3 0.010140 0.007092 0.001941
13 3 0.011836 0.006161 0.003414
14 3 0.010553 0.004453 0.003805
15 3 0.007566 0.002705 0.003197
16 3 0.004480 0.001394 0.002144
17 3 0.002232 0.000616 0.001184
18 3 0.000948 0.000235 0.000549
19 3 0.000348 0.000078 0.000218
20 3 0.000111 0.000023 0.000075
21 3 0.000031 0.000006 0.000022
22 3 0.000008 0.000001 0.000006
23 3 0.000002 0.000000 0.000001
24 3 0.000000 0.000000 0.000000
25 3 0.000000 0.000000 0.000000
26 3 0.000000 0.000000 0.000000
27 3 0.000000 0.000000 0.000000
28 3 0.000000 0.000000 0.000000
29 3 0.000000 0.000000 0.000000
30 3 0.000000 0.000000 0.000000
31 3 0.000000 0.000000 0.000000
32 3 0.000000 0.000000 0.000000
33 3 0.000000 0.000000 0.000000
34 3 0.000000 0.000000 0.000000
35 3 0.000000 0.000000 0.000000
36 3 0.000000 0.000000 0.000000
37 3 0.000000 0.000000 0.000000
38 3 0.000000 0.000000 0.000000
39 3 0.000000 0.000000 0.000000
40 3 0.000000 0.000000 0.000000
41 3 0.000000 0.000000 0.000000
42 3 0.000000 0.000000 0.000000
43 3 0.000000 0.000000 0.000000
44 3 0.000000 0.000000 0.000000
45 3 0.000000 0.000000 0.000000
46 3 0.000000 0.000000 0.000000
47 3 0.000000 0.000000 0.000000
48 3 0.000000 0.000000 0.000000
49 3 0.000000 0.000000 0.000000

0 4 0.000000 0.000000 0.000000
1 4 0.000831 -0.000368 0.000577
2 4 0.001390 -0.000919 0.000632
3 4 0.001369 -0.001810 0.000702
4 4 0.000431 -0.003133 0.000696
5 4 -0.001748 -0.004865 0.000484
6 4 -0.005332 -0.006780 -0.000104
7 4 -0.010087 -0.008415 -0.001192
8 4 -0.015157 -0.009077 -0.002788
9 4 -0.018848 -0.008041 -0.004595
10 4 -0.019092 -0.004947 -0.005941
11 4 -0.014307 -0.000207 -0.005947
12 4 -0.004832 0.004738 -0.003906
13 4 0.005892 0.007982 -0.000170
14 4 0.013116 0.008504 0.003540
15 4 0.014539 0.006851 0.005447
16 4 0.011583 0.004428 0.005184
17 4 0.007264 0.002368 0.003694
18 4 0.003740 0.001069 0.002105
19 4 0.001620 0.000414 0.000993
20 4 0.000601 0.000139 0.000397
21 4 0.000194 0.000041 0.000136
22 4 0.000055 0.000011 0.000041
23 4 0.000014 0.000002 0.000011
24 4 0.000003 0.000001 0.000003
25 4 0.000001 0.000000 0.000001
26 4 0.000000 0.000000 0.000000
27 4 0.000000 0.000000 0.000000
28 4 0.000000 0.000000 0.000000
29 4 0.000000 0.000000 0.000000
30 4 0.000000 0.000000 0.000000
31 4 0.000000 0.000000 0.000000
32 4 0.000000 0.000000 0.000000
33 4 0.000000 0.000000 0.000000
34 4 0.000000 0.000000 0.000000
35 4 0.000000 0.000000 0.000000
36 4 0.000000 0.000000 0.000000
37 4 0.000000 0.000000 0.000000
38 4 0.000000 0.000000 0.000000
39 4 0.000000 0.000000 0.000000
40 4 0.000000 0.000000 0.000000
41 4 0.000000 0.000000 0.000000
42 4 0.000000 0.000000 0.000000
43 4 0.000000 0.000000 0.000000
44 4 0.000000 0.000000 0.000000
45 4 0.000000 0.000000 0.000000
46 4 0.000000 0.000000 0.000000
47 4 0.000000 0.000000 0.000000
48 4 0.000000 0.000000 0.000000
49 4 0.000000 0.000000 0.000000

0 5 0.000000 0.000000 0.000000
1 5 0.002187 0.001694 -0.001283
2 5 0.004609 0.003284 -0.001070
3 5 0.007418 0.004604 -0.000613
4 5 0.010499 0.005376 0.000111
5 5 0.013436 0.005203 0.001093
6 5 0.015221 0.003620 0.002196
7 5 0.014487 0.000321 0.003058
8 5 0.009681 -0.004589 0.003135
9 5 -0.000001 -0.010109 0.001663
10 5 -0.013070 -0.014329 -0.001672
11 5 -0.025425 -0.014928 -0.006305
12 5 -0.030402 -0.010424 -0.010306
13 5 -0.022949 -0.002204 -0.010534
14 5 -0.006332 0.005605 -0.005713
15 5 0.009387 0.009464 0.001303
16 5 0.016638 0.009026 0.006214
17 5 0.015464 0.006341 0.007242
18 5 0.010436 0.003552 0.005599
19 5 0.005590 0.001648 0.003321
20 5 0.002479 0.000649 0.001600
21 5 0.000933 0.000220 0.000646
22 5 0.000303 0.000065 0.000223
23 5 0.000086 0.000017 0.000067
24 5 0.000022 0.000004 0.000018
25 5 0.000005 0.000001 0.000004
26 5 0.000001 0.000000 0.000001
27 5 0.000000 0.000000 0.000000
28 5 0.000000 0.000000 0.000000
29 5 0.000000 0.000000 0.000000
30 5 0.000000 0.000000 0.000000
31 5 0.000000 0.000000 0.000000
32 5 0.000000 0.000000 0.000000
33 5 0.000000 0.000000 0.000000
34 5 0.000000 0.000000 0.000000
35 5 0.000000 0.000000 0.000000
36 5 0.000000 0.000000 0.000000
37 5 0.000000 0.000000 0.000000
38 5 0.000000 0.000000 0.000000
39 5 0.000000 0.000000 0.000000
40 5 0.000000 0.000000 0.000000
41 5 0.000000 0.000000 0.000000
42 5 0.000000 0.000000 0.000000
43 5 0.000000 0.000000 0.000000
44 5 0.000000 0.000000 0.000000
45 5 0.000000 0.000000 0.000000
46 5 0.000000 0.000000 0.000000
47 5 0.000000 0.000000 0.000000
48 5 0.000000 0.000000 0.000000
49 5 0.000000 0.000000 0.000000

0 6 0.000000 0.000000 0.000000
1 6 -0.002619 0.000369 -0.002090
2 6 -0.004821 0.001090 -0.002274
3 6 -0.006064 0.002508 -0.002593
4 6 -0.005601 0.004843 -0.002840
5 6 -0.002621 0.008147 -0.002799
6 6 0.003722 0.011976 -0.001990
7 6 0.013115 0.015279 -0.000098
8 6 0.024162 0.016336 0.003039
9 6 0.032386 0.013064 0.006872
10 6 0.031872 0.004624 0.009382
11 6 0.018188 -0.007523 0.008313
12 6 -0.008235 -0.018328 0.001495
13 6 -0.034276 -0.020784 -0.009568
14 6 -0.040876 -0.012880 -0.016941
15 6 -0.024287 -0.000648 -0.014072
16 6 0.000045 0.008015 -0.003899
17 6 0.015568 0.010184 0.005308
18 6 0.018202 0.007991 0.008798
19 6 0.013417 0.004733 0.007548
20 6 0.007513 0.002266 0.004689
21 6 0.003415 0.000909 0.002313
22 6 0.001304 0.000312 0.000946
23 6 0.000428 0.000093 0.000329
24 6 0.000122 0.000024 0.000099
25 6 0.000031 0.000006 0.000026
26 6 0.000007 0.000001 0.000006
27 6 0.000001 0.000000 0.000001
28 6 0.000000 0.000000 0.000000
29 6 0.000000 0.000000 0.000000
30 6 0.000000 0.000000 0.000000
31 6 0.000000 0.000000 0.000000
32 6 0.000000 0.000000 0.000000
33 6 0.000000 0.000000 0.000000
34 6 0.000000 0.000000 0.000000
35 6 0.000000 0.000000 0.000000
36 6 0.000000 0.000000 0.000000
37 6 0.000000 0.000000 0.000000
38 6 0.000000 0.000000 0.000000
39 6 0.000000 0.000000 0.000000
40 6 0.000000 0.000000 0.000000
41 6 0.000000 0.000000 0.000000
42 6 0.000000 0.000000 0.000000
43 6 0.000000 0.000000 0.000000
44 6 0.000000 0.000000 0.000000
45 6 0.000000 0.000000 0.000000
46 6 0.000000 0.000000 0.000000
47 6 0.000000 0.000000 0.000000
48 6 0.000000 0.000000 0.000000
49 6 0.000000 0.000000 0.000000

0 7 0.000000 0.000000 0.000000
1 7 -0.002031 -0.002782 0.001216
2 7 -0.004737 -0.005604 0.000988
3 7 -0.008908 -0.008391 0.000442
4 7 -0.014584 -0.010683 -0.000640
5 7 -0.021705 -0.011766 -0.002312
6 7 -0.028441 -0.010269 -0.004755
7 7 -0.031658 -0.005164 -0.007082
8 7 -0.027437 0.004229 -0.008564
9 7 -0.010773 0.016197 -0.006741
10 7 0.015825 0.025888 -0.000206
11 7 0.043927 0.027225 0.009712
12 7 0.056076 0.014811 0.019194
13 7 0.032253 -0.007428 0.017879
14 7 -0.016253 -0.023767 0.000718
15 7 -0.048358 -0.022661 -0.018497
16 7 -0.041570 -0.008985 -0.022441
17 7 -0.012433 0.004306 -0.011088
18 7 0.011533 0.009911 0.002666
19 7 0.019227 0.008960 0.009456
20 7 0.015644 0.005650 0.009180
21 7 0.009162 0.002798 0.005984
22 7 0.004266 0.001145 0.003022
23 7 0.001653 0.000398 0.001252
24 7 0.000547 0.000120 0.000439
25 7 0.000157 0.000032 0.000133
26 7 0.000040 0.000007 0.000035
27 7 0.000009 0.000002 0.000008
28 7 0.000002 0.000000 0.000002
29 7 0.000000 0.000000 0.000000
30 7 0.000000 0.000000 0.000000
31 7 0.000000 0.000000 0.000000
32 7 0.000000 0.000000 0.000000
33 7 0.000000 0.000000 0.000000
34 7 0.000000 0.000000 0.000000
35 7 0.000000 0.000000 0.000000
36 7 0.000000 0.000000 0.000000
37 7 0.000000 0.000000 0.000000
38 7 0.000000 0.000000 0.000000
39 7 0.000000 0.000000 0.000000
40 7 0.000000 0.000000 0.000000
41 7 0.000000 0.000000 0.000000
42 7 0.000000 0.000000 0.000000
43 7 0.000000 0.000000 0.000000
44 7 0.000000 0.000000 0.000000
45 7 0.000000 0.000000 0.000000
46 7 0.000000 0.000000 0.000000
47 7 0.000000 0.000000 0.000000
48 7 0.000000 0.000000 0.000000
49 7 0.000000 0.000000 0.000000

0 8 0.000000 0.000000 0.000000
1 8 0.005703 0.001689 -0.000067
2 8 0.011211 0.002788 0.000431
3 8 0.016446 0.002522 0.001542
4 8 0.019589 0.000210 0.002806
5 8 0.019805 -0.004845 0.004168
6 8 0.012699 -0.012745 0.004493
7 8 -0.001946 -0.021724 0.002541
8 8 -0.025385 -0.028978 -0.002154
9 8 -0.050706 -0.028058 -0.010994
10 8 -0.061150 -0.015195 -0.018389
11 8 -0.046163 0.008427 -0.019531
12 8 0.004119 0.033397 -0.008206
13 8 0.064898 0.038330 0.017711
14 8 0.073506 0.014435 0.034313
15 8 0.017334 -0.016159 0.018519
16 8 -0.041698 -0.026876 -0.013083
17 8 -0.052010 -0.016117 -0.027674
18 8 -0.023711 -0.000224 -0.018020
19 8 0.006310 0.008477 -0.000783
20 8 0.018758 0.009091 0.009283
21 8 0.016825 0.006112 0.010260
22 8 0.010251 0.003127 0.006986
23 8 0.004871 0.001304 0.003597
24 8 0.001909 0.000459 0.001505
25 8 0.000636 0.000139 0.000530
26 8 0.000184 0.000037 0.000161
27 8 0.000047 0.000009 0.000043
28 8 0.000011 0.000002 0.000010
29 8 0.000002 0.000000 0.000002
30 8 0.000000 0.000000 0.000000
31 8 0.000000 0.000000 0.000000
32 8 0.000000 0.000000 0.000000
33 8 0.000000 0.000000 0.000000
34 8 0.000000 0.000000 0.000000
35 8 0.000000 0.000000 0.000000
36 8 0.000000 0.000000 0.000000
37 8 0.000000 0.000000 0.000000
38 8 0.000000 0.000000 0.000000
39 8 0.000000 0.000000 0.000000
40 8 0.000000 0.000000 0.000000
41 8 0.000000 0.000000 0.000000
42 8 0.000000 0.000000 0.000000
43 8 0.000000 0.000000 0.000000
44 8 0.000000 0.000000 0.000000
45 8 0.000000 0.000000 0.000000
46 8 0.000000 0.000000 0.000000
47 8 0.000000 0.000000 0.000000
48 8 0.000000 0.000000 0.000000
49 8 0.000000 0.000000 0.000000

0 9 0.000000 0.000000 0.000000
1 9 -0.002291 0.003056 -0.004264
2 9 -0.003431 0.006647 -0.004261
3 9 -0.001501 0.011570 -0.004428
4 9 0.004676 0.017148 -0.003401
5 9 0.016041 0.023230 -0.001958
6 9 0.033583 0.026486 0.002658
7 9 0.049149 0.024072 0.007884
8 9 0.060050 0.012370 0.014235
9 9 0.045503 -0.010299 0.016740
10 9 0.003820 -0.033773 0.007174
11 9 -0.050729 -0.046617 -0.009684
12 9 -0.095531 -0.032602 -0.032278
13 9 -0.066934 0.010892 -0.037938
14 9 0.033324 0.044890 -0.001407
15 9 0.091827 0.034043 0.040600
16 9 0.048261 -0.002857 0.035624
17 9 -0.027380 -0.024720 -0.003749
18 9 -0.054121 -0.019574 -0.028826
19 9 -0.030338 -0.003757 -0.022605
20 9 0.002166 0.006660 -0.003623
21 9 0.017597 0.008544 0.008762
22 9 0.017014 0.006074 0.010770
23 9 0.010650 0.003191 0.007556
24 9 0.005125 0.001350 0.003938
25 9 0.002021 0.000480 0.001655
26 9 0.000676 0.000146 0.000584
27 9 0.000196 0.000039 0.000177
28 9 0.000050 0.000009 0.000047
29 9 0.000011 0.000002 0.000011
30 9 0.000002 0.000000 0.000002
31 9 0.000000 0.000000 0.000000
32 9 0.000000 0.000000 0.000000
33 9 0.000000 0.000000 0.000000
34 9 0.000000 0.000000 0.000000
35 9 0.000000 0.000000 0.000000
36 9 0.000000 0.000000 0.000000
37 9 0.000000 0.000000 0.000000
38 9 0.000000 0.000000 0.000000
39 9 0.000000 0.000000 0.000000
40 9 0.000000 0.000000 0.000000
41 9 0.000000 0.000000 0.000000
42 9 0.000000 0.000000 0.000000
43 9 0.000000 0.000000 0.000000
44 9 0.000000 0.000000 0.000000
45 9 0.000000 0.000000 0.000000
46 9 0.000000 0.000000 0.000000
47 9 0.000000 0.000000 0.000000
48 9 0.000000 0.000000 0.000000
49 9 0.000000 0.000000 0.000000

0 10 0.000000 0.000000 0.000000
1 10 -0.006068 -0.005144 0.001338
2 10 -0.012459 -0.009875 0.000698
3 10 -0.022725 -0.013753 -0.000936
4 10 -0.031946 -0.014715 -0.003675
5 10 -0.043596 -0.012045 -0.006900
6 10 -0.046104 -0.001259 -0.011636
7 10 -0.035328 0.014627 -0.011115
8 10 -0.007211 0.035568 -0.008887
9 10 0.046659 0.048508 0.006709
10 10 0.082002 0.039275 0.024744
11 10 0.083940 0.008991 0.031510
12 10 0.027482 -0.037552 0.023226
13 10 -0.084752 -0.060217 -0.020992
14 10 -0.116444 -0.022271 -0.059405
15 10 -0.010538 0.033014 -0.026384
16 10 0.086071 0.041154 0.036196
17 10 0.062734 0.007677 0.044856
18 10 -0.015874 -0.019446 0.003645
19 10 -0.051045 -0.019203 -0.027605
20 10 -0.031455 -0.005250 -0.024077
21 10 0.000539 0.005205 -0.004778
22 10 0.016549 0.007641 0.008450
23 10 0.016472 0.005628 0.010843
24 10 0.010392 0.003003 0.007668
25 10 0.005010 0.001281 0.003998
26 10 0.001976 0.000457 0.001677
27 10 0.000660 0.000140 0.000591
28 10 0.000191 0.000037 0.000179
29 10 0.000049 0.000009 0.000047
30 10 0.000011 0.000002 0.000011
31 10 0.000002 0.000000 0.000002
32 10 0.000000 0.000000 0.000000
33 10 0.000000 0.000000 0.000000
34 10 0.000000 0.000000 0.000000
35 10 0.000000 0.000000 0.000000
36 10 0.000000 0.000000 0.000000
37 10 0.000000 0.000000 0.000000
38 10 0.000000 0.000000 0.000000
39 10 0.000000 0.000000 0.000000
40 10 0.000000 0.000000 0.000000
41 10 0.000000 0.000000 0.000000
42 10 0.000000 0.000000 0.000000
43 10 0.000000 0.000000 0.000000
44 10 0.000000 0.000000 0.000000
45 10 0.000000 0.000000 0.000000
46 10 0.000000 0.000000 0.000000
47 10 0.000000 0.000000 0.000000
48 10 0.000000 0.000000 0.000000
49 10 0.000000 0.000000 0.000000

0 11 0.000000 0.000000 0.000000
1 11 0.009032 0.001148 0.001404
2 11 0.016549 0.001285 0.001839
3 11 0.023815 -0.002074 0.004476
4 11 0.022124 -0.008702 0.004798
5 11 0.017649 -0.020032 0.006759
6 11 -0.009469 -0.033806 0.002639
7 11 -0.037054 -0.041294 -0.005782
8 11 -0.074632 -0.039641 -0.016163
9 11 -0.085181 -0.012092 -0.031613
10 11 -0.034918 0.025507 -0.019924
11 11 0.029371 0.052939 0.003690
12 11 0.102789 0.053016 0.034441
13 11 0.095963 -0.000150 0.054620
14 11 -0.042839 -0.056223 0.003007
15 11 -0.123566 -0.039954 -0.063835
16 11 -0.032860 0.017527 -0.040606
17 11 0.073293 0.036989 0.030061
18 11 0.060380 0.010931 0.045425
19 11 -0.012970 -0.014866 0.005226
20 11 -0.046648 -0.016527 -0.026334
21 11 -0.028241 -0.004813 -0.022891
22 11 0.001526 0.004420 -0.003985
23 11 0.015963 0.006657 0.008622
24 11 0.015454 0.004926 0.010615
25 11 0.009609 0.002630 0.007370
26 11 0.004584 0.001121 0.003793
27 11 0.001793 0.000399 0.001575
28 11 0.000595 0.000122 0.000550
29 11 0.000171 0.000033 0.000165
30 11 0.000043 0.000008 0.000044
31 11 0.000010 0.000002 0.000010
32 11 0.000002 0.000000 0.000002
33 11 0.000000 0.000000 0.000000
34 11 0.000000 0.000000 0.000000
35 11 0.000000 0.000000 0.000000
36 11 0.000000 0.000000 0.000000
37 11 0.000000 0.000000 0.000000
38 11 0.000000 0.000000 0.000000
39 11 0.000000 0.000000 0.000000
40 11 0.000000 0.000000 0.000000
41 11 0.000000 0.000000 0.000000
42 11 0.000000 0.000000 0.000000
43 11 0.000000 0.000000 0.000000
44 11 0.000000 0.000000 0.000000
45 11 0.000000 0.000000 0.000000
46 11 0.000000 0.000000 0.000000
47 11 0.000000 0.000000 0.000000
48 11 0.000000 0.000000 0.000000
49 11 0.000000 0.000000 0.000000

0 12 0.000000 0.000000 0.000000
1 12 -0.000802 0.005970 -0.006372
2 12 -0.000708 0.011982 -0.005677
3 12 0.007277 0.020873 -0.005867
4 12 0.019752 0.027124 -0.001115
5 12 0.039398 0.033678 0.001100
6 12 0.064071 0.027883 0.013858
7 12 0.062022 0.011087 0.016531
8 12 0.049257 -0.017460 0.019899
9 12 -0.024555 -0.050014 0.003051
10 12 -0.084477 -0.047501 -0.032490
11 12 -0.079555 -0.019308 -0.037361
12 12 -0.031359 0.025545 -0.025096
13 12 0.080739 0.058818 0.022713
14 12 0.110396 0.022454 0.067132
15 12 -0.024718 -0.039564 0.014329
16 12 -0.109746 -0.037135 -0.061177
17 12 -0.026682 0.010507 -0.038811
18 12 0.066164 0.028951 0.029564
19 12 0.048175 0.008314 0.040533
20 12 -0.017511 -0.012388 0.001103
21 12 -0.042407 -0.013106 -0.025854
22 12 -0.022325 -0.003230 -0.019815
23 12 0.004290 0.004165 -0.001661
24 12 0.015693 0.005710 0.009172
25 12 0.014103 0.004107 0.010142
26 12 0.008463 0.002157 0.006748
27 12 0.003945 0.000909 0.003382
28 12 0.001517 0.000321 0.001377
29 12 0.000497 0.000098 0.000474
30 12 0.000142 0.000026 0.000141
31 12 0.000036 0.000006 0.000037
32 12 0.000008 0.000001 0.000009
33 12 0.000002 0.000000 0.000002
34 12 0.000000 0.000000 0.000000
35 12 0.000000 0.000000 0.000000
36 12 0.000000 0.000000 0.000000
37 12 0.000000 0.000000 0.000000
38 12 0.000000 0.000000 0.000000
39 12 0.000000 0.000000 0.000000
40 12 0.000000 0.000000 0.000000
41 12 0.000000 0.000000 0.000000
42 12 0.000000 0.000000 0.000000
43 12 0.000000 0.000000 0.000000
44 12 0.000000 0.000000 0.000000
45 12 0.000000 0.000000 0.000000
46 12 0.000000 0.000000 0.000000
47 12 0.000000 0.000000 0.000000
48 12 0.000000 0.000000 0.000000
49 12 0.000000 0.000000 0.000000

0 13 0.000000 0.000000 0.000000
1 13 -0.010360 -0.006313 0.000101
2 13 -0.018650 -0.011218 -0.000791
3 13 -0.035413 -0.014033 -0.004649
4 13 -0.040166 -0.009220 -0.008423
5 13 -0.049087 0.000476 -0.012525
6 13 -0.024960 0.024352 -0.014953
7 13 0.016948 0.041266 0.000028
8 13 0.065703 0.050409 0.013308
9 13 0.101150 0.026516 0.041707
10 13 0.029249 -0.022433 0.028443
11 13 -0.056880 -0.043044 -0.017735
12 13 -0.092309 -0.033051 -0.044728
13 13 -0.045358 0.009108 -0.041866
14 13 0.082207 0.046737 0.023571
15 13 0.095820 0.018761 0.069328
16 13 -0.039538 -0.030709 0.005299
17 13 -0.094182 -0.025707 -0.060426
18 13 -0.005012 0.011300 -0.026012
19 13 0.063245 0.021574 0.033857
20 13 0.031450 0.003445 0.032370
21 13 -0.025044 -0.011187 -0.006243
22 13 -0.037550 -0.009682 -0.025337
23 13 -0.014921 -0.001299 -0.015366
24 13 0.007717 0.004109 0.001483
25 13 0.015350 0.004803 0.009766
26 13 0.012474 0.003271 0.009408
27 13 0.007110 0.001665 0.005891
28 13 0.003203 0.000687 0.002841
29 13 0.001201 0.000239 0.001126
30 13 0.000386 0.000072 0.000379
31 13 0.000108 0.000019 0.000111
32 13 0.000027 0.000004 0.000029
33 13 0.000006 0.000001 0.000007
34 13 0.000001 0.000000 0.000001
35 13 0.000000 0.000000 0.000000
36 13 0.000000 0.000000 0.000000
37 13 0.000000 0.000000 0.000000
38 13 0.000000 0.000000 0.000000
39 13 0.000000 0.000000 0.000000
40 13 0.000000 0.000000 0.000000
41 13 0.000000 0.000000 0.000000
42 13 0.000000 0.000000 0.000000
43 13 0.000000 0.000000 0.000000
44 13 0.000000 0.000000 0.000000
45 13 0.000000 0.000000 0.000000
46 13 0.000000 0.000000 0.000000
47 13 0.000000 0.000000 0.000000
48 13 0.000000 0.000000 0.000000
49 13 0.000000 0.000000 0.000000

0 14 0.000000 0.000000 0.000000
1 14 0.009320 -0.001290 0.003464
2 14 0.015324 -0.004126 0.003703
3 14 0.016924 -0.012659 0.007236
4 14 0.001444 -0.024204 0.004072
5 14 -0.021713 -0.037157 0.002212
6 14 -0.069505 -0.042110 -0.014825
7 14 -0.083233 -0.021474 -0.028990
8 14 -0.060314 0.012679 -0.030595
9 14 0.032678 0.052922 -0.005626
10 14 0.117089 0.047187 0.048559
11 14 0.073518 -0.004149 0.050826
12 14 -0.042955 -0.041298 -0.000493
13 14 -0.119251 -0.033698 -0.058856
14 14 -0.037625 0.014282 -0.049922
15 14 0.103598 0.040658 0.040229
16 14 0.071691 0.006564 0.066464
17 14 -0.063256 -0.028220 -0.014713
18 14 -0.073933 -0.014304 -0.057762
19 14 0.019675 0.013673 -0.007772
20 14 0.057173 0.014991 0.037411
21 14 0.012517 -0.001174 0.021221
22 14 -0.031402 -0.009993 -0.014017
23 14 -0.030903 -0.006437 -0.023448
24 14 -0.006951 0.000443 -0.009925
25 14 0.010823 0.003974 0.004709
26 14 0.014579 0.003912 0.010045
27 14 0.010615 0.002481 0.008395
28 14 0.005688 0.001209 0.004895
29 14 0.002456 0.000483 0.002251
30 14 0.000892 0.000164 0.000861
31 14 0.000279 0.000048 0.000282
32 14 0.000077 0.000013 0.000081
33 14 0.000019 0.000003 0.000020
34 14 0.000004 0.000001 0.000005
35 14 0.000001 0.000000 0.000001
36 14 0.000000 0.000000 0.000000
37 14 0.000000 0.000000 0.000000
38 14 0.000000 0.000000 0.000000
39 14 0.000000 0.000000 0.000000
40 14 0.000000 0.000000 0.000000
41 14 0.000000 0.000000 0.000000
42 14 0.000000 0.000000 0.000000
43 14 0.000000 0.000000 0.000000
44 14 0.000000 0.000000 0.000000
45 14 0.000000 0.000000 0.000000
46 14 0.000000 0.000000 0.000000
47 14 0.000000 0.000000 0.000000
48 14 0.000000 0.000000 0.000000
49 14 0.000000 0.000000 0.000000

0 15 0.000000 0.000000 0.000000
1 15 0.005595 0.009760 -0.008160
2 15 0.014514 0.018971 -0.006709
3 15 0.033903 0.028214 -0.002327
4 15 0.056562 0.029015 0.006368
5 15 0.076453 0.017989 0.017869
6 15 0.059741 -0.013243 0.025966
7 15 -0.008974 -0.048694 0.009206
8 15 -0.097638 -0.056856 -0.027017
9 15 -0.119534 -0.021267 -0.059813
10 15 -0.015381 0.038997 -0.028588
11 15 0.103726 0.058027 0.040511
12 15 0.107026 0.012829 0.068000
13 15 -0.034762 -0.041725 0.010957
14 15 -0.130439 -0.034426 -0.073546
15 15 -0.010508 0.019684 -0.042125
16 15 0.111147 0.033728 0.058801
17 15 0.031345 -0.003789 0.049794
18 15 -0.077656 -0.023672 -0.035744
19 15 -0.042929 -0.004255 -0.045911
20 15 0.039680 0.013937 0.011719
21 15 0.043646 0.008546 0.035543
22 15 -0.006253 -0.004448 0.007762
23 15 -0.033795 -0.008180 -0.019815
24 15 -0.022177 -0.003498 -0.019398
25 15 0.000636 0.001708 -0.004052
26 15 0.012902 0.003627 0.007375
27 15 0.013214 0.003041 0.009773
28 15 0.008625 0.001781 0.007140
29 15 0.004318 0.000824 0.003855
30 15 0.001775 0.000317 0.001681
31 15 0.000621 0.000105 0.000617
32 15 0.000189 0.000030 0.000196
33 15 0.000051 0.000008 0.000055
34 15 0.000012 0.000002 0.000014
35 15 0.000003 0.000000 0.000003
36 15 0.000001 0.000000 0.000001
37 15 0.000000 0.000000 0.000000
38 15 0.000000 0.000000 0.000000
39 15 0.000000 0.000000 0.000000
40 15 0.000000 0.000000 0.000000
41 15 0.000000 0.000000 0.000000
42 15 0.000000 0.000000 0.000000
43 15 0.000000 0.000000 0.000000
44 15 0.000000 0.000000 0.000000
45 15 0.000000 0.000000 0.000000
46 15 0.000000 0.000000 0.000000
47 15 0.000000 0.000000 0.000000
48 15 0.000000 0.000000 0.000000
49 15 0.000000 0.000000 0.000000

0 16 0.000000 0.000000 0.000000
1 16 -0.017503 -0.005033 -0.004246
2 16 -0.036593 -0.006203 -0.007322
3 16 -0.047369 0.001045 -0.013453
4 16 -0.044151 0.020645 -0.017764
5 16 0.001511 0.048631 -0.014096
6 16 0.076336 0.063130 0.014810
7 16 0.123648 0.041044 0.045035
8 16 0.075421 -0.017828 0.049588
9 16 -0.070339 -0.059775 -0.013488
10 16 -0.121096 -0.039205 -0.069989
11 16 -0.030523 0.015751 -0.038266
12 16 0.089071 0.046667 0.036424
13 16 0.088373 0.015505 0.070477
14 16 -0.063322 -0.033072 -0.005834
15 16 -0.104129 -0.020967 -0.078216
16 16 0.042383 0.022116 -0.008612
17 16 0.093489 0.019707 0.068162
18 16 -0.019302 -0.011545 0.017309
19 16 -0.073821 -0.015539 -0.048861
20 16 -0.005743 0.003660 -0.024002
21 16 0.048401 0.011515 0.026894
22 16 0.023349 0.002708 0.026549
23 16 -0.021296 -0.005938 -0.005661
24 16 -0.030930 -0.005801 -0.021859
25 16 -0.012182 -0.001085 -0.013330
26 16 0.006857 0.002381 0.001457
27 16 0.013588 0.003069 0.009023
28 16 0.011305 0.002228 0.008898
29 16 0.006643 0.001202 0.005743
30 16 0.003099 0.000525 0.002866
31 16 0.001208 0.000193 0.001180
32 16 0.000405 0.000062 0.000414
33 16 0.000119 0.000017 0.000127
34 16 0.000031 0.000004 0.000034
35 16 0.000007 0.000001 0.000008
36 16 0.000002 0.000000 0.000002
37 16 0.000000 0.000000 0.000000
38 16 0.000000 0.000000 0.000000
39 16 0.000000 0.000000 0.000000
40 16 0.000000 0.000000 0.000000
41 16 0.000000 0.000000 0.000000
42 16 0.000000 0.000000 0.000000
43 16 0.000000 0.000000 0.000000
44 16 0.000000 0.000000 0.000000
45 16 0.000000 0.000000 0.000000
46 16 0.000000 0.000000 0.000000
47 16 0.000000 0.000000 0.000000
48 16 0.000000 0.000000 0.000000
49 16 0.000000 0.000000 0.000000

0 17 0.000000 0.000000 0.000000
1 17 0.008554 -0.008162 0.007416
2 17 0.009329 -0.021173 0.009507
3 17 -0.014126 -0.038590 0.006119
4 17 -0.059186 -0.052761 -0.004236
5 17 -0.116611 -0.042148 -0.033841
6 17 -0.094219 0.005064 -0.047368
7 17 0.010200 0.054899 -0.014262
8 17 0.128611 0.062343 0.051789
9 17 0.091906 0.005233 0.072774
10 17 -0.070176 -0.042482 -0.012122
11 17 -0.113433 -0.024672 -0.074190
12 17 0.003828 0.018397 -0.030565
13 17 0.117223 0.029915 0.059099
14 17 0.037037 -0.004466 0.058886
15 17 -0.109624 -0.027460 -0.047061
16 17 -0.050228 -0.000927 -0.064448
17 17 0.086478 0.022150 0.034864
18 17 0.049734 0.004894 0.057123
19 17 -0.057543 -0.014219 -0.018845
20 17 -0.048312 -0.006369 -0.045467
21 17 0.026229 0.007708 0.001988
22 17 0.041997 0.007196 0.032072
23 17 0.000750 -0.001550 0.012014
24 17 -0.029273 -0.005667 -0.015815
25 17 -0.023220 -0.003274 -0.019473
26 17 -0.002436 0.000595 -0.006221
27 17 0.010963 0.002490 0.005783
28 17 0.012881 0.002384 0.009461
29 17 0.009066 0.001522 0.007537
30 17 0.004822 0.000756 0.004341
31 17 0.002094 0.000311 0.002003
32 17 0.000772 0.000109 0.000776
33 17 0.000247 0.000033 0.000259
34 17 0.000070 0.000009 0.000076
35 17 0.000018 0.000002 0.000020
36 17 0.000004 0.000000 0.000005
37 17 0.000001 0.000000 0.000001
38 17 0.000000 0.000000 0.000000
39 17 0.000000 0.000000 0.000000
40 17 0.000000 0.000000 0.000000
41 17 0.000000 0.000000 0.000000
42 17 0.000000 0.000000 0.000000
43 17 0.000000 0.000000 0.000000
44 17 0.000000 0.000000 0.000000
45 17 0.000000 0.000000 0.000000
46 17 0.000000 0.000000 0.000000
47 17 0.000000 0.000000 0.000000
48 17 0.000000 0.000000 0.000000
49 17 0.000000 0.000000 0.000000

0 18 0.000000 0.000000 0.000000
1 18 0.018882 0.017953 -0.012247
2 18 0.048804 0.032481 -0.005177
3 18 0.085167 0.031333 0.011958
4 18 0.096602 0.002960 0.033149
5 18 0.021798 -0.046577 0.027182
6 18 -0.104411 -0.068637 -0.029786
7 18 -0.139634 -0.027886 -0.075897
8 18 -0.005360 0.036374 -0.036152
9 18 0.136496 0.051763 0.064727
10 18 0.074911 -0.000293 0.072350
11 18 -0.085277 -0.041488 -0.024344
12 18 -0.111189 -0.015647 -0.079858
13 18 0.044942 0.029541 -0.008767
14 18 0.119819 0.022403 0.082061
15 18 -0.030945 -0.017582 0.022256
16 18 -0.108345 -0.018892 -0.075018
17 18 0.021949 0.011031 -0.022400
18 18 0.086738 0.014884 0.060618
19 18 -0.008749 -0.005204 0.022699
20 18 -0.065334 -0.010640 -0.041877
21 18 -0.009256 0.001105 -0.024666
22 18 0.041999 0.007525 0.022498
23 18 0.022842 0.002500 0.025288
24 18 -0.017880 -0.003639 -0.003671
25 18 -0.028799 -0.004155 -0.020168
26 18 -0.012646 -0.001105 -0.013427
27 18 0.005456 0.001475 0.000522
28 18 0.012674 0.002178 0.008374
29 18 0.011094 0.001688 0.008791
30 18 0.006781 0.000959 0.005918
31 18 0.003283 0.000440 0.003069
32 18 0.001327 0.000170 0.001311
33 18 0.000462 0.000057 0.000477
34 18 0.000141 0.000017 0.000152
35 18 0.000038 0.000004 0.000043
36 18 0.000009 0.000001 0.000011
37 18 0.000002 0.000000 0.000002
38 18 0.000000 0.000000 0.000000
39 18 0.000000 0.000000 0.000000
40 18 0.000000 0.000000 0.000000
41 18 0.000000 0.000000 0.000000
42 18 0.000000 0.000000 0.000000
43 18 0.000000 0.000000 0.000000
44 18 0.000000 0.000000 0.000000
45 18 0.000000 0.000000 0.000000
46 18 0.000000 0.000000 0.000000
47 18 0.000000 0.000000 0.000000
48 18 0.000000 0.000000 0.000000
49 18 0.000000 0.000000 0.000000

0 19 0.000000 0.000000 0.000000
1 19 -0.033574 0.000479 -0.016502
2 19 -0.054248 0.014214 -0.024896
3 19 -0.029838 0.048327 -0.029428
4 19 0.075101 0.078032 0.001157
5 19 0.159161 0.055575 0.064600
6 19 0.085879 -0.014646 0.065676
7 19 -0.094586 -0.062578 -0.020920
8 19 -0.148819 -0.029461 -0.096124
9 19 0.023583 0.031554 -0.024660
10 19 0.123871 0.037117 0.079104
11 19 0.020381 -0.002662 0.047473
12 19 -0.101156 -0.026970 -0.050367
13 19 -0.046780 -0.004470 -0.062494
14 19 0.100501 0.021930 0.040685
15 19 0.052692 0.004803 0.069536
16 19 -0.095832 -0.017203 -0.037532
17 19 -0.047761 -0.003130 -0.062531
18 19 0.076768 0.013404 0.031126
19 19 0.041876 0.003713 0.051488
20 19 -0.052450 -0.008600 -0.018248
21 19 -0.040745 -0.004056 -0.040425
22 19 0.025347 0.004804 0.003387
23 19 0.036937 0.004592 0.029331
24 19 -0.000958 -0.000974 0.010039
25 19 -0.027369 -0.003705 -0.015253
26 19 -0.021202 -0.002211 -0.018151
27 19 -0.001984 0.000347 -0.005656
28 19 0.010411 0.001666 0.005611
29 19 0.012251 0.001646 0.009126
30 19 0.008722 0.001080 0.007347
31 19 0.004714 0.000552 0.004296
32 19 0.002087 0.000234 0.002020
33 19 0.000786 0.000085 0.000800
34 19 0.000258 0.000027 0.000274
35 19 0.000075 0.000008 0.000082
36 19 0.000019 0.000002 0.000022
37 19 0.000005 0.000000 0.000005
38 19 0.000001 0.000000 0.000001
39 19 0.000000 0.000000 0.000000
40 19 0.000000 0.000000 0.000000
41 19 0.000000 0.000000 0.000000
42 19 0.000000 0.000000 0.000000
43 19 0.000000 0.000000 0.000000
44 19 0.000000 0.000000 0.000000
45 19 0.000000 0.000000 0.000000
46 19 0.000000 0.000000 0.000000
47 19 0.000000 0.000000 0.000000
48 19 0.000000 0.000000 0.000000
49 19 0.000000 0.000000 0.000000

0 20 0.000000 0.000000 0.000000
1 20 -0.002264 -0.025764 0.015976
2 20 -0.052879 -0.055849 0.009324
3 20 -0.145295 -0.056706 -0.033453
4 20 -0.149249 0.000598 -0.077136
5 20 0.025067 0.068960 -0.020574
6 20 0.165856 0.064569 0.084724
7 20 0.075923 -0.000944 0.080686
8 20 -0.117439 -0.042972 -0.043250
9 20 -0.094073 -0.011340 -0.090772
10 20 0.086935 0.027171 0.020535
11 20 0.101975 0.010431 0.084911
12 20 -0.058298 -0.018742 0.003113
13 20 -0.114761 -0.010684 -0.081427
14 20 0.043542 0.015524 -0.014978
15 20 0.111486 0.012749 0.081873
16 20 -0.040883 -0.010498 0.015419
17 20 -0.094356 -0.010299 -0.072344
18 20 0.033432 0.007263 -0.011341
19 20 0.073590 0.008164 0.057566
20 20 -0.019319 -0.003801 0.012582
21 20 -0.057021 -0.005988 -0.040579
22 20 -0.000075 0.001263 -0.017082
23 20 0.039417 0.004538 0.023739
24 20 0.016180 0.001164 0.020992
25 20 -0.019670 -0.002428 -0.006379
26 20 -0.026205 -0.002523 -0.019290
27 20 -0.009951 -0.000573 -0.011450
28 20 0.006296 0.001000 0.001559
29 20 0.012212 0.001404 0.008355
30 20 0.010361 0.001081 0.008375
31 20 0.006273 0.000618 0.005562
32 20 0.003035 0.000286 0.002877
33 20 0.001234 0.000112 0.001234
34 20 0.000433 0.000038 0.000453
35 20 0.000134 0.000011 0.000146
36 20 0.000037 0.000003 0.000042
37 20 0.000009 0.000001 0.000011
38 20 0.000002 0.000000 0.000002
39 20 0.000000 0.000000 0.000001
40 20 0.000000 0.000000 0.000000
41 20 0.000000 0.000000 0.000000
42 20 0.000000 0.000000 0.000000
43 20 0.000000 0.000000 0.000000
44 20 0.000000 0.000000 0.000000
45 20 0.000000 0.000000 0.000000
46 20 0.000000 0.000000 0.000000
47 20 0.000000 0.000000 0.000000
48 20 0.000000 0.000000 0.000000
49 20 0.000000 0.000000 0.000000

0 21 0.000000 0.000000 0.000000
1 21 0.081725 0.035205 -0.018775
2 21 0.150184 0.014614 0.040037
3 21 0.055394 -0.055265 0.054910
4 21 -0.152107 -0.083313 -0.048296
5 21 -0.162785 -0.025844 -0.112907
6 21 0.049240 0.042729 -0.012008
7 21 0.159154 0.035056 0.106347
8 21 -0.013666 -0.015196 0.045674
9 21 -0.140247 -0.025084 -0.085557
10 21 -0.011546 0.007098 -0.047848
11 21 0.109655 0.024654 0.064347
12 21 0.032749 0.002897 0.056925
13 21 -0.102712 -0.017891 -0.049347
14 21 -0.036166 -0.002952 -0.061578
15 21 0.106070 0.013619 0.051714
16 21 0.026424 0.001336 0.058176
17 21 -0.097735 -0.009865 -0.050450
18 21 -0.019198 0.000025 -0.046788
19 21 0.077218 0.007525 0.042034
20 21 0.018765 0.000635 0.038054
21 21 -0.055098 -0.005005 -0.027399
22 21 -0.025217 -0.001333 -0.032143
23 21 0.031133 0.003109 0.011398
24 21 0.029204 0.002181 0.026568
25 21 -0.007990 -0.000996 0.003967
26 21 -0.026874 -0.002157 -0.016821
27 21 -0.017054 -0.001077 -0.015781
28 21 0.000900 0.000367 -0.003134
29 21 0.010880 0.001028 0.006511
30 21 0.011454 0.000955 0.008818
31 21 0.007813 0.000612 0.006723
32 21 0.004128 0.000309 0.003827
33 21 0.001805 0.000131 0.001773
34 21 0.000676 0.000047 0.000697
35 21 0.000221 0.000015 0.000238
36 21 0.000064 0.000004 0.000072
37 21 0.000017 0.000001 0.000019
38 21 0.000004 0.000000 0.000005
39 21 0.000001 0.000000 0.000001
40 21 0.000000 0.000000 0.000000
41 21 0.000000 0.000000 0.000000
42 21 0.000000 0.000000 0.000000
43 21 0.000000 0.000000 0.000000
44 21 0.000000 0.000000 0.000000
45 21 0.000000 0.000000 0.000000
46 21 0.000000 0.000000 0.000000
47 21 0.000000 0.000000 0.000000
48 21 0.000000 0.000000 0.000000
49 21 0.000000 0.000000 0.000000

0 22 0.000000 0.000000 0.000000
1 22 -0.063885 0.071588 -0.106708
2 22 0.102928 0.123346 -0.025413
3 22 0.242505 0.078255 0.118959
4 22 0.061217 -0.018369 0.089828
5 22 -0.169724 -0.048385 -0.080755
6 22 -0.090558 -0.003230 -0.099568
7 22 0.123728 0.032766 0.048368
8 22 0.092591 0.012097 0.100907
9 22 -0.103835 -0.016680 -0.031463
10 22 -0.078752 -0.005336 -0.084932
11 22 0.089041 0.009900 0.024870
12 22 0.084588 0.001751 0.080455
13 22 -0.079406 -0.008530 -0.011974
14 22 -0.092105 -0.002071 -0.081347
15 22 0.077398 0.008835 0.012361
16 22 0.081189 0.003751 0.079190
17 22 -0.072963 -0.006617 -0.015251
18 22 -0.063866 -0.003137 -0.065975
19 22 0.058291 0.004768 0.014846
20 22 0.050208 0.002742 0.051770
21 22 -0.038781 -0.002819 -0.007066
22 22 -0.043683 -0.002289 -0.038649
23 22 0.015724 0.001389 -0.003550
24 22 0.035867 0.002103 0.026239
25 22 0.004912 0.000057 0.013453
26 22 -0.023512 -0.001422 -0.011566
27 22 -0.022271 -0.001124 -0.018042
28 22 -0.005026 -0.000079 -0.007770
29 22 0.008385 0.000614 0.003822
30 22 0.011847 0.000723 0.008594
31 22 0.009187 0.000523 0.007651
32 22 0.005298 0.000289 0.004798
33 22 0.002484 0.000131 0.002395
34 22 0.000988 0.000051 0.001003
35 22 0.000342 0.000017 0.000362
36 22 0.000105 0.000005 0.000115
37 22 0.000029 0.000001 0.000033
38 22 0.000007 0.000000 0.000008
39 22 0.000002 0.000000 0.000002
40 22 0.000000 0.000000 0.000000
41 22 0.000000 0.000000 0.000000
42 22 0.000000 0.000000 0.000000
43 22 0.000000 0.000000 0.000000
44 22 0.000000 0.000000 0.000000
45 22 0.000000 0.000000 0.000000
46 22 0.000000 0.000000 0.000000
47 22 0.000000 0.000000 0.000000
48 22 0.000000 0.000000 0.000000
49 22 0.000000 0.000000 0.000000

0 23 0.000000 0.000000 0.000000
1 23 -0.284554 -0.045393 -0.048538
2 23 -0.228601 0.035156 -0.139324
3 23 0.122586 0.083663 0.042536
4 23 0.190555 0.041861 0.167889
5 23 -0.064231 -0.015430 0.022724
6 23 -0.153239 -0.016985 -0.113846
7 23 0.050863 0.009175 -0.020649
8 23 0.139268 0.009748 0.106561
9 23 -0.044871 -0.006425 0.023995
10 23 -0.118835 -0.009799 -0.086576
11 23 0.021619 0.004622 -0.023109
12 23 0.105308 0.012182 0.073785
13 23 -0.011698 -0.000219 0.033227
14 23 -0.107798 -0.008233 -0.070793
15 23 0.020743 0.000487 -0.030260
16 23 0.103488 0.005150 0.073768
17 23 -0.029772 -0.001242 0.021972
18 23 -0.087660 -0.003276 -0.065761
19 23 0.026423 0.001459 -0.014320
20 23 0.068125 0.002500 0.052347
21 23 -0.014785 -0.000802 0.014034
22 23 -0.052602 -0.001812 -0.036658
23 23 -0.002382 0.000179 -0.017423
24 23 0.035976 0.001338 0.021051
25 23 0.016677 0.000477 0.020505
26 23 -0.017151 -0.000658 -0.004747
27 23 -0.025112 -0.000804 -0.018144
28 23 -0.010757 -0.000253 -0.011770
29 23 0.005022 0.000261 0.000625
30 23 0.011502 0.000432 0.007730
31 23 0.010277 0.000357 0.008259
32 23 0.006468 0.000215 0.005718
33 23 0.003244 0.000104 0.003068
34 23 0.001366 0.000043 0.001363
35 23 0.000497 0.000015 0.000519
36 23 0.000159 0.000005 0.000173
37 23 0.000045 0.000001 0.000051
38 23 0.000012 0.000000 0.000014
39 23 0.000003 0.000000 0.000003
40 23 0.000001 0.000000 0.000001
41 23 0.000000 0.000000 0.000000
42 23 0.000000 0.000000 0.000000
43 23 0.000000 0.000000 0.000000
44 23 0.000000 0.000000 0.000000
45 23 0.000000 0.000000 0.000000
46 23 0.000000 0.000000 0.000000
47 23 0.000000 0.000000 0.000000
48 23 0.000000 0.000000 0.000000
49 23 0.000000 0.000000 0.000000

0 24 0.000000 0.000000 0.000000
1 24 -0.016959 -0.088963 0.180315
2 24 -0.313284 -0.051938 -0.187539
3 24 -0.033004 0.003294 -0.082934
4 24 0.200010 0.015819 0.141770
5 24 0.018379 0.000756 0.088743
6 24 -0.162405 -0.005909 -0.089380
7 24 -0.027516 0.000919 -0.068297
8 24 0.140096 0.007760 0.082039
9 24 0.019098 0.002015 0.066568
10 24 -0.123440 -0.000902 -0.068865
11 24 -0.017048 0.002129 -0.054231
12 24 0.115649 -0.001175 0.060351
13 24 0.029275 -0.004144 0.059597
14 24 -0.115552 -0.000984 -0.054733
15 24 -0.028312 0.002470 -0.059422
16 24 0.109679 0.002028 0.057662
17 24 0.015571 -0.000687 0.051338
18 24 -0.094107 -0.001513 -0.053357
19 24 -0.008819 0.000154 -0.038803
20 24 0.072550 0.001019 0.043142
21 24 0.010692 0.000054 0.031581
22 24 -0.052383 -0.000644 -0.028397
23 24 -0.019544 -0.000159 -0.027951
24 24 0.030771 0.000401 0.012820
25 24 0.025809 0.000278 0.024487
26 24 -0.009109 -0.000129 0.002427
27 24 -0.025594 -0.000282 -0.016399
28 24 -0.015738 -0.000146 -0.014778
29 24 0.001166 0.000044 -0.002720
30 24 0.010485 0.000135 0.006343
31 24 0.011012 0.000129 0.008510
32 24 0.007567 0.000085 0.006524
33 24 0.004046 0.000044 0.003754
34 24 0.001795 0.000019 0.001764
35 24 0.000684 0.000007 0.000705
36 24 0.000229 0.000002 0.000245
37 24 0.000068 0.000001 0.000076
38 24 0.000018 0.000000 0.000021
39 24 0.000004 0.000000 0.000005
40 24 0.000001 0.000000 0.000001
41 24 0.000000 0.000000 0.000000
42 24 0.000000 0.000000 0.000000
43 24 0.000000 0.000000 0.000000
44 24 0.000000 0.000000 0.000000
45 24 0.000000 0.000000 0.000000
46 24 0.000000 0.000000 0.000000
47 24 0.000000 0.000000 0.000000
48 24 0.000000 0.000000 0.000000
49 24 0.000000 0.000000 0.000000

0 25 0.000000 0.000000 0.000000
1 25 -0.129672 0.047393 0.053334
2 25 -0.311513 0.055939 -0.136820
3 25 -0.075860 0.008417 -0.091468
4 25 0.193019 -0.014189 0.117773
5 25 0.073389 -0.003385 0.114265
6 25 -0.144638 0.006096 -0.062704
7 25 -0.070354 0.002475 -0.091654
8 25 0.133280 -0.006022 0.057015
9 25 0.064521 -0.003811 0.088556
10 25 -0.108460 0.001008 -0.045177
11 25 -0.058605 -0.002782 -0.071719
12 25 0.083196 -0.001828 0.032858
13 25 0.061986 0.003898 0.071145
14 25 -0.084918 0.003336 -0.025205
15 25 -0.061995 -0.001333 -0.072201
16 25 0.091121 -0.002794 0.031525
17 25 0.050603 -0.000248 0.067614
18 25 -0.084452 0.001600 -0.033270
19 25 -0.039014 0.000393 -0.054654
20 25 0.066039 -0.000974 0.028236
21 25 0.032903 -0.000372 0.043350
22 25 -0.045256 0.000571 -0.016725
23 25 -0.033456 0.000343 -0.034292
24 25 0.022138 -0.000305 0.003405
25 25 0.031732 -0.000359 0.025534
26 25 -0.000622 0.000030 0.009021
27 25 -0.024098 0.000271 -0.013343
28 25 -0.019648 0.000195 -0.016673
29 25 -0.002814 0.000002 -0.005908
30 25 0.008939 -0.000119 0.004600
31 25 0.011375 -0.000134 0.008420
32 25 0.008537 -0.000096 0.007175
33 25 0.004851 -0.000053 0.004415
34 25 0.002260 -0.000024 0.002185
35 25 0.000898 -0.000009 0.000912
36 25 0.000312 -0.000003 0.000330
37 25 0.000096 -0.000001 0.000106
38 25 0.000026 -0.000000 0.000030
39 25 0.000007 -0.000000 0.000008
40 25 0.000002 -0.000000 0.000002
41 25 0.000000 -0.000000 0.000000
42 25 0.000000 -0.000000 0.000000
43 25 0.000000 -0.000000 0.000000
44 25 0.000000 -0.000000 0.000000
45 25 0.000000 -0.000000 0.000000
46 25 0.000000 -0.000000 0.000000
47 25 0.000000 -0.000000 0.000000
48 25 0.000000 -0.000000 0.000000
49 25 0.000000 0.000000 0.000000

0 26 0.000000 0.000000 0.000000
1 26 -0.140216 0.089860 -0.010592
2 26 -0.214778 0.086043 -0.096635
3 26 -0.010564 -0.003877 -0.048678
4 26 0.206215 -0.050817 0.110937
5 26 0.087908 -0.021726 0.109100
6 26 -0.139762 0.015057 -0.055882
7 26 -0.095554 0.007234 -0.098688
8 26 0.107994 -0.012777 0.036299
9 26 0.087495 -0.006239 0.095770
10 26 -0.096065 0.008073 -0.024892
11 26 -0.086737 0.008749 -0.082366
12 26 0.076136 -0.002359 0.015606
13 26 0.095872 -0.007912 0.080940
14 26 -0.066010 0.000236 -0.003973
15 26 -0.095176 0.004287 -0.080837
16 26 0.068149 -0.002045 0.007234
17 26 0.080051 -0.002869 0.076541
18 26 -0.066171 0.002531 -0.011659
19 26 -0.062948 0.002032 -0.063242
20 26 0.052568 -0.002185 0.011442
21 26 0.050004 -0.001735 0.049527
22 26 -0.033955 0.001294 -0.004123
23 26 -0.043282 0.001410 -0.036768
24 26 0.011937 -0.000553 -0.005751
25 26 0.034603 -0.001202 0.024263
26 26 0.007377 -0.000198 0.014488
27 26 -0.021197 0.000723 -0.009568
28 26 -0.022399 0.000690 -0.017530
29 26 -0.006614 0.000139 -0.008723
30 26 0.007049 -0.000295 0.002683
31 26 0.011398 -0.000407 0.008045
32 26 0.009345 -0.000318 0.007653
33 26 0.005622 -0.000186 0.005021
34 26 0.002738 -0.000089 0.002606
35 26 0.001130 -0.000036 0.001132
36 26 0.000405 -0.000013 0.000424
37 26 0.000129 -0.000004 0.000140
38 26 0.000037 -0.000001 0.000041
39 26 0.000009 -0.000000 0.000011
40 26 0.000002 -0.000000 0.000003
41 26 0.000000 -0.000000 0.000001
42 26 0.000000 -0.000000 0.000000
43 26 0.000000 -0.000000 0.000000
44 26 0.000000 -0.000000 0.000000
45 26 0.000000 -0.000000 0.000000
46 26 0.000000 -0.000000 0.000000
47 26 0.000000 -0.000000 0.000000
48 26 0.000000 -0.000000 0.000000
49 26 0.000000 0.000000 0.000000

0 27 0.000000 0.000000 0.000000
1 27 -0.076137 0.059689 -0.042238
2 27 -0.069023 0.038257 -0.060290
3 27 0.089076 -0.048245 -0.003019
4 27 0.206173 -0.082097 0.101434
5 27 0.054763 -0.025017 0.075681
6 27 -0.148204 0.030740 -0.066105
7 27 -0.100719 0.019162 -0.095951
8 27 0.105545 -0.015568 0.030319
9 27 0.108512 -0.015581 0.099882
10 27 -0.080878 0.009841 -0.013602
11 27 -0.090621 0.008900 -0.083291
12 27 0.059406 -0.012307 0.004238
13 27 0.091335 -0.010539 0.075225
14 27 -0.048842 0.008545 0.009319
15 27 -0.101016 0.009693 -0.076151
16 27 0.048434 -0.005561 -0.010178
17 27 0.094956 -0.007617 0.076217
18 27 -0.047248 0.003553 0.006415
19 27 -0.078634 0.005072 -0.065405
20 27 0.036879 -0.002635 -0.003954
21 27 0.061616 -0.003788 0.051192
22 27 -0.021185 0.001344 0.007537
23 27 -0.049242 0.002763 -0.036321
24 27 0.001674 -0.000292 -0.013739
25 27 0.035038 -0.002050 0.021488
26 27 0.014322 -0.000751 0.018634
27 27 -0.017503 0.000996 -0.005600
28 27 -0.024085 0.001259 -0.017554
29 27 -0.010023 0.000432 -0.011053
30 27 0.005004 -0.000375 0.000758
31 27 0.011147 -0.000667 0.007467
32 27 0.009979 -0.000567 0.007964
33 27 0.006329 -0.000350 0.005548
34 27 0.003209 -0.000174 0.003007
35 27 0.001369 -0.000073 0.001353
36 27 0.000506 -0.000027 0.000523
37 27 0.000165 -0.000009 0.000177
38 27 0.000048 -0.000002 0.000053
39 27 0.000013 -0.000001 0.000014
40 27 0.000003 -0.000000 0.000004
41 27 0.000001 -0.000000 0.000001
42 27 0.000000 -0.000000 0.000000
43 27 0.000000 -0.000000 0.000000
44 27 0.000000 -0.000000 0.000000
45 27 0.000000 -0.000000 0.000000
46 27 0.000000 -0.000000 0.000000
47 27 0.000000 -0.000000 0.000000
48 27 0.000000 -0.000000 0.000000
49 27 0.000000 0.000000 0.000000

0 28 0.000000 0.000000 0.000000
1 28 -0.000878 0.008218 -0.035229
2 28 0.046874 -0.029326 -0.024169
3 28 0.142394 -0.089352 0.025387
4 28 0.154504 -0.086284 0.074947
5 28 -0.012184 -0.008057 0.027736
6 28 -0.162397 0.047038 -0.080607
7 28 -0.079012 0.022239 -0.080649
8 28 0.115561 -0.028867 0.040172
9 28 0.104969 -0.025147 0.095568
10 28 -0.081436 0.011904 -0.012775
11 28 -0.105618 0.015366 -0.084804
12 28 0.040648 -0.004564 -0.005837
13 28 0.103871 -0.010094 0.074369
14 28 -0.020324 0.002941 0.024319
15 28 -0.107649 0.008941 -0.071717
16 28 0.022309 -0.004161 -0.026965
17 28 0.102596 -0.009477 0.072229
18 28 -0.026637 0.003223 0.022155
19 28 -0.087442 0.007617 -0.063521
20 28 0.020954 -0.002335 -0.017105
21 28 0.068432 -0.005921 0.049831
22 28 -0.008748 0.000794 0.017382
23 28 -0.052116 0.004140 -0.034056
24 28 -0.007665 0.000401 -0.020183
25 28 0.033831 -0.002776 0.017992
26 28 0.019983 -0.001532 0.021533
27 28 -0.013564 0.001070 -0.001838
28 28 -0.024916 0.001839 -0.017005
29 28 -0.012927 0.000847 -0.012874
30 28 0.002979 -0.000360 -0.001041
31 28 0.010712 -0.000899 0.006777
32 28 0.010449 -0.000832 0.008131
33 28 0.006952 -0.000540 0.005986
34 28 0.003650 -0.000279 0.003370
35 28 0.001602 -0.000121 0.001563
36 28 0.000607 -0.000045 0.000620
37 28 0.000202 -0.000015 0.000215
38 28 0.000060 -0.000004 0.000066
39 28 0.000016 -0.000001 0.000018
40 28 0.000004 -0.000000 0.000005
41 28 0.000001 -0.000000 0.000001
42 28 0.000000 -0.000000 0.000000
43 28 0.000000 -0.000000 0.000000
44 28 0.000000 -0.000000 0.000000
45 28 0.000000 -0.000000 0.000000
46 28 0.000000 -0.000000 0.000000
47 28 0.000000 -0.000000 0.000000
48 28 0.000000 -0.000000 0.000000
49 28 0.000000 0.000000 0.000000

0 29 0.000000 0.000000 0.000000
1 29 0.032446 -0.024528 -0.010525
2 29 0.075616 -0.060991 0.002744
3 29 0.101900 -0.084275 0.029567
4 29 0.047077 -0.046852 0.035102
5 29 -0.095764 0.031139 -0.016917
6 29 -0.164102 0.065163 -0.084588
7 29 -0.034827 0.017033 -0.049196
8 29 0.125342 -0.037406 0.055696
9 29 0.092499 -0.025143 0.085424
10 29 -0.088803 0.019188 -0.019825
11 29 -0.104215 0.024798 -0.085578
12 29 0.055613 -0.009115 -0.001177
13 29 0.111438 -0.024441 0.077051
14 29 -0.023647 0.000693 0.024024
15 29 -0.117031 0.018408 -0.071967
16 29 0.011341 -0.000538 -0.034010
17 29 0.110291 -0.014485 0.070118
18 29 -0.011307 0.000874 0.032642
19 29 -0.093498 0.010620 -0.061106
20 29 0.007215 -0.001006 -0.027158
21 29 0.072337 -0.008019 0.047348
22 29 0.002160 -0.000301 0.025100
23 29 -0.053034 0.005405 -0.031088
24 29 -0.015567 0.001413 -0.025082
25 29 0.031792 -0.003331 0.014437
26 29 0.024380 -0.002448 0.023420
27 29 -0.009814 0.000969 0.001455
28 29 -0.025156 0.002389 -0.016155
29 29 -0.015292 0.001342 -0.014225
30 29 0.001115 -0.000263 -0.002617
31 29 0.010188 -0.001098 0.006065
32 29 0.010780 -0.001102 0.008188
33 29 0.007479 -0.000747 0.006331
34 29 0.004045 -0.000398 0.003682
35 29 0.001819 -0.000177 0.001751
36 29 0.000703 -0.000068 0.000710
37 29 0.000239 -0.000023 0.000251
38 29 0.000072 -0.000007 0.000079
39 29 0.000020 -0.000002 0.000022
40 29 0.000005 -0.000000 0.000006
41 29 0.000001 -0.000000 0.000001
42 29 0.000000 -0.000000 0.000000
43 29 0.000000 -0.000000 0.000000
44 29 0.000000 -0.000000 0.000000
45 29 0.000000 -0.000000 0.000000
46 29 0.000000 -0.000000 0.000000
47 29 0.000000 -0.000000 0.000000
48 29 0.000000 -0.000000 0.000000
49 29 0.000000 0.000000 0.000000

0 30 0.000000 0.000000 0.000000
1 30 0.020309 -0.023361 0.006347
2 30 0.032604 -0.040577 0.011326
3 30 0.011226 -0.031204 0.014937
4 30 -0.054148 0.016193 -0.001330
5 30 -0.134133 0.068954 -0.041110
6 30 -0.110671 0.062442 -0.064408
7 30 0.036826 -0.005487 -0.007122
8 30 0.144146 -0.051990 0.070165
9 30 0.070107 -0.028129 0.068132
10 30 -0.105241 0.024894 -0.036588
11 30 -0.092344 0.023934 -0.081536
12 30 0.060768 -0.017476 0.008268
13 30 0.094122 -0.023133 0.071543
14 30 -0.025772 0.008787 0.019122
15 30 -0.106480 0.021426 -0.065930
16 30 0.007878 -0.003508 -0.034751
17 30 0.108957 -0.018832 0.065653
18 30 -0.002735 0.000375 0.037755
19 30 -0.095942 0.013899 -0.058191
20 30 -0.002573 0.000300 -0.033702
21 30 0.074407 -0.010163 0.044787
22 30 0.010695 -0.001652 0.030625
23 30 -0.053032 0.006572 -0.028274
24 30 -0.021811 0.002609 -0.028612
25 30 0.029627 -0.003741 0.011315
26 30 0.027672 -0.003424 0.024586
27 30 -0.006570 0.000741 0.004129
28 30 -0.025074 0.002897 -0.015243
29 30 -0.017137 0.001881 -0.015181
30 30 -0.000480 -0.000108 -0.003910
31 30 0.009666 -0.001266 0.005409
32 30 0.011002 -0.001370 0.008173
33 30 0.007903 -0.000964 0.006586
34 30 0.004378 -0.000528 0.003932
35 30 0.002006 -0.000240 0.001909
36 30 0.000788 -0.000094 0.000787
37 30 0.000271 -0.000032 0.000282
38 30 0.000083 -0.000010 0.000090
39 30 0.000023 -0.000003 0.000026
40 30 0.000006 -0.000001 0.000007
41 30 0.000001 -0.000000 0.000002
42 30 0.000000 -0.000000 0.000000
43 30 0.000000 -0.000000 0.000000
44 30 0.000000 -0.000000 0.000000
45 30 0.000000 -0.000000 0.000000
46 30 0.000000 -0.000000 0.000000
47 30 0.000000 -0.000000 0.000000
48 30 0.000000 -0.000000 0.000000
49 30 0.000000 0.000000 0.000000

0 31 0.000000 0.000000 0.000000
1 31 -0.005638 -0.004257 0.006542
2 31 -0.019984 0.000245 0.004365
3 31 -0.051142 0.022226 -0.002769
4 31 -0.088576 0.054272 -0.020301
5 31 -0.094579 0.066092 -0.036933
6 31 -0.018968 0.023947 -0.026955
7 31 0.101526 -0.042076 0.029401
8 31 0.131435 -0.063973 0.070597
9 31 0.010878 -0.015736 0.034703
10 31 -0.129504 0.039567 -0.056822
11 31 -0.078410 0.026791 -0.071339
12 31 0.071857 -0.016266 0.020702
13 31 0.097524 -0.023164 0.071770
14 31 -0.021695 0.004012 0.015925
15 31 -0.107260 0.019990 -0.065766
16 31 0.000547 -0.001384 -0.036248
17 31 0.108849 -0.019741 0.063794
18 31 0.004293 -0.000796 0.041149
19 31 -0.097221 0.016039 -0.056385
20 31 -0.009315 0.001547 -0.037884
21 31 0.075729 -0.012065 0.043003
22 31 0.016752 -0.003021 0.034323
23 31 -0.052939 0.007663 -0.026213
24 31 -0.026406 0.003860 -0.031053
25 31 0.027887 -0.004071 0.008959
26 31 0.030077 -0.004411 0.025316
27 31 -0.004047 0.000451 0.006116
28 31 -0.024911 0.003374 -0.014465
29 31 -0.018512 0.002434 -0.015828
30 31 -0.001728 0.000078 -0.004886
31 31 0.009226 -0.001415 0.004873
32 31 0.011152 -0.001633 0.008123
33 31 0.008226 -0.001185 0.006757
34 31 0.004638 -0.000662 0.004114
35 31 0.002155 -0.000306 0.002027
36 31 0.000857 -0.000121 0.000846
37 31 0.000298 -0.000042 0.000307
38 31 0.000092 -0.000013 0.000098
39 31 0.000026 -0.000004 0.000028
40 31 0.000006 -0.000001 0.000007
41 31 0.000001 -0.000000 0.000002
42 31 0.000000 -0.000000 0.000000
43 31 0.000000 -0.000000 0.000000
44 31 0.000000 -0.000000 0.000000
45 31 0.000000 -0.000000 0.000000
46 31 0.000000 -0.000000 0.000000
47 31 0.000000 -0.000000 0.000000
48 31 0.000000 -0.000000 0.000000
49 31 0.000000 0.000000 0.000000

0 32 0.000000 0.000000 0.000000
1 32 -0.017752 0.010392 -0.002722
2 32 -0.036028 0.024079 -0.006453
3 32 -0.051572 0.039224 -0.011682
4 32 -0.051195 0.046128 -0.019718
5 32 -0.012108 0.024886 -0.014492
6 32 0.060094 -0.024068 0.006877
7 32 0.121568 -0.064908 0.046143
8 32 0.072905 -0.048966 0.048674
9 32 -0.053183 0.014752 -0.004904
10 32 -0.130936 0.052250 -0.066244
11 32 -0.039148 0.021444 -0.050751
12 32 0.105771 -0.029792 0.041884
13 32 0.090819 -0.033875 0.070720
14 32 -0.050440 0.007427 -0.001533
15 32 -0.113484 0.029864 -0.071090
16 32 0.012102 0.000223 -0.028169
17 32 0.114691 -0.025133 0.067489
18 32 0.003019 -0.002675 0.039602
19 32 -0.100893 0.019128 -0.057885
20 32 -0.011758 0.002973 -0.039310
21 32 0.077879 -0.014104 0.043072
22 32 0.020136 -0.004352 0.036366
23 32 -0.053535 0.008799 -0.025425
24 32 -0.029413 0.005084 -0.032644
25 32 0.027002 -0.004419 0.007603
26 32 0.031796 -0.005384 0.025844
27 32 -0.002391 0.000170 0.007386
28 32 -0.024860 0.003844 -0.013966
29 32 -0.019467 0.002978 -0.016242
30 32 -0.002577 0.000262 -0.005527
31 32 0.008932 -0.001559 0.004503
32 32 0.011257 -0.001890 0.008068
33 32 0.008448 -0.001401 0.006853
34 32 0.004817 -0.000793 0.004224
35 32 0.002258 -0.000370 0.002100
36 32 0.000904 -0.000148 0.000883
37 32 0.000317 -0.000052 0.000322
38 32 0.000098 -0.000016 0.000104
39 32 0.000027 -0.000004 0.000030
40 32 0.000007 -0.000001 0.000008
41 32 0.000002 -0.000000 0.000002
42 32 0.000000 -0.000000 0.000000
43 32 0.000000 -0.000000 0.000000
44 32 0.000000 -0.000000 0.000000
45 32 0.000000 -0.000000 0.000000
46 32 0.000000 -0.000000 0.000000
47 32 0.000000 -0.000000 0.000000
48 32 0.000000 -0.000000 0.000000
49 32 0.000000 0.000000 0.000000

0 33 0.000000 0.000000 0.000000
1 33 -0.008638 0.009850 -0.009022
2 33 -0.011540 0.017159 -0.010106
3 33 -0.006429 0.017839 -0.009254
4 33 0.017940 0.004921 -0.006875
5 33 0.057466 -0.024806 0.007418
6 33 0.092198 -0.055467 0.023098
7 33 0.085921 -0.059973 0.038354
8 33 -0.004603 -0.014495 0.012929
9 33 -0.094217 0.039855 -0.034037
10 33 -0.107468 0.049958 -0.060796
11 33 0.014240 0.001552 -0.020703
12 33 0.120538 -0.045792 0.060244
13 33 0.049073 -0.025960 0.053878
14 33 -0.078382 0.024745 -0.023986
15 33 -0.093344 0.032110 -0.065846
16 33 0.034396 -0.008805 -0.012370
17 33 0.110787 -0.030227 0.068393
18 33 -0.008091 -0.000201 0.031911
19 33 -0.103086 0.023135 -0.060439
20 33 -0.008299 0.003100 -0.037102
21 33 0.080700 -0.016657 0.044902
22 33 0.020283 -0.005280 0.036538
23 33 -0.055215 0.010190 -0.026160
24 33 -0.030760 0.006177 -0.033456
25 33 0.027270 -0.004909 0.007406
26 33 0.032949 -0.006332 0.026308
27 33 -0.001709 -0.000026 0.007917
28 33 -0.025053 0.004342 -0.013840
29 33 -0.020038 0.003495 -0.016474
30 33 -0.002988 0.000413 -0.005822
31 33 0.008827 -0.001716 0.004331
32 33 0.011340 -0.002142 0.008029
33 33 0.008571 -0.001606 0.006879
34 33 0.004909 -0.000917 0.004261
35 33 0.002309 -0.000430 0.002126
36 33 0.000927 -0.000172 0.000896
37 33 0.000325 -0.000060 0.000328
38 33 0.000101 -0.000019 0.000106
39 33 0.000028 -0.000005 0.000031
40 33 0.000007 -0.000001 0.000008
41 33 0.000002 -0.000000 0.000002
42 33 0.000000 -0.000000 0.000000
43 33 0.000000 -0.000000 0.000000
44 33 0.000000 -0.000000 0.000000
45 33 0.000000 -0.000000 0.000000
46 33 0.000000 -0.000000 0.000000
47 33 0.000000 -0.000000 0.000000
48 33 0.000000 -0.000000 0.000000
49 33 0.000000 0.000000 0.000000

0 34 0.000000 0.000000 0.000000
1 34 0.007102 -0.001169 -0.006125
2 34 0.018540 -0.005985 -0.004710
3 34 0.032925 -0.015622 -0.000639
4 34 0.053695 -0.032731 0.005360
5 34 0.065263 -0.048449 0.015231
6 34 0.055202 -0.050727 0.018430
7 34 0.004799 -0.023631 0.012513
8 34 -0.074872 0.026639 -0.019237
9 34 -0.107022 0.055469 -0.044944
10 34 -0.059348 0.037298 -0.039975
11 34 0.066626 -0.021030 0.013284
12 34 0.111743 -0.047712 0.065666
13 34 0.010843 -0.009390 0.029849
14 34 -0.083931 0.030207 -0.038092
15 34 -0.071248 0.023494 -0.056141
16 34 0.046705 -0.015140 0.000716
17 34 0.101925 -0.029258 0.067233
18 34 -0.020282 0.003873 0.022554
19 34 -0.102746 0.025556 -0.063123
20 34 -0.000657 0.001691 -0.032195
21 34 0.083485 -0.019251 0.048044
22 34 0.017119 -0.005450 0.034820
23 34 -0.057953 0.011897 -0.028408
24 34 -0.030306 0.006992 -0.033443
25 34 0.028837 -0.005659 0.008451
26 34 0.033543 -0.007230 0.026743
27 34 -0.002090 -0.000059 0.007678
28 34 -0.025556 0.004902 -0.014132
29 34 -0.020227 0.003965 -0.016541
30 34 -0.002934 0.000499 -0.005766
31 34 0.008935 -0.001903 0.004370
32 34 0.011409 -0.002390 0.008013
33 34 0.008595 -0.001795 0.006838
34 34 0.004911 -0.001025 0.004223
35 34 0.002305 -0.000481 0.002102
36 34 0.000924 -0.000193 0.000884
37 34 0.000324 -0.000068 0.000323
38 34 0.000101 -0.000021 0.000104
39 34 0.000028 -0.000006 0.000030
40 34 0.000007 -0.000001 0.000008
41 34 0.000002 -0.000000 0.000002
42 34 0.000000 -0.000000 0.000000
43 34 0.000000 -0.000000 0.000000
44 34 0.000000 -0.000000 0.000000
45 34 0.000000 -0.000000 0.000000
46 34 0.000000 -0.000000 0.000000
47 34 0.000000 -0.000000 0.000000
48 34 0.000000 -0.000000 0.000000
49 34 0.000000 0.000000 0.000000

0 35 0.000000 0.000000 0.000000
1 35 0.010776 -0.008370 0.000824
2 35 0.020990 -0.017415 0.002048
3 35 0.028385 -0.026119 0.005188
4 35 0.028373 -0.032005 0.007092
5 35 0.014566 -0.027585 0.008497
6 35 -0.019725 -0.008202 0.001060
7 35 -0.064437 0.026614 -0.012222
8 35 -0.095837 0.055173 -0.031862
9 35 -0.066012 0.050127 -0.033467
10 35 0.019265 0.006093 -0.005477
11 35 0.106687 -0.045545 0.039727
12 35 0.087464 -0.044857 0.055955
13 35 -0.028047 0.001779 0.003393
14 35 -0.098582 0.033921 -0.051280
15 35 -0.055281 0.022140 -0.046897
16 35 0.067810 -0.018599 0.017864
17 35 0.097141 -0.030548 0.068137
18 35 -0.038072 0.007229 0.009220
19 35 -0.103067 0.028068 -0.067469
20 35 0.011644 -0.000498 -0.024046
21 35 0.086540 -0.021971 0.052689
22 35 0.010395 -0.004802 0.030924
23 35 -0.061653 0.013962 -0.032157
24 35 -0.027793 0.007396 -0.032406
25 35 0.031735 -0.006767 0.010785
26 35 0.033456 -0.008035 0.027070
27 35 -0.003607 0.000154 0.006615
28 35 -0.026358 0.005549 -0.014833
29 35 -0.020001 0.004362 -0.016420
30 35 -0.002398 0.000485 -0.005347
31 35 0.009257 -0.002136 0.004616
32 35 0.011457 -0.002634 0.008017
33 35 0.008516 -0.001961 0.006727
34 35 0.004821 -0.001112 0.004112
35 35 0.002246 -0.000519 0.002030
36 35 0.000895 -0.000207 0.000848
37 35 0.000312 -0.000072 0.000308
38 35 0.000096 -0.000022 0.000099
39 35 0.000027 -0.000006 0.000028
40 35 0.000007 -0.000002 0.000007
41 35 0.000002 -0.000000 0.000002
42 35 0.000000 -0.000000 0.000000
43 35 0.000000 -0.000000 0.000000
44 35 0.000000 -0.000000 0.000000
45 35 0.000000 -0.000000 0.000000
46 35 0.000000 -0.000000 0.000000
47 35 0.000000 -0.000000 0.000000
48 35 0.000000 -0.000000 0.000000
49 35 0.000000 0.000000 0.000000

0 36 0.000000 0.000000 0.000000
1 36 0.001964 -0.004976 0.003645
2 36 0.001783 -0.008207 0.003235
3 36 -0.003411 -0.008311 0.003813
4 36 -0.016407 -0.001529 0.000312
5 36 -0.034664 0.011978 -0.002249
6 36 -0.059677 0.032716 -0.012820
7 36 -0.065256 0.047921 -0.018485
8 36 -0.049649 0.044421 -0.022082
9 36 0.016086 0.011037 -0.006049
10 36 0.083023 -0.036697 0.025202
11 36 0.100402 -0.058094 0.043640
12 36 0.030535 -0.028767 0.030472
13 36 -0.083206 0.024676 -0.026947
14 36 -0.103620 0.046352 -0.058848
15 36 -0.009653 0.014851 -0.024057
16 36 0.099758 -0.033052 0.041149
17 36 0.076877 -0.032009 0.061228
18 36 -0.067437 0.016167 -0.011914
19 36 -0.097875 0.031374 -0.069677
20 36 0.031517 -0.005195 -0.010419
21 36 0.088124 -0.025158 0.057672
22 36 -0.000994 -0.002840 0.023835
23 36 -0.065727 0.016487 -0.037074
24 36 -0.022678 0.007167 -0.029858
25 36 0.035824 -0.008329 0.014375
26 36 0.032402 -0.008666 0.027063
27 36 -0.006314 0.000700 0.004662
28 36 -0.027360 0.006293 -0.015876
29 36 -0.019283 0.004648 -0.016046
30 36 -0.001372 0.000340 -0.004560
31 36 0.009767 -0.002424 0.005049
32 36 0.011467 -0.002869 0.008022
33 36 0.008326 -0.002095 0.006542
34 36 0.004640 -0.001173 0.003928
35 36 0.002135 -0.000542 0.001914
36 36 0.000842 -0.000214 0.000791
37 36 0.000291 -0.000074 0.000284
38 36 0.000089 -0.000023 0.000091
39 36 0.000025 -0.000006 0.000026
40 36 0.000006 -0.000002 0.000007
41 36 0.000001 -0.000000 0.000002
42 36 0.000000 -0.000000 0.000000
43 36 0.000000 -0.000000 0.000000
44 36 0.000000 -0.000000 0.000000
45 36 0.000000 -0.000000 0.000000
46 36 0.000000 -0.000000 0.000000
47 36 0.000000 -0.000000 0.000000
48 36 0.000000 -0.000000 0.000000
49 36 0.000000 0.000000 0.000000

0 37 0.000000 0.000000 0.000000
1 37 -0.006654 0.002461 0.000792
2 37 -0.012976 0.006118 -0.000386
3 37 -0.023617 0.012422 -0.001452
4 37 -0.031939 0.021203 -0.005869
5 37 -0.039512 0.029843 -0.007238
6 37 -0.038052 0.035464 -0.013438
7 37 -0.013875 0.025840 -0.007745
8 37 0.018564 0.003609 -0.002973
9 37 0.073816 -0.033570 0.017984
10 37 0.081705 -0.054201 0.032446
11 37 0.044033 -0.038735 0.024698
12 37 -0.040928 0.007304 -0.001594
13 37 -0.112395 0.051293 -0.048187
14 37 -0.057622 0.040596 -0.044069
15 37 0.053694 -0.013018 0.010763
16 37 0.104209 -0.046551 0.052801
17 37 0.031838 -0.020325 0.039577
18 37 -0.093247 0.030039 -0.033414
19 37 -0.078120 0.030107 -0.063658
20 37 0.055979 -0.013733 0.007543
21 37 0.083917 -0.027403 0.060021
22 37 -0.017226 0.001246 0.013010
23 37 -0.068545 0.019201 -0.042083
24 37 -0.014372 0.005925 -0.025192
25 37 0.040615 -0.010362 0.018962
26 37 0.029934 -0.008965 0.026351
27 37 -0.010191 0.001664 0.001775
28 37 -0.028359 0.007110 -0.017112
29 37 -0.017965 0.004771 -0.015323
30 37 0.000128 0.000037 -0.003407
31 37 0.010413 -0.002768 0.005627
32 37 0.011404 -0.003086 0.007999
33 37 0.008018 -0.002191 0.006275
34 37 0.004372 -0.001203 0.003677
35 37 0.001978 -0.000547 0.001759
36 37 0.000769 -0.000213 0.000716
37 37 0.000262 -0.000073 0.000254
38 37 0.000080 -0.000022 0.000080
39 37 0.000022 -0.000006 0.000023
40 37 0.000005 -0.000002 0.000006
41 37 0.000001 -0.000000 0.000001
42 37 0.000000 -0.000000 0.000000
43 37 0.000000 -0.000000 0.000000
44 37 0.000000 -0.000000 0.000000
45 37 0.000000 -0.000000 0.000000
46 37 0.000000 -0.000000 0.000000
47 37 0.000000 -0.000000 0.000000
48 37 0.000000 -0.000000 0.000000
49 37 0.000000 0.000000 0.000000

0 38 0.000000 0.000000 0.000000
1 38 -0.006831 0.005640 -0.003517
2 38 -0.010650 0.010531 -0.004012
3 38 -0.016896 0.016250 -0.005043
4 38 -0.012738 0.018202 -0.006157
5 38 -0.008920 0.017469 -0.004991
6 38 0.010932 0.008106 -0.004366
7 38 0.035157 -0.010178 0.005704
8 38 0.056461 -0.029808 0.010169
9 38 0.071568 -0.047024 0.024150
10 38 0.030825 -0.033368 0.017212
11 38 -0.018954 -0.000496 -0.000639
12 38 -0.081653 0.039515 -0.024613
13 38 -0.084712 0.052208 -0.046588
14 38 0.014154 0.008500 -0.011316
15 38 0.084186 -0.038314 0.035314
16 38 0.072700 -0.039880 0.044265
17 38 -0.013375 0.000502 0.013669
18 38 -0.101009 0.038482 -0.046377
19 38 -0.047206 0.021714 -0.049916
20 38 0.077881 -0.023465 0.025902
21 38 0.071520 -0.026704 0.057673
22 38 -0.036532 0.007427 -0.000892
23 38 -0.068066 0.021344 -0.045736
24 38 -0.002711 0.003322 -0.018005
25 38 0.045216 -0.012714 0.024000
26 38 0.025554 -0.008705 0.024478
27 38 -0.015077 0.003099 -0.002005
28 38 -0.029043 0.007932 -0.018312
29 38 -0.015931 0.004665 -0.014135
30 38 0.002051 -0.000446 -0.001915
31 38 0.011114 -0.003160 0.006284
32 38 0.011227 -0.003271 0.007912
33 38 0.007586 -0.002239 0.005920
34 38 0.004025 -0.001198 0.003366
35 38 0.001783 -0.000534 0.001574
36 38 0.000681 -0.000205 0.000629
37 38 0.000229 -0.000069 0.000220
38 38 0.000069 -0.000021 0.000068
39 38 0.000018 -0.000006 0.000019
40 38 0.000005 -0.000001 0.000005
41 38 0.000001 -0.000000 0.000001
42 38 0.000000 -0.000000 0.000000
43 38 0.000000 -0.000000 0.000000
44 38 0.000000 -0.000000 0.000000
45 38 0.000000 -0.000000 0.000000
46 38 0.000000 -0.000000 0.000000
47 38 0.000000 -0.000000 0.000000
48 38 0.000000 -0.000000 0.000000
49 38 0.000000 0.000000 0.000000

0 39 0.000000 0.000000 0.000000
1 39 -0.000104 0.002687 -0.004838
2 39 0.002918 0.003654 -0.004216
3 39 0.005020 0.004164 -0.004303
4 39 0.016674 -0.000933 -0.001892
5 39 0.024120 -0.006890 0.000203
6 39 0.042955 -0.019850 0.004623
7 39 0.047793 -0.029737 0.010746
8 39 0.047522 -0.034760 0.010932
9 39 0.025359 -0.026793 0.013161
10 39 -0.025507 0.003314 -0.004746
11 39 -0.055642 0.030175 -0.017545
12 39 -0.076809 0.048472 -0.030370
13 39 -0.024024 0.027731 -0.025234
14 39 0.064237 -0.022627 0.019269
15 39 0.076709 -0.041131 0.039812
16 39 0.036090 -0.021640 0.027071
17 39 -0.044135 0.016311 -0.007067
18 39 -0.096456 0.039383 -0.051922
19 39 -0.011603 0.010135 -0.031429
20 39 0.094484 -0.031808 0.042828
21 39 0.050781 -0.022632 0.049769
22 39 -0.056737 0.015000 -0.016915
23 39 -0.062427 0.022120 -0.046549
24 39 0.011975 -0.000799 -0.008157
25 39 0.048400 -0.015054 0.028670
26 39 0.018823 -0.007625 0.020982
27 39 -0.020609 0.004996 -0.006499
28 39 -0.029008 0.008638 -0.019161
29 39 -0.013090 0.004256 -0.012375
30 39 0.004293 -0.001110 -0.000145
31 39 0.011764 -0.003575 0.006937
32 39 0.010891 -0.003405 0.007719
33 39 0.007031 -0.002231 0.005474
34 39 0.003614 -0.001158 0.003005
35 39 0.001561 -0.000504 0.001368
36 39 0.000584 -0.000190 0.000535
37 39 0.000193 -0.000063 0.000183
38 39 0.000057 -0.000019 0.000056
39 39 0.000015 -0.000005 0.000015
40 39 0.000004 -0.000001 0.000004
41 39 0.000001 -0.000000 0.000001
42 39 0.000000 -0.000000 0.000000
43 39 0.000000 -0.000000 0.000000
44 39 0.000000 -0.000000 0.000000
45 39 0.000000 -0.000000 0.000000
46 39 0.000000 -0.000000 0.000000
47 39 0.000000 -0.000000 0.000000
48 39 0.000000 -0.000000 0.000000
49 39 0.000000 0.000000 0.000000

0 40 0.000000 0.000000 0.000000
1 40 0.005618 -0.002650 -0.002167
2 40 0.012299 -0.006335 -0.001135
3 40 0.018142 -0.010334 -0.000725
4 40 0.026645 -0.016900 0.002343
5 40 0.028593 -0.021250 0.003064
6 40 0.032394 -0.026718 0.006323
7 40 0.017688 -0.022303 0.005364
8 40 0.002018 -0.013037 0.001720
9 40 -0.031718 0.008805 -0.004249
10 40 -0.058887 0.033315 -0.019083
11 40 -0.056571 0.042193 -0.020395
12 40 -0.034897 0.035474 -0.019418
13 40 0.039039 -0.003534 0.003217
14 40 0.084348 -0.037616 0.035699
15 40 0.056039 -0.031411 0.031112
16 40 0.003154 -0.005360 0.009145
17 40 -0.070951 0.028742 -0.025124
18 40 -0.081164 0.038210 -0.050926
19 40 0.032180 -0.003868 -0.006321
20 40 0.103472 -0.038868 0.056610
21 40 0.019900 -0.014668 0.034310
22 40 -0.075071 0.023505 -0.033585
23 40 -0.049401 0.020662 -0.042568
24 40 0.028727 -0.006467 0.004092
25 40 0.048562 -0.016867 0.031784
26 40 0.009515 -0.005459 0.015490
27 40 -0.026144 0.007247 -0.011319
28 40 -0.027798 0.009050 -0.019284
29 40 -0.009428 0.003478 -0.009987
30 40 0.006689 -0.001934 0.001790
31 40 0.012239 -0.003975 0.007484
32 40 0.010360 -0.003466 0.007386
33 40 0.006361 -0.002163 0.004943
34 40 0.003155 -0.001084 0.002610
35 40 0.001326 -0.000459 0.001153
36 40 0.000484 -0.000169 0.000440
37 40 0.000157 -0.000055 0.000148
38 40 0.000045 -0.000016 0.000044
39 40 0.000012 -0.000004 0.000012
40 40 0.000003 -0.000001 0.000003
41 40 0.000001 -0.000000 0.000001
42 40 0.000000 -0.000000 0.000000
43 40 0.000000 -0.000000 0.000000
44 40 0.000000 -0.000000 0.000000
45 40 0.000000 -0.000000 0.000000
46 40 0.000000 -0.000000 0.000000
47 40 0.000000 -0.000000 0.000000
48 40 0.000000 -0.000000 0.000000
49 40 0.000000 0.000000 0.000000

0 41 0.000000 0.000000 0.000000
1 41 0.003822 -0.004675 0.001384
2 41 0.006640 -0.009035 0.001889
3 41 0.008077 -0.012688 0.001760
4 41 0.006466 -0.014854 0.002808
5 41 -0.000398 -0.013339 0.001159
6 41 -0.010434 -0.008644 0.000868
7 41 -0.030179 0.004117 -0.004455
8 41 -0.043970 0.017562 -0.008591
9 41 -0.060385 0.034856 -0.014796
10 41 -0.050485 0.039680 -0.018474
11 41 -0.019638 0.028590 -0.009767
12 41 0.025512 0.003946 0.000891
13 41 0.080273 -0.032064 0.024440
14 41 0.073380 -0.039470 0.034043
15 41 0.019716 -0.015858 0.013162
16 41 -0.039292 0.015416 -0.011552
17 41 -0.087595 0.043925 -0.038812
18 41 -0.038293 0.030597 -0.035555
19 41 0.082808 -0.023648 0.025254
20 41 0.094007 -0.041658 0.060363
21 41 -0.021550 -0.000502 0.009868
22 41 -0.085013 0.031678 -0.046771
23 41 -0.026769 0.015586 -0.031610
24 41 0.045126 -0.013347 0.017399
25 41 0.043815 -0.017334 0.031804
26 41 -0.002064 -0.002014 0.007980
27 41 -0.030708 0.009591 -0.015793
28 41 -0.024997 0.008945 -0.018306
29 41 -0.005065 0.002296 -0.007013
30 41 0.009007 -0.002858 0.003721
31 41 0.012414 -0.004306 0.007822
32 41 0.009614 -0.003435 0.006890
33 41 0.005599 -0.002034 0.004341
34 41 0.002673 -0.000982 0.002199
35 41 0.001089 -0.000403 0.000941
36 41 0.000388 -0.000144 0.000350
37 41 0.000123 -0.000046 0.000115
38 41 0.000035 -0.000013 0.000034
39 41 0.000009 -0.000003 0.000009
40 41 0.000002 -0.000001 0.000002
41 41 0.000000 -0.000000 0.000000
42 41 0.000000 -0.000000 0.000000
43 41 0.000000 -0.000000 0.000000
44 41 0.000000 -0.000000 0.000000
45 41 0.000000 -0.000000 0.000000
46 41 0.000000 -0.000000 0.000000
47 41 0.000000 -0.000000 0.000000
48 41 0.000000 -0.000000 0.000000
49 41 0.000000 0.000000 0.000000

0 42 0.000000 0.000000 0.000000
1 42 -0.002445 -0.001252 0.001871
2 42 -0.006302 -0.001571 0.001645
3 42 -0.010988 -0.000896 0.000798
4 42 -0.019087 0.002408 -0.000174
5 42 -0.028013 0.007708 -0.002768
6 42 -0.038179 0.015331 -0.004748
7 42 -0.046203 0.023913 -0.009088
8 42 -0.044240 0.028094 -0.010014
9 42 -0.034455 0.027486 -0.010904
10 42 -0.002624 0.012061 -0.005029
11 42 0.031340 -0.010037 0.006161
12 42 0.061993 -0.034149 0.015973
13 42 0.067564 -0.046283 0.025621
14 42 0.018609 -0.024504 0.013643
15 42 -0.039065 0.011326 -0.011936
16 42 -0.076351 0.041514 -0.029938
17 42 -0.064932 0.048537 -0.036174
18 42 0.033568 0.006443 -0.003322
19 42 0.116057 -0.043610 0.051088
20 42 0.055079 -0.031503 0.046016
21 42 -0.063317 0.020166 -0.018689
22 42 -0.076588 0.035754 -0.049666
23 42 0.004772 0.005795 -0.013299
24 42 0.056807 -0.020026 0.028840
25 42 0.032848 -0.015382 0.027422
26 42 -0.014619 0.002626 -0.000852
27 42 -0.033080 0.011572 -0.019010
28 42 -0.020388 0.008107 -0.015983
29 42 -0.000304 0.000745 -0.003637
30 42 0.010971 -0.003788 0.005440
31 42 0.012192 -0.004514 0.007867
32 42 0.008661 -0.003297 0.006233
33 42 0.004778 -0.001848 0.003695
34 42 0.002191 -0.000857 0.001792
35 42 0.000865 -0.000341 0.000741
36 42 0.000300 -0.000119 0.000268
37 42 0.000093 -0.000037 0.000086
38 42 0.000026 -0.000010 0.000025
39 42 0.000007 -0.000003 0.000006
40 42 0.000002 -0.000001 0.000002
41 42 0.000000 -0.000000 0.000000
42 42 0.000000 -0.000000 0.000000
43 42 0.000000 -0.000000 0.000000
44 42 0.000000 -0.000000 0.000000
45 42 0.000000 -0.000000 0.000000
46 42 0.000000 -0.000000 0.000000
47 42 0.000000 -0.000000 0.000000
48 42 0.000000 -0.000000 0.000000
49 42 0.000000 0.000000 0.000000

0 43 0.000000 0.000000 0.000000
1 43 -0.004527 0.003406 -0.001045
2 43 -0.009415 0.007250 -0.001428
3 43 -0.013432 0.011059 -0.002075
4 43 -0.017713 0.015536 -0.003030
5 43 -0.018690 0.018635 -0.004082
6 43 -0.017424 0.020374 -0.004454
7 43 -0.009231 0.017378 -0.004487
8 43 0.005300 0.008379 -0.001408
9 43 0.024309 -0.006689 0.002207
10 43 0.046220 -0.027777 0.009693
11 43 0.052530 -0.043198 0.014788
12 43 0.041762 -0.048132 0.014777
13 43 0.001264 -0.030996 0.007371
14 43 -0.057131 0.006545 -0.014107
15 43 -0.086390 0.037512 -0.031368
16 43 -0.072395 0.047524 -0.032493
17 43 -0.003132 0.023144 -0.014078
18 43 0.092521 -0.028685 0.028807
19 43 0.099803 -0.047374 0.053279
20 43 -0.006234 -0.004018 0.014855
21 43 -0.085049 0.040670 -0.039698
22 43 -0.044117 0.031170 -0.037512
23 43 0.038951 -0.007281 0.008880
24 43 0.059132 -0.023720 0.034872
25 43 0.016482 -0.010171 0.018665
26 43 -0.025681 0.007880 -0.009410
27 43 -0.032107 0.012610 -0.020048
28 43 -0.014126 0.006424 -0.012336
29 43 0.004385 -0.001042 -0.000188
30 43 0.012320 -0.004598 0.006740
31 43 0.011527 -0.004548 0.007573
32 43 0.007542 -0.003052 0.005443
33 43 0.003940 -0.001619 0.003039
34 43 0.001735 -0.000720 0.001411
35 43 0.000662 -0.000277 0.000564
36 43 0.000224 -0.000094 0.000198
37 43 0.000067 -0.000028 0.000062
38 43 0.000018 -0.000008 0.000017
39 43 0.000005 -0.000002 0.000004
40 43 0.000001 -0.000000 0.000001
41 43 0.000000 -0.000000 0.000000
42 43 0.000000 -0.000000 0.000000
43 43 0.000000 -0.000000 0.000000
44 43 0.000000 -0.000000 0.000000
45 43 0.000000 -0.000000 0.000000
46 43 0.000000 -0.000000 0.000000
47 43 0.000000 -0.000000 0.000000
48 43 0.000000 -0.000000 0.000000
49 43 0.000000 0.000000 0.000000

0 44 0.000000 0.000000 0.000000
1 44 -0.001030 0.003476 -0.003616
2 44 -0.001419 0.006688 -0.003662
3 44 0.000101 0.008905 -0.003489
4 44 0.003573 0.009947 -0.003216
5 44 0.011002 0.008211 -0.002150
6 44 0.020837 0.003875 -0.000371
7 44 0.034479 -0.004789 0.002538
8 44 0.046828 -0.015755 0.006651
9 44 0.054901 -0.027497 0.010148
10 44 0.051627 -0.035239 0.013052
11 44 0.029156 -0.031926 0.010213
12 44 -0.007335 -0.017263 0.002267
13 44 -0.054147 0.009500 -0.011291
14 44 -0.083867 0.033399 -0.026327
15 44 -0.070557 0.035746 -0.027864
16 44 -0.020118 0.014524 -0.014070
17 44 0.051445 -0.025393 0.011986
18 44 0.087208 -0.052965 0.037248
19 44 0.028247 -0.027319 0.026176
20 44 -0.065175 0.029180 -0.020436
21 44 -0.074029 0.049083 -0.043839
22 44 0.004116 0.017023 -0.013638
23 44 0.065039 -0.018705 0.027994
24 44 0.050441 -0.021321 0.033452
25 44 -0.001334 -0.001768 0.007642
26 44 -0.032029 0.012744 -0.015489
27 44 -0.027082 0.012260 -0.018278
28 44 -0.006742 0.004014 -0.007686
29 44 0.008485 -0.002831 0.002955
30 44 0.012883 -0.005156 0.007479
31 44 0.010452 -0.004382 0.006957
32 44 0.006328 -0.002715 0.004573
33 44 0.003133 -0.001363 0.002408
34 44 0.001324 -0.000581 0.001070
35 44 0.000489 -0.000216 0.000413
36 44 0.000160 -0.000071 0.000141
37 44 0.000047 -0.000021 0.000043
38 44 0.000013 -0.000006 0.000012
39 44 0.000003 -0.000001 0.000003
40 44 0.000001 -0.000000 0.000001
41 44 0.000000 -0.000000 0.000000
42 44 0.000000 -0.000000 0.000000
43 44 0.000000 -0.000000 0.000000
44 44 0.000000 -0.000000 0.000000
45 44 0.000000 -0.000000 0.000000
46 44 0.000000 -0.000000 0.000000
47 44 0.000000 -0.000000 0.000000
48 44 0.000000 -0.000000 0.000000
49 44 0.000000 0.000000 0.000000

0 45 0.000000 0.000000 0.000000
1 45 0.002103 -0.001214 -0.002196
2 45 0.004658 -0.002781 -0.002017
3 45 0.008108 -0.005069 -0.001505
4 45 0.012443 -0.008168 -0.000811
5 45 0.017776 -0.012250 0.000445
6 45 0.022592 -0.016390 0.001802
7 45 0.026272 -0.020046 0.003466
8 45 0.024984 -0.020393 0.004528
9 45 0.017975 -0.016105 0.004245
10 45 0.002486 -0.004486 0.002088
11 45 -0.018708 0.013592 -0.003371
12 45 -0.037338 0.032569 -0.009412
13 45 -0.045331 0.045192 -0.014552
14 45 -0.027757 0.038152 -0.013342
15 45 0.011893 0.008968 -0.001342
16 45 0.051483 -0.029878 0.014688
17 45 0.065909 -0.058662 0.026458
18 45 0.023903 -0.048821 0.020254
19 45 -0.059461 0.002017 -0.012869
20 45 -0.097822 0.044380 -0.044114
21 45 -0.042075 0.035722 -0.033410
22 45 0.043780 -0.002860 0.009315
23 45 0.071166 -0.023102 0.036052
24 45 0.032895 -0.011671 0.024940
25 45 -0.014866 0.008564 -0.002238
26 45 -0.030782 0.016305 -0.017091
27 45 -0.017890 0.010585 -0.013547
28 45 0.001138 0.001313 -0.002483
29 45 0.011679 -0.004304 0.005527
30 45 0.012681 -0.005353 0.007648
31 45 0.009090 -0.004016 0.006106
32 45 0.005110 -0.002311 0.003692
33 45 0.002401 -0.001101 0.001837
34 45 0.000973 -0.000450 0.000782
35 45 0.000348 -0.000162 0.000291
36 45 0.000111 -0.000052 0.000096
37 45 0.000032 -0.000015 0.000029
38 45 0.000008 -0.000004 0.000008
39 45 0.000002 -0.000001 0.000002
40 45 0.000000 -0.000000 0.000000
41 45 0.000000 -0.000000 0.000000
42 45 0.000000 -0.000000 0.000000
43 45 0.000000 -0.000000 0.000000
44 45 0.000000 -0.000000 0.000000
45 45 0.000000 -0.000000 0.000000
46 45 0.000000 -0.000000 0.000000
47 45 0.000000 -0.000000 0.000000
48 45 0.000000 -0.000000 0.000000
49 45 0.000000 0.000000 0.000000

0 46 0.000000 0.000000 0.000000
1 46 0.003015 -0.003924 0.001307
2 46 0.005624 -0.007923 0.001472
3 46 0.007238 -0.011907 0.001789
4 46 0.007238 -0.015631 0.002046
5 46 0.004705 -0.018435 0.002183
6 46 -0.001315 -0.019266 0.001669
7 46 -0.011211 -0.016959 0.000424
8 46 -0.025207 -0.009940 -0.002234
9 46 -0.040486 0.001741 -0.006034
10 46 -0.053763 0.017503 -0.010576
11 46 -0.057242 0.032808 -0.014437
12 46 -0.044224 0.041600 -0.014478
13 46 -0.011824 0.037653 -0.009007
14 46 0.036309 0.016863 0.003934
15 46 0.078552 -0.012907 0.020497
16 46 0.089330 -0.036785 0.030648
17 46 0.052790 -0.039324 0.026113
18 46 -0.025457 -0.012348 0.001678
19 46 -0.092634 0.023117 -0.031661
20 46 -0.084878 0.029257 -0.042582
21 46 -0.011852 0.001626 -0.016927
22 46 0.048844 -0.024022 0.017791
23 46 0.047639 -0.020601 0.027153
24 46 0.008013 0.001834 0.010160
25 46 -0.021401 0.018264 -0.009116
26 46 -0.021460 0.018182 -0.013826
27 46 -0.005089 0.008360 -0.006304
28 46 0.009246 -0.000903 0.002975
29 46 0.014165 -0.005078 0.007594
30 46 0.012047 -0.005095 0.007465
31 46 0.007681 -0.003465 0.005194
32 46 0.004008 -0.001869 0.002893
33 46 0.001783 -0.000848 0.001358
34 46 0.000693 -0.000334 0.000553
35 46 0.000239 -0.000116 0.000199
36 46 0.000074 -0.000036 0.000064
37 46 0.000021 -0.000010 0.000019
38 46 0.000005 -0.000003 0.000005
39 46 0.000001 -0.000001 0.000001
40 46 0.000000 -0.000000 0.000000
41 46 0.000000 -0.000000 0.000000
42 46 0.000000 -0.000000 0.000000
43 46 0.000000 -0.000000 0.000000
44 46 0.000000 -0.000000 0.000000
45 46 0.000000 -0.000000 0.000000
46 46 0.000000 -0.000000 0.000000
47 46 0.000000 -0.000000 0.000000
48 46 0.000000 -0.000000 0.000000
49 46 0.000000 0.000000 0.000000

0 47 0.000000 0.000000 0.000000
1 47 0.001701 -0.000376 0.001080
2 47 0.002979 -0.000574 0.001148
3 47 0.003297 -0.000349 0.001241
4 47 0.002217 0.000462 0.001235
5 47 -0.000880 0.002137 0.001014
6 47 -0.006234 0.004695 0.000316
7 47 -0.013800 0.008017 -0.000919
8 47 -0.022708 0.011489 -0.002907
9 47 -0.030697 0.013736 -0.005225
10 47 -0.035009 0.013256 -0.007440
11 47 -0.031397 0.007845 -0.008330
12 47 -0.018093 -0.002663 -0.006574
13 47 0.003866 -0.016348 -0.001801
14 47 0.028018 -0.027709 0.005668
15 47 0.041283 -0.027751 0.012090
16 47 0.034473 -0.012103 0.012845
17 47 0.007073 0.015441 0.005877
18 47 -0.026956 0.040142 -0.007373
19 47 -0.037737 0.038767 -0.016851
20 47 -0.011987 0.005234 -0.010600
21 47 0.021213 -0.032481 0.006183
22 47 0.024381 -0.040823 0.013994
23 47 -0.001822 -0.017925 0.004497
24 47 -0.026023 0.010506 -0.010346
25 47 -0.026709 0.022800 -0.015528
26 47 -0.009322 0.017824 -0.008838
27 47 0.008909 0.006583 0.001662
28 47 0.017516 -0.001715 0.008406
29 47 0.016769 -0.004706 0.009601
30 47 0.011748 -0.004246 0.007429
31 47 0.006667 -0.002711 0.004532
32 47 0.003207 -0.001396 0.002312
33 47 0.001342 -0.000610 0.001017
34 47 0.000497 -0.000233 0.000393
35 47 0.000165 -0.000079 0.000136
36 47 0.000049 -0.000024 0.000042
37 47 0.000013 -0.000007 0.000012
38 47 0.000003 -0.000002 0.000003
39 47 0.000001 -0.000000 0.000001
40 47 0.000000 -0.000000 0.000000
41 47 0.000000 -0.000000 0.000000
42 47 0.000000 -0.000000 0.000000
43 47 0.000000 -0.000000 0.000000
44 47 0.000000 -0.000000 0.000000
45 47 0.000000 -0.000000 0.000000
46 47 0.000000 -0.000000 0.000000
47 47 0.000000 -0.000000 0.000000
48 47 0.000000 -0.000000 0.000000
49 47 0.000000 0.000000 0.000000

0 48 0.000000 0.000000 0.000000
1 48 -0.003692 0.002448 -0.001708
2 48 -0.007202 0.005257 -0.001916
3 48 -0.010291 0.008750 -0.002316
4 48 -0.012455 0.013030 -0.002829
5 48 -0.013088 0.018011 -0.003348
6 48 -0.011166 0.023044 -0.003646
7 48 -0.005842 0.027045 -0.003406
8 48 0.003727 0.028194 -0.002275
9 48 0.017238 0.024400 0.000166
10 48 0.032832 0.013977 0.003845
11 48 0.046509 -0.003458 0.008383
12 48 0.051579 -0.024834 0.012141
13 48 0.041863 -0.043859 0.012832
14 48 0.013732 -0.051160 0.008139
15 48 -0.027735 -0.038602 -0.003121
16 48 -0.065201 -0.006977 -0.017418
17 48 -0.076659 0.031577 -0.027198
18 48 -0.045834 0.054853 -0.023844
19 48 0.019138 0.043199 -0.003040
20 48 0.074138 0.003085 0.024364
21 48 0.072958 -0.032498 0.035125
22 48 0.018401 -0.037263 0.018126
23 48 -0.040261 -0.016183 -0.011343
24 48 -0.060185 0.007059 -0.028747
25 48 -0.039949 0.016446 -0.024777
26 48 -0.006216 0.012776 -0.008645
27 48 0.017297 0.004844 0.005947
28 48 0.024170 -0.000836 0.012365
29 48 0.020107 -0.002849 0.011764
30 48 0.012816 -0.002582 0.008166
31 48 0.006761 -0.001634 0.004600
32 48 0.003063 -0.000831 0.002201
33 48 0.001218 -0.000358 0.000918
34 48 0.000431 -0.000135 0.000339
35 48 0.000137 -0.000045 0.000112
36 48 0.000040 -0.000014 0.000034
37 48 0.000010 -0.000004 0.000009
38 48 0.000003 -0.000001 0.000002
39 48 0.000001 -0.000000 0.000001
40 48 0.000000 -0.000000 0.000000
41 48 0.000000 -0.000000 0.000000
42 48 0.000000 -0.000000 0.000000
43 48 0.000000 -0.000000 0.000000
44 48 0.000000 -0.000000 0.000000
45 48 0.000000 -0.000000 0.000000
46 48 0.000000 -0.000000 0.000000
47 48 0.000000 -0.000000 0.000000
48 48 0.000000 -0.000000 0.000000
49 48 0.000000 0.000000 0.000000

0 49 0.000000 0.000000 0.000000
1 49 0.000000 0.000000 0.000000
2 49 0.000000 0.000000 0.000000
3 49 0.000000 0.000000 0.000000
4 49 0.000000 0.000000 0.000000
5 49 0.000000 0.000000 0.000000
6 49 0.000000 0.000000 0.000000
7 49 0.000000 0.000000 0.000000
8 49 0.000000 0.000000 0.000000
9 49 0.000000 0.000000 0.000000
10 49 0.000000 0.000000 0.000000
11 49 0.000000 0.000000 0.000000
12 49 0.000000 0.000000 0.000000
13 49 0.000000 0.000000 0.000000
14 49 0.000000 0.000000 0.000000
15 49 0.000000 0.000000 0.000000
16 49 0.000000 0.000000 0.000000
17 49 0.000000 0.000000 0.000000
18 49 0.000000 0.000000 0.000000
19 49 0.000000 0.000000 0.000000
20 49 0.000000 0.000000 0.000000
21 49 0.000000 0.000000 0.000000
22 49 0.000000 0.000000 0.000000
23 49 0.000000 0.000000 0.000000
24 49 0.000000 0.000000 0.000000
25 49 0.000000 0.000000 0.000000
26 49 0.000000 0.000000 0.000000
27 49 0.000000 0.000000 0.000000
28 49 0.000000 0.000000 0.000000
29 49 0.000000 0.000000 0.000000
30 49 0.000000 0.000000 0.000000
31 49 0.000000 0.000000 0.000000
32 49 0.000000 0.000000 0.000000
33 49 0.000000 0.000000 0.000000
34 49 0.000000 0.000000 0.000000
35 49 0.000000 0.000000 0.000000
36 49 0.000000 0.000000 0.000000
37 49 0.000000 0.000000 0.000000
38 49 0.000000 0.000000 0.000000
39 49 0.000000 0.000000 0.000000
40 49 0.000000 0.000000 0.000000
41 49 0.000000 0.000000 0.000000
42 49 0.000000 0.000000 0.000000
43 49 0.000000 0.000000 0.000000
44 49 0.000000 0.000000 0.000000
45 49 0.000000 0.000000 0.000000
46 49 0.000000 0.000000 0.000000
47 49 0.000000 0.000000 0.000000
48 49 0.000000 0.000000 0.000000
49 49 0.000000 0.000000 0.000000

