#:x y Ey Bx Bz
0 0 0.000000 0.000000 0.000000
1 0 0.000000 0.000000 0.000000
2 0 0.000000 0.000000 0.000000
3 0 0.000000 0.000000 0.000000
4 0 0.000000 0.000000 0.000000
5 0 0.000000 0.000000 0.000000
6 0 0.000000 0.000000 0.000000
7 0 0.000000 0.000000 0.000000
8 0 0.000000 0.000000 0.000000
9 0 0.000000 0.000000 0.000000
10 0 0.000000 0.000000 0.000000
11 0 0.000000 0.000000 0.000000
12 0 0.000000 0.000000 0.000000
13 0 0.000000 0.000000 0.000000
14 0 0.000000 0.000000 0.000000
15 0 0.000000 0.000000 0.000000
16 0 0.000000 0.000000 0.000000
17 0 0.000000 0.000000 0.000000
18 0 0.000000 0.000000 0.000000
19 0 0.000000 0.000000 0.000000
20 0 0.000000 0.000000 0.000000
21 0 0.000000 0.000000 0.000000
22 0 0.000000 0.000000 0.000000
23 0 0.000000 0.000000 0.000000
24 0 0.000000 0.000000 0.000000
25 0 0.000000 0.000000 0.000000
26 0 0.000000 0.000000 0.000000
27 0 0.000000 0.000000 0.000000
28 0 0.000000 0.000000 0.000000
29 0 0.000000 0.000000 0.000000
30 0 0.000000 0.000000 0.000000
31 0 0.000000 0.000000 0.000000
32 0 0.000000 0.000000 0.000000
33 0 0.000000 0.000000 0.000000
34 0 0.000000 0.000000 0.000000
35 0 0.000000 0.000000 0.000000
36 0 0.000000 0.000000 0.000000
37 0 0.000000 0.000000 0.000000
38 0 0.000000 0.000000 0.000000
39 0 0.000000 0.000000 0.000000
40 0 0.000000 0.000000 0.000000
41 0 0.000000 0.000000 0.000000
42 0 0.000000 0.000000 0.000000
43 0 0.000000 0.000000 0.000000
44 0 0.000000 0.000000 0.000000
45 0 0.000000 0.000000 0.000000
46 0 0.000000 0.000000 0.000000
47 0 0.000000 0.000000 0.000000
48 0 0.000000 0.000000 0.000000
49 0 0.000000 0.000000 0.000000

0 1 0.000000 0.000000 0.000000
1 1 -0.111848 -0.009870 -0.003229
2 1 -0.114629 -0.009069 -0.006655
3 1 -0.116541 -0.008995 -0.010169
4 1 -0.118033 -0.009191 -0.013715
5 1 -0.119301 -0.009349 -0.017228
6 1 -0.120350 -0.009291 -0.020651
7 1 -0.121183 -0.008982 -0.023976
8 1 -0.121772 -0.008533 -0.027139
9 1 -0.121987 -0.008018 -0.030063
10 1 -0.121840 -0.007468 -0.032784
11 1 -0.121443 -0.007046 -0.035300
12 1 -0.120636 -0.006872 -0.037444
13 1 -0.119226 -0.006807 -0.039180
14 1 -0.117443 -0.006787 -0.040687
15 1 -0.115445 -0.007078 -0.041900
16 1 -0.112703 -0.007772 -0.042416
17 1 -0.108730 -0.008438 -0.042160
18 1 -0.104041 -0.008764 -0.041611
19 1 -0.099363 -0.009203 -0.040953
20 1 -0.094037 -0.010348 -0.039441
21 1 -0.086404 -0.011740 -0.036224
22 1 -0.076195 -0.011946 -0.031716
23 1 -0.065720 -0.010090 -0.027549
24 1 -0.057848 -0.007060 -0.024900
25 1 -0.052834 -0.004905 -0.023054
26 1 -0.047611 -0.005035 -0.019887
27 1 -0.038440 -0.007035 -0.013818
28 1 -0.024292 -0.009148 -0.005286
29 1 -0.007777 -0.009770 0.003563
30 1 0.006964 -0.008573 0.010562
31 1 0.017362 -0.006489 0.015064
32 1 0.023997 -0.004815 0.018202
33 1 0.029756 -0.004294 0.021885
34 1 0.037600 -0.004781 0.027429
35 1 0.048627 -0.005533 0.034762
36 1 0.061546 -0.005763 0.042526
37 1 0.073523 -0.005064 0.048838
38 1 0.081630 -0.003514 0.052145
39 1 0.084039 -0.001529 0.051768
40 1 0.080502 0.000397 0.047980
41 1 0.072132 0.001884 0.041731
42 1 0.060793 0.002766 0.034238
43 1 0.048441 0.003061 0.026623
44 1 0.036659 0.002912 0.019707
45 1 0.026447 0.002494 0.013949
46 1 0.018211 0.001961 0.009533
47 1 0.011798 0.001398 0.006574
48 1 0.006384 0.000787 0.005506
49 1 0.000000 0.000000 0.000000

0 2 0.000000 0.000000 0.000000
1 2 -0.103935 -0.028539 -0.003106
2 2 -0.110931 -0.024294 -0.006529
3 2 -0.115745 -0.020083 -0.010073
4 2 -0.118434 -0.016203 -0.013582
5 2 -0.119399 -0.012893 -0.016976
6 2 -0.119110 -0.010297 -0.020156
7 2 -0.117965 -0.008368 -0.023096
8 2 -0.116457 -0.007079 -0.025877
9 2 -0.114880 -0.006433 -0.028445
10 2 -0.113167 -0.006213 -0.030708
11 2 -0.111450 -0.006245 -0.032816
12 2 -0.110005 -0.006652 -0.034833
13 2 -0.108521 -0.007383 -0.036465
14 2 -0.106509 -0.008042 -0.037610
15 2 -0.104297 -0.008568 -0.038634
16 2 -0.102414 -0.009387 -0.039633
17 2 -0.100265 -0.010516 -0.040021
18 2 -0.096791 -0.011278 -0.039416
19 2 -0.092344 -0.011355 -0.038435
20 2 -0.088541 -0.011488 -0.037919
21 2 -0.085882 -0.012528 -0.037595
22 2 -0.082502 -0.014188 -0.036120
23 2 -0.075912 -0.015315 -0.032513
24 2 -0.065580 -0.015341 -0.027171
25 2 -0.053299 -0.014991 -0.021333
26 2 -0.041243 -0.015377 -0.015817
27 2 -0.030157 -0.016643 -0.010485
28 2 -0.019415 -0.017710 -0.004813
29 2 -0.008373 -0.017311 0.001305
30 2 0.002718 -0.015188 0.007402
31 2 0.013058 -0.012321 0.012960
32 2 0.022279 -0.010135 0.017974
33 2 0.030926 -0.009458 0.022976
34 2 0.040019 -0.010033 0.028553
35 2 0.050114 -0.010823 0.034773
36 2 0.060670 -0.010714 0.040979
37 2 0.070131 -0.009125 0.046033
38 2 0.076606 -0.006195 0.048821
39 2 0.078684 -0.002586 0.048704
40 2 0.075945 0.000888 0.045712
41 2 0.069010 0.003589 0.040456
42 2 0.059219 0.005215 0.033870
43 2 0.048155 0.005788 0.026917
44 2 0.037236 0.005542 0.020377
45 2 0.027459 0.004787 0.014758
46 2 0.019314 0.003796 0.010332
47 2 0.012741 0.002725 0.007327
48 2 0.006953 0.001537 0.006293
49 2 0.000000 0.000000 0.000000

0 3 0.000000 0.000000 0.000000
1 3 -0.088263 -0.040860 -0.002759
2 3 -0.092562 -0.034550 -0.005700
3 3 -0.095584 -0.028305 -0.008724
4 3 -0.097512 -0.022687 -0.011695
5 3 -0.098615 -0.017962 -0.014616
6 3 -0.099289 -0.014341 -0.017488
7 3 -0.099573 -0.011791 -0.020151
8 3 -0.099523 -0.010040 -0.022698
9 3 -0.099577 -0.009097 -0.025273
10 3 -0.099602 -0.008954 -0.027592
11 3 -0.099113 -0.009146 -0.029550
12 3 -0.098569 -0.009511 -0.031582
13 3 -0.098443 -0.010446 -0.033628
14 3 -0.097793 -0.011815 -0.034979
15 3 -0.095877 -0.012847 -0.035677
16 3 -0.093866 -0.013531 -0.036624
17 3 -0.092743 -0.014754 -0.037794
18 3 -0.090926 -0.016625 -0.037846
19 3 -0.086376 -0.017933 -0.036207
20 3 -0.080159 -0.017893 -0.034271
21 3 -0.075454 -0.017510 -0.033558
22 3 -0.072997 -0.018461 -0.033375
23 3 -0.069439 -0.021072 -0.031348
24 3 -0.061027 -0.023985 -0.026186
25 3 -0.047960 -0.025665 -0.019211
26 3 -0.034298 -0.025733 -0.012997
27 3 -0.023943 -0.024809 -0.008879
28 3 -0.017256 -0.023522 -0.005968
29 3 -0.011399 -0.021989 -0.002323
30 3 -0.003300 -0.020120 0.003244
31 3 0.007894 -0.018126 0.010379
32 3 0.020696 -0.016536 0.017787
33 3 0.032892 -0.015745 0.024327
34 3 0.043119 -0.015582 0.029636
35 3 0.051285 -0.015323 0.033981
36 3 0.057932 -0.014111 0.037701
37 3 0.063375 -0.011461 0.040775
38 3 0.067298 -0.007506 0.042780
39 3 0.068955 -0.002905 0.043163
40 3 0.067676 0.001485 0.041582
41 3 0.063295 0.004944 0.038094
42 3 0.056277 0.007091 0.033148
43 3 0.047559 0.007913 0.027416
44 3 0.038245 0.007663 0.021595
45 3 0.029307 0.006710 0.016261
46 3 0.021366 0.005397 0.011846
47 3 0.014512 0.003917 0.008783
48 3 0.008023 0.002217 0.007830
49 3 0.000000 0.000000 0.000000

0 4 0.000000 0.000000 0.000000
1 4 -0.065743 -0.042057 -0.002236
2 4 -0.065231 -0.037506 -0.004429
3 4 -0.065519 -0.033440 -0.006663
4 4 -0.066794 -0.029781 -0.008926
5 4 -0.068643 -0.026365 -0.011148
6 4 -0.070933 -0.023164 -0.013537
7 4 -0.073569 -0.020510 -0.015970
8 4 -0.075790 -0.018321 -0.018153
9 4 -0.077630 -0.016444 -0.020453
10 4 -0.079746 -0.015374 -0.022970
11 4 -0.081399 -0.015186 -0.025009
12 4 -0.081862 -0.015162 -0.026641
13 4 -0.082416 -0.015384 -0.028740
14 4 -0.083719 -0.016673 -0.030939
15 4 -0.083849 -0.018668 -0.031980
16 4 -0.081814 -0.020137 -0.032179
17 4 -0.079854 -0.021220 -0.033071
18 4 -0.079515 -0.023309 -0.034510
19 4 -0.078264 -0.026566 -0.034426
20 4 -0.072876 -0.029323 -0.031870
21 4 -0.064314 -0.030331 -0.028501
22 4 -0.056573 -0.030326 -0.026270
23 4 -0.051463 -0.030752 -0.024893
24 4 -0.046856 -0.031753 -0.022559
25 4 -0.040172 -0.032141 -0.018533
26 4 -0.031858 -0.031021 -0.014062
27 4 -0.024505 -0.028840 -0.010677
28 4 -0.019301 -0.026804 -0.008236
29 4 -0.014335 -0.025655 -0.004977
30 4 -0.006442 -0.025172 0.000702
31 4 0.005705 -0.024665 0.008700
32 4 0.020338 -0.023681 0.017269
33 4 0.033984 -0.022213 0.024359
34 4 0.043897 -0.020418 0.028932
35 4 0.049505 -0.018266 0.031317
36 4 0.052125 -0.015496 0.032609
37 4 0.053610 -0.011859 0.033769
38 4 0.055093 -0.007396 0.035075
39 4 0.056540 -0.002528 0.036132
40 4 0.057113 0.002089 0.036265
41 4 0.055865 0.005813 0.034954
42 4 0.052306 0.008239 0.032087
43 4 0.046601 0.009284 0.027962
44 4 0.039431 0.009142 0.023141
45 4 0.031679 0.008159 0.018255
46 4 0.024088 0.006685 0.013923
47 4 0.016900 0.004921 0.010844
48 4 0.009470 0.002798 0.010048
49 4 0.000000 0.000000 0.000000

0 5 0.000000 0.000000 0.000000
1 5 -0.044721 -0.043975 -0.001740
2 5 -0.045042 -0.038437 -0.003387
3 5 -0.045086 -0.033321 -0.004915
4 5 -0.045168 -0.028685 -0.006504
5 5 -0.045289 -0.024765 -0.007902
6 5 -0.045148 -0.021340 -0.009194
7 5 -0.045578 -0.018626 -0.010850
8 5 -0.046560 -0.017046 -0.012375
9 5 -0.047010 -0.016016 -0.013550
10 5 -0.047852 -0.015320 -0.015315
11 5 -0.050022 -0.015769 -0.017464
12 5 -0.051590 -0.017075 -0.018751
13 5 -0.051742 -0.018034 -0.019769
14 5 -0.052987 -0.019033 -0.021934
15 5 -0.055810 -0.021293 -0.024261
16 5 -0.056816 -0.024151 -0.024854
17 5 -0.054885 -0.025926 -0.024521
18 5 -0.053671 -0.026821 -0.025555
19 5 -0.055473 -0.028576 -0.027730
20 5 -0.057120 -0.031619 -0.028435
21 5 -0.054606 -0.034430 -0.026549
22 5 -0.048747 -0.035708 -0.023875
23 5 -0.043588 -0.035750 -0.022394
24 5 -0.040864 -0.035447 -0.021741
25 5 -0.038455 -0.034947 -0.020147
26 5 -0.033835 -0.033869 -0.016880
27 5 -0.027051 -0.032324 -0.012827
28 5 -0.019761 -0.031111 -0.008931
29 5 -0.012517 -0.030847 -0.004858
30 5 -0.004035 -0.031215 0.000508
31 5 0.006954 -0.031179 0.007556
32 5 0.019703 -0.029840 0.015179
33 5 0.031495 -0.027038 0.021475
34 5 0.039542 -0.023264 0.025125
35 5 0.042885 -0.019129 0.026220
36 5 0.042815 -0.014945 0.026012
37 5 0.041767 -0.010691 0.025970
38 5 0.041747 -0.006264 0.026910
39 5 0.043358 -0.001742 0.028692
40 5 0.045818 0.002543 0.030495
41 5 0.047682 0.006131 0.031370
42 5 0.047674 0.008634 0.030694
43 5 0.045211 0.009879 0.028368
44 5 0.040485 0.009946 0.024753
45 5 0.034199 0.009093 0.020491
46 5 0.027134 0.007620 0.016372
47 5 0.019643 0.005703 0.013384
48 5 0.011136 0.003257 0.012846
49 5 0.000000 0.000000 0.000000

0 6 0.000000 0.000000 0.000000
1 6 -0.020176 -0.043960 -0.001061
2 6 -0.020175 -0.034916 -0.002016
3 6 -0.019140 -0.027298 -0.002630
4 6 -0.017485 -0.021193 -0.003205
5 6 -0.016413 -0.016957 -0.003915
6 6 -0.015498 -0.014417 -0.004202
7 6 -0.014755 -0.012737 -0.004737
8 6 -0.015790 -0.012255 -0.006016
9 6 -0.017455 -0.013077 -0.006833
10 6 -0.018203 -0.013935 -0.007424
11 6 -0.020255 -0.014862 -0.009316
12 6 -0.024223 -0.017039 -0.011516
13 6 -0.026638 -0.019732 -0.012326
14 6 -0.027212 -0.021453 -0.013182
15 6 -0.029839 -0.022980 -0.015827
16 6 -0.034510 -0.025762 -0.018519
17 6 -0.036644 -0.028973 -0.019025
18 6 -0.035266 -0.030822 -0.018609
19 6 -0.034711 -0.031392 -0.019756
20 6 -0.037393 -0.032110 -0.022085
21 6 -0.040450 -0.033426 -0.023276
22 6 -0.040768 -0.034596 -0.022740
23 6 -0.039214 -0.035242 -0.022000
24 6 -0.038074 -0.035843 -0.021850
25 6 -0.036891 -0.036745 -0.021019
26 6 -0.033006 -0.037566 -0.017987
27 6 -0.025299 -0.037799 -0.013015
28 6 -0.015662 -0.037522 -0.007750
29 6 -0.006737 -0.037159 -0.003297
30 6 0.000737 -0.036730 0.000714
31 6 0.007920 -0.035599 0.005232
32 6 0.015766 -0.033011 0.010379
33 6 0.023503 -0.028793 0.015111
34 6 0.029182 -0.023516 0.018134
35 6 0.031459 -0.018070 0.019034
36 6 0.030807 -0.013091 0.018624
37 6 0.029236 -0.008716 0.018342
38 6 0.028947 -0.004733 0.019310
39 6 0.031044 -0.000921 0.021724
40 6 0.035087 0.002714 0.024873
41 6 0.039548 0.005925 0.027621
42 6 0.042689 0.008368 0.028976
43 6 0.043319 0.009790 0.028460
44 6 0.041117 0.010134 0.026181
45 6 0.036496 0.009532 0.022719
46 6 0.030155 0.008195 0.018993
47 6 0.022459 0.006244 0.016260
48 6 0.012853 0.003580 0.016102
49 6 0.000000 0.000000 0.000000

0 7 0.000000 0.000000 0.000000
1 7 0.018701 -0.039477 0.000015
2 7 0.020308 -0.032075 0.000188
3 7 0.020146 -0.025897 0.000457
4 7 0.019287 -0.020787 0.001025
5 7 0.017453 -0.016485 0.000990
6 7 0.014280 -0.013652 0.000791
7 7 0.011943 -0.011747 0.001130
8 7 0.009605 -0.010132 0.000504
9 7 0.005339 -0.009900 -0.000949
10 7 0.001901 -0.010927 -0.001381
11 7 0.000211 -0.011699 -0.001982
12 7 -0.003591 -0.012756 -0.004477
13 7 -0.009256 -0.015376 -0.006896
14 7 -0.012380 -0.018474 -0.007633
15 7 -0.013753 -0.020616 -0.008880
16 7 -0.017854 -0.022632 -0.012143
17 7 -0.023983 -0.025732 -0.015260
18 7 -0.027603 -0.029328 -0.016399
19 7 -0.028152 -0.032293 -0.016897
20 7 -0.028831 -0.034577 -0.018283
21 7 -0.030502 -0.036550 -0.019655
22 7 -0.030964 -0.038048 -0.019642
23 7 -0.029407 -0.038926 -0.018776
24 7 -0.027586 -0.039720 -0.018316
25 7 -0.026365 -0.041017 -0.017917
26 7 -0.023879 -0.042538 -0.015965
27 7 -0.018146 -0.043354 -0.011894
28 7 -0.010067 -0.042879 -0.007110
29 7 -0.002725 -0.041304 -0.003454
30 7 0.001825 -0.039070 -0.001326
31 7 0.004286 -0.036214 0.000400
32 7 0.006786 -0.032386 0.002894
33 7 0.010436 -0.027401 0.006140
34 7 0.014406 -0.021633 0.009091
35 7 0.017074 -0.015874 0.010792
36 7 0.017753 -0.010827 0.011288
37 7 0.017394 -0.006734 0.011588
38 7 0.017861 -0.003371 0.012887
39 7 0.020596 -0.000351 0.015743
40 7 0.025708 0.002560 0.019770
41 7 0.031980 0.005305 0.023900
42 7 0.037574 0.007612 0.026947
43 7 0.040890 0.009178 0.028114
44 7 0.041113 0.009823 0.027226
45 7 0.038272 0.009540 0.024729
46 7 0.032847 0.008430 0.021602
47 7 0.025093 0.006541 0.019326
48 7 0.014462 0.003761 0.019682
49 7 0.000000 0.000000 0.000000

0 8 0.000000 0.000000 0.000000
1 8 0.051500 -0.032054 0.001018
2 8 0.053926 -0.027251 0.002472
3 8 0.053995 -0.022199 0.003666
4 8 0.052560 -0.017702 0.005195
5 8 0.051342 -0.013495 0.006736
6 8 0.048595 -0.010048 0.007127
7 8 0.044903 -0.008307 0.007814
8 8 0.042803 -0.007255 0.008824
9 8 0.039547 -0.006613 0.008083
10 8 0.033919 -0.007629 0.006828
11 8 0.029962 -0.009674 0.006791
12 8 0.027268 -0.011344 0.005882
13 8 0.021705 -0.013329 0.003007
14 8 0.014839 -0.016512 0.000595
15 8 0.010594 -0.020001 -0.000542
16 8 0.007436 -0.022919 -0.002484
17 8 0.002253 -0.025612 -0.005698
18 8 -0.003741 -0.028443 -0.008468
19 8 -0.008284 -0.031329 -0.010428
20 8 -0.012095 -0.034448 -0.012694
21 8 -0.016039 -0.038004 -0.014996
22 8 -0.018320 -0.041424 -0.015751
23 8 -0.017355 -0.043792 -0.014791
24 8 -0.014818 -0.044980 -0.013786
25 8 -0.013434 -0.045635 -0.013736
26 8 -0.013243 -0.046072 -0.013612
27 8 -0.011999 -0.045771 -0.012034
28 8 -0.008729 -0.044077 -0.009317
29 8 -0.005252 -0.041014 -0.007132
30 8 -0.003949 -0.037201 -0.006490
31 8 -0.004949 -0.033139 -0.006637
32 8 -0.006053 -0.028817 -0.005966
33 8 -0.005061 -0.023995 -0.003669
34 8 -0.001759 -0.018723 -0.000374
35 8 0.002253 -0.013487 0.002633
36 8 0.005304 -0.008900 0.004629
37 8 0.007131 -0.005280 0.005996
38 8 0.008941 -0.002498 0.007795
39 8 0.012309 -0.000147 0.010893
40 8 0.017949 0.002130 0.015335
41 8 0.025216 0.004428 0.020319
42 8 0.032480 0.006564 0.024645
43 8 0.037944 0.008228 0.027283
44 8 0.040368 0.009150 0.027775
45 8 0.039337 0.009202 0.026374
46 8 0.034984 0.008365 0.024053
47 8 0.027343 0.006607 0.022450
48 8 0.015835 0.003806 0.023443
49 8 0.000000 0.000000 0.000000

0 9 0.000000 0.000000 0.000000
1 9 0.068921 -0.011521 0.001883
2 9 0.076602 -0.008558 0.004537
3 9 0.082463 -0.006246 0.007299
4 9 0.085079 -0.004962 0.009667
5 9 0.086057 -0.004793 0.012631
6 9 0.085967 -0.004768 0.014777
7 9 0.082466 -0.005404 0.015597
8 9 0.078145 -0.007047 0.017006
9 9 0.074841 -0.008561 0.017930
10 9 0.069244 -0.010083 0.016878
11 9 0.061981 -0.012530 0.015791
12 9 0.056593 -0.015423 0.015339
13 9 0.051592 -0.018121 0.013643
14 9 0.044653 -0.020911 0.010846
15 9 0.037642 -0.024011 0.008496
16 9 0.031913 -0.027378 0.006195
17 9 0.026202 -0.031047 0.003245
18 9 0.020709 -0.034575 0.000697
19 9 0.016832 -0.037134 -0.000950
20 9 0.013340 -0.038742 -0.003156
21 9 0.007884 -0.040358 -0.006644
22 9 0.001409 -0.042429 -0.009774
23 9 -0.002916 -0.044255 -0.011028
24 9 -0.004520 -0.045057 -0.011289
25 9 -0.006064 -0.044890 -0.012320
26 9 -0.009324 -0.044164 -0.014139
27 9 -0.012904 -0.042795 -0.015209
28 9 -0.014652 -0.040314 -0.014756
29 9 -0.014756 -0.036637 -0.013786
30 9 -0.015315 -0.032325 -0.013675
31 9 -0.017441 -0.028063 -0.014384
32 9 -0.019747 -0.024061 -0.014468
33 9 -0.019783 -0.020067 -0.012620
34 9 -0.016475 -0.015848 -0.008922
35 9 -0.010996 -0.011561 -0.004658
36 9 -0.005512 -0.007660 -0.001101
37 9 -0.001310 -0.004523 0.001483
38 9 0.002023 -0.002167 0.003857
39 9 0.005959 -0.000278 0.007056
40 9 0.011710 0.001528 0.011558
41 9 0.019299 0.003449 0.016941
42 9 0.027514 0.005402 0.022137
43 9 0.034566 0.007107 0.025992
44 9 0.038892 0.008250 0.027793
45 9 0.039616 0.008607 0.027573
46 9 0.036436 0.008051 0.026243
47 9 0.029065 0.006465 0.025512
48 9 0.016881 0.003724 0.027249
49 9 0.000000 0.000000 0.000000

0 10 0.000000 0.000000 0.000000
1 10 0.083605 0.013294 0.002928
2 10 0.092632 0.012696 0.006350
3 10 0.098962 0.011108 0.010372
4 10 0.102509 0.009342 0.013714
5 10 0.102923 0.007162 0.016847
6 10 0.102927 0.004833 0.020213
7 10 0.101667 0.002825 0.022195
8 10 0.097964 0.000568 0.023427
9 10 0.094472 -0.002113 0.024892
10 10 0.091004 -0.004845 0.025254
11 10 0.085696 -0.007618 0.024486
12 10 0.079797 -0.010548 0.023627
13 10 0.073950 -0.013846 0.022074
14 10 0.067218 -0.017597 0.019655
15 10 0.060481 -0.021141 0.017431
16 10 0.054186 -0.023980 0.014885
17 10 0.046283 -0.026862 0.010773
18 10 0.036707 -0.030579 0.006254
19 10 0.028825 -0.034473 0.003289
20 10 0.023864 -0.037365 0.001198
21 10 0.018837 -0.039115 -0.002004
22 10 0.011684 -0.040269 -0.006151
23 10 0.004267 -0.040861 -0.009429
24 10 -0.001332 -0.040499 -0.011496
25 10 -0.006223 -0.039231 -0.013839
26 10 -0.012496 -0.037569 -0.017186
27 10 -0.019615 -0.035724 -0.020273
28 10 -0.024986 -0.033356 -0.021597
29 10 -0.027411 -0.030171 -0.021364
30 10 -0.028377 -0.026451 -0.021032
31 10 -0.029819 -0.022819 -0.021344
32 10 -0.031583 -0.019617 -0.021414
33 10 -0.031592 -0.016662 -0.019760
34 10 -0.028161 -0.013587 -0.015892
35 10 -0.021725 -0.010297 -0.010782
36 10 -0.014405 -0.007086 -0.005951
37 10 -0.008163 -0.004349 -0.002226
38 10 -0.003386 -0.002255 0.000746
39 10 0.001070 -0.000631 0.004000
40 10 0.006707 0.000866 0.008354
41 10 0.014167 0.002493 0.013801
42 10 0.022767 0.004259 0.019514
43 10 0.030892 0.005946 0.024321
44 10 0.036781 0.007237 0.027314
45 10 0.039131 0.007843 0.028310
46 10 0.037158 0.007544 0.028110
47 10 0.030188 0.006149 0.028420
48 10 0.017548 0.003536 0.030973
49 10 0.000000 0.000000 0.000000

0 11 0.000000 0.000000 0.000000
1 11 0.087395 0.033331 0.003873
2 11 0.094020 0.033169 0.008003
3 11 0.099223 0.031940 0.012510
4 11 0.103994 0.029780 0.016965
5 11 0.107208 0.026923 0.020729
6 11 0.109141 0.023368 0.024416
7 11 0.110447 0.019234 0.027484
8 11 0.110091 0.014857 0.029609
9 11 0.108475 0.010620 0.031306
10 11 0.105730 0.006295 0.031951
11 11 0.101388 0.001568 0.031677
12 11 0.096844 -0.002831 0.031424
13 11 0.091946 -0.006416 0.030136
14 11 0.084467 -0.010120 0.027014
15 11 0.075735 -0.014435 0.023951
16 11 0.068910 -0.018302 0.021821
17 11 0.062499 -0.020972 0.018579
18 11 0.053064 -0.023065 0.013349
19 11 0.041628 -0.025194 0.008058
20 11 0.031375 -0.027169 0.003771
21 11 0.022126 -0.028804 -0.000793
22 11 0.011917 -0.030258 -0.006260
23 11 0.001464 -0.031371 -0.011191
24 11 -0.006931 -0.031574 -0.014564
25 11 -0.013426 -0.030684 -0.017468
26 11 -0.020365 -0.029214 -0.021228
27 11 -0.028402 -0.027683 -0.025216
28 11 -0.035285 -0.026021 -0.027634
29 11 -0.038820 -0.023868 -0.027875
30 11 -0.039544 -0.021222 -0.027131
31 11 -0.039689 -0.018531 -0.026713
32 11 -0.040249 -0.016189 -0.026439
33 11 -0.039872 -0.014139 -0.024934
34 11 -0.036555 -0.012012 -0.021224
35 11 -0.029898 -0.009568 -0.015786
36 11 -0.021572 -0.006946 -0.010108
37 11 -0.013847 -0.004525 -0.005428
38 11 -0.007819 -0.002579 -0.001857
39 11 -0.002843 -0.001082 0.001483
40 11 0.002631 0.000231 0.005618
41 11 0.009728 0.001634 0.010922
42 11 0.018317 0.003216 0.016873
43 11 0.027080 0.004835 0.022382
44 11 0.034188 0.006197 0.026419
45 11 0.037977 0.006982 0.028613
46 11 0.037177 0.006900 0.029632
47 11 0.030698 0.005698 0.031102
48 11 0.017824 0.003264 0.034508
49 11 0.000000 0.000000 0.000000

0 12 0.000000 0.000000 0.000000
1 12 0.090860 0.053398 0.004843
2 12 0.097253 0.052426 0.009975
3 12 0.102197 0.049609 0.015119
4 12 0.105790 0.045583 0.019989
5 12 0.107877 0.040676 0.024256
6 12 0.109028 0.035655 0.028248
7 12 0.109239 0.030931 0.031258
8 12 0.107677 0.025932 0.033226
9 12 0.105999 0.020984 0.035293
10 12 0.104378 0.016852 0.036356
11 12 0.100098 0.012787 0.035468
12 12 0.094411 0.008136 0.034564
13 12 0.090167 0.003778 0.033974
14 12 0.085004 0.000218 0.031493
15 12 0.076390 -0.003250 0.027326
16 12 0.066943 -0.007001 0.023565
17 12 0.058793 -0.010705 0.019943
18 12 0.050147 -0.014135 0.015120
19 12 0.040195 -0.017052 0.009860
20 12 0.030683 -0.018983 0.005275
21 12 0.021607 -0.019901 0.000386
22 12 0.010817 -0.020484 -0.005906
23 12 -0.001573 -0.021206 -0.012402
24 12 -0.012589 -0.021753 -0.017282
25 12 -0.020739 -0.021669 -0.020800
26 12 -0.027813 -0.021083 -0.024543
27 12 -0.035537 -0.020434 -0.028728
28 12 -0.042684 -0.019782 -0.031770
29 12 -0.046752 -0.018782 -0.032464
30 12 -0.047317 -0.017245 -0.031504
31 12 -0.046412 -0.015448 -0.030453
32 12 -0.045842 -0.013801 -0.029797
33 12 -0.045106 -0.012392 -0.028469
34 12 -0.042188 -0.010933 -0.025181
35 12 -0.035945 -0.009125 -0.019857
36 12 -0.027373 -0.006982 -0.013751
37 12 -0.018734 -0.004821 -0.008340
38 12 -0.011682 -0.002974 -0.004183
39 12 -0.006160 -0.001533 -0.000683
40 12 -0.000782 -0.000326 0.003254
41 12 0.005886 0.000908 0.008316
42 12 0.014222 0.002316 0.014305
43 12 0.023283 0.003828 0.020294
44 12 0.031283 0.005194 0.025213
45 12 0.036289 0.006086 0.028544
46 12 0.036572 0.006172 0.030817
47 12 0.030631 0.005154 0.033513
48 12 0.017728 0.002935 0.037772
49 12 0.000000 0.000000 0.000000

0 13 0.000000 0.000000 0.000000
1 13 0.096620 0.062429 0.005929
2 13 0.097706 0.060086 0.011690
3 13 0.097790 0.056907 0.017268
4 13 0.098280 0.053571 0.022517
5 13 0.098361 0.050115 0.026619
6 13 0.098395 0.046099 0.030626
7 13 0.099855 0.042168 0.034379
8 13 0.100169 0.038396 0.036372
9 13 0.098788 0.034046 0.037937
10 13 0.098424 0.029490 0.039735
11 13 0.097358 0.025353 0.039817
12 13 0.093199 0.021337 0.038415
13 13 0.088138 0.017153 0.037078
14 13 0.083178 0.012912 0.034982
15 13 0.076476 0.008823 0.031417
16 13 0.068305 0.005307 0.027494
17 13 0.059690 0.002526 0.023136
18 13 0.049202 -0.000182 0.017107
19 13 0.036474 -0.003436 0.010239
20 13 0.024477 -0.006818 0.004506
21 13 0.014857 -0.009532 -0.000395
22 13 0.005360 -0.011494 -0.006240
23 13 -0.005797 -0.013092 -0.012896
24 13 -0.016750 -0.014346 -0.018480
25 13 -0.025195 -0.014990 -0.022410
26 13 -0.031910 -0.015103 -0.026050
27 13 -0.038968 -0.015109 -0.030228
28 13 -0.046074 -0.015187 -0.033772
29 13 -0.050757 -0.015046 -0.035100
30 13 -0.051717 -0.014377 -0.034305
31 13 -0.050429 -0.013281 -0.032925
32 13 -0.049142 -0.012133 -0.031978
33 13 -0.048193 -0.011131 -0.030840
34 13 -0.045837 -0.010104 -0.028102
35 13 -0.040393 -0.008752 -0.023188
36 13 -0.032126 -0.006998 -0.016993
37 13 -0.023056 -0.005075 -0.011069
38 13 -0.015209 -0.003324 -0.006364
39 13 -0.009120 -0.001920 -0.002624
40 13 -0.003721 -0.000779 0.001188
41 13 0.002558 0.000326 0.005983
42 13 0.010522 0.001571 0.011880
43 13 0.019628 0.002950 0.018165
44 13 0.028232 0.004266 0.023802
45 13 0.034217 0.005203 0.028179
46 13 0.035453 0.005406 0.031692
47 13 0.030060 0.004556 0.035627
48 13 0.017307 0.002573 0.040707
49 13 0.000000 0.000000 0.000000

0 14 0.000000 0.000000 0.000000
1 14 0.092380 0.067505 0.006813
2 14 0.091869 0.065575 0.013310
3 14 0.091553 0.062562 0.019066
4 14 0.092132 0.058621 0.024769
5 14 0.093546 0.054453 0.029499
6 14 0.093853 0.050189 0.033202
7 14 0.094434 0.045727 0.036966
8 14 0.095432 0.041421 0.039728
9 14 0.094813 0.037463 0.041244
10 14 0.093430 0.033688 0.042465
11 14 0.091729 0.029752 0.042687
12 14 0.088619 0.025657 0.041774
13 14 0.084838 0.021991 0.040583
14 14 0.080229 0.018809 0.038190
15 14 0.072953 0.015261 0.033945
16 14 0.064357 0.011135 0.029656
17 14 0.057213 0.007349 0.026048
18 14 0.050021 0.004465 0.021189
19 14 0.039783 0.002090 0.014419
20 14 0.027668 -0.000150 0.007633
21 14 0.016511 -0.002197 0.001708
22 14 0.005921 -0.004118 -0.004643
23 14 -0.005798 -0.006165 -0.011827
24 14 -0.017491 -0.008217 -0.018187
25 14 -0.026599 -0.009808 -0.022618
26 14 -0.033190 -0.010760 -0.026197
27 14 -0.039584 -0.011387 -0.030253
28 14 -0.046488 -0.011972 -0.034177
29 14 -0.051817 -0.012373 -0.036239
30 14 -0.053598 -0.012277 -0.035929
31 14 -0.052539 -0.011667 -0.034530
32 14 -0.050970 -0.010854 -0.033418
33 14 -0.049945 -0.010100 -0.032451
34 14 -0.048171 -0.009342 -0.030274
35 14 -0.043678 -0.008318 -0.025924
36 14 -0.036053 -0.006887 -0.019881
37 14 -0.026919 -0.005198 -0.013642
38 14 -0.018496 -0.003563 -0.008449
39 14 -0.011845 -0.002206 -0.004411
40 14 -0.006309 -0.001119 -0.000638
41 14 -0.000327 -0.000120 0.003914
42 14 0.007230 0.000976 0.009647
43 14 0.016213 0.002210 0.016086
44 14 0.025178 0.003436 0.022288
45 14 0.031910 0.004366 0.027600
46 14 0.033949 0.004642 0.032298
47 14 0.029082 0.003940 0.037439
48 14 0.016621 0.002201 0.043280
49 14 0.000000 0.000000 0.000000

0 15 0.000000 0.000000 0.000000
1 15 0.090021 0.066882 0.007552
2 15 0.087107 0.062008 0.014544
3 15 0.084440 0.057145 0.020529
4 15 0.082220 0.052939 0.025880
5 15 0.081316 0.049362 0.030607
6 15 0.081227 0.046321 0.034545
7 15 0.081957 0.043937 0.038176
8 15 0.083046 0.041723 0.040872
9 15 0.083553 0.039055 0.042792
10 15 0.084521 0.036407 0.044729
11 15 0.085044 0.034107 0.045297
12 15 0.082676 0.031341 0.044038
13 15 0.079233 0.027843 0.042889
14 15 0.076728 0.024451 0.041574
15 15 0.072295 0.021509 0.038028
16 15 0.064182 0.018550 0.032925
17 15 0.055142 0.015298 0.028061
18 15 0.046538 0.011763 0.022801
19 15 0.036735 0.007977 0.016241
20 15 0.025994 0.004278 0.009666
21 15 0.016453 0.001245 0.004064
22 15 0.007661 -0.001017 -0.001828
23 15 -0.002724 -0.002972 -0.008991
24 15 -0.014358 -0.004909 -0.016029
25 15 -0.024328 -0.006610 -0.021255
26 15 -0.031548 -0.007836 -0.025161
27 15 -0.037947 -0.008743 -0.029281
28 15 -0.044938 -0.009583 -0.033580
29 15 -0.051030 -0.010289 -0.036408
30 15 -0.053892 -0.010562 -0.036774
31 15 -0.053479 -0.010296 -0.035590
32 15 -0.051957 -0.009726 -0.034420
33 15 -0.050936 -0.009136 -0.033583
34 15 -0.049669 -0.008554 -0.031907
35 15 -0.046112 -0.007770 -0.028164
36 15 -0.039290 -0.006612 -0.022429
37 15 -0.030353 -0.005154 -0.016041
38 15 -0.021552 -0.003662 -0.010440
39 15 -0.014381 -0.002377 -0.006076
40 15 -0.008620 -0.001348 -0.002263
41 15 -0.002829 -0.000442 0.002096
42 15 0.004342 0.000518 0.007635
43 15 0.013099 0.001604 0.014124
44 15 0.022234 0.002716 0.020756
45 15 0.029504 0.003598 0.026884
46 15 0.032188 0.003909 0.032681
47 15 0.027805 0.003334 0.038957
48 15 0.015741 0.001839 0.045481
49 15 0.000000 0.000000 0.000000

0 16 0.000000 0.000000 0.000000
1 16 0.074780 0.058118 0.007865
2 16 0.068863 0.053711 0.014679
3 16 0.065528 0.049997 0.020432
4 16 0.065005 0.046909 0.025860
5 16 0.066931 0.044600 0.030658
6 16 0.069268 0.042437 0.034605
7 16 0.072663 0.040126 0.038914
8 16 0.077141 0.038203 0.042559
9 16 0.079630 0.036358 0.044549
10 16 0.080958 0.033993 0.046554
11 16 0.083146 0.031436 0.048302
12 16 0.083630 0.029067 0.048029
13 16 0.081204 0.026713 0.046619
14 16 0.078080 0.024089 0.044982
15 16 0.074158 0.021013 0.042008
16 16 0.068270 0.017700 0.037823
17 16 0.061723 0.014812 0.033652
18 16 0.054764 0.012608 0.028668
19 16 0.045057 0.010510 0.021606
20 16 0.032661 0.007978 0.013806
21 16 0.020883 0.005194 0.007140
22 16 0.010913 0.002549 0.000953
23 16 0.000584 0.000066 -0.006196
24 16 -0.010927 -0.002311 -0.013575
25 16 -0.021317 -0.004361 -0.019386
26 16 -0.028979 -0.005847 -0.023621
27 16 -0.035410 -0.006896 -0.027821
28 16 -0.042464 -0.007802 -0.032426
29 16 -0.049239 -0.008603 -0.035971
30 16 -0.053233 -0.009059 -0.037093
31 16 -0.053695 -0.009017 -0.036285
32 16 -0.052455 -0.008628 -0.035150
33 16 -0.051496 -0.008161 -0.034405
34 16 -0.050630 -0.007702 -0.033141
35 16 -0.047910 -0.007099 -0.029982
36 16 -0.041929 -0.006174 -0.024638
37 16 -0.033358 -0.004942 -0.018233
38 16 -0.024351 -0.003615 -0.012313
39 16 -0.016729 -0.002428 -0.007622
40 16 -0.010692 -0.001470 -0.003710
41 16 -0.004995 -0.000653 0.000511
42 16 0.001840 0.000182 0.005854
43 16 0.010322 0.001122 0.012325
44 16 0.019486 0.002104 0.019276
45 16 0.027114 0.002911 0.026100
46 16 0.030295 0.003227 0.032890
47 16 0.026342 0.002761 0.040203
48 16 0.014740 0.001500 0.047319
49 16 0.000000 0.000000 0.000000

0 17 0.000000 0.000000 0.000000
1 17 0.055208 0.048324 0.007607
2 17 0.050200 0.041832 0.014032
3 17 0.048085 0.036909 0.019226
4 17 0.047827 0.033583 0.024027
5 17 0.050364 0.031588 0.029036
6 17 0.054122 0.030798 0.033210
7 17 0.057838 0.030590 0.037261
8 17 0.062839 0.030334 0.041451
9 17 0.067814 0.029924 0.044552
10 17 0.071509 0.029508 0.046976
11 17 0.074608 0.028875 0.048803
12 17 0.076156 0.027468 0.049077
13 17 0.075984 0.025402 0.048600
14 17 0.075507 0.023456 0.047808
15 17 0.073159 0.021703 0.044988
16 17 0.066937 0.019409 0.040113
17 17 0.059327 0.016350 0.035392
18 17 0.052910 0.013049 0.030957
19 17 0.045823 0.009927 0.025035
20 17 0.036248 0.007094 0.017872
21 17 0.026011 0.004689 0.011205
22 17 0.016592 0.002745 0.004891
23 17 0.006406 0.000973 -0.002468
24 17 -0.005525 -0.000897 -0.010438
25 17 -0.016966 -0.002729 -0.017069
26 17 -0.025659 -0.004216 -0.021855
27 17 -0.032541 -0.005323 -0.026243
28 17 -0.039773 -0.006259 -0.031093
29 17 -0.047112 -0.007096 -0.035238
30 17 -0.052124 -0.007652 -0.037087
31 17 -0.053504 -0.007763 -0.036727
32 17 -0.052668 -0.007516 -0.035695
33 17 -0.051808 -0.007150 -0.035017
34 17 -0.051241 -0.006786 -0.034072
35 17 -0.049222 -0.006322 -0.031436
36 17 -0.044046 -0.005594 -0.026513
37 17 -0.035932 -0.004575 -0.020187
38 17 -0.026860 -0.003427 -0.014034
39 17 -0.018869 -0.002364 -0.009043
40 17 -0.012540 -0.001494 -0.004994
41 17 -0.006862 -0.000766 -0.000859
42 17 -0.000301 -0.000049 0.004307
43 17 0.007895 0.000751 0.010719
44 17 0.016993 0.001597 0.017900
45 17 0.024836 0.002310 0.025306
46 17 0.028382 0.002609 0.032969
47 17 0.024797 0.002236 0.041202
48 17 0.013690 0.001193 0.048819
49 17 0.000000 0.000000 0.000000

0 18 0.000000 0.000000 0.000000
1 18 0.027319 0.028549 0.006472
2 18 0.019691 0.022670 0.011339
3 18 0.017622 0.020161 0.015589
4 18 0.019973 0.020115 0.019880
5 18 0.025795 0.021416 0.024703
6 18 0.033632 0.022823 0.029559
7 18 0.042404 0.023961 0.034748
8 18 0.051765 0.025026 0.039810
9 18 0.059610 0.025501 0.043579
10 18 0.065954 0.025027 0.047092
11 18 0.072537 0.024283 0.050432
12 18 0.077044 0.023616 0.051559
13 18 0.077647 0.022489 0.050981
14 18 0.077250 0.020666 0.050475
15 18 0.076813 0.018544 0.048966
16 18 0.073675 0.016528 0.045271
17 18 0.067726 0.014805 0.040666
18 18 0.060801 0.013278 0.035658
19 18 0.052137 0.011505 0.029013
20 18 0.040831 0.009164 0.021084
21 18 0.029237 0.006516 0.013857
22 18 0.019425 0.004054 0.007510
23 18 0.009792 0.001915 0.000393
24 18 -0.001563 -0.000036 -0.007650
25 18 -0.013139 -0.001784 -0.014768
26 18 -0.022401 -0.003160 -0.020027
27 18 -0.029658 -0.004164 -0.024631
28 18 -0.037069 -0.004995 -0.029697
29 18 -0.044873 -0.005758 -0.034346
30 18 -0.050782 -0.006320 -0.036866
31 18 -0.053061 -0.006515 -0.036982
32 18 -0.052698 -0.006376 -0.036100
33 18 -0.051967 -0.006100 -0.035475
34 18 -0.051620 -0.005814 -0.034771
35 18 -0.050164 -0.005462 -0.032581
36 18 -0.045712 -0.004898 -0.028070
37 18 -0.038084 -0.004077 -0.021882
38 18 -0.029049 -0.003114 -0.015574
39 18 -0.020775 -0.002193 -0.010320
40 18 -0.014168 -0.001427 -0.006120
41 18 -0.008454 -0.000795 -0.002028
42 18 -0.002105 -0.000190 0.002989
43 18 0.005819 0.000475 0.009324
44 18 0.014796 0.001184 0.016664
45 18 0.022746 0.001793 0.024548
46 18 0.026545 0.002060 0.032960
47 18 0.023268 0.001765 0.041985
48 18 0.012653 0.000924 0.050012
49 18 0.000000 0.000000 0.000000

0 19 0.000000 0.000000 0.000000
1 19 -0.009932 0.008972 0.003951
2 19 -0.013912 0.003889 0.006625
3 19 -0.011270 0.003178 0.009469
4 19 -0.004693 0.004780 0.013432
5 19 0.005208 0.007399 0.018929
6 19 0.016166 0.010477 0.024406
7 19 0.026342 0.013159 0.030104
8 19 0.037451 0.015156 0.036468
9 19 0.048141 0.016830 0.041587
10 19 0.056087 0.018142 0.045448
11 19 0.062987 0.018708 0.049111
12 19 0.069097 0.018445 0.051430
13 19 0.072621 0.017756 0.052039
14 19 0.074189 0.017086 0.051895
15 19 0.074006 0.016246 0.050200
16 19 0.070547 0.014658 0.046342
17 19 0.065114 0.012329 0.042072
18 19 0.060321 0.009932 0.038108
19 19 0.054846 0.007931 0.032665
20 19 0.046074 0.006258 0.025238
21 19 0.035260 0.004764 0.017720
22 19 0.025028 0.003410 0.010905
23 19 0.014817 0.002082 0.003468
24 19 0.002933 0.000637 -0.004964
25 19 -0.009389 -0.000844 -0.012656
26 19 -0.019460 -0.002113 -0.018403
27 19 -0.027175 -0.003069 -0.023216
28 19 -0.034730 -0.003838 -0.028424
29 19 -0.042836 -0.004527 -0.033448
30 19 -0.049439 -0.005056 -0.036532
31 19 -0.052504 -0.005286 -0.037099
32 19 -0.052613 -0.005223 -0.036391
33 19 -0.052027 -0.005021 -0.035816
34 19 -0.051842 -0.004802 -0.035289
35 19 -0.050826 -0.004538 -0.033465
36 19 -0.046993 -0.004113 -0.029329
37 19 -0.039836 -0.003472 -0.023309
38 19 -0.030901 -0.002693 -0.016907
39 19 -0.022423 -0.001928 -0.011436
40 19 -0.015567 -0.001281 -0.007086
41 19 -0.009788 -0.000751 -0.003005
42 19 -0.003595 -0.000256 0.001891
43 19 0.004088 0.000280 0.008145
44 19 0.012919 0.000854 0.015595
45 19 0.020900 0.001352 0.023862
46 19 0.024867 0.001578 0.032898
47 19 0.021838 0.001350 0.042584
48 19 0.011686 0.000693 0.050936
49 19 0.000000 0.000000 0.000000

0 20 0.000000 0.000000 0.000000
1 20 -0.050369 -0.020995 -0.000929
2 20 -0.053762 -0.022499 -0.001881
3 20 -0.048139 -0.017200 -0.000288
4 20 -0.037311 -0.009597 0.003675
5 20 -0.023344 -0.002318 0.009963
6 20 -0.007388 0.003502 0.017224
7 20 0.008342 0.007978 0.024616
8 20 0.023486 0.011376 0.032082
9 20 0.037293 0.013455 0.038505
10 20 0.049009 0.014370 0.044051
11 20 0.059666 0.014916 0.049086
12 20 0.067942 0.015303 0.051990
13 20 0.072106 0.014993 0.052827
14 20 0.074658 0.013944 0.053478
15 20 0.076980 0.012782 0.053174
16 20 0.076088 0.011898 0.050164
17 20 0.071087 0.011167 0.045547
18 20 0.064633 0.010282 0.040703
19 20 0.057221 0.008972 0.034669
20 20 0.047398 0.007170 0.027014
21 20 0.036386 0.005161 0.019461
22 20 0.026576 0.003354 0.012827
23 20 0.017195 0.001878 0.005682
24 20 0.006006 0.000598 -0.002700
25 20 -0.006257 -0.000565 -0.010714
26 20 -0.016767 -0.001530 -0.016875
27 20 -0.024889 -0.002259 -0.021923
28 20 -0.032636 -0.002854 -0.027279
29 20 -0.041010 -0.003403 -0.032604
30 20 -0.048180 -0.003849 -0.036156
31 20 -0.051919 -0.004072 -0.037126
32 20 -0.052467 -0.004059 -0.036595
33 20 -0.052030 -0.003919 -0.036066
34 20 -0.051963 -0.003759 -0.035666
35 20 -0.051279 -0.003569 -0.034129
36 20 -0.047950 -0.003260 -0.030314
37 20 -0.041214 -0.002782 -0.024464
38 20 -0.032410 -0.002185 -0.018015
39 20 -0.023793 -0.001584 -0.012373
40 20 -0.016730 -0.001068 -0.007887
41 20 -0.010875 -0.000647 -0.003799
42 20 -0.004791 -0.000261 0.001005
43 20 0.002691 0.000151 0.007185
44 20 0.011375 0.000592 0.014708
45 20 0.019343 0.000978 0.023272
46 20 0.023412 0.001157 0.032810
47 20 0.020577 0.000989 0.043029
48 20 0.010836 0.000498 0.051629
49 20 0.000000 0.000000 0.000000

0 21 0.000000 0.000000 0.000000
1 21 -0.103194 -0.054571 -0.010533
2 21 -0.098198 -0.045292 -0.015867
3 21 -0.082887 -0.030857 -0.014465
4 21 -0.063607 -0.018748 -0.008478
5 21 -0.042839 -0.009878 0.000308
6 21 -0.022728 -0.003440 0.009456
7 21 -0.004825 0.000922 0.018503
8 21 0.012625 0.003853 0.027851
9 21 0.028686 0.006197 0.035586
10 21 0.040990 0.007982 0.041496
11 21 0.051632 0.008881 0.047097
12 21 0.061530 0.009109 0.051308
13 21 0.068141 0.009189 0.053114
14 21 0.071611 0.009285 0.053736
15 21 0.073361 0.009041 0.053126
16 21 0.072361 0.008082 0.050338
17 21 0.068856 0.006601 0.046555
18 21 0.065128 0.005219 0.042838
19 21 0.060522 0.004290 0.037712
20 21 0.052361 0.003666 0.030277
21 21 0.041406 0.003082 0.022305
22 21 0.030721 0.002437 0.015132
23 21 0.020514 0.001699 0.007670
24 21 0.008840 0.000842 -0.000934
25 21 -0.003843 -0.000065 -0.009260
26 21 -0.014810 -0.000866 -0.015731
27 21 -0.023228 -0.001474 -0.020935
28 21 -0.031061 -0.001949 -0.026369
29 21 -0.039567 -0.002367 -0.031894
30 21 -0.047125 -0.002707 -0.035798
31 21 -0.051382 -0.002889 -0.037098
32 21 -0.052299 -0.002897 -0.036726
33 21 -0.052000 -0.002807 -0.036241
34 21 -0.052021 -0.002697 -0.035931
35 21 -0.051577 -0.002569 -0.034609
36 21 -0.048636 -0.002360 -0.031051
37 21 -0.042248 -0.002030 -0.025353
38 21 -0.033575 -0.001608 -0.018886
39 21 -0.024871 -0.001176 -0.013118
40 21 -0.017647 -0.000802 -0.008519
41 21 -0.011718 -0.000496 -0.004414
42 21 -0.005708 -0.000220 0.000325
43 21 0.001618 0.000072 0.006443
44 21 0.010171 0.000384 0.014012
45 21 0.018105 0.000659 0.022798
46 21 0.022231 0.000788 0.032719
47 21 0.019541 0.000672 0.043345
48 21 0.010138 0.000333 0.052127
49 21 0.000000 0.000000 0.000000

0 22 0.000000 0.000000 0.000000
1 22 -0.158966 -0.108209 -0.031080
2 22 -0.143267 -0.069431 -0.039074
3 22 -0.117975 -0.039795 -0.033590
4 22 -0.091671 -0.021600 -0.023205
5 22 -0.066268 -0.010653 -0.010823
6 22 -0.041500 -0.003979 0.001518
7 22 -0.019126 0.000434 0.012698
8 22 0.001125 0.003424 0.023249
9 22 0.019656 0.005076 0.032410
10 22 0.035423 0.005852 0.039949
11 22 0.049040 0.006483 0.046496
12 22 0.060041 0.007002 0.050926
13 22 0.066932 0.006934 0.053031
14 22 0.071663 0.006339 0.054574
15 22 0.075738 0.005830 0.055081
16 22 0.076343 0.005728 0.052670
17 22 0.072260 0.005771 0.048258
18 22 0.066409 0.005540 0.043630
19 22 0.059973 0.004837 0.038067
20 22 0.051282 0.003751 0.030711
21 22 0.040808 0.002574 0.023020
22 22 0.031002 0.001589 0.016165
23 22 0.021693 0.000873 0.008978
24 22 0.010641 0.000323 0.000456
25 22 -0.001912 -0.000154 -0.008041
26 22 -0.013133 -0.000560 -0.014776
27 22 -0.021843 -0.000878 -0.020151
28 22 -0.029826 -0.001142 -0.025676
29 22 -0.038473 -0.001390 -0.031353
30 22 -0.046321 -0.001601 -0.035510
31 22 -0.050957 -0.001721 -0.037053
32 22 -0.052154 -0.001735 -0.036808
33 22 -0.051963 -0.001686 -0.036356
34 22 -0.052044 -0.001623 -0.036106
35 22 -0.051762 -0.001549 -0.034932
36 22 -0.049096 -0.001428 -0.031560
37 22 -0.042964 -0.001235 -0.025981
38 22 -0.034402 -0.000984 -0.019512
39 22 -0.025646 -0.000724 -0.013657
40 22 -0.018308 -0.000497 -0.008976
41 22 -0.012320 -0.000312 -0.004852
42 22 -0.006355 -0.000145 -0.000157
43 22 0.000858 0.000029 0.005916
44 22 0.009311 0.000215 0.013513
45 22 0.017206 0.000379 0.022452
46 22 0.021362 0.000457 0.032643
47 22 0.018772 0.000389 0.043554
48 22 0.009620 0.000190 0.052460
49 22 0.000000 0.000000 0.000000

0 23 0.000000 0.000000 0.000000
1 23 -0.236812 -0.200269 -0.081658
2 23 -0.190469 -0.062938 -0.075648
3 23 -0.145729 -0.023033 -0.055909
4 23 -0.108164 -0.009966 -0.036580
5 23 -0.075978 -0.004931 -0.019156
6 23 -0.048135 -0.002505 -0.004246
7 23 -0.024530 -0.001363 0.008713
8 23 -0.002853 -0.000772 0.020821
9 23 0.016554 -0.000057 0.030682
10 23 0.031613 0.000639 0.038195
11 23 0.044551 0.000871 0.045110
12 23 0.056572 0.000826 0.050494
13 23 0.064931 0.001008 0.053105
14 23 0.069576 0.001409 0.054267
15 23 0.072474 0.001535 0.054314
16 23 0.072869 0.001095 0.052175
17 23 0.070452 0.000366 0.048703
18 23 0.067268 -0.000137 0.045105
19 23 0.063060 -0.000171 0.040146
20 23 0.055257 0.000108 0.032774
21 23 0.044351 0.000410 0.024632
22 23 0.033511 0.000555 0.017289
23 23 0.023326 0.000513 0.009819
24 23 0.011809 0.000337 0.001168
25 23 -0.000976 0.000105 -0.007442
26 23 -0.012362 -0.000105 -0.014288
27 23 -0.021162 -0.000261 -0.019720
28 23 -0.029155 -0.000372 -0.025268
29 23 -0.037831 -0.000462 -0.031018
30 23 -0.045824 -0.000534 -0.035321
31 23 -0.050682 -0.000574 -0.037014
32 23 -0.052051 -0.000579 -0.036849
33 23 -0.051932 -0.000563 -0.036421
34 23 -0.052050 -0.000542 -0.036205
35 23 -0.051862 -0.000517 -0.035118
36 23 -0.049359 -0.000478 -0.031859
37 23 -0.043385 -0.000414 -0.026355
38 23 -0.034895 -0.000331 -0.019888
39 23 -0.026113 -0.000244 -0.013984
40 23 -0.018707 -0.000168 -0.009252
41 23 -0.012682 -0.000106 -0.005115
42 23 -0.006741 -0.000051 -0.000444
43 23 0.000406 0.000007 0.005600
44 23 0.008794 0.000069 0.013213
45 23 0.016662 0.000124 0.022242
46 23 0.020830 0.000150 0.032593
47 23 0.018299 0.000127 0.043674
48 23 0.009302 0.000062 0.052650
49 23 0.000000 0.000000 0.000000

0 24 0.000000 0.000000 0.000000
1 24 -0.344113 0.200269 -0.226820
2 24 -0.221790 0.062938 -0.118956
3 24 -0.159339 0.023033 -0.071328
4 24 -0.117575 0.009966 -0.043741
5 24 -0.084479 0.004931 -0.023334
6 24 -0.055147 0.002505 -0.006700
7 24 -0.029777 0.001363 0.006986
8 24 -0.007394 0.000772 0.019208
9 24 0.012963 0.000057 0.029643
10 24 0.030242 -0.000639 0.038065
11 24 0.044956 -0.000871 0.045251
12 24 0.056956 -0.000826 0.050292
13 24 0.064853 -0.001008 0.052904
14 24 0.070378 -0.001409 0.054787
15 24 0.075058 -0.001535 0.055586
16 24 0.076194 -0.001095 0.053413
17 24 0.072487 -0.000366 0.049113
18 24 0.066900 0.000136 0.044581
19 24 0.060826 0.000171 0.039189
20 24 0.052546 -0.000108 0.031955
21 24 0.042281 -0.000410 0.024230
22 24 0.032480 -0.000555 0.017296
23 24 0.023186 -0.000513 0.010090
24 24 0.012186 -0.000337 0.001533
25 24 -0.000441 -0.000105 -0.007112
26 24 -0.011886 0.000105 -0.014042
27 24 -0.020799 0.000260 -0.019536
28 24 -0.028868 0.000372 -0.025119
29 24 -0.037595 0.000462 -0.030903
30 24 -0.045654 0.000534 -0.035258
31 24 -0.050590 0.000574 -0.037000
32 24 -0.052018 0.000579 -0.036863
33 24 -0.051922 0.000563 -0.036442
34 24 -0.052051 0.000542 -0.036237
35 24 -0.051893 0.000517 -0.035179
36 24 -0.049444 0.000478 -0.031957
37 24 -0.043524 0.000414 -0.026479
38 24 -0.035059 0.000331 -0.020014
39 24 -0.026269 0.000244 -0.014094
40 24 -0.018841 0.000168 -0.009344
41 24 -0.012802 0.000106 -0.005203
42 24 -0.006869 0.000051 -0.000540
43 24 0.000255 -0.000007 0.005496
44 24 0.008622 -0.000069 0.013112
45 24 0.016480 -0.000124 0.022172
46 24 0.020651 -0.000150 0.032575
47 24 0.018140 -0.000127 0.043712
48 24 0.009195 -0.000062 0.052712
49 24 0.000000 0.000000 0.000000

0 25 0.000000 0.000000 0.000000
1 25 -0.236812 0.108209 -0.081658
2 25 -0.190469 0.069431 -0.075648
3 25 -0.145729 0.039795 -0.055909
4 25 -0.108164 0.021600 -0.036580
5 25 -0.075978 0.010653 -0.019156
6 25 -0.048136 0.003979 -0.004246
7 25 -0.024530 -0.000434 0.008713
8 25 -0.002854 -0.003424 0.020821
9 25 0.016554 -0.005077 0.030682
10 25 0.031612 -0.005853 0.038195
11 25 0.044550 -0.006484 0.045110
12 25 0.056571 -0.007003 0.050493
13 25 0.064931 -0.006935 0.053105
14 25 0.069576 -0.006340 0.054267
15 25 0.072473 -0.005831 0.054314
16 25 0.072868 -0.005729 0.052175
17 25 0.070452 -0.005772 0.048702
18 25 0.067267 -0.005541 0.045105
19 25 0.063059 -0.004838 0.040146
20 25 0.055257 -0.003752 0.032774
21 25 0.044351 -0.002574 0.024632
22 25 0.033511 -0.001589 0.017289
23 25 0.023326 -0.000873 0.009819
24 25 0.011809 -0.000324 0.001168
25 25 -0.000976 0.000154 -0.007442
26 25 -0.012362 0.000560 -0.014288
27 25 -0.021162 0.000878 -0.019720
28 25 -0.029155 0.001142 -0.025268
29 25 -0.037831 0.001390 -0.031018
30 25 -0.045824 0.001601 -0.035321
31 25 -0.050682 0.001721 -0.037014
32 25 -0.052051 0.001735 -0.036849
33 25 -0.051932 0.001686 -0.036421
34 25 -0.052050 0.001623 -0.036205
35 25 -0.051862 0.001549 -0.035118
36 25 -0.049359 0.001428 -0.031859
37 25 -0.043385 0.001235 -0.026355
38 25 -0.034895 0.000984 -0.019888
39 25 -0.026113 0.000724 -0.013984
40 25 -0.018707 0.000497 -0.009252
41 25 -0.012682 0.000312 -0.005115
42 25 -0.006741 0.000145 -0.000444
43 25 0.000406 -0.000029 0.005600
44 25 0.008794 -0.000215 0.013213
45 25 0.016662 -0.000379 0.022242
46 25 0.020830 -0.000457 0.032593
47 25 0.018299 -0.000389 0.043674
48 25 0.009302 -0.000190 0.052650
49 25 0.000000 0.000000 0.000000

0 26 0.000000 0.000000 0.000000
1 26 -0.158966 0.054571 -0.031080
2 26 -0.143267 0.045292 -0.039074
3 26 -0.117975 0.030857 -0.033590
4 26 -0.091671 0.018747 -0.023205
5 26 -0.066269 0.009877 -0.010823
6 26 -0.041501 0.003439 0.001518
7 26 -0.019127 -0.000924 0.012697
8 26 0.001124 -0.003855 0.023248
9 26 0.019655 -0.006200 0.032410
10 26 0.035421 -0.007985 0.039949
11 26 0.049038 -0.008884 0.046496
12 26 0.060039 -0.009113 0.050926
13 26 0.066929 -0.009193 0.053031
14 26 0.071660 -0.009289 0.054573
15 26 0.075735 -0.009045 0.055080
16 26 0.076341 -0.008086 0.052669
17 26 0.072258 -0.006605 0.048257
18 26 0.066407 -0.005222 0.043630
19 26 0.059971 -0.004293 0.038066
20 26 0.051281 -0.003668 0.030711
21 26 0.040807 -0.003084 0.023020
22 26 0.031001 -0.002439 0.016165
23 26 0.021692 -0.001700 0.008977
24 26 0.010641 -0.000843 0.000456
25 26 -0.001913 0.000065 -0.008041
26 26 -0.013134 0.000865 -0.014776
27 26 -0.021843 0.001474 -0.020151
28 26 -0.029826 0.001948 -0.025676
29 26 -0.038473 0.002367 -0.031353
30 26 -0.046321 0.002707 -0.035510
31 26 -0.050957 0.002889 -0.037053
32 26 -0.052154 0.002897 -0.036808
33 26 -0.051963 0.002807 -0.036356
34 26 -0.052044 0.002697 -0.036106
35 26 -0.051762 0.002569 -0.034932
36 26 -0.049096 0.002360 -0.031560
37 26 -0.042964 0.002030 -0.025981
38 26 -0.034402 0.001608 -0.019512
39 26 -0.025646 0.001176 -0.013657
40 26 -0.018308 0.000802 -0.008976
41 26 -0.012320 0.000496 -0.004852
42 26 -0.006355 0.000220 -0.000157
43 26 0.000858 -0.000072 0.005916
44 26 0.009311 -0.000384 0.013513
45 26 0.017206 -0.000659 0.022452
46 26 0.021362 -0.000788 0.032643
47 26 0.018772 -0.000672 0.043554
48 26 0.009620 -0.000333 0.052460
49 26 0.000000 0.000000 0.000000

0 27 0.000000 0.000000 0.000000
1 27 -0.103195 0.020994 -0.010534
2 27 -0.098198 0.022498 -0.015867
3 27 -0.082888 0.017199 -0.014465
4 27 -0.063608 0.009595 -0.008478
5 27 -0.042841 0.002315 0.000308
6 27 -0.022730 -0.003507 0.009455
7 27 -0.004829 -0.007985 0.018503
8 27 0.012620 -0.011384 0.027850
9 27 0.028680 -0.013466 0.035585
10 27 0.040983 -0.014382 0.041495
11 27 0.051625 -0.014930 0.047095
12 27 0.061522 -0.015318 0.051306
13 27 0.068132 -0.015010 0.053112
14 27 0.071602 -0.013961 0.053734
15 27 0.073351 -0.012798 0.053123
16 27 0.072352 -0.011914 0.050335
17 27 0.068847 -0.011181 0.046553
18 27 0.065120 -0.010295 0.042836
19 27 0.060515 -0.008984 0.037710
20 27 0.052356 -0.007180 0.030276
21 27 0.041402 -0.005169 0.022303
22 27 0.030717 -0.003360 0.015131
23 27 0.020511 -0.001883 0.007669
24 27 0.008837 -0.000602 -0.000935
25 27 -0.003845 0.000562 -0.009261
26 27 -0.014812 0.001528 -0.015731
27 27 -0.023229 0.002258 -0.020935
28 27 -0.031061 0.002853 -0.026369
29 27 -0.039568 0.003402 -0.031894
30 27 -0.047125 0.003849 -0.035798
31 27 -0.051382 0.004072 -0.037098
32 27 -0.052300 0.004059 -0.036727
33 27 -0.052000 0.003919 -0.036241
34 27 -0.052021 0.003759 -0.035931
35 27 -0.051577 0.003569 -0.034609
36 27 -0.048636 0.003260 -0.031051
37 27 -0.042248 0.002782 -0.025353
38 27 -0.033575 0.002185 -0.018886
39 27 -0.024871 0.001584 -0.013118
40 27 -0.017647 0.001068 -0.008519
41 27 -0.011718 0.000647 -0.004414
42 27 -0.005708 0.000261 0.000325
43 27 0.001618 -0.000151 0.006443
44 27 0.010171 -0.000592 0.014012
45 27 0.018105 -0.000978 0.022798
46 27 0.022231 -0.001157 0.032719
47 27 0.019541 -0.000989 0.043345
48 27 0.010138 -0.000498 0.052127
49 27 0.000000 0.000000 0.000000

0 28 0.000000 0.000000 0.000000
1 28 -0.050370 -0.008975 -0.000929
2 28 -0.053765 -0.003894 -0.001881
3 28 -0.048143 -0.003185 -0.000288
4 28 -0.037317 -0.004791 0.003674
5 28 -0.023352 -0.007415 0.009962
6 28 -0.007399 -0.010498 0.017223
7 28 0.008326 -0.013186 0.024613
8 28 0.023467 -0.015189 0.032079
9 28 0.037270 -0.016870 0.038501
10 28 0.048982 -0.018188 0.044045
11 28 0.059635 -0.018760 0.049079
12 28 0.067908 -0.018501 0.051982
13 28 0.072070 -0.017815 0.052818
14 28 0.074621 -0.017146 0.053469
15 28 0.076943 -0.016305 0.053164
16 28 0.076053 -0.014715 0.050154
17 28 0.071054 -0.012382 0.045537
18 28 0.064602 -0.009980 0.040695
19 28 0.057194 -0.007973 0.034661
20 28 0.047375 -0.006294 0.027007
21 28 0.036367 -0.004794 0.019455
22 28 0.026561 -0.003435 0.012822
23 28 0.017183 -0.002102 0.005678
24 28 0.005997 -0.000652 -0.002703
25 28 -0.006264 0.000833 -0.010717
26 28 -0.016772 0.002105 -0.016877
27 28 -0.024892 0.003063 -0.021925
28 28 -0.032639 0.003834 -0.027280
29 28 -0.041012 0.004524 -0.032604
30 28 -0.048181 0.005054 -0.036156
31 28 -0.051919 0.005285 -0.037126
32 28 -0.052467 0.005223 -0.036595
33 28 -0.052030 0.005020 -0.036066
34 28 -0.051963 0.004801 -0.035666
35 28 -0.051279 0.004538 -0.034129
36 28 -0.047950 0.004113 -0.030314
37 28 -0.041214 0.003472 -0.024464
38 28 -0.032410 0.002693 -0.018015
39 28 -0.023793 0.001928 -0.012373
40 28 -0.016730 0.001281 -0.007887
41 28 -0.010875 0.000751 -0.003799
42 28 -0.004791 0.000256 0.001005
43 28 0.002691 -0.000280 0.007185
44 28 0.011375 -0.000854 0.014708
45 28 0.019343 -0.001352 0.023272
46 28 0.023412 -0.001578 0.032810
47 28 0.020577 -0.001350 0.043029
48 28 0.010836 -0.000693 0.051629
49 28 0.000000 0.000000 0.000000

0 29 0.000000 0.000000 0.000000
1 29 -0.009938 -0.028562 0.003950
2 29 -0.013922 -0.022689 0.006625
3 29 -0.011286 -0.020190 0.009467
4 29 -0.004717 -0.020157 0.013430
5 29 0.005175 -0.021473 0.018925
6 29 0.016121 -0.022899 0.024400
7 29 0.026284 -0.024056 0.030095
8 29 0.037379 -0.025143 0.036455
9 29 0.048055 -0.025639 0.041571
10 29 0.055988 -0.025184 0.045428
11 29 0.062876 -0.024457 0.049087
12 29 0.068976 -0.023803 0.051402
13 29 0.072494 -0.022684 0.052008
14 29 0.074059 -0.020864 0.051862
15 29 0.073876 -0.018741 0.050166
16 29 0.070422 -0.016717 0.046307
17 29 0.064996 -0.014982 0.042038
18 29 0.060213 -0.013440 0.038076
19 29 0.054749 -0.011649 0.032636
20 29 0.045990 -0.009288 0.025212
21 29 0.035190 -0.006620 0.017698
22 29 0.024970 -0.004139 0.010886
23 29 0.014771 -0.001983 0.003453
24 29 0.002898 -0.000017 -0.004976
25 29 -0.009416 0.001744 -0.012665
26 29 -0.019480 0.003131 -0.018410
27 29 -0.027189 0.004143 -0.023220
28 29 -0.034740 0.004980 -0.028428
29 29 -0.042843 0.005748 -0.033450
30 29 -0.049443 0.006314 -0.036534
31 29 -0.052507 0.006511 -0.037100
32 29 -0.052615 0.006374 -0.036392
33 29 -0.052028 0.006098 -0.035817
34 29 -0.051842 0.005813 -0.035290
35 29 -0.050826 0.005461 -0.033465
36 29 -0.046993 0.004898 -0.029329
37 29 -0.039836 0.004077 -0.023309
38 29 -0.030901 0.003114 -0.016907
39 29 -0.022423 0.002193 -0.011436
40 29 -0.015567 0.001427 -0.007086
41 29 -0.009788 0.000795 -0.003005
42 29 -0.003595 0.000190 0.001891
43 29 0.004088 -0.000475 0.008145
44 29 0.012919 -0.001184 0.015595
45 29 0.020900 -0.001793 0.023862
46 29 0.024867 -0.002060 0.032898
47 29 0.021838 -0.001765 0.042584
48 29 0.011686 -0.000924 0.050936
49 29 0.000000 0.000000 0.000000

0 30 0.000000 0.000000 0.000000
1 30 0.027292 -0.048371 0.006471
2 30 0.019649 -0.041903 0.011337
3 30 0.017560 -0.037013 0.015584
4 30 0.019885 -0.033728 0.019871
5 30 0.025675 -0.031781 0.024689
6 30 0.033474 -0.031046 0.029538
7 30 0.042205 -0.030897 0.034718
8 30 0.051523 -0.030703 0.039769
9 30 0.059324 -0.030352 0.043526
10 30 0.065628 -0.029991 0.047026
11 30 0.072174 -0.029405 0.050353
12 30 0.076652 -0.028034 0.051469
13 30 0.077236 -0.025991 0.050881
14 30 0.076829 -0.024053 0.050368
15 30 0.076395 -0.022293 0.048854
16 30 0.073268 -0.019978 0.045158
17 30 0.067342 -0.016885 0.040555
18 30 0.060447 -0.013541 0.035553
19 30 0.051819 -0.010367 0.028916
20 30 0.040553 -0.007478 0.020997
21 30 0.029001 -0.005016 0.013782
22 30 0.019229 -0.003016 0.007446
23 30 0.009634 -0.001192 0.000340
24 30 -0.001687 0.000724 -0.007692
25 30 -0.013234 0.002597 -0.014800
26 30 -0.022472 0.004117 -0.020051
27 30 -0.029709 0.005251 -0.024649
28 30 -0.037105 0.006208 -0.029709
29 30 -0.044898 0.007061 -0.034354
30 30 -0.050799 0.007629 -0.036872
31 30 -0.053072 0.007747 -0.036986
32 30 -0.052705 0.007506 -0.036102
33 30 -0.051971 0.007144 -0.035477
34 30 -0.051622 0.006782 -0.034772
35 30 -0.050166 0.006320 -0.032582
36 30 -0.045713 0.005593 -0.028070
37 30 -0.038085 0.004575 -0.021883
38 30 -0.029049 0.003427 -0.015574
39 30 -0.020775 0.002364 -0.010320
40 30 -0.014168 0.001493 -0.006120
41 30 -0.008454 0.000766 -0.002028
42 30 -0.002105 0.000049 0.002989
43 30 0.005819 -0.000751 0.009324
44 30 0.014796 -0.001597 0.016664
45 30 0.022746 -0.002310 0.024548
46 30 0.026545 -0.002609 0.032960
47 30 0.023268 -0.002236 0.041985
48 30 0.012653 -0.001193 0.050012
49 30 0.000000 0.000000 0.000000

0 31 0.000000 0.000000 0.000000
1 31 0.055110 -0.058279 0.007604
2 31 0.050052 -0.053949 0.014025
3 31 0.047871 -0.050333 0.019210
4 31 0.047532 -0.047362 0.023999
5 31 0.049971 -0.045189 0.028990
6 31 0.053620 -0.043176 0.033142
7 31 0.057218 -0.041023 0.037167
8 31 0.062096 -0.039259 0.041324
9 31 0.066950 -0.037566 0.044391
10 31 0.070534 -0.035338 0.046779
11 31 0.073535 -0.032896 0.048570
12 31 0.075006 -0.030613 0.048812
13 31 0.074782 -0.028313 0.048306
14 31 0.074280 -0.025706 0.047493
15 31 0.071938 -0.022612 0.044659
16 31 0.065749 -0.019245 0.039780
17 31 0.058199 -0.016272 0.035065
18 31 0.051864 -0.013957 0.030643
19 31 0.044877 -0.011728 0.024743
20 31 0.035413 -0.009052 0.017607
21 31 0.025291 -0.006119 0.010971
22 31 0.015987 -0.003326 0.004691
23 31 0.005912 -0.000704 -0.002634
24 31 -0.005920 0.001802 -0.010573
25 31 -0.017272 0.003964 -0.017175
26 31 -0.025890 0.005546 -0.021936
27 31 -0.032712 0.006673 -0.026303
28 31 -0.039896 0.007642 -0.031137
29 31 -0.047197 0.008490 -0.035268
30 31 -0.052182 0.008982 -0.037108
31 31 -0.053542 0.008966 -0.036741
32 31 -0.052693 0.008595 -0.035704
33 31 -0.051823 0.008140 -0.035022
34 31 -0.051251 0.007689 -0.034076
35 31 -0.049228 0.007091 -0.031438
36 31 -0.044050 0.006169 -0.026514
37 31 -0.035934 0.004939 -0.020188
38 31 -0.026861 0.003613 -0.014035
39 31 -0.018869 0.002428 -0.009043
40 31 -0.012541 0.001470 -0.004994
41 31 -0.006862 0.000653 -0.000859
42 31 -0.000301 -0.000182 0.004307
43 31 0.007895 -0.001122 0.010719
44 31 0.016993 -0.002104 0.017900
45 31 0.024836 -0.002911 0.025306
46 31 0.028382 -0.003227 0.032969
47 31 0.024797 -0.002761 0.041202
48 31 0.013690 -0.001500 0.048819
49 31 0.000000 0.000000 0.000000

0 32 0.000000 0.000000 0.000000
1 32 0.074452 -0.067387 0.007857
2 32 0.068384 -0.062727 0.014655
3 32 0.064859 -0.058125 0.020384
4 32 0.064107 -0.054222 0.025775
5 32 0.065771 -0.050984 0.030526
6 32 0.067819 -0.048304 0.034413
7 32 0.070910 -0.046291 0.038649
8 32 0.075081 -0.044440 0.042212
9 32 0.077273 -0.042111 0.044113
10 32 0.078331 -0.039763 0.046026
11 32 0.080287 -0.037710 0.047683
12 32 0.080590 -0.035126 0.047327
13 32 0.078042 -0.031736 0.045845
14 32 0.074863 -0.028376 0.044152
15 32 0.070954 -0.025387 0.041142
16 32 0.065146 -0.022307 0.036942
17 32 0.058742 -0.018865 0.032778
18 32 0.051980 -0.015082 0.027824
19 32 0.042514 -0.011001 0.020811
20 32 0.030391 -0.006976 0.013077
21 32 0.018902 -0.003600 0.006488
22 32 0.009226 -0.000991 0.000386
23 32 -0.000819 0.001298 -0.006676
24 32 -0.012064 0.003548 -0.013971
25 32 -0.022215 0.005530 -0.019703
26 32 -0.029671 0.007001 -0.023868
27 32 -0.035929 0.008113 -0.028008
28 32 -0.042843 0.009121 -0.032564
29 32 -0.049509 0.009959 -0.036070
30 32 -0.053420 0.010331 -0.037162
31 32 -0.053821 0.010140 -0.036331
32 32 -0.052537 0.009623 -0.035180
33 32 -0.051549 0.009070 -0.034425
34 32 -0.050663 0.008512 -0.033153
35 32 -0.047930 0.007744 -0.029989
36 32 -0.041941 0.006597 -0.024642
37 32 -0.033365 0.005146 -0.018236
38 32 -0.024355 0.003657 -0.012314
39 32 -0.016731 0.002374 -0.007623
40 32 -0.010693 0.001347 -0.003711
41 32 -0.004996 0.000441 0.000510
42 32 0.001840 -0.000518 0.005854
43 32 0.010321 -0.001604 0.012325
44 32 0.019486 -0.002716 0.019276
45 32 0.027114 -0.003598 0.026100
46 32 0.030295 -0.003909 0.032890
47 32 0.026342 -0.003334 0.040203
48 32 0.014740 -0.001839 0.047319
49 32 0.000000 0.000000 0.000000

0 33 0.000000 0.000000 0.000000
1 33 0.089026 -0.068932 0.007527
2 33 0.085706 -0.067529 0.014476
3 33 0.082549 -0.065131 0.020395
4 33 0.079763 -0.061878 0.025652
5 33 0.078231 -0.058448 0.030260
6 33 0.077472 -0.054947 0.034051
7 33 0.077516 -0.051241 0.037510
8 33 0.077929 -0.047656 0.040014
9 33 0.077799 -0.044353 0.041731
10 33 0.078195 -0.041143 0.043460
11 33 0.078237 -0.037661 0.043826
12 33 0.075498 -0.033890 0.042379
13 33 0.071809 -0.030409 0.041068
14 33 0.069195 -0.027268 0.039623
15 33 0.064792 -0.023617 0.035987
16 33 0.056848 -0.019249 0.030841
17 33 0.048105 -0.015092 0.025980
18 33 0.039916 -0.011725 0.020771
19 33 0.030624 -0.008775 0.014306
20 33 0.020470 -0.005890 0.007866
21 33 0.011564 -0.003152 0.002430
22 33 0.003429 -0.000520 -0.003274
23 33 -0.006303 0.002229 -0.010239
24 33 -0.017315 0.004953 -0.017077
25 33 -0.026711 0.007164 -0.022111
26 33 -0.033420 0.008671 -0.025842
27 33 -0.039379 0.009778 -0.029807
28 33 -0.046006 0.010764 -0.033975
29 33 -0.051805 0.011490 -0.036698
30 33 -0.054441 0.011649 -0.036979
31 33 -0.053856 0.011231 -0.035732
32 33 -0.052210 0.010560 -0.034515
33 33 -0.051101 0.009906 -0.033645
34 33 -0.049774 0.009218 -0.031947
35 33 -0.046177 0.008241 -0.028189
36 33 -0.039329 0.006840 -0.022444
37 33 -0.030377 0.005170 -0.016050
38 33 -0.021565 0.003547 -0.010445
39 33 -0.014389 0.002197 -0.006078
40 33 -0.008624 0.001114 -0.002264
41 33 -0.002832 0.000118 0.002095
42 33 0.004341 -0.000977 0.007634
43 33 0.013099 -0.002211 0.014123
44 33 0.022234 -0.003437 0.020756
45 33 0.029504 -0.004367 0.026884
46 33 0.032188 -0.004642 0.032681
47 33 0.027805 -0.003940 0.038957
48 33 0.015741 -0.002201 0.045481
49 33 0.000000 0.000000 0.000000

0 34 0.000000 0.000000 0.000000
1 34 0.089662 -0.066036 0.006745
2 34 0.088193 -0.064828 0.013133
3 34 0.086770 -0.062911 0.018731
4 34 0.086119 -0.060926 0.024221
5 34 0.086222 -0.058860 0.028685
6 34 0.085178 -0.056223 0.032071
7 34 0.084419 -0.053610 0.035476
8 34 0.084134 -0.051051 0.037846
9 34 0.082337 -0.047768 0.038952
10 34 0.079920 -0.044102 0.039759
11 34 0.077364 -0.040656 0.039582
12 34 0.073606 -0.037114 0.038298
13 34 0.069405 -0.033179 0.036781
14 34 0.064614 -0.028959 0.034124
15 34 0.057401 -0.024667 0.029685
16 34 0.049109 -0.020733 0.025282
17 34 0.042500 -0.017331 0.021648
18 34 0.036055 -0.013820 0.016853
19 34 0.026752 -0.009604 0.010234
20 34 0.015725 -0.005127 0.003680
21 34 0.005772 -0.001222 -0.001944
22 34 -0.003543 0.001992 -0.007938
23 34 -0.013963 0.004862 -0.014729
24 34 -0.024378 0.007368 -0.020678
25 34 -0.032272 0.009206 -0.024701
26 34 -0.037751 0.010421 -0.027893
27 34 -0.043157 0.011412 -0.031596
28 34 -0.049216 0.012341 -0.035211
29 34 -0.053845 0.012913 -0.037012
30 34 -0.055066 0.012820 -0.036492
31 34 -0.053573 0.012175 -0.034927
32 34 -0.051679 0.011368 -0.033691
33 34 -0.050419 0.010616 -0.032633
34 34 -0.048479 0.009766 -0.030393
35 34 -0.043873 0.008537 -0.025999
36 34 -0.036173 0.006864 -0.019927
37 34 -0.026992 0.004994 -0.013670
38 34 -0.018538 0.003276 -0.008466
39 34 -0.011869 0.001892 -0.004420
40 34 -0.006323 0.000764 -0.000644
41 34 -0.000335 -0.000334 0.003912
42 34 0.007226 -0.001576 0.009646
43 34 0.016211 -0.002953 0.016085
44 34 0.025177 -0.004267 0.022287
45 34 0.031909 -0.005204 0.027600
46 34 0.033949 -0.005407 0.032298
47 34 0.029082 -0.004556 0.037439
48 34 0.016621 -0.002573 0.043280
49 34 0.000000 0.000000 0.000000

0 35 0.000000 0.000000 0.000000
1 35 0.090002 -0.061495 0.005768
2 35 0.089120 -0.062619 0.011284
3 35 0.087039 -0.062013 0.016525
4 35 0.085236 -0.060232 0.021343
5 35 0.082973 -0.057524 0.024926
6 35 0.080690 -0.054582 0.028337
7 35 0.079933 -0.051756 0.031432
8 35 0.078197 -0.048428 0.032726
9 35 0.074989 -0.044887 0.033573
10 35 0.073065 -0.041877 0.034657
11 35 0.070741 -0.038639 0.034051
12 35 0.065650 -0.034514 0.032011
13 35 0.059999 -0.030386 0.030108
14 35 0.054799 -0.026762 0.027534
15 35 0.048211 -0.022948 0.023599
16 35 0.040502 -0.018580 0.019429
17 35 0.032693 -0.013999 0.014957
18 35 0.023333 -0.009448 0.008956
19 35 0.012035 -0.005185 0.002261
20 35 0.001737 -0.001706 -0.003157
21 35 -0.005958 0.000933 -0.007611
22 35 -0.013356 0.003372 -0.012894
23 35 -0.022305 0.006039 -0.018894
24 35 -0.031011 0.008568 -0.023759
25 35 -0.037243 0.010446 -0.026941
26 35 -0.041850 0.011745 -0.029837
27 35 -0.046968 0.012849 -0.033308
28 35 -0.052348 0.013775 -0.036208
29 35 -0.055548 0.014148 -0.036973
30 35 -0.055277 0.013766 -0.035703
31 35 -0.053003 0.012906 -0.033939
32 35 -0.050952 0.011995 -0.032692
33 35 -0.049432 0.011144 -0.031330
34 35 -0.046662 0.010094 -0.028427
35 35 -0.040927 0.008575 -0.023399
36 35 -0.032463 0.006632 -0.017125
37 35 -0.023263 0.004604 -0.011150
38 35 -0.015333 0.002843 -0.006412
39 35 -0.009192 0.001456 -0.002652
40 35 -0.003762 0.000282 0.001172
41 35 0.002535 -0.000933 0.005974
42 35 0.010510 -0.002330 0.011876
43 35 0.019622 -0.003835 0.018163
44 35 0.028229 -0.005198 0.023801
45 35 0.034215 -0.006088 0.028179
46 35 0.035452 -0.006173 0.031692
47 35 0.030060 -0.005155 0.035627
48 35 0.017307 -0.002935 0.040707
49 35 0.000000 0.000000 0.000000

0 36 0.000000 0.000000 0.000000
1 36 0.076609 -0.049309 0.004503
2 36 0.079563 -0.052390 0.009152
3 36 0.080932 -0.054366 0.013669
4 36 0.080939 -0.055258 0.017778
5 36 0.079544 -0.055208 0.021166
6 36 0.077418 -0.054148 0.024186
7 36 0.074634 -0.052155 0.026159
8 36 0.070418 -0.049544 0.027055
9 36 0.066466 -0.046699 0.028040
10 36 0.062971 -0.043401 0.028041
11 36 0.057230 -0.039354 0.026137
12 36 0.050494 -0.035311 0.024286
13 36 0.045613 -0.031779 0.022839
14 36 0.040219 -0.027842 0.019613
15 36 0.031779 -0.023022 0.014832
16 36 0.022907 -0.018389 0.010607
17 36 0.015731 -0.014698 0.006688
18 36 0.008459 -0.011332 0.001752
19 36 0.000272 -0.007678 -0.003426
20 36 -0.007092 -0.003932 -0.007722
21 36 -0.013659 -0.000287 -0.012115
22 36 -0.021615 0.003402 -0.017709
23 36 -0.030900 0.006948 -0.023324
24 36 -0.038616 0.009739 -0.027168
25 36 -0.043366 0.011535 -0.029538
26 36 -0.047045 0.012773 -0.032073
27 36 -0.051494 0.013891 -0.035044
28 36 -0.055589 0.014735 -0.036922
29 36 -0.056913 0.014872 -0.036547
30 36 -0.055100 0.014246 -0.034645
31 36 -0.052209 0.013270 -0.032800
32 36 -0.050039 0.012333 -0.031498
33 36 -0.048058 0.011394 -0.029666
34 36 -0.044208 0.010112 -0.025999
35 36 -0.037288 0.008290 -0.020400
36 36 -0.028241 0.006111 -0.014102
37 36 -0.019280 0.003993 -0.008560
38 36 -0.012017 0.002250 -0.004317
39 36 -0.006360 0.000884 -0.000763
40 36 -0.000899 -0.000347 0.003208
41 36 0.005820 -0.001700 0.008290
42 36 0.014186 -0.003254 0.014291
43 36 0.023263 -0.004855 0.020286
44 36 0.031273 -0.006208 0.025209
45 36 0.036283 -0.006988 0.028542
46 36 0.036569 -0.006903 0.030816
47 36 0.030630 -0.005700 0.033512
48 36 0.017728 -0.003265 0.037772
49 36 0.000000 0.000000 0.000000

0 37 0.000000 0.000000 0.000000
1 37 0.060532 -0.040744 0.003243
2 37 0.062197 -0.044166 0.006543
3 37 0.062591 -0.046232 0.010039
4 37 0.062853 -0.047656 0.013334
5 37 0.061971 -0.048157 0.015823
6 37 0.060288 -0.047990 0.018157
7 37 0.058492 -0.047651 0.019831
8 37 0.055547 -0.046611 0.020553
9 37 0.051836 -0.044751 0.020863
10 37 0.047459 -0.042499 0.020164
11 37 0.041908 -0.039917 0.018607
12 37 0.036545 -0.036934 0.017147
13 37 0.031189 -0.033374 0.014745
14 37 0.023590 -0.029178 0.010615
15 37 0.015069 -0.025017 0.006669
16 37 0.008786 -0.021396 0.003798
17 37 0.003260 -0.017562 -0.000024
18 37 -0.004927 -0.012710 -0.005650
19 37 -0.014725 -0.007479 -0.011128
20 37 -0.022919 -0.003026 -0.015367
21 37 -0.029661 0.000535 -0.019625
22 37 -0.036899 0.003772 -0.024509
23 37 -0.043916 0.006737 -0.028571
24 37 -0.048439 0.009041 -0.030796
25 37 -0.050694 0.010708 -0.032298
26 37 -0.053131 0.012202 -0.034455
27 37 -0.056550 0.013652 -0.036708
28 37 -0.058865 0.014610 -0.037344
29 37 -0.058051 0.014661 -0.035844
30 37 -0.054795 0.013969 -0.033477
31 37 -0.051440 0.013060 -0.031613
32 37 -0.049040 0.012209 -0.030108
33 37 -0.046256 0.011205 -0.027597
34 37 -0.041057 0.009685 -0.023099
35 37 -0.032981 0.007590 -0.017066
36 37 -0.023622 0.005262 -0.010957
37 37 -0.015172 0.003156 -0.005975
38 37 -0.008652 0.001496 -0.002199
39 37 -0.003353 0.000161 0.001275
40 37 0.002327 -0.001149 0.005494
41 37 0.009552 -0.002658 0.010851
42 37 0.018217 -0.004353 0.016833
43 37 0.027025 -0.005999 0.022360
44 37 0.034158 -0.007265 0.026408
45 37 0.037961 -0.007858 0.028607
46 37 0.037169 -0.007552 0.029629
47 37 0.030694 -0.006153 0.031101
48 37 0.017822 -0.003538 0.034507
49 37 0.000000 0.000000 0.000000

0 38 0.000000 0.000000 0.000000
1 38 0.039751 -0.029120 0.001913
2 38 0.043187 -0.035768 0.004106
3 38 0.044578 -0.041014 0.006731
4 38 0.043923 -0.044499 0.008563
5 38 0.040885 -0.046203 0.010121
6 38 0.038146 -0.047191 0.011889
7 38 0.034777 -0.047054 0.012281
8 38 0.029509 -0.045552 0.011957
9 38 0.024895 -0.043917 0.011912
10 38 0.020660 -0.042090 0.010820
11 38 0.014860 -0.039216 0.008658
12 38 0.008682 -0.035820 0.006472
13 38 0.002725 -0.032573 0.003658
14 38 -0.003973 -0.029204 0.000052
15 38 -0.010540 -0.025498 -0.003279
16 38 -0.016522 -0.021493 -0.006838
17 38 -0.023944 -0.017137 -0.011853
18 38 -0.032833 -0.012854 -0.017142
19 38 -0.039769 -0.009442 -0.020716
20 38 -0.043459 -0.006846 -0.023218
21 38 -0.046817 -0.004065 -0.026593
22 38 -0.051822 -0.000603 -0.030628
23 38 -0.056528 0.002896 -0.033461
24 38 -0.058788 0.005710 -0.034709
25 38 -0.059675 0.007945 -0.035834
26 38 -0.061300 0.010036 -0.037572
27 38 -0.063219 0.011881 -0.038701
28 38 -0.063007 0.012945 -0.037805
29 38 -0.059691 0.013017 -0.035206
30 38 -0.055013 0.012502 -0.032495
31 38 -0.051152 0.011912 -0.030540
32 38 -0.048153 0.011301 -0.028557
33 38 -0.044070 0.010298 -0.025131
34 38 -0.037268 0.008603 -0.019802
35 38 -0.028169 0.006354 -0.013539
36 38 -0.018827 0.004034 -0.007835
37 38 -0.011107 0.002074 -0.003475
38 38 -0.005289 0.000562 -0.000058
39 38 -0.000126 -0.000743 0.003497
40 38 0.005977 -0.002160 0.008049
41 38 0.013733 -0.003829 0.013621
42 38 0.022516 -0.005624 0.019410
43 38 0.030750 -0.007233 0.024263
44 38 0.036703 -0.008320 0.027282
45 38 0.039089 -0.008646 0.028293
46 38 0.037136 -0.008072 0.028101
47 38 0.030177 -0.006475 0.028415
48 38 0.017543 -0.003729 0.030970
49 38 0.000000 0.000000 0.000000

0 39 0.000000 0.000000 0.000000
1 39 0.007543 -0.019476 0.000475
2 39 0.010846 -0.026233 0.001565
3 39 0.013430 -0.032354 0.002677
4 39 0.013765 -0.037205 0.003370
5 39 0.013299 -0.041231 0.004677
6 39 0.012421 -0.044130 0.005211
7 39 0.008611 -0.045095 0.004478
8 39 0.004300 -0.045260 0.004396
9 39 0.001193 -0.044988 0.003888
10 39 -0.004128 -0.043089 0.001454
11 39 -0.011110 -0.040232 -0.000974
12 39 -0.016265 -0.037843 -0.002734
13 39 -0.021109 -0.035238 -0.005713
14 39 -0.027978 -0.031532 -0.009769
15 39 -0.035000 -0.027606 -0.013354
16 39 -0.040802 -0.024316 -0.016860
17 39 -0.046613 -0.021297 -0.020977
18 39 -0.052194 -0.018155 -0.024635
19 39 -0.056089 -0.014946 -0.027313
20 39 -0.059461 -0.011458 -0.030439
21 39 -0.064580 -0.007452 -0.034700
22 39 -0.070402 -0.003464 -0.038403
23 39 -0.073634 -0.000361 -0.039968
24 39 -0.073561 0.001800 -0.040196
25 39 -0.072685 0.003753 -0.040759
26 39 -0.072639 0.005919 -0.041598
27 39 -0.071943 0.007873 -0.041130
28 39 -0.068470 0.009009 -0.038594
29 39 -0.062557 0.009330 -0.035081
30 39 -0.056572 0.009346 -0.032111
31 39 -0.051974 0.009374 -0.029826
32 39 -0.047741 0.009176 -0.026972
33 39 -0.041743 0.008292 -0.022403
34 39 -0.033142 0.006583 -0.016320
35 39 -0.023235 0.004412 -0.010065
36 39 -0.014210 0.002339 -0.004923
37 39 -0.007298 0.000691 -0.001133
38 39 -0.001971 -0.000611 0.002122
39 39 0.003374 -0.001894 0.005941
40 39 0.010086 -0.003430 0.010862
41 39 0.018307 -0.005231 0.016518
42 39 0.026925 -0.007047 0.021888
43 39 0.034226 -0.008510 0.025849
44 39 0.038700 -0.009311 0.027713
45 39 0.039510 -0.009291 0.027530
46 39 0.036379 -0.008414 0.026220
47 39 0.029036 -0.006632 0.025500
48 39 0.016867 -0.003818 0.027241
49 39 0.000000 0.000000 0.000000

0 40 0.000000 0.000000 0.000000
1 40 -0.021760 -0.016704 -0.000663
2 40 -0.020740 -0.023707 -0.000923
3 40 -0.021003 -0.028880 -0.001411
4 40 -0.021992 -0.032611 -0.001494
5 40 -0.022262 -0.035345 -0.001476
6 40 -0.023788 -0.036558 -0.002519
7 40 -0.026171 -0.036890 -0.003185
8 40 -0.027010 -0.037047 -0.003462
9 40 -0.029149 -0.035980 -0.005446
10 40 -0.033866 -0.033843 -0.007916
11 40 -0.037160 -0.032164 -0.009161
12 40 -0.039455 -0.030409 -0.011283
13 40 -0.044884 -0.027295 -0.015392
14 40 -0.051871 -0.023894 -0.019062
15 40 -0.056468 -0.021617 -0.021488
16 40 -0.060177 -0.019607 -0.024744
17 40 -0.066068 -0.016617 -0.029290
18 40 -0.072881 -0.013197 -0.033398
19 40 -0.078304 -0.010434 -0.036684
20 40 -0.082996 -0.008336 -0.040241
21 40 -0.087765 -0.006497 -0.043775
22 40 -0.090752 -0.005052 -0.045674
23 40 -0.090301 -0.004130 -0.045734
24 40 -0.087979 -0.003181 -0.045564
25 40 -0.086344 -0.001581 -0.046064
26 40 -0.085195 0.000477 -0.046069
27 40 -0.082011 0.002203 -0.044042
28 40 -0.075574 0.003180 -0.040171
29 40 -0.067581 0.003745 -0.036073
30 40 -0.060473 0.004401 -0.032806
31 40 -0.054646 0.005127 -0.029773
32 40 -0.048318 0.005395 -0.025598
33 40 -0.039783 0.004757 -0.019733
34 40 -0.029297 0.003301 -0.013048
35 40 -0.018829 0.001555 -0.007009
36 40 -0.010280 0.000038 -0.002450
37 40 -0.004000 -0.001114 0.000976
38 40 0.001253 -0.002144 0.004354
39 40 0.007169 -0.003397 0.008610
40 40 0.014619 -0.005025 0.013868
41 40 0.023124 -0.006876 0.019404
42 40 0.031203 -0.008584 0.024091
43 40 0.037187 -0.009762 0.026958
44 40 0.039932 -0.010163 0.027588
45 40 0.039092 -0.009734 0.026270
46 40 0.034850 -0.008537 0.023997
47 40 0.027271 -0.006599 0.022419
48 40 0.015801 -0.003789 0.023423
49 40 0.000000 0.000000 0.000000

0 41 0.000000 0.000000 0.000000
1 41 -0.056448 -0.009913 -0.001733
2 41 -0.053030 -0.016744 -0.003212
3 41 -0.050852 -0.021942 -0.004467
4 41 -0.049138 -0.025564 -0.005289
5 41 -0.048377 -0.027352 -0.006587
6 41 -0.049082 -0.027553 -0.007939
7 41 -0.049178 -0.027065 -0.008669
8 41 -0.049574 -0.025600 -0.010303
9 41 -0.052245 -0.023098 -0.012735
10 41 -0.054472 -0.020863 -0.014143
11 41 -0.055357 -0.018888 -0.015746
12 41 -0.058773 -0.016006 -0.019293
13 41 -0.064470 -0.012950 -0.022833
14 41 -0.068032 -0.011194 -0.024776
15 41 -0.070220 -0.009938 -0.027322
16 41 -0.075474 -0.007693 -0.031976
17 41 -0.083034 -0.005238 -0.036565
18 41 -0.088299 -0.004303 -0.039242
19 41 -0.090633 -0.004740 -0.041322
20 41 -0.093157 -0.005052 -0.044301
21 41 -0.096647 -0.004713 -0.047240
22 41 -0.098832 -0.004386 -0.048737
23 41 -0.098864 -0.004397 -0.049312
24 41 -0.098496 -0.004262 -0.050224
25 41 -0.098582 -0.003676 -0.051113
26 41 -0.097159 -0.003062 -0.050290
27 41 -0.091995 -0.002907 -0.047028
28 41 -0.083607 -0.003012 -0.042502
29 41 -0.074642 -0.002737 -0.038314
30 41 -0.066817 -0.001823 -0.034702
31 41 -0.059324 -0.000736 -0.030518
32 41 -0.050223 -0.000205 -0.024727
33 41 -0.038850 -0.000545 -0.017612
34 41 -0.026639 -0.001458 -0.010555
35 41 -0.015838 -0.002396 -0.004837
36 41 -0.007662 -0.003049 -0.000677
37 41 -0.001518 -0.003539 0.002764
38 41 0.004288 -0.004231 0.006612
39 41 0.011190 -0.005404 0.011435
40 41 0.019407 -0.007024 0.016911
41 41 0.027895 -0.008764 0.022063
42 41 0.035008 -0.010179 0.025803
43 41 0.039325 -0.010909 0.027423
44 41 0.040186 -0.010806 0.026821
45 41 0.037738 -0.009924 0.024497
46 41 0.032548 -0.008417 0.021473
47 41 0.024931 -0.006366 0.019255
48 41 0.014383 -0.003639 0.019634
49 41 0.000000 0.000000 0.000000

0 42 0.000000 0.000000 0.000000
1 42 -0.088136 -0.002683 -0.002683
2 42 -0.084156 -0.004653 -0.005068
3 42 -0.079066 -0.006072 -0.006914
4 42 -0.073412 -0.006981 -0.008531
5 42 -0.068498 -0.007247 -0.010111
6 42 -0.063983 -0.007209 -0.011125
7 42 -0.059970 -0.006758 -0.012277
8 42 -0.058145 -0.005569 -0.014104
9 42 -0.057442 -0.004299 -0.015446
10 42 -0.056377 -0.003214 -0.016585
11 42 -0.057223 -0.001525 -0.019091
12 42 -0.060623 0.000478 -0.022012
13 42 -0.063122 0.001608 -0.023686
14 42 -0.064422 0.002283 -0.025575
15 42 -0.068391 0.003759 -0.029444
16 42 -0.074982 0.005419 -0.033558
17 42 -0.079546 0.005632 -0.035681
18 42 -0.081021 0.004664 -0.037058
19 42 -0.083644 0.004325 -0.040149
20 42 -0.089715 0.005113 -0.044535
21 42 -0.096226 0.005595 -0.047830
22 42 -0.099886 0.004595 -0.049357
23 42 -0.101386 0.002569 -0.050554
24 42 -0.102928 0.000555 -0.052191
25 42 -0.104108 -0.001239 -0.053039
26 42 -0.102409 -0.003259 -0.051646
27 42 -0.096796 -0.005527 -0.048279
28 42 -0.089032 -0.007346 -0.044454
29 42 -0.081352 -0.008059 -0.040998
30 42 -0.073897 -0.007776 -0.037191
31 42 -0.064933 -0.007236 -0.031786
32 42 -0.053172 -0.007067 -0.024532
33 42 -0.039432 -0.007307 -0.016560
34 42 -0.026084 -0.007549 -0.009448
35 42 -0.015160 -0.007448 -0.004008
36 42 -0.006957 -0.007068 0.000153
37 42 -0.000155 -0.006816 0.004122
38 42 0.006949 -0.007113 0.008785
39 42 0.015192 -0.008088 0.014222
40 42 0.024073 -0.009500 0.019717
41 42 0.032160 -0.010880 0.024199
42 42 0.037897 -0.011765 0.026780
43 42 0.040310 -0.011875 0.027094
44 42 0.039285 -0.011179 0.025357
45 42 0.035413 -0.009831 0.022237
46 42 0.029534 -0.008049 0.018718
47 42 0.022113 -0.005944 0.016103
48 42 0.012681 -0.003377 0.015994
49 42 0.000000 0.000000 0.000000

0 43 0.000000 0.000000 0.000000
1 43 -0.099305 0.007500 -0.003075
2 43 -0.093602 0.008592 -0.005758
3 43 -0.087507 0.010241 -0.008026
4 43 -0.081493 0.012122 -0.010075
5 43 -0.075744 0.013839 -0.011692
6 43 -0.070151 0.015183 -0.013013
7 43 -0.065719 0.016359 -0.014572
8 43 -0.062569 0.017227 -0.015943
9 43 -0.059719 0.017620 -0.016974
10 43 -0.058145 0.018059 -0.018670
11 43 -0.058807 0.018671 -0.020881
12 43 -0.059769 0.018804 -0.022410
13 43 -0.060195 0.018604 -0.023893
14 43 -0.062555 0.018956 -0.026776
15 43 -0.067289 0.019565 -0.030100
16 43 -0.070966 0.019245 -0.031990
17 43 -0.072421 0.018171 -0.033269
18 43 -0.075246 0.017772 -0.036223
19 43 -0.081659 0.018254 -0.040613
20 43 -0.088417 0.017979 -0.043819
21 43 -0.091434 0.015705 -0.044699
22 43 -0.091363 0.012180 -0.044969
23 43 -0.091939 0.008955 -0.046435
24 43 -0.094504 0.006413 -0.048531
25 43 -0.096640 0.003665 -0.049367
26 43 -0.095802 0.000025 -0.048252
27 43 -0.092297 -0.004052 -0.046230
28 43 -0.088111 -0.007535 -0.044379
29 43 -0.083899 -0.009899 -0.042323
30 43 -0.078067 -0.011440 -0.038666
31 43 -0.068670 -0.012700 -0.032579
32 43 -0.055670 -0.013816 -0.024737
33 43 -0.041210 -0.014450 -0.016784
34 43 -0.027949 -0.014244 -0.010061
35 43 -0.017210 -0.013253 -0.004760
36 43 -0.008443 -0.011990 -0.000088
37 43 -0.000111 -0.011103 0.004919
38 43 0.008948 -0.010983 0.010637
39 43 0.018700 -0.011580 0.016615
40 43 0.027999 -0.012488 0.021878
41 43 0.035283 -0.013185 0.025448
42 43 0.039353 -0.013274 0.026767
43 43 0.039817 -0.012602 0.025852
44 43 0.037101 -0.011255 0.023192
45 43 0.032143 -0.009462 0.019552
46 43 0.025923 -0.007463 0.015823
47 43 0.018954 -0.005368 0.013063
48 43 0.010790 -0.003024 0.012618
49 43 0.000000 0.000000 0.000000

0 44 0.000000 0.000000 0.000000
1 44 -0.098934 0.026075 -0.003057
2 44 -0.089163 0.027533 -0.005628
3 44 -0.080393 0.028362 -0.007832
4 44 -0.073197 0.028842 -0.009726
5 44 -0.067477 0.029102 -0.011326
6 44 -0.063310 0.029331 -0.012936
7 44 -0.060707 0.029557 -0.014528
8 44 -0.058925 0.029621 -0.015893
9 44 -0.057951 0.029662 -0.017467
10 44 -0.058364 0.029790 -0.019412
11 44 -0.059326 0.029656 -0.021074
12 44 -0.060009 0.029190 -0.022565
13 44 -0.061614 0.028865 -0.024789
14 44 -0.064726 0.028601 -0.027400
15 44 -0.067351 0.027686 -0.029150
16 44 -0.068446 0.026168 -0.030372
17 44 -0.070243 0.024965 -0.032631
18 44 -0.074290 0.024194 -0.035795
19 44 -0.078017 0.022675 -0.037774
20 44 -0.078160 0.019677 -0.037621
21 44 -0.075742 0.016215 -0.037057
22 44 -0.074893 0.013857 -0.038120
23 44 -0.077444 0.012747 -0.040501
24 44 -0.080940 0.011471 -0.042158
25 44 -0.082143 0.008703 -0.041984
26 44 -0.080828 0.004491 -0.040922
27 44 -0.079283 -0.000129 -0.040448
28 44 -0.078918 -0.004356 -0.040623
29 44 -0.078335 -0.008197 -0.039947
30 44 -0.074726 -0.012000 -0.036892
31 44 -0.066617 -0.015715 -0.031319
32 44 -0.055091 -0.018723 -0.024469
33 44 -0.042676 -0.020309 -0.017837
34 44 -0.031333 -0.020258 -0.012085
35 44 -0.021340 -0.019034 -0.006832
36 44 -0.011682 -0.017478 -0.001270
37 44 -0.001289 -0.016320 0.005051
38 44 0.009955 -0.015844 0.011818
39 44 0.021036 -0.015861 0.018112
40 44 0.030354 -0.015924 0.022881
41 44 0.036504 -0.015598 0.025407
42 44 0.038834 -0.014643 0.025533
43 44 0.037568 -0.013066 0.023626
44 44 0.033584 -0.011053 0.020369
45 44 0.028020 -0.008864 0.016541
46 44 0.021872 -0.006719 0.012893
47 44 0.015612 -0.004695 0.010225
48 44 0.008812 -0.002617 0.009594
49 44 0.000000 0.000000 0.000000

0 45 0.000000 0.000000 0.000000
1 45 -0.089222 0.038625 -0.002796
2 45 -0.082283 0.041544 -0.005257
3 45 -0.075594 0.042926 -0.007403
4 45 -0.069559 0.043188 -0.009231
5 45 -0.064455 0.042791 -0.010863
6 45 -0.060548 0.042118 -0.012404
7 45 -0.057671 0.041332 -0.013777
8 45 -0.055665 0.040567 -0.015136
9 45 -0.054762 0.039937 -0.016675
10 45 -0.054678 0.039290 -0.018150
11 45 -0.054815 0.038481 -0.019491
12 45 -0.055537 0.037657 -0.021151
13 45 -0.057260 0.036791 -0.023100
14 45 -0.059026 0.035489 -0.024664
15 45 -0.060063 0.033695 -0.025887
16 45 -0.061469 0.031887 -0.027654
17 45 -0.064183 0.030163 -0.029953
18 45 -0.066660 0.027875 -0.031489
19 45 -0.066873 0.024710 -0.031675
20 45 -0.065756 0.021495 -0.031810
21 45 -0.066343 0.019299 -0.033352
22 45 -0.069508 0.017985 -0.035751
23 45 -0.072405 0.016269 -0.036934
24 45 -0.071775 0.013181 -0.035797
25 45 -0.067769 0.009081 -0.033489
26 45 -0.063692 0.005082 -0.032076
27 45 -0.062381 0.001736 -0.032363
28 45 -0.063486 -0.001493 -0.033244
29 45 -0.064180 -0.005533 -0.032947
30 45 -0.061941 -0.010662 -0.030632
31 45 -0.056438 -0.016132 -0.026823
32 45 -0.049137 -0.020688 -0.022602
33 45 -0.041555 -0.023426 -0.018549
34 45 -0.033978 -0.024261 -0.014359
35 45 -0.025539 -0.023809 -0.009285
36 45 -0.015271 -0.022880 -0.002886
37 45 -0.003125 -0.022027 0.004521
38 45 0.009743 -0.021357 0.011941
39 45 0.021460 -0.020649 0.018148
40 45 0.030248 -0.019589 0.022197
41 45 0.035074 -0.017979 0.023712
42 45 0.035873 -0.015821 0.022910
43 45 0.033384 -0.013291 0.020408
44 45 0.028763 -0.010647 0.016972
45 45 0.023188 -0.008133 0.013316
46 45 0.017554 -0.005912 0.010025
47 45 0.012239 -0.004002 0.007655
48 45 0.006846 -0.002202 0.006977
49 45 0.000000 0.000000 0.000000

0 46 0.000000 0.000000 0.000000
1 46 -0.070232 0.040164 -0.002280
2 46 -0.068543 0.043888 -0.004459
3 46 -0.066873 0.047247 -0.006490
4 46 -0.064855 0.050140 -0.008333
5 46 -0.062454 0.052486 -0.009996
6 46 -0.059773 0.054216 -0.011439
7 46 -0.056956 0.055315 -0.012686
8 46 -0.054359 0.055860 -0.013869
9 46 -0.052211 0.055880 -0.014967
10 46 -0.050434 0.055378 -0.015940
11 46 -0.049213 0.054483 -0.017000
12 46 -0.048871 0.053288 -0.018243
13 46 -0.049094 0.051680 -0.019400
14 46 -0.049433 0.049635 -0.020431
15 46 -0.050309 0.047392 -0.021772
16 46 -0.052239 0.045023 -0.023503
17 46 -0.054476 0.042191 -0.024974
18 46 -0.055895 0.038709 -0.025848
19 46 -0.056970 0.035014 -0.026852
20 46 -0.059320 0.031587 -0.028779
21 46 -0.063006 0.028080 -0.031042
22 46 -0.065519 0.023532 -0.031993
23 46 -0.064239 0.017592 -0.030746
24 46 -0.059376 0.011247 -0.028215
25 46 -0.053842 0.006090 -0.026155
26 46 -0.050356 0.002890 -0.025417
27 46 -0.049131 0.000930 -0.025344
28 46 -0.048322 -0.001325 -0.024725
29 46 -0.046266 -0.004986 -0.023084
30 46 -0.043006 -0.010010 -0.021014
31 46 -0.039842 -0.015437 -0.019408
32 46 -0.037707 -0.020162 -0.018485
33 46 -0.036038 -0.023579 -0.017478
34 46 -0.033036 -0.025703 -0.015154
35 46 -0.026909 -0.026885 -0.010668
36 46 -0.017090 -0.027440 -0.004115
37 46 -0.004625 -0.027451 0.003496
38 46 0.008321 -0.026805 0.010721
39 46 0.019415 -0.025357 0.016275
40 46 0.026996 -0.023079 0.019434
41 46 0.030465 -0.020118 0.020139
42 46 0.030210 -0.016761 0.018844
43 46 0.027240 -0.013342 0.016262
44 46 0.022756 -0.010156 0.013115
45 46 0.017813 -0.007400 0.009988
46 46 0.013126 -0.005156 0.007295
47 46 0.008959 -0.003375 0.005385
48 46 0.004966 -0.001829 0.004775
49 46 0.000000 0.000000 0.000000

0 47 0.000000 0.000000 0.000000
1 47 -0.053958 0.044351 -0.001690
2 47 -0.051287 0.048858 -0.003254
3 47 -0.048618 0.053100 -0.004671
4 47 -0.046008 0.056974 -0.005942
5 47 -0.043505 0.060309 -0.007067
6 47 -0.041135 0.062942 -0.008045
7 47 -0.038984 0.064795 -0.008930
8 47 -0.037157 0.065853 -0.009746
9 47 -0.035641 0.066129 -0.010475
10 47 -0.034476 0.065713 -0.011194
11 47 -0.033809 0.064724 -0.011979
12 47 -0.033568 0.063205 -0.012747
13 47 -0.033543 0.061189 -0.013459
14 47 -0.033851 0.058808 -0.014290
15 47 -0.034718 0.056148 -0.015302
16 47 -0.035835 0.053100 -0.016221
17 47 -0.036681 0.049562 -0.016885
18 47 -0.037464 0.045686 -0.017635
19 47 -0.038900 0.041659 -0.018807
20 47 -0.040846 0.037300 -0.020012
21 47 -0.041967 0.032126 -0.020435
22 47 -0.041286 0.025980 -0.019910
23 47 -0.039668 0.019431 -0.019325
24 47 -0.039070 0.013419 -0.019664
25 47 -0.040264 0.008495 -0.020783
26 47 -0.041666 0.004451 -0.021340
27 47 -0.040663 0.000647 -0.020036
28 47 -0.036112 -0.003374 -0.016887
29 47 -0.029555 -0.007584 -0.013337
30 47 -0.024115 -0.011659 -0.011164
31 47 -0.022147 -0.015362 -0.011154
32 47 -0.023591 -0.018742 -0.012585
33 47 -0.026105 -0.022009 -0.013746
34 47 -0.026605 -0.025258 -0.013000
35 47 -0.023020 -0.028279 -0.009642
36 47 -0.015207 -0.030599 -0.004135
37 47 -0.004750 -0.031695 0.002262
38 47 0.005967 -0.031227 0.008115
39 47 0.014781 -0.029182 0.012351
40 47 0.020412 -0.025860 0.014511
41 47 0.022612 -0.021760 0.014712
42 47 0.021930 -0.017422 0.013444
43 47 0.019318 -0.013307 0.011327
44 47 0.015765 -0.009720 0.008922
45 47 0.012062 -0.006806 0.006638
46 47 0.008701 -0.004569 0.004733
47 47 0.005836 -0.002900 0.003400
48 47 0.003211 -0.001548 0.002946
49 47 0.000000 0.000000 0.000000

0 48 0.000000 0.000000 0.000000
1 48 -0.034585 0.052481 -0.000983
2 48 -0.030430 0.059106 -0.001783
3 48 -0.025766 0.063764 -0.002387
4 48 -0.021373 0.066721 -0.002832
5 48 -0.017726 0.068320 -0.003171
6 48 -0.015020 0.068904 -0.003468
7 48 -0.013260 0.068751 -0.003772
8 48 -0.012296 0.068053 -0.004092
9 48 -0.011920 0.066941 -0.004440
10 48 -0.011997 0.065501 -0.004846
11 48 -0.012371 0.063748 -0.005274
12 48 -0.012825 0.061680 -0.005669
13 48 -0.013291 0.059334 -0.006076
14 48 -0.013841 0.056718 -0.006538
15 48 -0.014352 0.053768 -0.006929
16 48 -0.014534 0.050473 -0.007122
17 48 -0.014434 0.046959 -0.007260
18 48 -0.014473 0.043317 -0.007558
19 48 -0.014698 0.039433 -0.007854
20 48 -0.014474 0.035197 -0.007707
21 48 -0.013439 0.030850 -0.007116
22 48 -0.012593 0.026883 -0.006902
23 48 -0.013830 0.023439 -0.008043
24 48 -0.017990 0.019894 -0.010543
25 48 -0.023475 0.015220 -0.013083
26 48 -0.027046 0.008898 -0.013926
27 48 -0.026221 0.001527 -0.012282
28 48 -0.021179 -0.005461 -0.008942
29 48 -0.014614 -0.010749 -0.005692
30 48 -0.009832 -0.013983 -0.004090
31 48 -0.008666 -0.015906 -0.004529
32 48 -0.010611 -0.017783 -0.006163
33 48 -0.013485 -0.020574 -0.007566
34 48 -0.014876 -0.024421 -0.007569
35 48 -0.013379 -0.028645 -0.005781
36 48 -0.009043 -0.032165 -0.002610
37 48 -0.003033 -0.034017 0.001074
38 48 0.003083 -0.033714 0.004374
39 48 0.007998 -0.031339 0.006679
40 48 0.011014 -0.027413 0.007775
41 48 0.012071 -0.022657 0.007780
42 48 0.011552 -0.017765 0.007007
43 48 0.010031 -0.013265 0.005816
44 48 0.008067 -0.009466 0.004513
45 48 0.006084 -0.006474 0.003308
46 48 0.004328 -0.004248 0.002322
47 48 0.002870 -0.002643 0.001638
48 48 0.001571 -0.001398 0.001398
49 48 0.000000 0.000000 0.000000

0 49 0.000000 0.000000 0.000000
1 49 0.000000 0.000000 0.000000
2 49 0.000000 0.000000 0.000000
3 49 0.000000 0.000000 0.000000
4 49 0.000000 0.000000 0.000000
5 49 0.000000 0.000000 0.000000
6 49 0.000000 0.000000 0.000000
7 49 0.000000 0.000000 0.000000
8 49 0.000000 0.000000 0.000000
9 49 0.000000 0.000000 0.000000
10 49 0.000000 0.000000 0.000000
11 49 0.000000 0.000000 0.000000
12 49 0.000000 0.000000 0.000000
13 49 0.000000 0.000000 0.000000
14 49 0.000000 0.000000 0.000000
15 49 0.000000 0.000000 0.000000
16 49 0.000000 0.000000 0.000000
17 49 0.000000 0.000000 0.000000
18 49 0.000000 0.000000 0.000000
19 49 0.000000 0.000000 0.000000
20 49 0.000000 0.000000 0.000000
21 49 0.000000 0.000000 0.000000
22 49 0.000000 0.000000 0.000000
23 49 0.000000 0.000000 0.000000
24 49 0.000000 0.000000 0.000000
25 49 0.000000 0.000000 0.000000
26 49 0.000000 0.000000 0.000000
27 49 0.000000 0.000000 0.000000
28 49 0.000000 0.000000 0.000000
29 49 0.000000 0.000000 0.000000
30 49 0.000000 0.000000 0.000000
31 49 0.000000 0.000000 0.000000
32 49 0.000000 0.000000 0.000000
33 49 0.000000 0.000000 0.000000
34 49 0.000000 0.000000 0.000000
35 49 0.000000 0.000000 0.000000
36 49 0.000000 0.000000 0.000000
37 49 0.000000 0.000000 0.000000
38 49 0.000000 0.000000 0.000000
39 49 0.000000 0.000000 0.000000
40 49 0.000000 0.000000 0.000000
41 49 0.000000 0.000000 0.000000
42 49 0.000000 0.000000 0.000000
43 49 0.000000 0.000000 0.000000
44 49 0.000000 0.000000 0.000000
45 49 0.000000 0.000000 0.000000
46 49 0.000000 0.000000 0.000000
47 49 0.000000 0.000000 0.000000
48 49 0.000000 0.000000 0.000000
49 49 0.000000 0.000000 0.000000

