#:x y Ey Bx Bz
0 0 0.000000 0.000000 0.000000
1 0 0.000000 0.000000 0.000000
2 0 0.000000 0.000000 0.000000
3 0 0.000000 0.000000 0.000000
4 0 0.000000 0.000000 0.000000
5 0 0.000000 0.000000 0.000000
6 0 0.000000 0.000000 0.000000
7 0 0.000000 0.000000 0.000000
8 0 0.000000 0.000000 0.000000
9 0 0.000000 0.000000 0.000000
10 0 0.000000 0.000000 0.000000
11 0 0.000000 0.000000 0.000000
12 0 0.000000 0.000000 0.000000
13 0 0.000000 0.000000 0.000000
14 0 0.000000 0.000000 0.000000
15 0 0.000000 0.000000 0.000000
16 0 0.000000 0.000000 0.000000
17 0 0.000000 0.000000 0.000000
18 0 0.000000 0.000000 0.000000
19 0 0.000000 0.000000 0.000000
20 0 0.000000 0.000000 0.000000
21 0 0.000000 0.000000 0.000000
22 0 0.000000 0.000000 0.000000
23 0 0.000000 0.000000 0.000000
24 0 0.000000 0.000000 0.000000
25 0 0.000000 0.000000 0.000000
26 0 0.000000 0.000000 0.000000
27 0 0.000000 0.000000 0.000000
28 0 0.000000 0.000000 0.000000
29 0 0.000000 0.000000 0.000000
30 0 0.000000 0.000000 0.000000
31 0 0.000000 0.000000 0.000000
32 0 0.000000 0.000000 0.000000
33 0 0.000000 0.000000 0.000000
34 0 0.000000 0.000000 0.000000
35 0 0.000000 0.000000 0.000000
36 0 0.000000 0.000000 0.000000
37 0 0.000000 0.000000 0.000000
38 0 0.000000 0.000000 0.000000
39 0 0.000000 0.000000 0.000000
40 0 0.000000 0.000000 0.000000
41 0 0.000000 0.000000 0.000000
42 0 0.000000 0.000000 0.000000
43 0 0.000000 0.000000 0.000000
44 0 0.000000 0.000000 0.000000
45 0 0.000000 0.000000 0.000000
46 0 0.000000 0.000000 0.000000
47 0 0.000000 0.000000 0.000000
48 0 0.000000 0.000000 0.000000
49 0 0.000000 0.000000 0.000000

0 1 0.000000 0.000000 0.000000
1 1 -0.000932 0.000708 -0.000708
2 1 -0.001747 0.001480 -0.000772
3 1 -0.002322 0.002363 -0.000884
4 1 -0.002527 0.003371 -0.001008
5 1 -0.002242 0.004463 -0.001092
6 1 -0.001391 0.005538 -0.001075
7 1 0.000002 0.006433 -0.000895
8 1 0.001767 0.006954 -0.000521
9 1 0.003568 0.006932 0.000022
10 1 0.004963 0.006300 0.000632
11 1 0.005558 0.005153 0.001147
12 1 0.005200 0.003745 0.001408
13 1 0.004110 0.002395 0.001350
14 1 0.002758 0.001340 0.001055
15 1 0.001580 0.000655 0.000685
16 1 0.000777 0.000280 0.000375
17 1 0.000330 0.000105 0.000175
18 1 0.000122 0.000035 0.000070
19 1 0.000040 0.000010 0.000025
20 1 0.000011 0.000003 0.000008
21 1 0.000003 0.000001 0.000002
22 1 0.000001 0.000000 0.000000
23 1 0.000000 0.000000 0.000000
24 1 0.000000 0.000000 0.000000
25 1 0.000000 0.000000 0.000000
26 1 0.000000 0.000000 0.000000
27 1 0.000000 0.000000 0.000000
28 1 0.000000 0.000000 0.000000
29 1 0.000000 0.000000 0.000000
30 1 0.000000 0.000000 0.000000
31 1 0.000000 0.000000 0.000000
32 1 0.000000 0.000000 0.000000
33 1 0.000000 0.000000 0.000000
34 1 0.000000 0.000000 0.000000
35 1 0.000000 0.000000 0.000000
36 1 0.000000 0.000000 0.000000
37 1 0.000000 0.000000 0.000000
38 1 0.000000 0.000000 0.000000
39 1 0.000000 0.000000 0.000000
40 1 0.000000 0.000000 0.000000
41 1 0.000000 0.000000 0.000000
42 1 0.000000 0.000000 0.000000
43 1 0.000000 0.000000 0.000000
44 1 0.000000 0.000000 0.000000
45 1 0.000000 0.000000 0.000000
46 1 0.000000 0.000000 0.000000
47 1 0.000000 0.000000 0.000000
48 1 0.000000 0.000000 0.000000
49 1 0.000000 0.000000 0.000000

0 2 0.000000 0.000000 0.000000
1 2 -0.001928 -0.000240 -0.000282
2 2 -0.003826 -0.000414 -0.000434
3 2 -0.005624 -0.000450 -0.000732
4 2 -0.007177 -0.000265 -0.001152
5 2 -0.008245 0.000228 -0.001642
6 2 -0.008503 0.001092 -0.002109
7 2 -0.007610 0.002330 -0.002412
8 2 -0.005334 0.003833 -0.002378
9 2 -0.001746 0.005349 -0.001854
10 2 0.002609 0.006506 -0.000805
11 2 0.006720 0.006927 0.000608
12 2 0.009381 0.006416 0.001990
13 2 0.009822 0.005129 0.002856
14 2 0.008262 0.003521 0.002933
15 2 0.005737 0.002075 0.002367
16 2 0.003344 0.001053 0.001557
17 2 0.001657 0.000463 0.000855
18 2 0.000706 0.000177 0.000397
19 2 0.000261 0.000059 0.000159
20 2 0.000084 0.000018 0.000055
21 2 0.000024 0.000005 0.000017
22 2 0.000006 0.000001 0.000004
23 2 0.000001 0.000000 0.000001
24 2 0.000000 0.000000 0.000000
25 2 0.000000 0.000000 0.000000
26 2 0.000000 0.000000 0.000000
27 2 0.000000 0.000000 0.000000
28 2 0.000000 0.000000 0.000000
29 2 0.000000 0.000000 0.000000
30 2 0.000000 0.000000 0.000000
31 2 0.000000 0.000000 0.000000
32 2 0.000000 0.000000 0.000000
33 2 0.000000 0.000000 0.000000
34 2 0.000000 0.000000 0.000000
35 2 0.000000 0.000000 0.000000
36 2 0.000000 0.000000 0.000000
37 2 0.000000 0.000000 0.000000
38 2 0.000000 0.000000 0.000000
39 2 0.000000 0.000000 0.000000
40 2 0.000000 0.000000 0.000000
41 2 0.000000 0.000000 0.000000
42 2 0.000000 0.000000 0.000000
43 2 0.000000 0.000000 0.000000
44 2 0.000000 0.000000 0.000000
45 2 0.000000 0.000000 0.000000
46 2 0.000000 0.000000 0.000000
47 2 0.000000 0.000000 0.000000
48 2 0.000000 0.000000 0.000000
49 2 0.000000 0.000000 0.000000

0 3 0.000000 0.000000 0.000000
1 3 -0.000552 -0.000600 0.000704
2 3 -0.001331 -0.001300 0.000645
3 3 -0.002554 -0.002168 0.000496
4 3 -0.004392 -0.003209 0.000200
5 3 -0.006910 -0.004324 -0.000314
6 3 -0.009963 -0.005276 -0.001105
7 3 -0.013073 -0.005703 -0.002163
8 3 -0.015382 -0.005184 -0.003353
9 3 -0.015710 -0.003406 -0.004349
10 3 -0.013010 -0.000425 -0.004657
11 3 -0.007008 0.003169 -0.003809
12 3 0.001128 0.006279 -0.001652
13 3 0.008643 0.007794 0.001252
14 3 0.012696 0.007355 0.003685
15 3 0.012451 0.005579 0.004647
16 3 0.009391 0.003496 0.004118
17 3 0.005741 0.001844 0.002844
18 3 0.002926 0.000830 0.001602
19 3 0.001268 0.000323 0.000755
20 3 0.000473 0.000109 0.000304
21 3 0.000154 0.000033 0.000106
22 3 0.000044 0.000009 0.000032
23 3 0.000011 0.000002 0.000009
24 3 0.000003 0.000000 0.000002
25 3 0.000001 0.000000 0.000000
26 3 0.000000 0.000000 0.000000
27 3 0.000000 0.000000 0.000000
28 3 0.000000 0.000000 0.000000
29 3 0.000000 0.000000 0.000000
30 3 0.000000 0.000000 0.000000
31 3 0.000000 0.000000 0.000000
32 3 0.000000 0.000000 0.000000
33 3 0.000000 0.000000 0.000000
34 3 0.000000 0.000000 0.000000
35 3 0.000000 0.000000 0.000000
36 3 0.000000 0.000000 0.000000
37 3 0.000000 0.000000 0.000000
38 3 0.000000 0.000000 0.000000
39 3 0.000000 0.000000 0.000000
40 3 0.000000 0.000000 0.000000
41 3 0.000000 0.000000 0.000000
42 3 0.000000 0.000000 0.000000
43 3 0.000000 0.000000 0.000000
44 3 0.000000 0.000000 0.000000
45 3 0.000000 0.000000 0.000000
46 3 0.000000 0.000000 0.000000
47 3 0.000000 0.000000 0.000000
48 3 0.000000 0.000000 0.000000
49 3 0.000000 0.000000 0.000000

0 4 0.000000 0.000000 0.000000
1 4 0.002089 0.001065 -0.000251
2 4 0.004163 0.001938 -0.000072
3 4 0.006129 0.002400 0.000278
4 4 0.007700 0.002204 0.000763
5 4 0.008392 0.001105 0.001289
6 4 0.007459 -0.001063 0.001673
7 4 0.004156 -0.004211 0.001607
8 4 -0.001958 -0.007851 0.000749
9 4 -0.010389 -0.010945 -0.001190
10 4 -0.019037 -0.012102 -0.004039
11 4 -0.024487 -0.010141 -0.006970
12 4 -0.022974 -0.004928 -0.008491
13 4 -0.013215 0.001799 -0.006978
14 4 0.000709 0.007099 -0.002426
15 4 0.011699 0.009011 0.002785
16 4 0.015538 0.007834 0.005907
17 4 0.013296 0.005285 0.006123
18 4 0.008676 0.002909 0.004541
19 4 0.004589 0.001344 0.002652
20 4 0.002032 0.000530 0.001275
21 4 0.000769 0.000182 0.000518
22 4 0.000253 0.000054 0.000181
23 4 0.000073 0.000014 0.000055
24 4 0.000019 0.000003 0.000015
25 4 0.000004 0.000001 0.000004
26 4 0.000001 0.000000 0.000001
27 4 0.000000 0.000000 0.000000
28 4 0.000000 0.000000 0.000000
29 4 0.000000 0.000000 0.000000
30 4 0.000000 0.000000 0.000000
31 4 0.000000 0.000000 0.000000
32 4 0.000000 0.000000 0.000000
33 4 0.000000 0.000000 0.000000
34 4 0.000000 0.000000 0.000000
35 4 0.000000 0.000000 0.000000
36 4 0.000000 0.000000 0.000000
37 4 0.000000 0.000000 0.000000
38 4 0.000000 0.000000 0.000000
39 4 0.000000 0.000000 0.000000
40 4 0.000000 0.000000 0.000000
41 4 0.000000 0.000000 0.000000
42 4 0.000000 0.000000 0.000000
43 4 0.000000 0.000000 0.000000
44 4 0.000000 0.000000 0.000000
45 4 0.000000 0.000000 0.000000
46 4 0.000000 0.000000 0.000000
47 4 0.000000 0.000000 0.000000
48 4 0.000000 0.000000 0.000000
49 4 0.000000 0.000000 0.000000

0 5 0.000000 0.000000 0.000000
1 5 -0.000502 0.001478 -0.002146
2 5 -0.000520 0.003133 -0.002142
3 5 0.000440 0.005092 -0.002074
4 5 0.002851 0.007327 -0.001786
5 5 0.006981 0.009600 -0.001121
6 5 0.012741 0.011320 0.000139
7 5 0.019034 0.011582 0.002006
8 5 0.023872 0.009342 0.004211
9 5 0.023916 0.003867 0.005972
10 5 0.016122 -0.004278 0.005835
11 5 0.000060 -0.012822 0.002663
12 5 -0.020252 -0.017858 -0.003757
13 5 -0.034315 -0.015765 -0.011023
14 5 -0.031786 -0.007108 -0.013868
15 5 -0.014312 0.002839 -0.009360
16 5 0.005313 0.008790 -0.000812
17 5 0.016068 0.009481 0.005881
18 5 0.016548 0.007044 0.007902
19 5 0.011707 0.004082 0.006431
20 5 0.006463 0.001943 0.003926
21 5 0.002933 0.000782 0.001932
22 5 0.001127 0.000271 0.000795
23 5 0.000374 0.000082 0.000280
24 5 0.000108 0.000022 0.000086
25 5 0.000028 0.000005 0.000023
26 5 0.000006 0.000001 0.000005
27 5 0.000001 0.000000 0.000001
28 5 0.000000 0.000000 0.000000
29 5 0.000000 0.000000 0.000000
30 5 0.000000 0.000000 0.000000
31 5 0.000000 0.000000 0.000000
32 5 0.000000 0.000000 0.000000
33 5 0.000000 0.000000 0.000000
34 5 0.000000 0.000000 0.000000
35 5 0.000000 0.000000 0.000000
36 5 0.000000 0.000000 0.000000
37 5 0.000000 0.000000 0.000000
38 5 0.000000 0.000000 0.000000
39 5 0.000000 0.000000 0.000000
40 5 0.000000 0.000000 0.000000
41 5 0.000000 0.000000 0.000000
42 5 0.000000 0.000000 0.000000
43 5 0.000000 0.000000 0.000000
44 5 0.000000 0.000000 0.000000
45 5 0.000000 0.000000 0.000000
46 5 0.000000 0.000000 0.000000
47 5 0.000000 0.000000 0.000000
48 5 0.000000 0.000000 0.000000
49 5 0.000000 0.000000 0.000000

0 6 0.000000 0.000000 0.000000
1 6 -0.003627 -0.001929 -0.000117
2 6 -0.007468 -0.003628 -0.000439
3 6 -0.011670 -0.004796 -0.001099
4 6 -0.015802 -0.004939 -0.002125
5 6 -0.019119 -0.003511 -0.003375
6 6 -0.019879 0.000131 -0.004655
7 6 -0.015921 0.006039 -0.005160
8 6 -0.005574 0.013495 -0.004212
9 6 0.011683 0.020123 -0.000665
10 6 0.030808 0.022140 0.005377
11 6 0.043178 0.016348 0.011667
12 6 0.037932 0.002101 0.014552
13 6 0.009009 -0.014690 0.008580
14 6 -0.028157 -0.022988 -0.006075
15 6 -0.045102 -0.017526 -0.018317
16 6 -0.031992 -0.004459 -0.017804
17 6 -0.005536 0.006210 -0.006940
18 6 0.013484 0.009898 0.004119
19 6 0.018355 0.008332 0.008965
20 6 0.014268 0.005127 0.008180
21 6 0.008243 0.002523 0.005242
22 6 0.003837 0.001035 0.002644
23 6 0.001497 0.000363 0.001103
24 6 0.000501 0.000111 0.000391
25 6 0.000146 0.000030 0.000120
26 6 0.000038 0.000007 0.000032
27 6 0.000009 0.000002 0.000008
28 6 0.000002 0.000000 0.000002
29 6 0.000000 0.000000 0.000000
30 6 0.000000 0.000000 0.000000
31 6 0.000000 0.000000 0.000000
32 6 0.000000 0.000000 0.000000
33 6 0.000000 0.000000 0.000000
34 6 0.000000 0.000000 0.000000
35 6 0.000000 0.000000 0.000000
36 6 0.000000 0.000000 0.000000
37 6 0.000000 0.000000 0.000000
38 6 0.000000 0.000000 0.000000
39 6 0.000000 0.000000 0.000000
40 6 0.000000 0.000000 0.000000
41 6 0.000000 0.000000 0.000000
42 6 0.000000 0.000000 0.000000
43 6 0.000000 0.000000 0.000000
44 6 0.000000 0.000000 0.000000
45 6 0.000000 0.000000 0.000000
46 6 0.000000 0.000000 0.000000
47 6 0.000000 0.000000 0.000000
48 6 0.000000 0.000000 0.000000
49 6 0.000000 0.000000 0.000000

0 7 0.000000 0.000000 0.000000
1 7 0.003229 -0.000770 0.001379
2 7 0.005756 -0.002048 0.001607
3 7 0.006941 -0.004337 0.002030
4 7 0.005336 -0.007884 0.002248
5 7 0.000297 -0.012604 0.002009
6 7 -0.009903 -0.017702 0.000595
7 7 -0.023680 -0.021124 -0.002529
8 7 -0.038597 -0.020423 -0.006983
9 7 -0.047344 -0.012304 -0.012236
10 7 -0.039279 0.003195 -0.013947
11 7 -0.011660 0.021503 -0.009115
12 7 0.031596 0.033363 0.003742
13 7 0.065034 0.026604 0.021123
14 7 0.051662 0.001951 0.026011
15 7 -0.002304 -0.020889 0.007912
16 7 -0.045730 -0.024656 -0.016658
17 7 -0.045861 -0.012228 -0.024660
18 7 -0.017410 0.002062 -0.013975
19 7 0.008775 0.009011 0.001042
20 7 0.018549 0.008866 0.009143
21 7 0.015938 0.005819 0.009495
22 7 0.009617 0.002962 0.006382
23 7 0.004581 0.001240 0.003293
24 7 0.001811 0.000441 0.001390
25 7 0.000611 0.000136 0.000496
26 7 0.000179 0.000037 0.000153
27 7 0.000046 0.000009 0.000041
28 7 0.000011 0.000002 0.000010
29 7 0.000002 0.000000 0.000002
30 7 0.000000 0.000000 0.000000
31 7 0.000000 0.000000 0.000000
32 7 0.000000 0.000000 0.000000
33 7 0.000000 0.000000 0.000000
34 7 0.000000 0.000000 0.000000
35 7 0.000000 0.000000 0.000000
36 7 0.000000 0.000000 0.000000
37 7 0.000000 0.000000 0.000000
38 7 0.000000 0.000000 0.000000
39 7 0.000000 0.000000 0.000000
40 7 0.000000 0.000000 0.000000
41 7 0.000000 0.000000 0.000000
42 7 0.000000 0.000000 0.000000
43 7 0.000000 0.000000 0.000000
44 7 0.000000 0.000000 0.000000
45 7 0.000000 0.000000 0.000000
46 7 0.000000 0.000000 0.000000
47 7 0.000000 0.000000 0.000000
48 7 0.000000 0.000000 0.000000
49 7 0.000000 0.000000 0.000000

0 8 0.000000 0.000000 0.000000
1 8 0.002584 0.003945 -0.003212
2 8 0.006110 0.007870 -0.002822
3 8 0.011678 0.011778 -0.002116
4 8 0.019500 0.014716 -0.000369
5 8 0.028855 0.015897 0.001836
6 8 0.038202 0.013012 0.005519
7 8 0.040669 0.004769 0.008469
8 8 0.033347 -0.009162 0.009931
9 8 0.006718 -0.026307 0.006659
10 8 -0.032838 -0.037185 -0.004682
11 8 -0.067097 -0.033701 -0.018123
12 8 -0.075448 -0.010024 -0.028586
13 8 -0.026699 0.025868 -0.021457
14 8 0.054725 0.042984 0.011570
15 8 0.082828 0.023392 0.038297
16 8 0.030547 -0.010244 0.025663
17 8 -0.034980 -0.025654 -0.009224
18 8 -0.052005 -0.017537 -0.027783
19 8 -0.026391 -0.002007 -0.019725
20 8 0.003982 0.007356 -0.002174
21 8 0.017658 0.008651 0.008721
22 8 0.016610 0.006040 0.010257
23 8 0.010380 0.003170 0.007170
24 8 0.005032 0.001351 0.003763
25 8 0.002009 0.000485 0.001602
26 8 0.000682 0.000150 0.000574
27 8 0.000201 0.000041 0.000178
28 8 0.000052 0.000010 0.000048
29 8 0.000012 0.000002 0.000012
30 8 0.000002 0.000000 0.000002
31 8 0.000000 0.000000 0.000000
32 8 0.000000 0.000000 0.000000
33 8 0.000000 0.000000 0.000000
34 8 0.000000 0.000000 0.000000
35 8 0.000000 0.000000 0.000000
36 8 0.000000 0.000000 0.000000
37 8 0.000000 0.000000 0.000000
38 8 0.000000 0.000000 0.000000
39 8 0.000000 0.000000 0.000000
40 8 0.000000 0.000000 0.000000
41 8 0.000000 0.000000 0.000000
42 8 0.000000 0.000000 0.000000
43 8 0.000000 0.000000 0.000000
44 8 0.000000 0.000000 0.000000
45 8 0.000000 0.000000 0.000000
46 8 0.000000 0.000000 0.000000
47 8 0.000000 0.000000 0.000000
48 8 0.000000 0.000000 0.000000
49 8 0.000000 0.000000 0.000000

0 9 0.000000 0.000000 0.000000
1 9 -0.007399 -0.002228 -0.001501
2 9 -0.014253 -0.003602 -0.002154
3 9 -0.021661 -0.003331 -0.003501
4 9 -0.025498 0.000042 -0.005307
5 9 -0.026449 0.006651 -0.006644
6 9 -0.017123 0.017821 -0.007520
7 9 0.003329 0.029436 -0.003639
8 9 0.032583 0.038559 0.002272
9 9 0.067419 0.035650 0.014894
10 9 0.074415 0.014571 0.024309
11 9 0.046332 -0.017356 0.020656
12 9 -0.019775 -0.048113 0.003842
13 9 -0.098586 -0.048007 -0.031313
14 9 -0.091020 -0.003555 -0.049166
15 9 0.015346 0.040314 -0.011193
16 9 0.088984 0.037163 0.039271
17 9 0.053698 0.001984 0.039060
18 9 -0.021605 -0.021815 -0.000578
19 9 -0.051361 -0.019081 -0.027582
20 9 -0.030355 -0.004554 -0.022776
21 9 0.000971 0.005707 -0.004276
22 9 0.016509 0.007939 0.008236
23 9 0.016453 0.005817 0.010537
24 9 0.010486 0.003122 0.007527
25 9 0.005127 0.001347 0.003982
26 9 0.002055 0.000488 0.001699
27 9 0.000699 0.000152 0.000609
28 9 0.000206 0.000041 0.000188
29 9 0.000054 0.000010 0.000051
30 9 0.000012 0.000002 0.000012
31 9 0.000003 0.000000 0.000003
32 9 0.000000 0.000000 0.000001
33 9 0.000000 0.000000 0.000000
34 9 0.000000 0.000000 0.000000
35 9 0.000000 0.000000 0.000000
36 9 0.000000 0.000000 0.000000
37 9 0.000000 0.000000 0.000000
38 9 0.000000 0.000000 0.000000
39 9 0.000000 0.000000 0.000000
40 9 0.000000 0.000000 0.000000
41 9 0.000000 0.000000 0.000000
42 9 0.000000 0.000000 0.000000
43 9 0.000000 0.000000 0.000000
44 9 0.000000 0.000000 0.000000
45 9 0.000000 0.000000 0.000000
46 9 0.000000 0.000000 0.000000
47 9 0.000000 0.000000 0.000000
48 9 0.000000 0.000000 0.000000
49 9 0.000000 0.000000 0.000000

0 10 0.000000 0.000000 0.000000
1 10 0.003747 -0.003166 0.003146
2 10 0.005370 -0.007012 0.003063
3 10 0.004765 -0.012866 0.003835
4 10 -0.003892 -0.019781 0.002376
5 10 -0.015571 -0.027286 0.001051
6 10 -0.039855 -0.032097 -0.004574
7 10 -0.057284 -0.027786 -0.012041
8 10 -0.069551 -0.013654 -0.017711
9 10 -0.051733 0.016210 -0.021936
10 10 0.008323 0.044115 -0.004996
11 10 0.064591 0.052858 0.017529
12 10 0.103115 0.032611 0.037310
13 10 0.061538 -0.022364 0.039424
14 10 -0.069003 -0.060669 -0.012374
15 10 -0.120105 -0.030569 -0.062567
16 10 -0.019661 0.025798 -0.031824
17 10 0.078793 0.038590 0.033325
18 10 0.060009 0.009069 0.044004
19 10 -0.013981 -0.016819 0.004258
20 10 -0.047614 -0.017603 -0.026194
21 10 -0.029520 -0.005122 -0.023022
22 10 0.000516 0.004597 -0.004591
23 10 0.015694 0.007028 0.008118
24 10 0.015732 0.005270 0.010479
25 10 0.010016 0.002856 0.007467
26 10 0.004883 0.001238 0.003932
27 10 0.001951 0.000449 0.001669
28 10 0.000662 0.000140 0.000596
29 10 0.000195 0.000038 0.000183
30 10 0.000050 0.000009 0.000049
31 10 0.000012 0.000002 0.000012
32 10 0.000002 0.000000 0.000003
33 10 0.000000 0.000000 0.000000
34 10 0.000000 0.000000 0.000000
35 10 0.000000 0.000000 0.000000
36 10 0.000000 0.000000 0.000000
37 10 0.000000 0.000000 0.000000
38 10 0.000000 0.000000 0.000000
39 10 0.000000 0.000000 0.000000
40 10 0.000000 0.000000 0.000000
41 10 0.000000 0.000000 0.000000
42 10 0.000000 0.000000 0.000000
43 10 0.000000 0.000000 0.000000
44 10 0.000000 0.000000 0.000000
45 10 0.000000 0.000000 0.000000
46 10 0.000000 0.000000 0.000000
47 10 0.000000 0.000000 0.000000
48 10 0.000000 0.000000 0.000000
49 10 0.000000 0.000000 0.000000

0 11 0.000000 0.000000 0.000000
1 11 0.006003 0.006460 -0.004064
2 11 0.012479 0.012045 -0.002846
3 11 0.023657 0.017710 -0.001709
4 11 0.035306 0.018661 0.003156
5 11 0.046661 0.016587 0.005461
6 11 0.053532 0.003558 0.013312
7 11 0.033712 -0.015839 0.010842
8 11 0.005233 -0.037873 0.006776
9 11 -0.058387 -0.052796 -0.010577
10 11 -0.091731 -0.034597 -0.035206
11 11 -0.063813 0.001678 -0.029999
12 11 -0.003419 0.042626 -0.011343
13 11 0.095928 0.059550 0.030815
14 11 0.104770 0.011106 0.062179
15 11 -0.034830 -0.048698 0.007457
16 11 -0.115306 -0.038247 -0.062364
17 11 -0.028694 0.013999 -0.038612
18 11 0.068324 0.032423 0.029338
19 11 0.053219 0.009490 0.041988
20 11 -0.014460 -0.013335 0.003359
21 11 -0.043524 -0.014672 -0.025304
22 11 -0.025302 -0.004160 -0.021110
23 11 0.002265 0.004107 -0.003184
24 11 0.015323 0.006110 0.008467
25 11 0.014640 0.004541 0.010180
26 11 0.009109 0.002446 0.007054
27 11 0.004373 0.001055 0.003647
28 11 0.001727 0.000381 0.001527
29 11 0.000581 0.000119 0.000539
30 11 0.000170 0.000032 0.000165
31 11 0.000044 0.000008 0.000044
32 11 0.000010 0.000002 0.000010
33 11 0.000002 0.000000 0.000002
34 11 0.000000 0.000000 0.000000
35 11 0.000000 0.000000 0.000000
36 11 0.000000 0.000000 0.000000
37 11 0.000000 0.000000 0.000000
38 11 0.000000 0.000000 0.000000
39 11 0.000000 0.000000 0.000000
40 11 0.000000 0.000000 0.000000
41 11 0.000000 0.000000 0.000000
42 11 0.000000 0.000000 0.000000
43 11 0.000000 0.000000 0.000000
44 11 0.000000 0.000000 0.000000
45 11 0.000000 0.000000 0.000000
46 11 0.000000 0.000000 0.000000
47 11 0.000000 0.000000 0.000000
48 11 0.000000 0.000000 0.000000
49 11 0.000000 0.000000 0.000000

0 12 0.000000 0.000000 0.000000
1 12 -0.010389 -0.001769 -0.003495
2 12 -0.017197 -0.001758 -0.004153
3 12 -0.027512 0.000951 -0.006653
4 12 -0.023050 0.009809 -0.008033
5 12 -0.018692 0.020765 -0.007765
6 12 0.012116 0.038030 -0.005327
7 12 0.047544 0.042682 0.010154
8 12 0.073744 0.036977 0.018177
9 12 0.080269 0.005549 0.033575
10 12 0.001402 -0.036621 0.013633
11 12 -0.066805 -0.046545 -0.025660
12 12 -0.084840 -0.029931 -0.040036
13 12 -0.041658 0.015572 -0.034557
14 12 0.079818 0.053437 0.022545
15 12 0.102093 0.020905 0.067909
16 12 -0.032000 -0.034882 0.009519
17 12 -0.100258 -0.030920 -0.059897
18 12 -0.015536 0.010860 -0.031846
19 12 0.063532 0.024926 0.030943
20 12 0.039659 0.005874 0.035947
21 12 -0.020259 -0.011616 -0.002001
22 12 -0.039418 -0.011411 -0.024959
23 12 -0.019053 -0.002446 -0.017662
24 12 0.005284 0.003997 -0.000587
25 12 0.015126 0.005238 0.009075
26 12 0.013262 0.003743 0.009655
27 12 0.007915 0.001972 0.006366
28 12 0.003698 0.000837 0.003191
29 12 0.001432 0.000299 0.001307
30 12 0.000474 0.000092 0.000454
31 12 0.000137 0.000025 0.000137
32 12 0.000035 0.000006 0.000036
33 12 0.000008 0.000001 0.000009
34 12 0.000002 0.000000 0.000002
35 12 0.000000 0.000000 0.000000
36 12 0.000000 0.000000 0.000000
37 12 0.000000 0.000000 0.000000
38 12 0.000000 0.000000 0.000000
39 12 0.000000 0.000000 0.000000
40 12 0.000000 0.000000 0.000000
41 12 0.000000 0.000000 0.000000
42 12 0.000000 0.000000 0.000000
43 12 0.000000 0.000000 0.000000
44 12 0.000000 0.000000 0.000000
45 12 0.000000 0.000000 0.000000
46 12 0.000000 0.000000 0.000000
47 12 0.000000 0.000000 0.000000
48 12 0.000000 0.000000 0.000000
49 12 0.000000 0.000000 0.000000

0 13 0.000000 0.000000 0.000000
1 13 0.001630 -0.005701 0.004283
2 13 -0.000686 -0.011637 0.003144
3 13 -0.006398 -0.020498 0.004271
4 13 -0.026037 -0.027513 -0.001911
5 13 -0.042186 -0.031304 -0.004845
6 13 -0.071355 -0.024776 -0.018016
7 13 -0.057024 0.001068 -0.022776
8 13 -0.022199 0.028476 -0.014471
9 13 0.054531 0.054149 0.006597
10 13 0.108700 0.035876 0.047679
11 13 0.044422 -0.012516 0.036373
12 13 -0.048532 -0.038958 -0.009987
13 13 -0.101314 -0.032800 -0.049351
14 13 -0.040621 0.010729 -0.045279
15 13 0.091982 0.043023 0.031159
16 13 0.082789 0.012159 0.067202
17 13 -0.051243 -0.029500 -0.004587
18 13 -0.083674 -0.019751 -0.058539
19 13 0.006692 0.012556 -0.017178
20 13 0.059790 0.018301 0.034976
21 13 0.022840 0.001252 0.027032
22 13 -0.027210 -0.010567 -0.009308
23 13 -0.034248 -0.008223 -0.024079
24 13 -0.011725 -0.000624 -0.013054
25 13 0.008567 0.003960 0.002522
26 13 0.014724 0.004391 0.009597
27 13 0.011631 0.002951 0.008875
28 13 0.006570 0.001499 0.005486
29 13 0.002958 0.000621 0.002638
30 13 0.001114 0.000218 0.001048
31 13 0.000361 0.000066 0.000356
32 13 0.000102 0.000018 0.000105
33 13 0.000026 0.000004 0.000027
34 13 0.000006 0.000001 0.000006
35 13 0.000001 0.000000 0.000001
36 13 0.000000 0.000000 0.000000
37 13 0.000000 0.000000 0.000000
38 13 0.000000 0.000000 0.000000
39 13 0.000000 0.000000 0.000000
40 13 0.000000 0.000000 0.000000
41 13 0.000000 0.000000 0.000000
42 13 0.000000 0.000000 0.000000
43 13 0.000000 0.000000 0.000000
44 13 0.000000 0.000000 0.000000
45 13 0.000000 0.000000 0.000000
46 13 0.000000 0.000000 0.000000
47 13 0.000000 0.000000 0.000000
48 13 0.000000 0.000000 0.000000
49 13 0.000000 0.000000 0.000000

0 14 0.000000 0.000000 0.000000
1 14 0.011315 0.007314 -0.003356
2 14 0.022211 0.012127 -0.001205
3 14 0.038147 0.015206 0.002334
4 14 0.046571 0.007780 0.009443
5 14 0.044660 -0.006017 0.012182
6 14 0.014668 -0.031799 0.013599
7 14 -0.049123 -0.049488 -0.007953
8 14 -0.095377 -0.040516 -0.030408
9 14 -0.091612 -0.003030 -0.046235
10 14 0.014591 0.048618 -0.014803
11 14 0.113690 0.051007 0.046839
12 14 0.088131 0.001874 0.057737
13 14 -0.039824 -0.041688 0.004768
14 14 -0.125724 -0.033446 -0.065660
15 14 -0.024785 0.017776 -0.046583
16 14 0.108266 0.037566 0.049251
17 14 0.052825 0.000988 0.058798
18 14 -0.070359 -0.026446 -0.024619
19 14 -0.059738 -0.009407 -0.052290
20 14 0.028627 0.013991 0.000958
21 14 0.051078 0.012056 0.036357
22 14 0.004661 -0.002678 0.015436
23 14 -0.031969 -0.009218 -0.016131
24 14 -0.027174 -0.005219 -0.021558
25 14 -0.004151 0.000910 -0.007665
26 14 0.011290 0.003786 0.005490
27 14 0.013835 0.003551 0.009728
28 14 0.009802 0.002216 0.007833
29 14 0.005196 0.001075 0.004502
30 14 0.002238 0.000431 0.002061
31 14 0.000815 0.000147 0.000790
32 14 0.000257 0.000044 0.000260
33 14 0.000071 0.000012 0.000075
34 14 0.000018 0.000003 0.000019
35 14 0.000004 0.000001 0.000004
36 14 0.000001 0.000000 0.000001
37 14 0.000000 0.000000 0.000000
38 14 0.000000 0.000000 0.000000
39 14 0.000000 0.000000 0.000000
40 14 0.000000 0.000000 0.000000
41 14 0.000000 0.000000 0.000000
42 14 0.000000 0.000000 0.000000
43 14 0.000000 0.000000 0.000000
44 14 0.000000 0.000000 0.000000
45 14 0.000000 0.000000 0.000000
46 14 0.000000 0.000000 0.000000
47 14 0.000000 0.000000 0.000000
48 14 0.000000 0.000000 0.000000
49 14 0.000000 0.000000 0.000000

0 15 0.000000 0.000000 0.000000
1 15 -0.010705 0.002464 -0.008083
2 15 -0.017770 0.008101 -0.009022
3 15 -0.016068 0.018391 -0.011144
4 15 0.003404 0.034474 -0.008324
5 15 0.042567 0.047006 0.000032
6 15 0.090997 0.044893 0.021711
7 15 0.097680 0.011910 0.037788
8 15 0.032231 -0.036863 0.027616
9 15 -0.086580 -0.061814 -0.022037
10 15 -0.123175 -0.032346 -0.065512
11 15 -0.027772 0.028492 -0.033819
12 15 0.093720 0.054930 0.036411
13 15 0.102810 0.015287 0.070002
14 15 -0.045216 -0.038797 0.005604
15 15 -0.120566 -0.029023 -0.076545
16 15 0.013325 0.021489 -0.027871
17 15 0.104506 0.027595 0.063780
18 15 0.008363 -0.007908 0.035520
19 15 -0.076810 -0.020293 -0.042029
20 15 -0.026751 -0.000469 -0.036538
21 15 0.043692 0.013097 0.018300
22 15 0.035310 0.006004 0.031812
23 15 -0.012202 -0.005175 0.002373
24 15 -0.032450 -0.007253 -0.020439
25 15 -0.018310 -0.002553 -0.016969
26 15 0.002759 0.001948 -0.002099
27 15 0.012897 0.003396 0.007771
28 15 0.012372 0.002734 0.009302
29 15 0.007879 0.001576 0.006581
30 15 0.003903 0.000724 0.003504
31 15 0.001599 0.000279 0.001520
32 15 0.000560 0.000093 0.000558
33 15 0.000171 0.000027 0.000178
34 15 0.000046 0.000007 0.000050
35 15 0.000011 0.000002 0.000012
36 15 0.000002 0.000000 0.000003
37 15 0.000000 0.000000 0.000001
38 15 0.000000 0.000000 0.000000
39 15 0.000000 0.000000 0.000000
40 15 0.000000 0.000000 0.000000
41 15 0.000000 0.000000 0.000000
42 15 0.000000 0.000000 0.000000
43 15 0.000000 0.000000 0.000000
44 15 0.000000 0.000000 0.000000
45 15 0.000000 0.000000 0.000000
46 15 0.000000 0.000000 0.000000
47 15 0.000000 0.000000 0.000000
48 15 0.000000 0.000000 0.000000
49 15 0.000000 0.000000 0.000000

0 16 0.000000 0.000000 0.000000
1 16 -0.006729 -0.010948 0.005006
2 16 -0.018463 -0.022503 0.003946
3 16 -0.044441 -0.031317 -0.002670
4 16 -0.071987 -0.031005 -0.012530
5 16 -0.093012 -0.009780 -0.029025
6 16 -0.047483 0.031395 -0.029151
7 16 0.043819 0.064537 0.003309
8 16 0.128378 0.055906 0.049337
9 16 0.085463 -0.003791 0.061422
10 16 -0.064672 -0.049433 -0.012550
11 16 -0.109004 -0.034162 -0.068170
12 16 -0.018015 0.012932 -0.034982
13 16 0.096858 0.038329 0.042787
14 16 0.066710 0.007366 0.066173
15 16 -0.085093 -0.030753 -0.023356
16 16 -0.081792 -0.011630 -0.073773
17 16 0.064176 0.022997 0.010917
18 16 0.076006 0.012909 0.064837
19 16 -0.037156 -0.013502 0.001417
20 16 -0.064182 -0.011670 -0.048382
21 16 0.007919 0.005775 -0.013233
22 16 0.046396 0.009896 0.029367
23 16 0.014541 0.000863 0.020909
24 16 -0.024348 -0.005963 -0.009564
25 16 -0.027984 -0.004864 -0.020897
26 16 -0.008680 -0.000448 -0.010729
27 16 0.008133 0.002423 0.002872
28 16 0.013152 0.002821 0.009009
29 16 0.010434 0.001981 0.008320
30 16 0.006002 0.001052 0.005228
31 16 0.002772 0.000457 0.002576
32 16 0.001077 0.000168 0.001055
33 16 0.000361 0.000054 0.000370
34 16 0.000107 0.000015 0.000114
35 16 0.000028 0.000004 0.000031
36 16 0.000007 0.000001 0.000008
37 16 0.000001 0.000000 0.000002
38 16 0.000000 0.000000 0.000000
39 16 0.000000 0.000000 0.000000
40 16 0.000000 0.000000 0.000000
41 16 0.000000 0.000000 0.000000
42 16 0.000000 0.000000 0.000000
43 16 0.000000 0.000000 0.000000
44 16 0.000000 0.000000 0.000000
45 16 0.000000 0.000000 0.000000
46 16 0.000000 0.000000 0.000000
47 16 0.000000 0.000000 0.000000
48 16 0.000000 0.000000 0.000000
49 16 0.000000 0.000000 0.000000

0 17 0.000000 0.000000 0.000000
1 17 0.021772 0.007801 -0.001449
2 17 0.045013 0.010720 0.003373
3 17 0.057975 -0.000414 0.013660
4 17 0.043385 -0.025878 0.018443
5 17 -0.024297 -0.058531 0.007832
6 17 -0.113831 -0.060657 -0.036130
7 17 -0.115142 -0.015931 -0.059677
8 17 -0.002502 0.042408 -0.025914
9 17 0.129455 0.055905 0.056508
10 17 0.079660 0.001658 0.071725
11 17 -0.078786 -0.039619 -0.018027
12 17 -0.112051 -0.017602 -0.075196
13 17 0.022287 0.024387 -0.022177
14 17 0.123674 0.026277 0.070313
15 17 0.008413 -0.012085 0.045366
16 17 -0.114662 -0.024823 -0.061695
17 17 -0.019899 0.005417 -0.048517
18 17 0.090493 0.020000 0.047888
19 17 0.025722 -0.000003 0.044052
20 17 -0.062971 -0.013411 -0.029569
21 17 -0.033123 -0.003110 -0.037954
22 17 0.033397 0.008041 0.010521
23 17 0.035170 0.005386 0.029935
24 17 -0.006308 -0.002533 0.006133
25 17 -0.029197 -0.005217 -0.017486
26 17 -0.019467 -0.002490 -0.017317
27 17 0.000224 0.000935 -0.003914
28 17 0.011387 0.002398 0.006542
29 17 0.012149 0.002153 0.009108
30 17 0.008250 0.001337 0.006930
31 17 0.004310 0.000656 0.003904
32 17 0.001855 0.000268 0.001781
33 17 0.000682 0.000094 0.000687
34 17 0.000218 0.000029 0.000230
35 17 0.000062 0.000008 0.000068
36 17 0.000016 0.000002 0.000018
37 17 0.000004 0.000000 0.000004
38 17 0.000001 0.000000 0.000001
39 17 0.000000 0.000000 0.000000
40 17 0.000000 0.000000 0.000000
41 17 0.000000 0.000000 0.000000
42 17 0.000000 0.000000 0.000000
43 17 0.000000 0.000000 0.000000
44 17 0.000000 0.000000 0.000000
45 17 0.000000 0.000000 0.000000
46 17 0.000000 0.000000 0.000000
47 17 0.000000 0.000000 0.000000
48 17 0.000000 0.000000 0.000000
49 17 0.000000 0.000000 0.000000

0 18 0.000000 0.000000 0.000000
1 18 -0.011512 0.011953 -0.017757
2 18 -0.009435 0.029361 -0.018683
3 18 0.024620 0.052509 -0.012080
4 18 0.091718 0.061557 0.012313
5 18 0.131591 0.032543 0.050383
6 18 0.053033 -0.029714 0.044033
7 18 -0.096361 -0.064164 -0.024964
8 18 -0.143446 -0.028539 -0.084067
9 18 0.005637 0.034393 -0.032816
10 18 0.131130 0.046376 0.069701
11 18 0.057257 -0.002520 0.062558
12 18 -0.089220 -0.038516 -0.032547
13 18 -0.091290 -0.012079 -0.075482
14 18 0.068094 0.028502 0.009455
15 18 0.097625 0.015883 0.081038
16 18 -0.061049 -0.019021 -0.002176
17 18 -0.087618 -0.012616 -0.073875
18 18 0.047700 0.013247 -0.000053
19 18 0.071646 0.010465 0.059788
20 18 -0.028091 -0.007423 0.006057
21 18 -0.057733 -0.008275 -0.043071
22 18 0.004618 0.002968 -0.014027
23 18 0.041248 0.006670 0.025879
24 18 0.014328 0.001088 0.020010
25 18 -0.021526 -0.003853 -0.007966
26 18 -0.026283 -0.003531 -0.019585
27 18 -0.009056 -0.000577 -0.010807
28 18 0.007013 0.001578 0.002155
29 18 0.012409 0.002023 0.008511
30 18 0.010242 0.001500 0.008233
31 18 0.006090 0.000834 0.005358
32 18 0.002905 0.000378 0.002728
33 18 0.001166 0.000145 0.001154
34 18 0.000404 0.000048 0.000419
35 18 0.000124 0.000014 0.000133
36 18 0.000034 0.000004 0.000038
37 18 0.000008 0.000001 0.000009
38 18 0.000002 0.000000 0.000002
39 18 0.000000 0.000000 0.000000
40 18 0.000000 0.000000 0.000000
41 18 0.000000 0.000000 0.000000
42 18 0.000000 0.000000 0.000000
43 18 0.000000 0.000000 0.000000
44 18 0.000000 0.000000 0.000000
45 18 0.000000 0.000000 0.000000
46 18 0.000000 0.000000 0.000000
47 18 0.000000 0.000000 0.000000
48 18 0.000000 0.000000 0.000000
49 18 0.000000 0.000000 0.000000

0 19 0.000000 0.000000 0.000000
1 19 -0.024875 -0.019536 0.004082
2 19 -0.067889 -0.032917 -0.005718
3 19 -0.111102 -0.021959 -0.029849
4 19 -0.090865 0.026454 -0.049520
5 19 0.050773 0.074971 -0.006109
6 19 0.159435 0.062173 0.072543
7 19 0.089347 -0.006724 0.073811
8 19 -0.099435 -0.055058 -0.026316
9 19 -0.125451 -0.023122 -0.094568
10 19 0.048995 0.027565 -0.006085
11 19 0.109721 0.025405 0.079492
12 19 -0.012358 -0.007612 0.029767
13 19 -0.109567 -0.019458 -0.063222
14 19 -0.010340 0.004487 -0.046368
15 19 0.113497 0.018717 0.060902
16 19 0.015316 -0.002972 0.051248
17 19 -0.103205 -0.015592 -0.055941
18 19 -0.015553 0.002120 -0.044828
19 19 0.080922 0.012288 0.044831
20 19 0.018415 0.000189 0.038104
21 19 -0.057299 -0.008272 -0.028682
22 19 -0.026189 -0.001856 -0.032913
23 19 0.031922 0.005129 0.011568
24 19 0.030312 0.003397 0.027126
25 19 -0.007697 -0.001690 0.004292
26 19 -0.027293 -0.003439 -0.016885
27 19 -0.017555 -0.001667 -0.016025
28 19 0.000672 0.000610 -0.003336
29 19 0.010899 0.001623 0.006419
30 19 0.011563 0.001489 0.008801
31 19 0.007909 0.000946 0.006731
32 19 0.004183 0.000475 0.003836
33 19 0.001830 0.000199 0.001778
34 19 0.000685 0.000072 0.000698
35 19 0.000224 0.000023 0.000238
36 19 0.000065 0.000006 0.000072
37 19 0.000017 0.000002 0.000019
38 19 0.000004 0.000000 0.000005
39 19 0.000001 0.000000 0.000001
40 19 0.000000 0.000000 0.000000
41 19 0.000000 0.000000 0.000000
42 19 0.000000 0.000000 0.000000
43 19 0.000000 0.000000 0.000000
44 19 0.000000 0.000000 0.000000
45 19 0.000000 0.000000 0.000000
46 19 0.000000 0.000000 0.000000
47 19 0.000000 0.000000 0.000000
48 19 0.000000 0.000000 0.000000
49 19 0.000000 0.000000 0.000000

0 20 0.000000 0.000000 0.000000
1 20 0.047639 0.003417 0.005640
2 20 0.068873 -0.020269 0.026571
3 20 -0.005443 -0.065974 0.024498
4 20 -0.148868 -0.078399 -0.041143
5 20 -0.160632 -0.018728 -0.094106
6 20 0.024289 0.052932 -0.020850
7 20 0.155753 0.051729 0.089032
8 20 0.039531 -0.005251 0.068421
9 20 -0.130253 -0.034110 -0.060506
10 20 -0.061281 0.000191 -0.075275
11 20 0.102432 0.028427 0.039111
12 20 0.083690 0.004621 0.077988
13 20 -0.079769 -0.022577 -0.016582
14 20 -0.095018 -0.007813 -0.080977
15 20 0.073275 0.017726 0.010596
16 20 0.086258 0.008756 0.079854
17 20 -0.069182 -0.012114 -0.011367
18 20 -0.070337 -0.006447 -0.068025
19 20 0.055088 0.008577 0.010512
20 20 0.056165 0.005376 0.053806
21 20 -0.035409 -0.005028 -0.003136
22 20 -0.047673 -0.004445 -0.039718
23 20 0.012088 0.002340 -0.006840
24 20 0.037291 0.003934 0.025854
25 20 0.008077 0.000287 0.015541
26 20 -0.022519 -0.002532 -0.010146
27 20 -0.023479 -0.002114 -0.018390
28 20 -0.006543 -0.000234 -0.008861
29 20 0.007685 0.001066 0.003074
30 20 0.011902 0.001304 0.008430
31 20 0.009526 0.000958 0.007808
32 20 0.005602 0.000534 0.005006
33 20 0.002666 0.000244 0.002538
34 20 0.001073 0.000095 0.001076
35 20 0.000375 0.000032 0.000393
36 20 0.000116 0.000010 0.000126
37 20 0.000032 0.000003 0.000036
38 20 0.000008 0.000001 0.000009
39 20 0.000002 0.000000 0.000002
40 20 0.000000 0.000000 0.000000
41 20 0.000000 0.000000 0.000000
42 20 0.000000 0.000000 0.000000
43 20 0.000000 0.000000 0.000000
44 20 0.000000 0.000000 0.000000
45 20 0.000000 0.000000 0.000000
46 20 0.000000 0.000000 0.000000
47 20 0.000000 0.000000 0.000000
48 20 0.000000 0.000000 0.000000
49 20 0.000000 0.000000 0.000000

0 21 0.000000 0.000000 0.000000
1 21 0.008516 0.052727 -0.056615
2 21 0.110451 0.089072 -0.014021
3 21 0.201780 0.054014 0.074420
4 21 0.073479 -0.031723 0.073280
5 21 -0.146020 -0.066832 -0.056645
6 21 -0.132097 -0.017130 -0.107537
7 21 0.080123 0.038216 0.007393
8 21 0.141022 0.022882 0.106999
9 21 -0.050847 -0.019780 0.016113
10 21 -0.119632 -0.020006 -0.088844
11 21 0.024909 0.007797 -0.021434
12 21 0.102045 0.017781 0.071752
13 21 -0.008925 -0.000588 0.034479
14 21 -0.107768 -0.012407 -0.066109
15 21 0.008385 0.002412 -0.037881
16 21 0.108195 0.010474 0.069195
17 21 -0.013643 -0.003103 0.033298
18 21 -0.094107 -0.008063 -0.062835
19 21 0.011813 0.002853 -0.025489
20 21 0.073211 0.006358 0.050086
21 21 -0.003105 -0.001232 0.022769
22 21 -0.054569 -0.004498 -0.033999
23 21 -0.011032 -0.000120 -0.023170
24 21 0.034560 0.003110 0.017584
25 21 0.021837 0.001457 0.023036
26 21 -0.013447 -0.001337 -0.001234
27 21 -0.025851 -0.001952 -0.017583
28 21 -0.013439 -0.000760 -0.013440
29 21 0.003167 0.000503 -0.001036
30 21 0.011125 0.000991 0.007099
31 21 0.010723 0.000859 0.008415
32 21 0.007040 0.000533 0.006117
33 21 0.003641 0.000265 0.003394
34 21 0.001572 0.000110 0.001549
35 21 0.000584 0.000040 0.000603
36 21 0.000191 0.000013 0.000205
37 21 0.000056 0.000004 0.000062
38 21 0.000015 0.000001 0.000017
39 21 0.000003 0.000000 0.000004
40 21 0.000001 0.000000 0.000001
41 21 0.000000 0.000000 0.000000
42 21 0.000000 0.000000 0.000000
43 21 0.000000 0.000000 0.000000
44 21 0.000000 0.000000 0.000000
45 21 0.000000 0.000000 0.000000
46 21 0.000000 0.000000 0.000000
47 21 0.000000 0.000000 0.000000
48 21 0.000000 0.000000 0.000000
49 21 0.000000 0.000000 0.000000

0 22 0.000000 0.000000 0.000000
1 22 -0.155756 -0.016575 -0.041743
2 22 -0.159862 0.046473 -0.097456
3 22 0.084078 0.102517 0.000110
4 22 0.216662 0.064003 0.137454
5 22 0.014627 -0.017435 0.068693
6 22 -0.165436 -0.035862 -0.091895
7 22 -0.042286 0.003145 -0.074058
8 22 0.135597 0.026089 0.071875
9 22 0.040993 0.003727 0.076849
10 22 -0.121070 -0.014055 -0.057305
11 22 -0.045223 0.002799 -0.067197
12 22 0.107058 0.013062 0.046062
13 22 0.060451 -0.001883 0.071619
14 22 -0.101343 -0.011891 -0.036332
15 22 -0.060391 -0.000357 -0.072646
16 22 0.098515 0.009861 0.039015
17 22 0.045619 0.001565 0.065962
18 22 -0.088081 -0.006778 -0.038399
19 22 -0.033602 -0.001105 -0.052346
20 22 0.068557 0.004827 0.031874
21 22 0.028929 0.001258 0.041601
22 22 -0.047453 -0.003048 -0.019399
23 22 -0.031200 -0.001408 -0.033517
24 22 0.024162 0.001735 0.005322
25 22 0.031003 0.001685 0.025632
26 22 -0.002243 -0.000331 0.007839
27 22 -0.024596 -0.001395 -0.014039
28 22 -0.019045 -0.000897 -0.016420
29 22 -0.002065 0.000073 -0.005327
30 22 0.009284 0.000627 0.004953
31 22 0.011350 0.000664 0.008458
32 22 0.008372 0.000461 0.007057
33 22 0.004701 0.000248 0.004286
34 22 0.002169 0.000111 0.002100
35 22 0.000855 0.000043 0.000869
36 22 0.000294 0.000014 0.000312
37 22 0.000090 0.000004 0.000099
38 22 0.000025 0.000001 0.000028
39 22 0.000006 0.000000 0.000007
40 22 0.000001 0.000000 0.000002
41 22 0.000000 0.000000 0.000000
42 22 0.000000 0.000000 0.000000
43 22 0.000000 0.000000 0.000000
44 22 0.000000 0.000000 0.000000
45 22 0.000000 0.000000 0.000000
46 22 0.000000 0.000000 0.000000
47 22 0.000000 0.000000 0.000000
48 22 0.000000 0.000000 0.000000
49 22 0.000000 0.000000 0.000000

0 23 0.000000 0.000000 0.000000
1 23 -0.014094 -0.089860 0.079268
2 23 -0.280431 -0.086043 -0.100452
3 23 -0.165341 0.003877 -0.138598
4 23 0.147384 0.050817 0.063997
5 23 0.130056 0.021726 0.138191
6 23 -0.105775 -0.015057 -0.019099
7 23 -0.118586 -0.007234 -0.106511
8 23 0.094978 0.012777 0.016288
9 23 0.109024 0.006239 0.102308
10 23 -0.077199 -0.008073 -0.010581
11 23 -0.088819 -0.008749 -0.081690
12 23 0.055730 0.002359 0.004498
13 23 0.086664 0.007912 0.075386
14 23 -0.054375 -0.000236 0.004176
15 23 -0.091635 -0.004287 -0.076786
16 23 0.061517 0.002045 0.000902
17 23 0.082777 0.002869 0.075718
18 23 -0.060975 -0.002531 -0.006259
19 23 -0.066952 -0.002032 -0.063741
20 23 0.048366 0.002185 0.007225
21 23 0.052897 0.001735 0.049977
22 23 -0.030678 -0.001294 -0.001094
23 23 -0.044662 -0.001410 -0.036652
24 23 0.009451 0.000553 -0.007714
25 23 0.034661 0.001202 0.023615
26 23 0.008986 0.000198 0.015492
27 23 -0.020337 -0.000723 -0.008648
28 23 -0.022780 -0.000690 -0.017563
29 23 -0.007389 -0.000139 -0.009275
30 23 0.006586 0.000295 0.002250
31 23 0.011343 0.000407 0.007932
32 23 0.009489 0.000318 0.007742
33 23 0.005781 0.000186 0.005153
34 23 0.002844 0.000089 0.002703
35 23 0.001183 0.000036 0.001185
36 23 0.000428 0.000013 0.000448
37 23 0.000137 0.000004 0.000149
38 23 0.000039 0.000001 0.000044
39 23 0.000010 0.000000 0.000012
40 23 0.000002 0.000000 0.000003
41 23 0.000001 0.000000 0.000001
42 23 0.000000 0.000000 0.000000
43 23 0.000000 0.000000 0.000000
44 23 0.000000 0.000000 0.000000
45 23 0.000000 0.000000 0.000000
46 23 0.000000 0.000000 0.000000
47 23 0.000000 0.000000 0.000000
48 23 0.000000 0.000000 0.000000
49 23 0.000000 0.000000 0.000000

0 24 0.000000 0.000000 0.000000
1 24 0.519963 0.100792 0.597631
2 24 -0.056102 -0.025151 0.078759
3 24 -0.225626 -0.021688 -0.165079
4 24 0.053416 0.006466 -0.026702
5 24 0.175286 0.008570 0.139553
6 24 -0.037472 -0.003517 0.040155
7 24 -0.147444 -0.006309 -0.101157
8 24 0.028000 -0.000166 -0.032568
9 24 0.129097 0.004220 0.095113
10 24 -0.030612 -0.000766 0.031649
11 24 -0.118858 -0.000154 -0.079979
12 24 0.015522 0.005715 -0.030280
13 24 0.116461 0.001941 0.072973
14 24 -0.005572 -0.004612 0.038937
15 24 -0.115076 -0.002953 -0.070994
16 24 0.013233 0.001981 -0.034663
17 24 0.103826 0.002230 0.071217
18 24 -0.022290 -0.000681 0.025402
19 24 -0.085523 -0.001270 -0.061957
20 24 0.019769 0.000386 -0.017494
21 24 0.065950 0.000833 0.048624
22 24 -0.009328 -0.000169 0.016624
23 24 -0.050355 -0.000570 -0.033454
24 24 -0.006297 -0.000004 -0.019103
25 24 0.033261 0.000401 0.018169
26 24 0.018676 0.000185 0.020843
27 24 -0.014070 -0.000175 -0.002423
28 24 -0.024487 -0.000257 -0.016993
29 24 -0.012282 -0.000104 -0.012507
30 24 0.003327 0.000064 -0.000712
31 24 0.010730 0.000131 0.006913
32 24 0.010319 0.000116 0.008128
33 24 0.006820 0.000074 0.005937
34 24 0.003565 0.000037 0.003327
35 24 0.001561 0.000016 0.001538
36 24 0.000590 0.000006 0.000609
37 24 0.000196 0.000002 0.000211
38 24 0.000058 0.000001 0.000065
39 24 0.000016 0.000000 0.000018
40 24 0.000004 0.000000 0.000004
41 24 0.000001 0.000000 0.000001
42 24 0.000000 0.000000 0.000000
43 24 0.000000 0.000000 0.000000
44 24 0.000000 0.000000 0.000000
45 24 0.000000 0.000000 0.000000
46 24 0.000000 0.000000 0.000000
47 24 0.000000 0.000000 0.000000
48 24 0.000000 0.000000 0.000000
49 24 0.000000 0.000000 0.000000

0 25 0.000000 0.000000 0.000000
1 25 0.205445 -0.184028 0.061330
2 25 -0.097392 -0.004638 0.014583
3 25 -0.254867 0.021131 -0.156944
4 25 -0.003512 -0.001495 -0.059884
5 25 0.178239 -0.010256 0.123939
6 25 0.011184 0.000797 0.071653
7 25 -0.152371 0.006321 -0.084686
8 25 -0.020554 0.002660 -0.063996
9 25 0.139383 -0.002914 0.080468
10 25 0.016523 0.000214 0.060464
11 25 -0.110849 0.002486 -0.064602
12 25 -0.016732 -0.004567 -0.050103
13 25 0.099686 -0.005286 0.053504
14 25 0.024198 0.002453 0.055605
15 25 -0.106303 0.004522 -0.051163
16 25 -0.022581 -0.000319 -0.055483
17 25 0.104382 -0.002616 0.055396
18 25 0.013174 -0.000188 0.048197
19 25 -0.089712 0.001372 -0.050871
20 25 -0.009150 0.000064 -0.037244
21 25 0.068783 -0.000886 0.040338
22 25 0.012012 -0.000105 0.030898
23 25 -0.049239 0.000572 -0.025926
24 25 -0.020623 0.000180 -0.027522
25 25 0.028063 -0.000350 0.010787
26 25 0.025979 -0.000276 0.023687
27 25 -0.006850 0.000095 0.003754
28 25 -0.024350 0.000261 -0.015075
29 25 -0.016393 0.000153 -0.014839
30 25 -0.000179 -0.000025 -0.003656
31 25 0.009612 -0.000120 0.005528
32 25 0.010833 -0.000123 0.008213
33 25 0.007763 -0.000085 0.006598
34 25 0.004299 -0.000046 0.003939
35 25 0.001972 -0.000020 0.001914
36 25 0.000776 -0.000008 0.000790
37 25 0.000268 -0.000003 0.000284
38 25 0.000082 -0.000001 0.000091
39 25 0.000023 -0.000000 0.000026
40 25 0.000006 -0.000000 0.000007
41 25 0.000001 -0.000000 0.000002
42 25 0.000000 -0.000000 0.000000
43 25 0.000000 -0.000000 0.000000
44 25 0.000000 -0.000000 0.000000
45 25 0.000000 -0.000000 0.000000
46 25 0.000000 -0.000000 0.000000
47 25 0.000000 -0.000000 0.000000
48 25 0.000000 -0.000000 0.000000
49 25 0.000000 0.000000 0.000000

0 26 0.000000 0.000000 0.000000
1 26 0.012742 -0.027455 0.047695
2 26 -0.169571 0.068426 -0.020731
3 26 -0.229014 0.066954 -0.123977
4 26 0.009674 -0.002668 -0.040533
5 26 0.189039 -0.033172 0.118092
6 26 0.037325 -0.008043 0.079936
7 26 -0.145434 0.014732 -0.074750
8 26 -0.045407 0.000740 -0.076367
9 26 0.129336 -0.014305 0.063525
10 26 0.045499 -0.004543 0.075275
11 26 -0.110623 0.005628 -0.049298
12 26 -0.057473 0.004532 -0.067831
13 26 0.090606 -0.001025 0.035778
14 26 0.066509 -0.002413 0.072090
15 26 -0.089325 0.001751 -0.029227
16 26 -0.060442 0.000931 -0.071406
17 26 0.091127 -0.003496 0.034430
18 26 0.045526 -0.001033 0.063976
19 26 -0.082294 0.003205 -0.034531
20 26 -0.034839 0.000884 -0.051036
21 26 0.063565 -0.002469 0.028104
22 26 0.030561 -0.000964 0.040747
23 26 -0.043177 0.001536 -0.016177
24 26 -0.032164 0.000967 -0.032675
25 26 0.020575 -0.000804 0.002820
26 26 0.030701 -0.001012 0.024312
27 26 0.000426 0.000036 0.009272
28 26 -0.022772 0.000741 -0.012281
29 26 -0.019563 0.000573 -0.016262
30 26 -0.003651 0.000043 -0.006369
31 26 0.008132 -0.000315 0.003928
32 26 0.011043 -0.000380 0.008034
33 26 0.008575 -0.000282 0.007115
34 26 0.005013 -0.000161 0.004510
35 26 0.002400 -0.000075 0.002294
36 26 0.000980 -0.000030 0.000984
37 26 0.000350 -0.000011 0.000366
38 26 0.000111 -0.000003 0.000120
39 26 0.000031 -0.000001 0.000035
40 26 0.000008 -0.000000 0.000009
41 26 0.000002 -0.000000 0.000002
42 26 0.000000 -0.000000 0.000001
43 26 0.000000 -0.000000 0.000000
44 26 0.000000 -0.000000 0.000000
45 26 0.000000 -0.000000 0.000000
46 26 0.000000 -0.000000 0.000000
47 26 0.000000 -0.000000 0.000000
48 26 0.000000 -0.000000 0.000000
49 26 0.000000 0.000000 0.000000

0 27 0.000000 0.000000 0.000000
1 27 -0.062629 0.039132 0.006015
2 27 -0.161132 0.095018 -0.040155
3 27 -0.133697 0.061364 -0.078434
4 27 0.074248 -0.027491 0.000584
5 27 0.191458 -0.059603 0.114331
6 27 0.022452 -0.012200 0.062876
7 27 -0.149702 0.025771 -0.076170
8 27 -0.064211 0.008875 -0.079477
9 27 0.121522 -0.015853 0.053304
10 27 0.064985 -0.007234 0.083424
11 27 -0.103255 0.014224 -0.039533
12 27 -0.061694 0.007876 -0.072113
13 27 0.087230 -0.013159 0.027197
14 27 0.075154 -0.010068 0.073819
15 27 -0.080931 0.008256 -0.016385
16 27 -0.080369 0.007434 -0.076361
17 27 0.078675 -0.006134 0.017684
18 27 0.069047 -0.005011 0.071973
19 27 -0.070765 0.004575 -0.018553
20 27 -0.055157 0.003184 -0.059136
21 27 0.053996 -0.003472 0.015080
22 27 0.045157 -0.002589 0.046465
23 27 -0.034373 0.002031 -0.006049
24 27 -0.040556 0.002143 -0.034990
25 27 0.012186 -0.000851 -0.004734
26 27 0.033126 -0.001848 0.023284
27 27 0.007126 -0.000329 0.013808
28 27 -0.020244 0.001102 -0.009073
29 27 -0.021795 0.001091 -0.016893
30 27 -0.006876 0.000255 -0.008715
31 27 0.006452 -0.000433 0.002259
32 27 0.010994 -0.000633 0.007651
33 27 0.009239 -0.000508 0.007484
34 27 0.005679 -0.000305 0.005018
35 27 0.002826 -0.000149 0.002661
36 27 0.001192 -0.000062 0.001182
37 27 0.000438 -0.000022 0.000453
38 27 0.000142 -0.000007 0.000153
39 27 0.000041 -0.000002 0.000046
40 27 0.000011 -0.000001 0.000013
41 27 0.000003 -0.000000 0.000003
42 27 0.000001 -0.000000 0.000001
43 27 0.000000 -0.000000 0.000000
44 27 0.000000 -0.000000 0.000000
45 27 0.000000 -0.000000 0.000000
46 27 0.000000 -0.000000 0.000000
47 27 0.000000 -0.000000 0.000000
48 27 0.000000 -0.000000 0.000000
49 27 0.000000 0.000000 0.000000

0 28 0.000000 0.000000 0.000000
1 28 -0.049109 0.041701 -0.023160
2 28 -0.074905 0.060225 -0.038978
3 28 -0.004699 0.009295 -0.032991
4 28 0.139966 -0.066827 0.035117
5 28 0.163629 -0.071162 0.095224
6 28 -0.018181 -0.002435 0.027951
7 28 -0.155008 0.040274 -0.084448
8 28 -0.050397 0.013643 -0.069945
9 28 0.131019 -0.027028 0.056829
10 28 0.073038 -0.015718 0.083421
11 28 -0.096099 0.013260 -0.034863
12 28 -0.074787 0.006829 -0.073994
13 28 0.063117 -0.010547 0.014788
14 28 0.082382 -0.006273 0.071960
15 28 -0.055792 0.009037 -0.000478
16 28 -0.089539 0.007337 -0.074773
17 28 0.059179 -0.007951 0.001162
18 28 0.082779 -0.007523 0.073471
19 28 -0.056234 0.005636 -0.003749
20 28 -0.069062 0.005743 -0.062365
21 28 0.042591 -0.003969 0.002961
22 28 0.055554 -0.004585 0.048849
23 28 -0.024689 0.002030 0.003242
24 28 -0.046066 0.003491 -0.035215
25 28 0.003963 -0.000506 -0.011285
26 28 0.033797 -0.002655 0.021245
27 28 0.012895 -0.000934 0.017287
28 28 -0.017251 0.001308 -0.005840
29 28 -0.023213 0.001648 -0.016924
30 28 -0.009714 0.000585 -0.010635
31 28 0.004725 -0.000470 0.000649
32 28 0.010756 -0.000868 0.007140
33 28 0.009756 -0.000752 0.007719
34 28 0.006275 -0.000473 0.005451
35 28 0.003230 -0.000239 0.002998
36 28 0.001402 -0.000103 0.001371
37 28 0.000527 -0.000038 0.000540
38 28 0.000175 -0.000013 0.000186
39 28 0.000052 -0.000004 0.000057
40 28 0.000014 -0.000001 0.000016
41 28 0.000003 -0.000000 0.000004
42 28 0.000001 -0.000000 0.000001
43 28 0.000000 -0.000000 0.000000
44 28 0.000000 -0.000000 0.000000
45 28 0.000000 -0.000000 0.000000
46 28 0.000000 -0.000000 0.000000
47 28 0.000000 -0.000000 0.000000
48 28 0.000000 -0.000000 0.000000
49 28 0.000000 0.000000 0.000000

0 29 0.000000 0.000000 0.000000
1 29 -0.002194 0.010911 -0.024249
2 29 0.018798 -0.001840 -0.021067
3 29 0.086283 -0.050730 0.001857
4 29 0.144816 -0.089994 0.045448
5 29 0.090428 -0.057620 0.058117
6 29 -0.081408 0.020059 -0.013367
7 29 -0.153635 0.051969 -0.088993
8 29 -0.019374 0.006957 -0.045854
9 29 0.130998 -0.036695 0.064197
10 29 0.062323 -0.017195 0.075517
11 29 -0.106157 0.020259 -0.038488
12 29 -0.083276 0.018913 -0.076910
13 29 0.071057 -0.009151 0.015271
14 29 0.098811 -0.017440 0.076396
15 29 -0.048998 0.004306 0.005411
16 29 -0.104015 0.013247 -0.076965
17 29 0.044939 -0.005371 -0.009963
18 29 0.094833 -0.011133 0.074513
19 29 -0.042539 0.004799 0.008121
20 29 -0.079138 0.008451 -0.063451
21 29 0.031372 -0.003656 -0.007263
22 29 0.062680 -0.006662 0.049263
23 29 -0.015450 0.001556 0.011073
24 29 -0.049379 0.004844 -0.034227
25 29 -0.003403 0.000154 -0.016601
26 29 0.033353 -0.003360 0.018792
27 29 0.017606 -0.001698 0.019806
28 29 -0.014208 0.001362 -0.002872
29 29 -0.024007 0.002202 -0.016571
30 29 -0.012099 0.001000 -0.012132
31 29 0.003086 -0.000435 -0.000805
32 29 0.010407 -0.001078 0.006578
33 29 0.010141 -0.001004 0.007845
34 29 0.006787 -0.000658 0.005801
35 29 0.003597 -0.000344 0.003293
36 29 0.001598 -0.000151 0.001545
37 29 0.000614 -0.000058 0.000621
38 29 0.000208 -0.000019 0.000219
39 29 0.000063 -0.000006 0.000068
40 29 0.000017 -0.000002 0.000019
41 29 0.000004 -0.000000 0.000005
42 29 0.000001 -0.000000 0.000001
43 29 0.000000 -0.000000 0.000000
44 29 0.000000 -0.000000 0.000000
45 29 0.000000 -0.000000 0.000000
46 29 0.000000 -0.000000 0.000000
47 29 0.000000 -0.000000 0.000000
48 29 0.000000 -0.000000 0.000000
49 29 0.000000 0.000000 0.000000

0 30 0.000000 0.000000 0.000000
1 30 0.024257 -0.015560 -0.008251
2 30 0.053557 -0.039776 -0.001049
3 30 0.085107 -0.068308 0.016892
4 30 0.071345 -0.065127 0.030560
5 30 -0.015378 -0.010497 0.014365
6 30 -0.136371 0.056046 -0.045542
7 30 -0.122662 0.057128 -0.075630
8 30 0.027729 -0.003955 -0.011624
9 30 0.138292 -0.042999 0.073167
10 30 0.046381 -0.016056 0.062309
11 30 -0.113605 0.028086 -0.048934
12 30 -0.065621 0.017925 -0.071325
13 30 0.080793 -0.021476 0.023805
14 30 0.084738 -0.021628 0.070998
15 30 -0.054279 0.011838 0.001507
16 30 -0.101772 0.019482 -0.073605
17 30 0.041310 -0.007323 -0.012949
18 30 0.099976 -0.016092 0.073303
19 30 -0.034201 0.004535 0.014968
20 30 -0.085661 0.011717 -0.063313
21 30 0.022579 -0.003029 -0.014618
22 30 0.067488 -0.008846 0.048817
23 30 -0.007705 0.000767 0.017086
24 30 -0.051308 0.006156 -0.032830
25 30 -0.009507 0.001024 -0.020664
26 30 0.032409 -0.003955 0.016420
27 30 0.021288 -0.002550 0.021550
28 30 -0.011443 0.001299 -0.000358
29 30 -0.024392 0.002733 -0.016045
30 30 -0.014014 0.001465 -0.013246
31 30 0.001643 -0.000344 -0.002033
32 30 0.010024 -0.001264 0.006034
33 30 0.010417 -0.001258 0.007892
34 30 0.007209 -0.000854 0.006068
35 30 0.003912 -0.000458 0.003535
36 30 0.001772 -0.000206 0.001692
37 30 0.000692 -0.000080 0.000692
38 30 0.000238 -0.000027 0.000247
39 30 0.000073 -0.000008 0.000079
40 30 0.000020 -0.000002 0.000022
41 30 0.000005 -0.000001 0.000006
42 30 0.000001 -0.000000 0.000001
43 30 0.000000 -0.000000 0.000000
44 30 0.000000 -0.000000 0.000000
45 30 0.000000 -0.000000 0.000000
46 30 0.000000 -0.000000 0.000000
47 30 0.000000 -0.000000 0.000000
48 30 0.000000 -0.000000 0.000000
49 30 0.000000 0.000000 0.000000

0 31 0.000000 0.000000 0.000000
1 31 0.017343 -0.017999 0.004897
2 31 0.028043 -0.032955 0.008047
3 31 0.021875 -0.034757 0.012384
4 31 -0.020870 -0.007532 0.006087
5 31 -0.088660 0.042293 -0.018115
6 31 -0.126923 0.072069 -0.051119
7 31 -0.047556 0.035875 -0.042178
8 31 0.089906 -0.030853 0.025026
9 31 0.135908 -0.055893 0.076095
10 31 0.006835 -0.011315 0.036112
11 31 -0.125518 0.034418 -0.062669
12 31 -0.054393 0.015271 -0.061775
13 31 0.077944 -0.020472 0.030265
14 31 0.077971 -0.016410 0.066147
15 31 -0.046344 0.012117 0.000783
16 31 -0.096992 0.017745 -0.069734
17 31 0.034657 -0.008437 -0.015384
18 31 0.100355 -0.017939 0.071072
19 31 -0.028090 0.004745 0.019120
20 31 -0.089051 0.014325 -0.062601
21 31 0.016471 -0.002538 -0.019403
22 31 0.070648 -0.010937 0.048234
23 31 -0.001984 -0.000090 0.021278
24 31 -0.052546 0.007422 -0.031622
25 31 -0.014157 0.001980 -0.023582
26 31 0.031487 -0.004477 0.014494
27 31 0.024050 -0.003431 0.022728
28 31 -0.009197 0.001169 0.001589
29 31 -0.024570 0.003239 -0.015526
30 31 -0.015478 0.001952 -0.014035
31 31 0.000477 -0.000221 -0.002991
32 31 0.009680 -0.001431 0.005568
33 31 0.010611 -0.001508 0.007891
34 31 0.007537 -0.001054 0.006256
35 31 0.004165 -0.000577 0.003717
36 31 0.001913 -0.000263 0.001806
37 31 0.000756 -0.000104 0.000748
38 31 0.000262 -0.000036 0.000270
39 31 0.000081 -0.000011 0.000087
40 31 0.000023 -0.000003 0.000025
41 31 0.000006 -0.000001 0.000007
42 31 0.000001 -0.000000 0.000002
43 31 0.000000 -0.000000 0.000000
44 31 0.000000 -0.000000 0.000000
45 31 0.000000 -0.000000 0.000000
46 31 0.000000 -0.000000 0.000000
47 31 0.000000 -0.000000 0.000000
48 31 0.000000 -0.000000 0.000000
49 31 0.000000 0.000000 0.000000

0 32 0.000000 0.000000 0.000000
1 32 -0.003236 -0.004323 0.005751
2 32 -0.014402 -0.002724 0.004309
3 32 -0.035100 0.011087 -0.000193
4 32 -0.069265 0.037191 -0.011468
5 32 -0.088251 0.060038 -0.027405
6 32 -0.059669 0.047704 -0.031133
7 32 0.036434 -0.006652 -0.003695
8 32 0.123120 -0.058543 0.049424
9 32 0.088390 -0.050531 0.058884
10 32 -0.050286 0.011114 0.000281
11 32 -0.131857 0.046276 -0.071361
12 32 -0.029411 0.016311 -0.046035
13 32 0.101696 -0.025436 0.045545
14 32 0.078583 -0.024729 0.065434
15 32 -0.059756 0.010316 -0.009399
16 32 -0.102325 0.023067 -0.072355
17 32 0.037427 -0.006523 -0.012123
18 32 0.104342 -0.021168 0.072577
19 32 -0.026581 0.003914 0.019727
20 32 -0.092412 0.016901 -0.063397
21 32 0.013538 -0.001948 -0.021658
22 32 0.073290 -0.012963 0.048414
23 32 0.001439 -0.000902 0.023742
24 32 -0.053728 0.008683 -0.031094
25 32 -0.017286 0.002921 -0.025498
26 32 0.030999 -0.004992 0.013278
27 32 0.026019 -0.004303 0.023527
28 32 -0.007643 0.001032 0.002903
29 32 -0.024714 0.003733 -0.015153
30 32 -0.016519 0.002436 -0.014556
31 32 -0.000353 -0.000093 -0.003653
32 32 0.009431 -0.001591 0.005225
33 32 0.010746 -0.001753 0.007866
34 32 0.007770 -0.001252 0.006370
35 32 0.004345 -0.000695 0.003835
36 32 0.002015 -0.000321 0.001882
37 32 0.000803 -0.000127 0.000786
38 32 0.000281 -0.000044 0.000286
39 32 0.000087 -0.000014 0.000092
40 32 0.000024 -0.000004 0.000027
41 32 0.000006 -0.000001 0.000007
42 32 0.000001 -0.000000 0.000002
43 32 0.000000 -0.000000 0.000000
44 32 0.000000 -0.000000 0.000000
45 32 0.000000 -0.000000 0.000000
46 32 0.000000 -0.000000 0.000000
47 32 0.000000 -0.000000 0.000000
48 32 0.000000 -0.000000 0.000000
49 32 0.000000 0.000000 0.000000

0 33 0.000000 0.000000 0.000000
1 33 -0.014310 0.008240 -0.001842
2 33 -0.031509 0.019430 -0.004647
3 33 -0.043372 0.032192 -0.008815
4 33 -0.051854 0.042744 -0.015187
5 33 -0.027655 0.035237 -0.016101
6 33 0.022278 0.001646 -0.003258
7 33 0.092479 -0.044838 0.023569
8 33 0.105631 -0.062850 0.050098
9 33 0.018787 -0.022298 0.025278
10 33 -0.090023 0.035307 -0.029589
11 33 -0.111588 0.048179 -0.067918
12 33 0.021181 0.000676 -0.019021
13 33 0.119810 -0.042630 0.062629
14 33 0.043854 -0.023381 0.050807
15 33 -0.086592 0.023983 -0.029095
16 33 -0.088902 0.028216 -0.068075
17 33 0.054785 -0.012236 0.000378
18 33 0.102740 -0.026100 0.073059
19 33 -0.033931 0.005441 0.014370
20 33 -0.094555 0.020291 -0.065080
21 33 0.015415 -0.002038 -0.020519
22 33 0.075780 -0.015242 0.049667
23 33 0.002062 -0.001439 0.024310
24 33 -0.055283 0.010063 -0.031563
25 33 -0.018795 0.003746 -0.026469
26 33 0.031243 -0.005587 0.012954
27 33 0.027283 -0.005137 0.024073
28 33 -0.006903 0.000954 0.003544
29 33 -0.024947 0.004237 -0.015022
30 33 -0.017159 0.002895 -0.014853
31 33 -0.000805 0.000013 -0.004004
32 33 0.009322 -0.001756 0.005037
33 33 0.010842 -0.001992 0.007839
34 33 0.007909 -0.001441 0.006415
35 33 0.004449 -0.000807 0.003887
36 33 0.002072 -0.000375 0.001916
37 33 0.000828 -0.000150 0.000803
38 33 0.000290 -0.000052 0.000293
39 33 0.000091 -0.000016 0.000095
40 33 0.000025 -0.000005 0.000028
41 33 0.000006 -0.000001 0.000007
42 33 0.000002 -0.000000 0.000002
43 33 0.000000 -0.000000 0.000000
44 33 0.000000 -0.000000 0.000000
45 33 0.000000 -0.000000 0.000000
46 33 0.000000 -0.000000 0.000000
47 33 0.000000 -0.000000 0.000000
48 33 0.000000 -0.000000 0.000000
49 33 0.000000 0.000000 0.000000

0 34 0.000000 0.000000 0.000000
1 34 -0.007179 0.008531 -0.007511
2 34 -0.012259 0.015900 -0.008576
3 34 -0.007063 0.017567 -0.008110
4 34 0.006581 0.011118 -0.007042
5 34 0.041758 -0.011551 0.001728
6 34 0.073564 -0.040252 0.015457
7 34 0.091970 -0.060390 0.029666
8 34 0.043076 -0.040890 0.027968
9 34 -0.049134 0.011589 -0.009832
10 34 -0.108435 0.049714 -0.045952
11 34 -0.070027 0.036844 -0.050736
12 34 0.067025 -0.021306 0.012576
13 34 0.105472 -0.044962 0.066559
14 34 0.002300 -0.005641 0.026677
15 34 -0.090053 0.032554 -0.041200
16 34 -0.062606 0.020821 -0.055880
17 34 0.066593 -0.019994 0.012455
18 34 0.092120 -0.026162 0.069636
19 34 -0.044579 0.009615 0.005928
20 34 -0.093021 0.022696 -0.066036
21 34 0.021607 -0.003547 -0.016270
22 34 0.077474 -0.017549 0.051595
23 34 -0.000394 -0.001348 0.022853
24 34 -0.057255 0.011631 -0.033073
25 34 -0.018531 0.004316 -0.026452
26 34 0.032379 -0.006356 0.013619
27 34 0.027850 -0.005900 0.024410
28 34 -0.007068 0.001003 0.003478
29 34 -0.025337 0.004774 -0.015183
30 34 -0.017402 0.003307 -0.014943
31 34 -0.000850 0.000066 -0.004034
32 34 0.009376 -0.001942 0.005020
33 34 0.010909 -0.002225 0.007817
34 34 0.007954 -0.001616 0.006393
35 34 0.004471 -0.000907 0.003870
36 34 0.002081 -0.000422 0.001906
37 34 0.000831 -0.000169 0.000798
38 34 0.000291 -0.000059 0.000291
39 34 0.000091 -0.000018 0.000094
40 34 0.000026 -0.000005 0.000027
41 34 0.000007 -0.000001 0.000007
42 34 0.000002 -0.000000 0.000002
43 34 0.000000 -0.000000 0.000000
44 34 0.000000 -0.000000 0.000000
45 34 0.000000 -0.000000 0.000000
46 34 0.000000 -0.000000 0.000000
47 34 0.000000 -0.000000 0.000000
48 34 0.000000 -0.000000 0.000000
49 34 0.000000 0.000000 0.000000

0 35 0.000000 0.000000 0.000000
1 35 0.006199 -0.000695 -0.005381
2 35 0.014451 -0.003861 -0.004394
3 35 0.028100 -0.011718 -0.001291
4 35 0.043599 -0.024880 0.003391
5 35 0.059451 -0.041030 0.010843
6 35 0.056709 -0.048607 0.016673
7 35 0.027656 -0.036999 0.014377
8 35 -0.038078 0.003175 -0.002427
9 35 -0.095940 0.044642 -0.032858
10 35 -0.091333 0.054009 -0.043459
11 35 -0.005737 0.014961 -0.019369
12 35 0.100712 -0.038923 0.039049
13 35 0.083120 -0.038414 0.058361
14 35 -0.025862 0.004926 0.003972
15 35 -0.091819 0.031453 -0.049257
16 35 -0.045348 0.015373 -0.045289
17 35 0.077476 -0.022650 0.024638
18 35 0.082382 -0.024780 0.066661
19 35 -0.057189 0.013280 -0.004793
20 35 -0.089680 0.024002 -0.067069
21 35 0.031347 -0.005974 -0.009220
22 35 0.078209 -0.019629 0.054077
23 35 -0.005977 -0.000475 0.019273
24 35 -0.059484 0.013370 -0.035545
25 35 -0.016308 0.004490 -0.025317
26 35 0.034428 -0.007371 0.015298
27 35 0.027636 -0.006544 0.024487
28 35 -0.008198 0.001251 0.002667
29 35 -0.025887 0.005361 -0.015639
30 35 -0.017226 0.003647 -0.014817
31 35 -0.000472 0.000039 -0.003737
32 35 0.009598 -0.002161 0.005175
33 35 0.010943 -0.002451 0.007800
34 35 0.007900 -0.001770 0.006303
35 35 0.004410 -0.000989 0.003786
36 35 0.002042 -0.000458 0.001854
37 35 0.000812 -0.000183 0.000772
38 35 0.000283 -0.000064 0.000281
39 35 0.000088 -0.000020 0.000090
40 35 0.000025 -0.000006 0.000026
41 35 0.000006 -0.000001 0.000007
42 35 0.000001 -0.000000 0.000002
43 35 0.000000 -0.000000 0.000000
44 35 0.000000 -0.000000 0.000000
45 35 0.000000 -0.000000 0.000000
46 35 0.000000 -0.000000 0.000000
47 35 0.000000 -0.000000 0.000000
48 35 0.000000 -0.000000 0.000000
49 35 0.000000 0.000000 0.000000

0 36 0.000000 0.000000 0.000000
1 36 0.009820 -0.007059 0.000439
2 36 0.018003 -0.014639 0.001535
3 36 0.026666 -0.022497 0.003836
4 36 0.026826 -0.028507 0.006301
5 36 0.020059 -0.027849 0.007015
6 36 -0.005955 -0.015295 0.004667
7 36 -0.044154 0.012104 -0.007212
8 36 -0.079582 0.043364 -0.020539
9 36 -0.082924 0.055913 -0.033834
10 36 -0.021371 0.030871 -0.019339
11 36 0.065292 -0.021373 0.015757
12 36 0.111052 -0.053578 0.049965
13 36 0.044057 -0.030321 0.038622
14 36 -0.069166 0.017969 -0.022522
15 36 -0.099350 0.039064 -0.057160
16 36 -0.013459 0.012016 -0.027535
17 36 0.099683 -0.030717 0.042806
18 36 0.065674 -0.025016 0.059978
19 36 -0.077495 0.019256 -0.021150
20 36 -0.082700 0.025479 -0.066794
21 36 0.046158 -0.009829 0.001882
22 36 0.077209 -0.021651 0.056526
23 36 -0.015158 0.001407 0.013051
24 36 -0.061546 0.015284 -0.038721
25 36 -0.011815 0.004101 -0.022770
26 36 0.037260 -0.008687 0.017940
27 36 0.026444 -0.006993 0.024152
28 36 -0.010321 0.001765 0.001076
29 36 -0.026524 0.006001 -0.016338
30 36 -0.016578 0.003883 -0.014431
31 36 0.000332 -0.000096 -0.003108
32 36 0.009971 -0.002420 0.005485
33 36 0.010931 -0.002666 0.007776
34 36 0.007745 -0.001897 0.006142
35 36 0.004268 -0.001049 0.003636
36 36 0.001955 -0.000482 0.001760
37 36 0.000771 -0.000190 0.000727
38 36 0.000267 -0.000066 0.000262
39 36 0.000082 -0.000020 0.000084
40 36 0.000023 -0.000006 0.000024
41 36 0.000006 -0.000001 0.000006
42 36 0.000001 -0.000000 0.000001
43 36 0.000000 -0.000000 0.000000
44 36 0.000000 -0.000000 0.000000
45 36 0.000000 -0.000000 0.000000
46 36 0.000000 -0.000000 0.000000
47 36 0.000000 -0.000000 0.000000
48 36 0.000000 -0.000000 0.000000
49 36 0.000000 0.000000 0.000000

0 37 0.000000 0.000000 0.000000
1 37 0.002876 -0.004533 0.003007
2 37 0.001890 -0.007362 0.002728
3 37 0.000971 -0.008482 0.003223
4 37 -0.011987 -0.003408 0.001195
5 37 -0.023765 0.006653 -0.001693
6 37 -0.048217 0.024100 -0.007577
7 37 -0.058944 0.041199 -0.016671
8 37 -0.053293 0.045537 -0.017791
9 37 -0.015270 0.028009 -0.015638
10 37 0.056625 -0.015356 0.011716
11 37 0.092550 -0.050652 0.033720
12 37 0.074496 -0.048679 0.038840
13 37 -0.023822 -0.004063 0.007405
14 37 -0.108787 0.043578 -0.047518
15 37 -0.069534 0.041047 -0.048593
16 37 0.043002 -0.007465 0.003798
17 37 0.108723 -0.043066 0.055778
18 37 0.028273 -0.017499 0.041213
19 37 -0.098568 0.029800 -0.039814
20 37 -0.064846 0.024375 -0.060328
21 37 0.065068 -0.016400 0.016886
22 37 0.071598 -0.022948 0.056865
23 37 -0.028130 0.004831 0.003745
24 37 -0.062315 0.017208 -0.041820
25 37 -0.004687 0.002890 -0.018398
26 37 0.040490 -0.010307 0.021323
27 37 0.023966 -0.007127 0.023135
28 37 -0.013400 0.002609 -0.001308
29 37 -0.027093 0.006675 -0.017163
30 37 -0.015383 0.003972 -0.013717
31 37 0.001549 -0.000361 -0.002157
32 37 0.010455 -0.002722 0.005919
33 37 0.010850 -0.002862 0.007724
34 37 0.007482 -0.001989 0.005907
35 37 0.004046 -0.001082 0.003424
36 37 0.001826 -0.000491 0.001632
37 37 0.000711 -0.000192 0.000665
38 37 0.000244 -0.000066 0.000237
39 37 0.000074 -0.000020 0.000075
40 37 0.000021 -0.000006 0.000021
41 37 0.000005 -0.000001 0.000006
42 37 0.000001 -0.000000 0.000001
43 37 0.000000 -0.000000 0.000000
44 37 0.000000 -0.000000 0.000000
45 37 0.000000 -0.000000 0.000000
46 37 0.000000 -0.000000 0.000000
47 37 0.000000 -0.000000 0.000000
48 37 0.000000 -0.000000 0.000000
49 37 0.000000 0.000000 0.000000

0 38 0.000000 0.000000 0.000000
1 38 -0.004829 0.001797 0.000636
2 38 -0.012098 0.005407 -0.000685
3 38 -0.017785 0.009720 -0.000905
4 38 -0.029923 0.018585 -0.005079
5 38 -0.032315 0.025515 -0.006267
6 38 -0.039433 0.033700 -0.010871
7 38 -0.019690 0.029506 -0.010332
8 38 0.004144 0.014204 -0.003619
9 38 0.048958 -0.014872 0.005832
10 38 0.082646 -0.045498 0.027963
11 38 0.060664 -0.045448 0.026485
12 38 0.009151 -0.016835 0.013838
13 38 -0.080380 0.032678 -0.022445
14 38 -0.095910 0.054554 -0.052401
15 38 -0.001491 0.016741 -0.018630
16 38 0.082188 -0.033346 0.031378
17 38 0.083797 -0.041491 0.050779
18 38 -0.016492 0.000468 0.015344
19 38 -0.105533 0.038156 -0.052134
20 38 -0.035546 0.017283 -0.046201
21 38 0.082439 -0.024467 0.032654
22 38 0.058828 -0.021905 0.052996
23 38 -0.043579 0.009940 -0.008154
24 38 -0.060149 0.018590 -0.043633
25 38 0.005155 0.000587 -0.011921
26 38 0.043402 -0.012111 0.024986
27 38 0.019846 -0.006772 0.021100
28 38 -0.017284 0.003821 -0.004427
29 38 -0.027352 0.007327 -0.017931
30 38 -0.013561 0.003862 -0.012593
31 38 0.003130 -0.000774 -0.000908
32 38 0.010986 -0.003060 0.006424
33 38 0.010668 -0.003030 0.007615
34 38 0.007107 -0.002040 0.005591
35 38 0.003752 -0.001085 0.003156
36 38 0.001662 -0.000483 0.001474
37 38 0.000637 -0.000186 0.000590
38 38 0.000215 -0.000063 0.000207
39 38 0.000065 -0.000019 0.000065
40 38 0.000018 -0.000005 0.000018
41 38 0.000004 -0.000001 0.000005
42 38 0.000001 -0.000000 0.000001
43 38 0.000000 -0.000000 0.000000
44 38 0.000000 -0.000000 0.000000
45 38 0.000000 -0.000000 0.000000
46 38 0.000000 -0.000000 0.000000
47 38 0.000000 -0.000000 0.000000
48 38 0.000000 -0.000000 0.000000
49 38 0.000000 0.000000 0.000000

0 39 0.000000 0.000000 0.000000
1 39 -0.006094 0.004876 -0.003274
2 39 -0.011612 0.010024 -0.004379
3 39 -0.015132 0.014357 -0.004100
4 39 -0.016851 0.018560 -0.006855
5 39 -0.009134 0.017327 -0.004555
6 39 -0.000411 0.013639 -0.005760
7 39 0.027744 -0.002473 0.001832
8 39 0.043996 -0.018703 0.007845
9 39 0.067459 -0.038046 0.016212
10 39 0.052153 -0.039220 0.022399
11 39 0.005027 -0.013986 0.005648
12 39 -0.043622 0.019801 -0.009646
13 39 -0.089543 0.051567 -0.036305
14 39 -0.038002 0.035804 -0.033532
15 39 0.054820 -0.015533 0.013823
16 39 0.081690 -0.040912 0.040021
17 39 0.045664 -0.024750 0.034295
18 39 -0.048616 0.017467 -0.006815
19 39 -0.097300 0.039102 -0.055961
20 39 -0.001130 0.006079 -0.027175
21 39 0.093927 -0.031296 0.046432
22 39 0.038693 -0.017681 0.044102
23 39 -0.059225 0.016143 -0.021496
24 39 -0.053511 0.018719 -0.042895
25 39 0.017297 -0.002922 -0.003341
26 39 0.045003 -0.013825 0.028239
27 39 0.013795 -0.005729 0.017715
28 39 -0.021656 0.005386 -0.008115
29 39 -0.026989 0.007863 -0.018395
30 39 -0.011052 0.003494 -0.010983
31 39 0.004992 -0.001336 0.000583
32 39 0.011478 -0.003414 0.006932
33 39 0.010349 -0.003152 0.007416
34 39 0.006622 -0.002044 0.005195
35 39 0.003397 -0.001058 0.002841
36 39 0.001471 -0.000461 0.001295
37 39 0.000553 -0.000174 0.000508
38 39 0.000184 -0.000058 0.000176
39 39 0.000055 -0.000017 0.000054
40 39 0.000015 -0.000005 0.000015
41 39 0.000004 -0.000001 0.000004
42 39 0.000001 -0.000000 0.000001
43 39 0.000000 -0.000000 0.000000
44 39 0.000000 -0.000000 0.000000
45 39 0.000000 -0.000000 0.000000
46 39 0.000000 -0.000000 0.000000
47 39 0.000000 -0.000000 0.000000
48 39 0.000000 -0.000000 0.000000
49 39 0.000000 0.000000 0.000000

0 40 0.000000 0.000000 0.000000
1 40 -0.000977 0.002291 -0.004347
2 40 0.000242 0.003509 -0.004494
3 40 0.002112 0.003594 -0.003481
4 40 0.009434 0.000556 -0.003474
5 40 0.019052 -0.005892 0.000349
6 40 0.030704 -0.014801 0.001405
7 40 0.044643 -0.027420 0.008820
8 40 0.041499 -0.031989 0.009163
9 40 0.035541 -0.032003 0.011533
10 40 -0.006224 -0.010118 0.003576
11 40 -0.043285 0.018756 -0.013801
12 40 -0.066201 0.041076 -0.022237
13 40 -0.057892 0.044886 -0.030931
14 40 0.024044 0.005555 -0.004508
15 40 0.078006 -0.032044 0.032858
16 40 0.064147 -0.031916 0.034519
17 40 0.013581 -0.007366 0.016950
18 40 -0.071033 0.029170 -0.024495
19 40 -0.078727 0.036149 -0.053203
20 40 0.037292 -0.006549 -0.003710
21 40 0.097860 -0.035883 0.056755
22 40 0.011295 -0.010157 0.029423
23 40 -0.072450 0.022728 -0.034798
24 40 -0.040965 0.016930 -0.038240
25 40 0.030797 -0.007566 0.006993
26 40 0.044077 -0.015031 0.030164
27 40 0.005704 -0.003812 0.012737
28 40 -0.025996 0.007211 -0.012048
29 40 -0.025654 0.008144 -0.018261
30 40 -0.007853 0.002821 -0.008847
31 40 0.006997 -0.002030 0.002225
32 40 0.011833 -0.003756 0.007360
33 40 0.009863 -0.003213 0.007100
34 40 0.006032 -0.001994 0.004721
35 40 0.002996 -0.001000 0.002492
36 40 0.001264 -0.000425 0.001105
37 40 0.000465 -0.000157 0.000424
38 40 0.000152 -0.000052 0.000144
39 40 0.000044 -0.000015 0.000044
40 40 0.000012 -0.000004 0.000012
41 40 0.000003 -0.000001 0.000003
42 40 0.000001 -0.000000 0.000001
43 40 0.000000 -0.000000 0.000000
44 40 0.000000 -0.000000 0.000000
45 40 0.000000 -0.000000 0.000000
46 40 0.000000 -0.000000 0.000000
47 40 0.000000 -0.000000 0.000000
48 40 0.000000 -0.000000 0.000000
49 40 0.000000 0.000000 0.000000

0 41 0.000000 0.000000 0.000000
1 41 0.004529 -0.002763 -0.001388
2 41 0.010535 -0.006629 -0.000872
3 41 0.014918 -0.010635 0.000151
4 41 0.022367 -0.017070 0.001496
5 41 0.024737 -0.022470 0.003826
6 41 0.026570 -0.027763 0.004366
7 41 0.018710 -0.028204 0.006473
8 41 -0.000151 -0.019873 0.001460
9 41 -0.023125 -0.005295 -0.001853
10 41 -0.058498 0.020788 -0.014154
11 41 -0.065472 0.036466 -0.022068
12 41 -0.053748 0.039190 -0.020377
13 41 -0.004999 0.018449 -0.011852
14 41 0.066967 -0.022443 0.019997
15 41 0.075416 -0.036023 0.035645
16 41 0.037617 -0.019885 0.021153
17 41 -0.024230 0.009982 -0.002804
18 41 -0.087407 0.041811 -0.039402
19 41 -0.041246 0.029794 -0.039647
20 41 0.080356 -0.021848 0.024727
21 41 0.088673 -0.036776 0.059570
22 41 -0.022933 0.001722 0.008238
23 41 -0.078718 0.028794 -0.045122
24 41 -0.021123 0.012423 -0.028165
25 41 0.043848 -0.013007 0.018071
26 41 0.039290 -0.015136 0.029636
27 41 -0.004144 -0.000897 0.006173
28 41 -0.029545 0.009096 -0.015701
29 41 -0.023023 0.008003 -0.017235
30 41 -0.004059 0.001814 -0.006219
31 41 0.008960 -0.002813 0.003882
32 41 0.011946 -0.004043 0.007623
33 41 0.009193 -0.003195 0.006646
34 41 0.005357 -0.001890 0.004183
35 41 0.002568 -0.000916 0.002125
36 41 0.001053 -0.000378 0.000914
37 41 0.000378 -0.000137 0.000342
38 41 0.000121 -0.000044 0.000114
39 41 0.000035 -0.000013 0.000034
40 41 0.000009 -0.000003 0.000009
41 41 0.000002 -0.000001 0.000002
42 41 0.000000 -0.000000 0.000000
43 41 0.000000 -0.000000 0.000000
44 41 0.000000 -0.000000 0.000000
45 41 0.000000 -0.000000 0.000000
46 41 0.000000 -0.000000 0.000000
47 41 0.000000 -0.000000 0.000000
48 41 0.000000 -0.000000 0.000000
49 41 0.000000 0.000000 0.000000

0 42 0.000000 0.000000 0.000000
1 42 0.004364 -0.004183 0.001890
2 42 0.008646 -0.008571 0.002314
3 42 0.009985 -0.011813 0.002517
4 42 0.010628 -0.014993 0.003186
5 42 0.004055 -0.014415 0.002774
6 42 -0.004278 -0.011932 0.001517
7 42 -0.022173 -0.002842 -0.001044
8 42 -0.039957 0.009399 -0.007009
9 42 -0.055921 0.023120 -0.010980
10 42 -0.062381 0.033770 -0.017729
11 42 -0.039521 0.027313 -0.014216
12 42 -0.005602 0.009761 -0.005169
13 42 0.045712 -0.021797 0.009957
14 42 0.073107 -0.045252 0.029058
15 42 0.038251 -0.032934 0.021638
16 42 -0.015537 -0.002513 -0.001709
17 42 -0.070947 0.033003 -0.025951
18 42 -0.078945 0.049647 -0.043410
19 42 0.020962 0.011842 -0.011074
20 42 0.113108 -0.038099 0.050348
21 42 0.057556 -0.028462 0.048269
22 42 -0.057601 0.018682 -0.016585
23 42 -0.070738 0.032132 -0.047414
24 42 0.005920 0.004544 -0.012096
25 42 0.053454 -0.018233 0.027854
26 42 0.029704 -0.013358 0.025672
27 42 -0.014767 0.002964 -0.001462
28 42 -0.031348 0.010704 -0.018361
29 42 -0.018908 0.007272 -0.015108
30 42 0.000098 0.000497 -0.003236
31 42 0.010657 -0.003609 0.005384
32 42 0.011734 -0.004231 0.007647
33 42 0.008342 -0.003086 0.006052
34 42 0.004622 -0.001736 0.003600
35 42 0.002134 -0.000810 0.001756
36 42 0.000849 -0.000325 0.000732
37 42 0.000298 -0.000114 0.000267
38 42 0.000093 -0.000036 0.000087
39 42 0.000026 -0.000010 0.000025
40 42 0.000007 -0.000003 0.000007
41 42 0.000002 -0.000001 0.000002
42 42 0.000000 -0.000000 0.000000
43 42 0.000000 -0.000000 0.000000
44 42 0.000000 -0.000000 0.000000
45 42 0.000000 -0.000000 0.000000
46 42 0.000000 -0.000000 0.000000
47 42 0.000000 -0.000000 0.000000
48 42 0.000000 -0.000000 0.000000
49 42 0.000000 0.000000 0.000000

0 43 0.000000 0.000000 0.000000
1 43 -0.001093 -0.000206 0.001223
2 43 -0.002753 0.000077 0.001175
3 43 -0.006232 0.001815 0.000510
4 43 -0.010780 0.004850 0.000023
5 43 -0.018498 0.010749 -0.001810
6 43 -0.025023 0.017342 -0.003410
7 43 -0.032993 0.025974 -0.006097
8 43 -0.032451 0.030589 -0.008067
9 43 -0.025558 0.030375 -0.007573
10 43 -0.004685 0.019258 -0.005320
11 43 0.027236 -0.003995 0.004466
12 43 0.051965 -0.029279 0.013331
13 43 0.064847 -0.051066 0.021481
14 43 0.034062 -0.046825 0.019338
15 43 -0.029663 -0.014515 -0.003700
16 43 -0.078780 0.021304 -0.026771
17 43 -0.093538 0.045924 -0.039488
18 43 -0.033404 0.032400 -0.028286
19 43 0.079822 -0.020302 0.021646
20 43 0.105690 -0.045112 0.056728
21 43 0.004124 -0.006423 0.020691
22 43 -0.078678 0.036938 -0.036915
23 43 -0.043088 0.029485 -0.037334
24 43 0.036345 -0.005833 0.007890
25 43 0.056259 -0.021182 0.033696
26 43 0.015886 -0.008965 0.018205
27 43 -0.024236 0.007402 -0.008934
28 43 -0.030421 0.011603 -0.019246
29 43 -0.013371 0.005856 -0.011849
30 43 0.004258 -0.001035 -0.000146
31 43 0.011869 -0.004321 0.006558
32 43 0.011149 -0.004277 0.007388
33 43 0.007339 -0.002884 0.005338
34 43 0.003863 -0.001541 0.003000
35 43 0.001716 -0.000691 0.001404
36 43 0.000662 -0.000268 0.000566
37 43 0.000226 -0.000092 0.000201
38 43 0.000069 -0.000028 0.000064
39 43 0.000019 -0.000008 0.000018
40 43 0.000005 -0.000002 0.000005
41 43 0.000001 -0.000000 0.000001
42 43 0.000000 -0.000000 0.000000
43 43 0.000000 -0.000000 0.000000
44 43 0.000000 -0.000000 0.000000
45 43 0.000000 -0.000000 0.000000
46 43 0.000000 -0.000000 0.000000
47 43 0.000000 -0.000000 0.000000
48 43 0.000000 -0.000000 0.000000
49 43 0.000000 0.000000 0.000000

0 44 0.000000 0.000000 0.000000
1 44 -0.005500 0.003307 -0.001866
2 44 -0.010946 0.006992 -0.002177
3 44 -0.015886 0.011214 -0.003016
4 44 -0.019738 0.015919 -0.003773
5 44 -0.021454 0.020710 -0.005057
6 44 -0.018572 0.023913 -0.005308
7 44 -0.010831 0.024732 -0.005322
8 44 0.006053 0.019333 -0.002777
9 44 0.027131 0.008703 0.001678
10 44 0.052841 -0.009025 0.008234
11 44 0.069870 -0.027212 0.016268
12 44 0.066909 -0.037675 0.018848
13 44 0.039596 -0.034601 0.015831
14 44 -0.018061 -0.009845 0.000739
15 44 -0.071517 0.020668 -0.021468
16 44 -0.087116 0.036180 -0.032460
17 44 -0.054700 0.026966 -0.027323
18 44 0.027843 -0.013798 0.000451
19 44 0.089470 -0.052349 0.037552
20 44 0.042281 -0.034739 0.033944
21 44 -0.057544 0.022008 -0.015743
22 44 -0.075964 0.046650 -0.044997
23 44 -0.001198 0.018923 -0.016725
24 44 0.061671 -0.015362 0.026289
25 44 0.050466 -0.019251 0.033602
26 44 0.000804 -0.001719 0.008749
27 44 -0.029809 0.011761 -0.014391
28 44 -0.025977 0.011455 -0.017703
29 44 -0.006728 0.003831 -0.007636
30 44 0.008020 -0.002595 0.002755
31 44 0.012442 -0.004836 0.007276
32 44 0.010206 -0.004153 0.006850
33 44 0.006240 -0.002598 0.004544
34 44 0.003121 -0.001317 0.002415
35 44 0.001332 -0.000568 0.001084
36 44 0.000498 -0.000214 0.000423
37 44 0.000165 -0.000071 0.000146
38 44 0.000049 -0.000021 0.000045
39 44 0.000013 -0.000006 0.000013
40 44 0.000003 -0.000001 0.000003
41 44 0.000001 -0.000000 0.000001
42 44 0.000000 -0.000000 0.000000
43 44 0.000000 -0.000000 0.000000
44 44 0.000000 -0.000000 0.000000
45 44 0.000000 -0.000000 0.000000
46 44 0.000000 -0.000000 0.000000
47 44 0.000000 -0.000000 0.000000
48 44 0.000000 -0.000000 0.000000
49 44 0.000000 0.000000 0.000000

0 45 0.000000 0.000000 0.000000
1 45 -0.002749 0.001736 -0.002502
2 45 -0.005095 0.003257 -0.002608
3 45 -0.006167 0.004048 -0.002820
4 45 -0.005719 0.003887 -0.002842
5 45 -0.002513 0.001915 -0.002742
6 45 0.003581 -0.002206 -0.001763
7 45 0.012585 -0.008701 -0.000375
8 45 0.023777 -0.017324 0.002469
9 45 0.032636 -0.025099 0.005238
10 45 0.037044 -0.029921 0.007913
11 45 0.028619 -0.025264 0.008206
12 45 0.008001 -0.009581 0.003757
13 45 -0.020949 0.015523 -0.003810
14 45 -0.047604 0.042391 -0.014598
15 45 -0.046219 0.050981 -0.019367
16 45 -0.013054 0.032284 -0.010643
17 45 0.037598 -0.008960 0.007438
18 45 0.076596 -0.053714 0.028697
19 45 0.048407 -0.059677 0.031190
20 45 -0.045257 -0.012006 -0.004290
21 45 -0.102854 0.037454 -0.045238
22 45 -0.055840 0.036549 -0.040407
23 45 0.034117 0.001005 0.003866
24 45 0.069498 -0.020323 0.035042
25 45 0.036041 -0.011197 0.026717
26 45 -0.011207 0.007670 -0.000186
27 45 -0.028789 0.015397 -0.015995
28 45 -0.017574 0.010305 -0.013377
29 45 0.000661 0.001551 -0.002731
30 45 0.011153 -0.003913 0.005268
31 45 0.012389 -0.005049 0.007528
32 45 0.009004 -0.003851 0.006099
33 45 0.005123 -0.002245 0.003731
34 45 0.002434 -0.001082 0.001877
35 45 0.000999 -0.000448 0.000808
36 45 0.000361 -0.000163 0.000304
37 45 0.000117 -0.000053 0.000102
38 45 0.000034 -0.000015 0.000031
39 45 0.000009 -0.000004 0.000008
40 45 0.000002 -0.000001 0.000002
41 45 0.000000 -0.000000 0.000000
42 45 0.000000 -0.000000 0.000000
43 45 0.000000 -0.000000 0.000000
44 45 0.000000 -0.000000 0.000000
45 45 0.000000 -0.000000 0.000000
46 45 0.000000 -0.000000 0.000000
47 45 0.000000 -0.000000 0.000000
48 45 0.000000 -0.000000 0.000000
49 45 0.000000 0.000000 0.000000

0 46 0.000000 0.000000 0.000000
1 46 0.004389 -0.000902 -0.001050
2 46 0.008954 -0.002294 -0.000747
3 46 0.014003 -0.004789 -0.000110
4 46 0.019066 -0.008581 0.000860
5 46 0.024009 -0.014086 0.002122
6 46 0.027124 -0.020669 0.003600
7 46 0.027102 -0.027594 0.004750
8 46 0.021267 -0.032688 0.005324
9 46 0.007499 -0.033108 0.003886
10 46 -0.014020 -0.026412 0.000336
11 46 -0.041850 -0.010155 -0.006365
12 46 -0.065882 0.012371 -0.014645
13 46 -0.075485 0.035321 -0.020970
14 46 -0.057660 0.047639 -0.021585
15 46 -0.006735 0.038124 -0.010129
16 46 0.056686 0.009638 0.011211
17 46 0.100676 -0.024980 0.031925
18 46 0.089967 -0.043155 0.039072
19 46 0.009671 -0.023765 0.017438
20 46 -0.082447 0.015764 -0.025086
21 46 -0.097165 0.029462 -0.047416
22 46 -0.028649 0.005090 -0.025438
23 46 0.040249 -0.022017 0.012982
24 46 0.047781 -0.021200 0.027149
25 46 0.011511 0.000047 0.012161
26 46 -0.018773 0.016900 -0.007590
27 46 -0.020740 0.017837 -0.013416
28 46 -0.005486 0.008750 -0.006533
29 46 0.008688 -0.000308 0.002680
30 46 0.013872 -0.004616 0.007479
31 46 0.012015 -0.004845 0.007510
32 46 0.007766 -0.003367 0.005298
33 46 0.004103 -0.001846 0.002986
34 46 0.001848 -0.000850 0.001418
35 46 0.000727 -0.000339 0.000584
36 46 0.000254 -0.000120 0.000212
37 46 0.000080 -0.000038 0.000069
38 46 0.000023 -0.000011 0.000020
39 46 0.000006 -0.000003 0.000005
40 46 0.000001 -0.000001 0.000001
41 46 0.000000 -0.000000 0.000000
42 46 0.000000 -0.000000 0.000000
43 46 0.000000 -0.000000 0.000000
44 46 0.000000 -0.000000 0.000000
45 46 0.000000 -0.000000 0.000000
46 46 0.000000 -0.000000 0.000000
47 46 0.000000 -0.000000 0.000000
48 46 0.000000 -0.000000 0.000000
49 46 0.000000 0.000000 0.000000

0 47 0.000000 0.000000 0.000000
1 47 0.004046 -0.001314 -0.000614
2 47 0.008101 -0.002614 -0.000360
3 47 0.012161 -0.003897 0.000163
4 47 0.015792 -0.004929 0.000880
5 47 0.018578 -0.005552 0.001757
6 47 0.019261 -0.005135 0.002560
7 47 0.016955 -0.003377 0.002997
8 47 0.010094 0.000426 0.002688
9 47 -0.001510 0.006039 0.001027
10 47 -0.016891 0.012599 -0.001921
11 47 -0.032945 0.018042 -0.006242
12 47 -0.042978 0.018448 -0.010244
13 47 -0.041495 0.011413 -0.012015
14 47 -0.023577 -0.004269 -0.009468
15 47 0.007111 -0.023527 -0.001055
16 47 0.035287 -0.034369 0.009368
17 47 0.045241 -0.027155 0.015913
18 47 0.025218 0.001083 0.012975
19 47 -0.016110 0.036578 -0.001998
20 47 -0.039421 0.047017 -0.017101
21 47 -0.018848 0.016711 -0.014167
22 47 0.017833 -0.026409 0.003979
23 47 0.025881 -0.041861 0.014654
24 47 0.000877 -0.022391 0.006172
25 47 -0.025123 0.006649 -0.009625
26 47 -0.027763 0.021177 -0.016060
27 47 -0.010982 0.017978 -0.009824
28 47 0.007745 0.007426 0.000968
29 47 0.017120 -0.000944 0.008215
30 47 0.016885 -0.004254 0.009752
31 47 0.012037 -0.004060 0.007687
32 47 0.006925 -0.002665 0.004753
33 47 0.003373 -0.001399 0.002453
34 47 0.001429 -0.000622 0.001091
35 47 0.000535 -0.000241 0.000427
36 47 0.000180 -0.000083 0.000149
37 47 0.000054 -0.000026 0.000047
38 47 0.000015 -0.000007 0.000013
39 47 0.000004 -0.000002 0.000003
40 47 0.000001 -0.000000 0.000001
41 47 0.000000 -0.000000 0.000000
42 47 0.000000 -0.000000 0.000000
43 47 0.000000 -0.000000 0.000000
44 47 0.000000 -0.000000 0.000000
45 47 0.000000 -0.000000 0.000000
46 47 0.000000 -0.000000 0.000000
47 47 0.000000 -0.000000 0.000000
48 47 0.000000 -0.000000 0.000000
49 47 0.000000 0.000000 0.000000

0 48 0.000000 0.000000 0.000000
1 48 -0.002876 -0.002014 0.000591
2 48 -0.006129 -0.003573 0.000388
3 48 -0.010072 -0.004187 -0.000034
4 48 -0.014854 -0.003265 -0.000768
5 48 -0.020293 -0.000259 -0.001806
6 48 -0.025834 0.005384 -0.003220
7 48 -0.030081 0.013622 -0.004781
8 48 -0.031303 0.023915 -0.006233
9 48 -0.026759 0.034144 -0.006881
10 48 -0.014629 0.041167 -0.005868
11 48 0.005967 0.040606 -0.002470
12 48 0.032179 0.028530 0.003838
13 48 0.056070 0.004606 0.011612
14 48 0.066770 -0.026593 0.018147
15 48 0.051796 -0.052602 0.018816
16 48 0.008624 -0.058054 0.009186
17 48 -0.047451 -0.034929 -0.009202
18 48 -0.087170 0.010488 -0.028438
19 48 -0.076389 0.051471 -0.034715
20 48 -0.008660 0.054878 -0.015846
21 48 0.066632 0.017625 0.018971
22 48 0.084113 -0.024948 0.039216
23 48 0.034067 -0.037908 0.026005
24 48 -0.031518 -0.020575 -0.006160
25 48 -0.060168 0.003279 -0.028279
26 48 -0.044327 0.014866 -0.027118
27 48 -0.010497 0.012858 -0.011172
28 48 0.015013 0.005523 0.004558
29 48 0.023668 -0.000238 0.012101
30 48 0.020479 -0.002521 0.012081
31 48 0.013358 -0.002460 0.008596
32 48 0.007171 -0.001611 0.004927
33 48 0.003298 -0.000839 0.002392
34 48 0.001330 -0.000369 0.001011
35 48 0.000477 -0.000141 0.000378
36 48 0.000154 -0.000048 0.000127
37 48 0.000045 -0.000015 0.000038
38 48 0.000012 -0.000004 0.000011
39 48 0.000003 -0.000001 0.000003
40 48 0.000001 -0.000000 0.000001
41 48 0.000000 -0.000000 0.000000
42 48 0.000000 -0.000000 0.000000
43 48 0.000000 -0.000000 0.000000
44 48 0.000000 -0.000000 0.000000
45 48 0.000000 -0.000000 0.000000
46 48 0.000000 -0.000000 0.000000
47 48 0.000000 -0.000000 0.000000
48 48 0.000000 -0.000000 0.000000
49 48 0.000000 0.000000 0.000000

0 49 0.000000 0.000000 0.000000
1 49 0.000000 0.000000 0.000000
2 49 0.000000 0.000000 0.000000
3 49 0.000000 0.000000 0.000000
4 49 0.000000 0.000000 0.000000
5 49 0.000000 0.000000 0.000000
6 49 0.000000 0.000000 0.000000
7 49 0.000000 0.000000 0.000000
8 49 0.000000 0.000000 0.000000
9 49 0.000000 0.000000 0.000000
10 49 0.000000 0.000000 0.000000
11 49 0.000000 0.000000 0.000000
12 49 0.000000 0.000000 0.000000
13 49 0.000000 0.000000 0.000000
14 49 0.000000 0.000000 0.000000
15 49 0.000000 0.000000 0.000000
16 49 0.000000 0.000000 0.000000
17 49 0.000000 0.000000 0.000000
18 49 0.000000 0.000000 0.000000
19 49 0.000000 0.000000 0.000000
20 49 0.000000 0.000000 0.000000
21 49 0.000000 0.000000 0.000000
22 49 0.000000 0.000000 0.000000
23 49 0.000000 0.000000 0.000000
24 49 0.000000 0.000000 0.000000
25 49 0.000000 0.000000 0.000000
26 49 0.000000 0.000000 0.000000
27 49 0.000000 0.000000 0.000000
28 49 0.000000 0.000000 0.000000
29 49 0.000000 0.000000 0.000000
30 49 0.000000 0.000000 0.000000
31 49 0.000000 0.000000 0.000000
32 49 0.000000 0.000000 0.000000
33 49 0.000000 0.000000 0.000000
34 49 0.000000 0.000000 0.000000
35 49 0.000000 0.000000 0.000000
36 49 0.000000 0.000000 0.000000
37 49 0.000000 0.000000 0.000000
38 49 0.000000 0.000000 0.000000
39 49 0.000000 0.000000 0.000000
40 49 0.000000 0.000000 0.000000
41 49 0.000000 0.000000 0.000000
42 49 0.000000 0.000000 0.000000
43 49 0.000000 0.000000 0.000000
44 49 0.000000 0.000000 0.000000
45 49 0.000000 0.000000 0.000000
46 49 0.000000 0.000000 0.000000
47 49 0.000000 0.000000 0.000000
48 49 0.000000 0.000000 0.000000
49 49 0.000000 0.000000 0.000000

