#:x y Ey Bx Bz
0 0 0.000000 0.000000 0.000000
1 0 0.000000 0.000000 0.000000
2 0 0.000000 0.000000 0.000000
3 0 0.000000 0.000000 0.000000
4 0 0.000000 0.000000 0.000000
5 0 0.000000 0.000000 0.000000
6 0 0.000000 0.000000 0.000000
7 0 0.000000 0.000000 0.000000
8 0 0.000000 0.000000 0.000000
9 0 0.000000 0.000000 0.000000
10 0 0.000000 0.000000 0.000000
11 0 0.000000 0.000000 0.000000
12 0 0.000000 0.000000 0.000000
13 0 0.000000 0.000000 0.000000
14 0 0.000000 0.000000 0.000000
15 0 0.000000 0.000000 0.000000
16 0 0.000000 0.000000 0.000000
17 0 0.000000 0.000000 0.000000
18 0 0.000000 0.000000 0.000000
19 0 0.000000 0.000000 0.000000
20 0 0.000000 0.000000 0.000000
21 0 0.000000 0.000000 0.000000
22 0 0.000000 0.000000 0.000000
23 0 0.000000 0.000000 0.000000
24 0 0.000000 0.000000 0.000000
25 0 0.000000 0.000000 0.000000
26 0 0.000000 0.000000 0.000000
27 0 0.000000 0.000000 0.000000
28 0 0.000000 0.000000 0.000000
29 0 0.000000 0.000000 0.000000
30 0 0.000000 0.000000 0.000000
31 0 0.000000 0.000000 0.000000
32 0 0.000000 0.000000 0.000000
33 0 0.000000 0.000000 0.000000
34 0 0.000000 0.000000 0.000000
35 0 0.000000 0.000000 0.000000
36 0 0.000000 0.000000 0.000000
37 0 0.000000 0.000000 0.000000
38 0 0.000000 0.000000 0.000000
39 0 0.000000 0.000000 0.000000
40 0 0.000000 0.000000 0.000000
41 0 0.000000 0.000000 0.000000
42 0 0.000000 0.000000 0.000000
43 0 0.000000 0.000000 0.000000
44 0 0.000000 0.000000 0.000000
45 0 0.000000 0.000000 0.000000
46 0 0.000000 0.000000 0.000000
47 0 0.000000 0.000000 0.000000
48 0 0.000000 0.000000 0.000000
49 0 0.000000 0.000000 0.000000

0 1 0.000000 0.000000 0.000000
1 1 -0.000369 0.000911 -0.000911
2 1 -0.000623 0.001839 -0.000928
3 1 -0.000657 0.002786 -0.000947
4 1 -0.000380 0.003725 -0.000939
5 1 0.000256 0.004590 -0.000865
6 1 0.001230 0.005278 -0.000688
7 1 0.002426 0.005666 -0.000388
8 1 0.003623 0.005646 0.000020
9 1 0.004530 0.005173 0.000473
10 1 0.004881 0.004305 0.000868
11 1 0.004553 0.003212 0.001094
12 1 0.003663 0.002123 0.001089
13 1 0.002533 0.001232 0.000890
14 1 0.001503 0.000626 0.000606
15 1 0.000768 0.000278 0.000348
16 1 0.000339 0.000108 0.000170
17 1 0.000130 0.000037 0.000071
18 1 0.000044 0.000011 0.000026
19 1 0.000013 0.000003 0.000008
20 1 0.000003 0.000001 0.000002
21 1 0.000001 0.000000 0.000001
22 1 0.000000 0.000000 0.000000
23 1 0.000000 0.000000 0.000000
24 1 0.000000 0.000000 0.000000
25 1 0.000000 0.000000 0.000000
26 1 0.000000 0.000000 0.000000
27 1 0.000000 0.000000 0.000000
28 1 0.000000 0.000000 0.000000
29 1 0.000000 0.000000 0.000000
30 1 0.000000 0.000000 0.000000
31 1 0.000000 0.000000 0.000000
32 1 0.000000 0.000000 0.000000
33 1 0.000000 0.000000 0.000000
34 1 0.000000 0.000000 0.000000
35 1 0.000000 0.000000 0.000000
36 1 0.000000 0.000000 0.000000
37 1 0.000000 0.000000 0.000000
38 1 0.000000 0.000000 0.000000
39 1 0.000000 0.000000 0.000000
40 1 0.000000 0.000000 0.000000
41 1 0.000000 0.000000 0.000000
42 1 0.000000 0.000000 0.000000
43 1 0.000000 0.000000 0.000000
44 1 0.000000 0.000000 0.000000
45 1 0.000000 0.000000 0.000000
46 1 0.000000 0.000000 0.000000
47 1 0.000000 0.000000 0.000000
48 1 0.000000 0.000000 0.000000
49 1 0.000000 0.000000 0.000000

0 2 0.000000 0.000000 0.000000
1 2 -0.001520 0.000104 -0.000940
2 2 -0.002919 0.000280 -0.001053
3 2 -0.004056 0.000598 -0.001259
4 2 -0.004748 0.001120 -0.001516
5 2 -0.004783 0.001882 -0.001755
6 2 -0.003958 0.002874 -0.001875
7 2 -0.002161 0.004010 -0.001763
8 2 0.000521 0.005109 -0.001319
9 2 0.003697 0.005917 -0.000517
10 2 0.006673 0.006174 0.000541
11 2 0.008620 0.005731 0.001602
12 2 0.008936 0.004668 0.002330
13 2 0.007657 0.003302 0.002483
14 2 0.005490 0.002016 0.002097
15 2 0.003322 0.001063 0.001449
16 2 0.001711 0.000485 0.000834
17 2 0.000757 0.000193 0.000406
18 2 0.000290 0.000067 0.000169
19 2 0.000097 0.000020 0.000061
20 2 0.000029 0.000006 0.000019
21 2 0.000007 0.000001 0.000005
22 2 0.000002 0.000000 0.000001
23 2 0.000000 0.000000 0.000000
24 2 0.000000 0.000000 0.000000
25 2 0.000000 0.000000 0.000000
26 2 0.000000 0.000000 0.000000
27 2 0.000000 0.000000 0.000000
28 2 0.000000 0.000000 0.000000
29 2 0.000000 0.000000 0.000000
30 2 0.000000 0.000000 0.000000
31 2 0.000000 0.000000 0.000000
32 2 0.000000 0.000000 0.000000
33 2 0.000000 0.000000 0.000000
34 2 0.000000 0.000000 0.000000
35 2 0.000000 0.000000 0.000000
36 2 0.000000 0.000000 0.000000
37 2 0.000000 0.000000 0.000000
38 2 0.000000 0.000000 0.000000
39 2 0.000000 0.000000 0.000000
40 2 0.000000 0.000000 0.000000
41 2 0.000000 0.000000 0.000000
42 2 0.000000 0.000000 0.000000
43 2 0.000000 0.000000 0.000000
44 2 0.000000 0.000000 0.000000
45 2 0.000000 0.000000 0.000000
46 2 0.000000 0.000000 0.000000
47 2 0.000000 0.000000 0.000000
48 2 0.000000 0.000000 0.000000
49 2 0.000000 0.000000 0.000000

0 3 0.000000 0.000000 0.000000
1 3 -0.001431 -0.000845 0.000208
2 3 -0.003004 -0.001700 0.000082
3 3 -0.004824 -0.002543 -0.000189
4 3 -0.006902 -0.003294 -0.000627
5 3 -0.009102 -0.003794 -0.001247
6 3 -0.011066 -0.003815 -0.002019
7 3 -0.012211 -0.003110 -0.002827
8 3 -0.011794 -0.001515 -0.003450
9 3 -0.009169 0.000893 -0.003560
10 3 -0.004232 0.003685 -0.002847
11 3 0.002208 0.006105 -0.001207
12 3 0.008287 0.007333 0.001039
13 3 0.011835 0.006997 0.003075
14 3 0.011876 0.005465 0.004062
15 3 0.009299 0.003554 0.003794
16 3 0.005923 0.001948 0.002761
17 3 0.003145 0.000911 0.001634
18 3 0.001416 0.000367 0.000806
19 3 0.000548 0.000129 0.000338
20 3 0.000184 0.000039 0.000122
21 3 0.000054 0.000011 0.000038
22 3 0.000014 0.000003 0.000011
23 3 0.000003 0.000001 0.000003
24 3 0.000001 0.000000 0.000001
25 3 0.000000 0.000000 0.000000
26 3 0.000000 0.000000 0.000000
27 3 0.000000 0.000000 0.000000
28 3 0.000000 0.000000 0.000000
29 3 0.000000 0.000000 0.000000
30 3 0.000000 0.000000 0.000000
31 3 0.000000 0.000000 0.000000
32 3 0.000000 0.000000 0.000000
33 3 0.000000 0.000000 0.000000
34 3 0.000000 0.000000 0.000000
35 3 0.000000 0.000000 0.000000
36 3 0.000000 0.000000 0.000000
37 3 0.000000 0.000000 0.000000
38 3 0.000000 0.000000 0.000000
39 3 0.000000 0.000000 0.000000
40 3 0.000000 0.000000 0.000000
41 3 0.000000 0.000000 0.000000
42 3 0.000000 0.000000 0.000000
43 3 0.000000 0.000000 0.000000
44 3 0.000000 0.000000 0.000000
45 3 0.000000 0.000000 0.000000
46 3 0.000000 0.000000 0.000000
47 3 0.000000 0.000000 0.000000
48 3 0.000000 0.000000 0.000000
49 3 0.000000 0.000000 0.000000

0 4 0.000000 0.000000 0.000000
1 4 0.001431 0.000084 0.000411
2 4 0.002645 -0.000040 0.000521
3 4 0.003368 -0.000571 0.000706
4 4 0.003234 -0.001666 0.000884
5 4 0.001814 -0.003394 0.000920
6 4 -0.001289 -0.005633 0.000613
7 4 -0.006150 -0.007990 -0.000241
8 4 -0.012259 -0.009750 -0.001774
9 4 -0.018087 -0.009977 -0.003857
10 4 -0.021251 -0.007919 -0.005893
11 4 -0.019316 -0.003510 -0.006904
12 4 -0.011242 0.002114 -0.005801
13 4 0.000529 0.006794 -0.002314
14 4 0.010630 0.008752 0.002096
15 4 0.014920 0.007899 0.005162
16 4 0.013456 0.005560 0.005776
17 4 0.009223 0.003192 0.004557
18 4 0.005104 0.001534 0.002810
19 4 0.002355 0.000628 0.001417
20 4 0.000925 0.000222 0.000601
21 4 0.000314 0.000069 0.000218
22 4 0.000093 0.000019 0.000069
23 4 0.000024 0.000005 0.000019
24 4 0.000006 0.000001 0.000005
25 4 0.000001 0.000000 0.000001
26 4 0.000000 0.000000 0.000000
27 4 0.000000 0.000000 0.000000
28 4 0.000000 0.000000 0.000000
29 4 0.000000 0.000000 0.000000
30 4 0.000000 0.000000 0.000000
31 4 0.000000 0.000000 0.000000
32 4 0.000000 0.000000 0.000000
33 4 0.000000 0.000000 0.000000
34 4 0.000000 0.000000 0.000000
35 4 0.000000 0.000000 0.000000
36 4 0.000000 0.000000 0.000000
37 4 0.000000 0.000000 0.000000
38 4 0.000000 0.000000 0.000000
39 4 0.000000 0.000000 0.000000
40 4 0.000000 0.000000 0.000000
41 4 0.000000 0.000000 0.000000
42 4 0.000000 0.000000 0.000000
43 4 0.000000 0.000000 0.000000
44 4 0.000000 0.000000 0.000000
45 4 0.000000 0.000000 0.000000
46 4 0.000000 0.000000 0.000000
47 4 0.000000 0.000000 0.000000
48 4 0.000000 0.000000 0.000000
49 4 0.000000 0.000000 0.000000

0 5 0.000000 0.000000 0.000000
1 5 0.001530 0.001845 -0.001721
2 5 0.003422 0.003677 -0.001554
3 5 0.005987 0.005414 -0.001175
4 5 0.009300 0.006829 -0.000505
5 5 0.013150 0.007527 0.000505
6 5 0.016696 0.006922 0.001839
7 5 0.018463 0.004448 0.003205
8 5 0.016494 -0.000201 0.004097
9 5 0.008885 -0.006492 0.003600
10 5 -0.004233 -0.012693 0.000941
11 5 -0.019784 -0.016150 -0.003834
12 5 -0.030946 -0.014256 -0.009310
13 5 -0.029698 -0.006900 -0.012024
14 5 -0.015247 0.002212 -0.009037
15 5 0.003143 0.008358 -0.001841
16 5 0.014894 0.009662 0.004764
17 5 0.016850 0.007590 0.007477
18 5 0.012711 0.004618 0.006605
19 5 0.007392 0.002295 0.004290
20 5 0.003508 0.000959 0.002222
21 5 0.001401 0.000344 0.000956
22 5 0.000481 0.000107 0.000349
23 5 0.000144 0.000029 0.000110
24 5 0.000038 0.000007 0.000031
25 5 0.000009 0.000002 0.000007
26 5 0.000002 0.000000 0.000002
27 5 0.000000 0.000000 0.000000
28 5 0.000000 0.000000 0.000000
29 5 0.000000 0.000000 0.000000
30 5 0.000000 0.000000 0.000000
31 5 0.000000 0.000000 0.000000
32 5 0.000000 0.000000 0.000000
33 5 0.000000 0.000000 0.000000
34 5 0.000000 0.000000 0.000000
35 5 0.000000 0.000000 0.000000
36 5 0.000000 0.000000 0.000000
37 5 0.000000 0.000000 0.000000
38 5 0.000000 0.000000 0.000000
39 5 0.000000 0.000000 0.000000
40 5 0.000000 0.000000 0.000000
41 5 0.000000 0.000000 0.000000
42 5 0.000000 0.000000 0.000000
43 5 0.000000 0.000000 0.000000
44 5 0.000000 0.000000 0.000000
45 5 0.000000 0.000000 0.000000
46 5 0.000000 0.000000 0.000000
47 5 0.000000 0.000000 0.000000
48 5 0.000000 0.000000 0.000000
49 5 0.000000 0.000000 0.000000

0 6 0.000000 0.000000 0.000000
1 6 -0.003441 -0.000460 -0.001566
2 6 -0.006635 -0.000559 -0.001834
3 6 -0.009224 0.000098 -0.002345
4 6 -0.010434 0.001862 -0.002932
5 6 -0.009379 0.004993 -0.003395
6 6 -0.004650 0.009381 -0.003258
7 6 0.004243 0.014209 -0.001977
8 6 0.016947 0.017870 0.000830
9 6 0.030056 0.017764 0.005227
10 6 0.036863 0.011845 0.009485
11 6 0.030757 0.000072 0.011049
12 6 0.007659 -0.013786 0.006780
13 6 -0.024063 -0.021700 -0.004360
14 6 -0.042473 -0.018005 -0.015621
15 6 -0.034347 -0.006134 -0.017390
16 6 -0.009955 0.005045 -0.008765
17 6 0.010893 0.009928 0.002203
18 6 0.018437 0.009089 0.008271
19 6 0.015680 0.005937 0.008505
20 6 0.009641 0.003067 0.005870
21 6 0.004715 0.001312 0.003132
22 6 0.001917 0.000477 0.001368
23 6 0.000665 0.000150 0.000505
24 6 0.000200 0.000041 0.000160
25 6 0.000053 0.000010 0.000045
26 6 0.000012 0.000002 0.000011
27 6 0.000003 0.000000 0.000002
28 6 0.000000 0.000000 0.000000
29 6 0.000000 0.000000 0.000000
30 6 0.000000 0.000000 0.000000
31 6 0.000000 0.000000 0.000000
32 6 0.000000 0.000000 0.000000
33 6 0.000000 0.000000 0.000000
34 6 0.000000 0.000000 0.000000
35 6 0.000000 0.000000 0.000000
36 6 0.000000 0.000000 0.000000
37 6 0.000000 0.000000 0.000000
38 6 0.000000 0.000000 0.000000
39 6 0.000000 0.000000 0.000000
40 6 0.000000 0.000000 0.000000
41 6 0.000000 0.000000 0.000000
42 6 0.000000 0.000000 0.000000
43 6 0.000000 0.000000 0.000000
44 6 0.000000 0.000000 0.000000
45 6 0.000000 0.000000 0.000000
46 6 0.000000 0.000000 0.000000
47 6 0.000000 0.000000 0.000000
48 6 0.000000 0.000000 0.000000
49 6 0.000000 0.000000 0.000000

0 7 0.000000 0.000000 0.000000
1 7 -0.000318 -0.002500 0.001622
2 7 -0.001431 -0.005225 0.001530
3 7 -0.004255 -0.008328 0.001276
4 7 -0.009342 -0.011513 0.000495
5 7 -0.016942 -0.014232 -0.000887
6 7 -0.026315 -0.015027 -0.003408
7 7 -0.034222 -0.012344 -0.006439
8 7 -0.036903 -0.004648 -0.009408
9 7 -0.027028 0.008031 -0.010074
10 7 -0.002772 0.021680 -0.005526
11 7 0.030285 0.029859 0.004092
12 7 0.057286 0.024494 0.016764
13 7 0.050941 0.003835 0.022643
14 7 0.005929 -0.018523 0.010419
15 7 -0.039947 -0.025463 -0.012076
16 7 -0.048951 -0.015308 -0.023799
17 7 -0.024652 -0.000359 -0.016915
18 7 0.004014 0.008530 -0.002127
19 7 0.017958 0.009669 0.007918
20 7 0.017587 0.006851 0.009896
21 7 0.011443 0.003687 0.007280
22 7 0.005762 0.001615 0.004001
23 7 0.002382 0.000596 0.001774
24 7 0.000834 0.000189 0.000660
25 7 0.000253 0.000053 0.000211
26 7 0.000067 0.000013 0.000059
27 7 0.000016 0.000003 0.000014
28 7 0.000003 0.000001 0.000003
29 7 0.000001 0.000000 0.000001
30 7 0.000000 0.000000 0.000000
31 7 0.000000 0.000000 0.000000
32 7 0.000000 0.000000 0.000000
33 7 0.000000 0.000000 0.000000
34 7 0.000000 0.000000 0.000000
35 7 0.000000 0.000000 0.000000
36 7 0.000000 0.000000 0.000000
37 7 0.000000 0.000000 0.000000
38 7 0.000000 0.000000 0.000000
39 7 0.000000 0.000000 0.000000
40 7 0.000000 0.000000 0.000000
41 7 0.000000 0.000000 0.000000
42 7 0.000000 0.000000 0.000000
43 7 0.000000 0.000000 0.000000
44 7 0.000000 0.000000 0.000000
45 7 0.000000 0.000000 0.000000
46 7 0.000000 0.000000 0.000000
47 7 0.000000 0.000000 0.000000
48 7 0.000000 0.000000 0.000000
49 7 0.000000 0.000000 0.000000

0 8 0.000000 0.000000 0.000000
1 8 0.005554 0.002893 -0.001208
2 8 0.011277 0.005317 -0.000671
3 8 0.017736 0.006662 0.000496
4 8 0.023271 0.005997 0.002178
5 8 0.027379 0.002505 0.004125
6 8 0.025448 -0.004942 0.005914
7 8 0.014965 -0.015269 0.005469
8 8 -0.006382 -0.026674 0.002534
9 8 -0.037560 -0.032794 -0.005929
10 8 -0.061420 -0.026871 -0.016300
11 8 -0.063772 -0.006863 -0.022528
12 8 -0.027554 0.022764 -0.018262
13 8 0.041992 0.041121 0.005555
14 8 0.081417 0.027951 0.032592
15 8 0.045244 -0.004703 0.029753
16 8 -0.022937 -0.025425 -0.001276
17 8 -0.054035 -0.021589 -0.025612
18 8 -0.035990 -0.005769 -0.023680
19 8 -0.003084 0.006148 -0.006788
20 8 0.016150 0.009325 0.006793
21 8 0.018305 0.007188 0.010646
22 8 0.012521 0.004025 0.008301
23 8 0.006457 0.001801 0.004674
24 8 0.002704 0.000674 0.002097
25 8 0.000955 0.000216 0.000785
26 8 0.000291 0.000060 0.000251
27 8 0.000078 0.000015 0.000070
28 8 0.000018 0.000003 0.000017
29 8 0.000004 0.000001 0.000004
30 8 0.000001 0.000000 0.000001
31 8 0.000000 0.000000 0.000000
32 8 0.000000 0.000000 0.000000
33 8 0.000000 0.000000 0.000000
34 8 0.000000 0.000000 0.000000
35 8 0.000000 0.000000 0.000000
36 8 0.000000 0.000000 0.000000
37 8 0.000000 0.000000 0.000000
38 8 0.000000 0.000000 0.000000
39 8 0.000000 0.000000 0.000000
40 8 0.000000 0.000000 0.000000
41 8 0.000000 0.000000 0.000000
42 8 0.000000 0.000000 0.000000
43 8 0.000000 0.000000 0.000000
44 8 0.000000 0.000000 0.000000
45 8 0.000000 0.000000 0.000000
46 8 0.000000 0.000000 0.000000
47 8 0.000000 0.000000 0.000000
48 8 0.000000 0.000000 0.000000
49 8 0.000000 0.000000 0.000000

0 9 0.000000 0.000000 0.000000
1 9 -0.004853 0.001487 -0.003806
2 9 -0.008551 0.003705 -0.004033
3 9 -0.010163 0.007722 -0.004814
4 9 -0.006744 0.013429 -0.004636
5 9 0.001486 0.020963 -0.004231
6 9 0.019586 0.028113 -0.000850
7 9 0.039723 0.030908 0.004771
8 9 0.060977 0.025657 0.012055
9 9 0.064037 0.006314 0.019649
10 9 0.033534 -0.020725 0.015511
11 9 -0.019712 -0.044009 0.001226
12 9 -0.083937 -0.046197 -0.023317
13 9 -0.095544 -0.010894 -0.043658
14 9 -0.009836 0.035271 -0.021458
15 9 0.081514 0.043359 0.028900
16 9 0.073353 0.011382 0.044337
17 9 -0.002611 -0.019389 0.011379
18 9 -0.051065 -0.023200 -0.023477
19 9 -0.041231 -0.009207 -0.027362
20 9 -0.007799 0.003863 -0.010124
21 9 0.014234 0.008402 0.005676
22 9 0.018105 0.006973 0.010887
23 9 0.012804 0.004030 0.008829
24 9 0.006699 0.001834 0.005043
25 9 0.002826 0.000693 0.002276
26 9 0.001001 0.000224 0.000854
27 9 0.000306 0.000063 0.000274
28 9 0.000082 0.000016 0.000076
29 9 0.000019 0.000003 0.000019
30 9 0.000004 0.000001 0.000004
31 9 0.000001 0.000000 0.000001
32 9 0.000000 0.000000 0.000000
33 9 0.000000 0.000000 0.000000
34 9 0.000000 0.000000 0.000000
35 9 0.000000 0.000000 0.000000
36 9 0.000000 0.000000 0.000000
37 9 0.000000 0.000000 0.000000
38 9 0.000000 0.000000 0.000000
39 9 0.000000 0.000000 0.000000
40 9 0.000000 0.000000 0.000000
41 9 0.000000 0.000000 0.000000
42 9 0.000000 0.000000 0.000000
43 9 0.000000 0.000000 0.000000
44 9 0.000000 0.000000 0.000000
45 9 0.000000 0.000000 0.000000
46 9 0.000000 0.000000 0.000000
47 9 0.000000 0.000000 0.000000
48 9 0.000000 0.000000 0.000000
49 9 0.000000 0.000000 0.000000

0 10 0.000000 0.000000 0.000000
1 10 -0.003224 -0.005387 0.002551
2 10 -0.007339 -0.010657 0.001976
3 10 -0.015869 -0.016266 0.001118
4 10 -0.026429 -0.019755 -0.001830
5 10 -0.040558 -0.021061 -0.004570
6 10 -0.053013 -0.014397 -0.011135
7 10 -0.051197 -0.000383 -0.013270
8 10 -0.036018 0.021931 -0.014510
9 10 0.015113 0.045033 -0.004065
10 10 0.067239 0.048969 0.017675
11 10 0.091869 0.029722 0.031122
12 10 0.068020 -0.015268 0.034518
13 10 -0.039779 -0.058059 0.001455
14 10 -0.123697 -0.043592 -0.053066
15 10 -0.058137 0.014603 -0.047565
16 10 0.062543 0.043698 0.016875
17 10 0.081294 0.020746 0.049524
18 10 0.009437 -0.012408 0.019367
19 10 -0.045555 -0.021166 -0.020571
20 10 -0.040801 -0.009981 -0.027995
21 10 -0.008943 0.002466 -0.011177
22 10 0.013141 0.007330 0.005249
23 10 0.017380 0.006361 0.010858
24 10 0.012389 0.003742 0.008884
25 10 0.006491 0.001718 0.005074
26 10 0.002736 0.000652 0.002284
27 10 0.000968 0.000211 0.000854
28 10 0.000295 0.000059 0.000273
29 10 0.000079 0.000015 0.000076
30 10 0.000019 0.000003 0.000019
31 10 0.000004 0.000001 0.000004
32 10 0.000001 0.000000 0.000001
33 10 0.000000 0.000000 0.000000
34 10 0.000000 0.000000 0.000000
35 10 0.000000 0.000000 0.000000
36 10 0.000000 0.000000 0.000000
37 10 0.000000 0.000000 0.000000
38 10 0.000000 0.000000 0.000000
39 10 0.000000 0.000000 0.000000
40 10 0.000000 0.000000 0.000000
41 10 0.000000 0.000000 0.000000
42 10 0.000000 0.000000 0.000000
43 10 0.000000 0.000000 0.000000
44 10 0.000000 0.000000 0.000000
45 10 0.000000 0.000000 0.000000
46 10 0.000000 0.000000 0.000000
47 10 0.000000 0.000000 0.000000
48 10 0.000000 0.000000 0.000000
49 10 0.000000 0.000000 0.000000

0 11 0.000000 0.000000 0.000000
1 11 0.009685 0.003599 -0.000403
2 11 0.017842 0.006062 0.000336
3 11 0.028973 0.005863 0.003023
4 11 0.031564 0.001008 0.005136
5 11 0.034313 -0.008390 0.007654
6 11 0.015054 -0.025097 0.008063
7 11 -0.013880 -0.038466 -0.000265
8 11 -0.054328 -0.047364 -0.008648
9 11 -0.092137 -0.032151 -0.029503
10 11 -0.064272 0.005075 -0.029977
11 11 -0.006097 0.040439 -0.009168
12 11 0.074528 0.059970 0.019757
13 11 0.118778 0.026999 0.055985
14 11 0.013545 -0.040051 0.030768
15 11 -0.113752 -0.053040 -0.047689
16 11 -0.074123 -0.001554 -0.058747
17 11 0.047669 0.035389 0.008831
18 11 0.074757 0.021120 0.048008
19 11 0.009493 -0.008349 0.019896
20 11 -0.041736 -0.017696 -0.019599
21 11 -0.036668 -0.008673 -0.026572
22 11 -0.006874 0.002097 -0.009939
23 11 0.013087 0.006373 0.005734
24 11 0.016394 0.005539 0.010717
25 11 0.011447 0.003253 0.008539
26 11 0.005917 0.001490 0.004798
27 11 0.002468 0.000564 0.002133
28 11 0.000866 0.000182 0.000789
29 11 0.000262 0.000051 0.000250
30 11 0.000070 0.000013 0.000069
31 11 0.000016 0.000003 0.000017
32 11 0.000003 0.000001 0.000004
33 11 0.000001 0.000000 0.000001
34 11 0.000000 0.000000 0.000000
35 11 0.000000 0.000000 0.000000
36 11 0.000000 0.000000 0.000000
37 11 0.000000 0.000000 0.000000
38 11 0.000000 0.000000 0.000000
39 11 0.000000 0.000000 0.000000
40 11 0.000000 0.000000 0.000000
41 11 0.000000 0.000000 0.000000
42 11 0.000000 0.000000 0.000000
43 11 0.000000 0.000000 0.000000
44 11 0.000000 0.000000 0.000000
45 11 0.000000 0.000000 0.000000
46 11 0.000000 0.000000 0.000000
47 11 0.000000 0.000000 0.000000
48 11 0.000000 0.000000 0.000000
49 11 0.000000 0.000000 0.000000

0 12 0.000000 0.000000 0.000000
1 12 -0.005083 0.003872 -0.006212
2 12 -0.007797 0.008272 -0.005696
3 12 -0.006491 0.016533 -0.007464
4 12 0.005847 0.024762 -0.003610
5 12 0.021009 0.034695 -0.002829
6 12 0.055531 0.037686 0.008924
7 12 0.065817 0.026267 0.016941
8 12 0.069973 0.003257 0.022452
9 12 0.015978 -0.036498 0.017814
10 12 -0.065698 -0.051542 -0.020506
11 12 -0.084617 -0.033999 -0.038345
12 12 -0.060338 0.004368 -0.034735
13 12 0.039535 0.051210 0.000293
14 12 0.120301 0.041824 0.061200
15 12 0.025698 -0.021757 0.041351
16 12 -0.099824 -0.044259 -0.044171
17 12 -0.061787 -0.004363 -0.055424
18 12 0.046536 0.027233 0.010995
19 12 0.062341 0.016050 0.044131
20 12 0.000930 -0.007543 0.014241
21 12 -0.039998 -0.014254 -0.020875
22 12 -0.030409 -0.006320 -0.023831
23 12 -0.002742 0.002406 -0.006984
24 12 0.013681 0.005570 0.006891
25 12 0.015202 0.004639 0.010460
26 12 0.010141 0.002667 0.007876
27 12 0.005098 0.001205 0.004285
28 12 0.002085 0.000451 0.001863
29 12 0.000721 0.000145 0.000678
30 12 0.000216 0.000040 0.000212
31 12 0.000057 0.000010 0.000058
32 12 0.000013 0.000002 0.000014
33 12 0.000003 0.000000 0.000003
34 12 0.000001 0.000000 0.000001
35 12 0.000000 0.000000 0.000000
36 12 0.000000 0.000000 0.000000
37 12 0.000000 0.000000 0.000000
38 12 0.000000 0.000000 0.000000
39 12 0.000000 0.000000 0.000000
40 12 0.000000 0.000000 0.000000
41 12 0.000000 0.000000 0.000000
42 12 0.000000 0.000000 0.000000
43 12 0.000000 0.000000 0.000000
44 12 0.000000 0.000000 0.000000
45 12 0.000000 0.000000 0.000000
46 12 0.000000 0.000000 0.000000
47 12 0.000000 0.000000 0.000000
48 12 0.000000 0.000000 0.000000
49 12 0.000000 0.000000 0.000000

0 13 0.000000 0.000000 0.000000
1 13 -0.007406 -0.007369 0.002173
2 13 -0.014080 -0.013389 0.000867
3 13 -0.030080 -0.019817 -0.001297
4 13 -0.041171 -0.018422 -0.007472
5 13 -0.054918 -0.013543 -0.010741
6 13 -0.049676 0.008254 -0.019778
7 13 -0.009003 0.031492 -0.008354
8 13 0.038528 0.049555 0.003557
9 13 0.101616 0.043550 0.034618
10 13 0.066834 -0.003444 0.042824
11 13 -0.028687 -0.037496 -0.000509
12 13 -0.087605 -0.039445 -0.037643
13 13 -0.075415 -0.007870 -0.051256
14 13 0.044854 0.039119 -0.001942
15 13 0.112662 0.032785 0.066605
16 13 0.003296 -0.018652 0.032371
17 13 -0.094857 -0.032186 -0.049497
18 13 -0.036751 0.000991 -0.043846
19 13 0.052603 0.021755 0.020206
20 13 0.047097 0.009549 0.038729
21 13 -0.011079 -0.008196 0.005055
22 13 -0.038281 -0.011110 -0.022835
23 13 -0.022741 -0.003735 -0.019892
24 13 0.002215 0.002916 -0.003044
25 13 0.014309 0.004832 0.008239
26 13 0.013751 0.003738 0.009983
27 13 0.008612 0.002067 0.006964
28 13 0.004162 0.000910 0.003623
29 13 0.001654 0.000335 0.001526
30 13 0.000560 0.000106 0.000542
31 13 0.000165 0.000029 0.000166
32 13 0.000043 0.000007 0.000045
33 13 0.000010 0.000002 0.000011
34 13 0.000002 0.000000 0.000002
35 13 0.000000 0.000000 0.000000
36 13 0.000000 0.000000 0.000000
37 13 0.000000 0.000000 0.000000
38 13 0.000000 0.000000 0.000000
39 13 0.000000 0.000000 0.000000
40 13 0.000000 0.000000 0.000000
41 13 0.000000 0.000000 0.000000
42 13 0.000000 0.000000 0.000000
43 13 0.000000 0.000000 0.000000
44 13 0.000000 0.000000 0.000000
45 13 0.000000 0.000000 0.000000
46 13 0.000000 0.000000 0.000000
47 13 0.000000 0.000000 0.000000
48 13 0.000000 0.000000 0.000000
49 13 0.000000 0.000000 0.000000

0 14 0.000000 0.000000 0.000000
1 14 0.012041 0.002055 0.001600
2 14 0.020445 0.001755 0.002502
3 14 0.029412 -0.003258 0.006916
4 14 0.019452 -0.015681 0.007168
5 14 0.002533 -0.030516 0.006844
6 14 -0.047981 -0.046076 -0.005267
7 14 -0.084609 -0.036320 -0.026245
8 14 -0.084602 -0.007090 -0.035179
9 14 -0.013843 0.039135 -0.024225
10 14 0.098647 0.057238 0.031677
11 14 0.104907 0.016292 0.059541
12 14 0.001683 -0.032368 0.022802
13 14 -0.109894 -0.042465 -0.043597
14 14 -0.081803 -0.002214 -0.066247
15 14 0.071589 0.038845 0.011985
16 14 0.101312 0.020243 0.072845
17 14 -0.028850 -0.021900 0.012277
18 14 -0.086359 -0.021741 -0.055627
19 14 -0.007424 0.007088 -0.026493
20 14 0.055849 0.017007 0.029911
21 14 0.028672 0.003545 0.030152
22 14 -0.022409 -0.008617 -0.005233
23 14 -0.034481 -0.008070 -0.023547
24 14 -0.014142 -0.001390 -0.014715
25 14 0.006940 0.003276 0.001154
26 14 0.014440 0.004078 0.009294
27 14 0.012002 0.002882 0.009188
28 14 0.006988 0.001514 0.005880
29 14 0.003217 0.000644 0.002898
30 14 0.001234 0.000231 0.001174
31 14 0.000406 0.000071 0.000405
32 14 0.000117 0.000019 0.000121
33 14 0.000030 0.000005 0.000032
34 14 0.000007 0.000001 0.000008
35 14 0.000001 0.000000 0.000002
36 14 0.000000 0.000000 0.000000
37 14 0.000000 0.000000 0.000000
38 14 0.000000 0.000000 0.000000
39 14 0.000000 0.000000 0.000000
40 14 0.000000 0.000000 0.000000
41 14 0.000000 0.000000 0.000000
42 14 0.000000 0.000000 0.000000
43 14 0.000000 0.000000 0.000000
44 14 0.000000 0.000000 0.000000
45 14 0.000000 0.000000 0.000000
46 14 0.000000 0.000000 0.000000
47 14 0.000000 0.000000 0.000000
48 14 0.000000 0.000000 0.000000
49 14 0.000000 0.000000 0.000000

0 15 0.000000 0.000000 0.000000
1 15 -0.000121 0.008471 -0.009279
2 15 0.004004 0.017785 -0.008493
3 15 0.019459 0.029113 -0.006205
4 15 0.045424 0.036437 0.001836
5 15 0.076629 0.032773 0.013891
6 15 0.084216 0.008301 0.029308
7 15 0.033764 -0.033567 0.022949
8 15 -0.062524 -0.059463 -0.009284
9 15 -0.128888 -0.042406 -0.055434
10 15 -0.063983 0.016192 -0.049418
11 15 0.066649 0.057791 0.016689
12 15 0.123344 0.033897 0.067340
13 15 0.019609 -0.026698 0.039314
14 15 -0.121326 -0.044154 -0.054410
15 15 -0.060433 0.003264 -0.066112
16 15 0.093201 0.035695 0.034470
17 15 0.067807 0.008250 0.065754
18 15 -0.057936 -0.021931 -0.013943
19 15 -0.063824 -0.011356 -0.052856
20 15 0.021042 0.010703 -0.004803
21 15 0.050439 0.011541 0.034750
22 15 0.008137 -0.001217 0.017741
23 15 -0.029987 -0.008043 -0.014307
24 15 -0.027699 -0.005105 -0.021722
25 15 -0.005392 0.000447 -0.008614
26 15 0.010611 0.003319 0.004922
27 15 0.013789 0.003283 0.009711
28 15 0.010009 0.002109 0.008058
29 15 0.005393 0.001044 0.004717
30 15 0.002352 0.000425 0.002189
31 15 0.000866 0.000148 0.000848
32 15 0.000276 0.000045 0.000282
33 15 0.000077 0.000012 0.000082
34 15 0.000019 0.000003 0.000021
35 15 0.000004 0.000001 0.000005
36 15 0.000001 0.000000 0.000001
37 15 0.000000 0.000000 0.000000
38 15 0.000000 0.000000 0.000000
39 15 0.000000 0.000000 0.000000
40 15 0.000000 0.000000 0.000000
41 15 0.000000 0.000000 0.000000
42 15 0.000000 0.000000 0.000000
43 15 0.000000 0.000000 0.000000
44 15 0.000000 0.000000 0.000000
45 15 0.000000 0.000000 0.000000
46 15 0.000000 0.000000 0.000000
47 15 0.000000 0.000000 0.000000
48 15 0.000000 0.000000 0.000000
49 15 0.000000 0.000000 0.000000

0 16 0.000000 0.000000 0.000000
1 16 -0.016261 -0.008509 -0.000746
2 16 -0.036216 -0.014323 -0.003504
3 16 -0.055033 -0.012321 -0.011298
4 16 -0.064419 0.002730 -0.018407
5 16 -0.038021 0.033608 -0.023228
6 16 0.039449 0.061554 -0.000155
7 16 0.112535 0.059020 0.035573
8 16 0.113882 0.009761 0.059233
9 16 -0.018819 -0.048065 0.015665
10 16 -0.119221 -0.050627 -0.059837
11 16 -0.066472 -0.003684 -0.056380
12 16 0.057260 0.039813 0.012505
13 16 0.107081 0.029258 0.070616
14 16 -0.018696 -0.021471 0.024505
15 16 -0.116087 -0.029706 -0.070055
16 16 -0.001111 0.011952 -0.037915
17 16 0.099641 0.024844 0.057941
18 16 0.015313 -0.003818 0.039867
19 16 -0.072629 -0.017539 -0.037958
20 16 -0.029085 -0.001697 -0.037617
21 16 0.040844 0.011108 0.016066
22 16 0.035244 0.005750 0.031559
23 16 -0.010956 -0.004200 0.003268
24 16 -0.031759 -0.006447 -0.019932
25 16 -0.018406 -0.002443 -0.017080
26 16 0.002432 0.001630 -0.002351
27 16 0.012702 0.003028 0.007677
28 16 0.012336 0.002487 0.009355
29 16 0.007911 0.001452 0.006675
30 16 0.003939 0.000675 0.003575
31 16 0.001621 0.000262 0.001558
32 16 0.000570 0.000088 0.000575
33 16 0.000175 0.000026 0.000184
34 16 0.000047 0.000007 0.000052
35 16 0.000012 0.000002 0.000013
36 16 0.000003 0.000000 0.000003
37 16 0.000001 0.000000 0.000001
38 16 0.000000 0.000000 0.000000
39 16 0.000000 0.000000 0.000000
40 16 0.000000 0.000000 0.000000
41 16 0.000000 0.000000 0.000000
42 16 0.000000 0.000000 0.000000
43 16 0.000000 0.000000 0.000000
44 16 0.000000 0.000000 0.000000
45 16 0.000000 0.000000 0.000000
46 16 0.000000 0.000000 0.000000
47 16 0.000000 0.000000 0.000000
48 16 0.000000 0.000000 0.000000
49 16 0.000000 0.000000 0.000000

0 17 0.000000 0.000000 0.000000
1 17 0.015556 -0.003199 0.005706
2 17 0.026564 -0.012064 0.009352
3 17 0.012984 -0.030409 0.010810
4 17 -0.026463 -0.051714 0.004776
5 17 -0.100299 -0.057866 -0.022355
6 17 -0.119687 -0.021669 -0.051846
7 17 -0.040028 0.034432 -0.035145
8 17 0.096242 0.065289 0.028107
9 17 0.125588 0.027378 0.080115
10 17 -0.022891 -0.032673 0.020294
11 17 -0.121010 -0.034064 -0.065538
12 17 -0.041690 0.007711 -0.054017
13 17 0.100861 0.031943 0.036420
14 17 0.080387 0.006680 0.074924
15 17 -0.082750 -0.026168 -0.017729
16 17 -0.087024 -0.010750 -0.076328
17 17 0.060303 0.019517 0.007523
18 17 0.075721 0.011778 0.064472
19 17 -0.035174 -0.011202 0.002611
20 17 -0.062239 -0.010215 -0.047313
21 17 0.008021 0.004785 -0.012921
22 17 0.045050 0.008547 0.028918
23 17 0.013463 0.000792 0.020263
24 17 -0.024311 -0.005170 -0.009811
25 17 -0.027310 -0.004237 -0.020684
26 17 -0.008119 -0.000378 -0.010377
27 17 0.008306 0.002142 0.003103
28 17 0.013066 0.002493 0.009077
29 17 0.010284 0.001753 0.008300
30 17 0.005889 0.000933 0.005190
31 17 0.002711 0.000406 0.002549
32 17 0.001051 0.000150 0.001041
33 17 0.000352 0.000048 0.000364
34 17 0.000104 0.000014 0.000112
35 17 0.000027 0.000003 0.000030
36 17 0.000006 0.000001 0.000007
37 17 0.000001 0.000000 0.000002
38 17 0.000000 0.000000 0.000000
39 17 0.000000 0.000000 0.000000
40 17 0.000000 0.000000 0.000000
41 17 0.000000 0.000000 0.000000
42 17 0.000000 0.000000 0.000000
43 17 0.000000 0.000000 0.000000
44 17 0.000000 0.000000 0.000000
45 17 0.000000 0.000000 0.000000
46 17 0.000000 0.000000 0.000000
47 17 0.000000 0.000000 0.000000
48 17 0.000000 0.000000 0.000000
49 17 0.000000 0.000000 0.000000

0 18 0.000000 0.000000 0.000000
1 18 0.009681 0.018618 -0.016024
2 18 0.033380 0.036929 -0.011161
3 18 0.075720 0.045770 0.004685
4 18 0.112273 0.027573 0.030862
5 18 0.071566 -0.022158 0.042143
6 18 -0.058313 -0.065582 -0.004545
7 18 -0.147881 -0.047807 -0.068853
8 18 -0.063311 0.016053 -0.063007
9 18 0.108215 0.053944 0.036355
10 18 0.112840 0.019267 0.084667
11 18 -0.039658 -0.034341 0.007694
12 18 -0.124032 -0.029547 -0.074676
13 18 -0.007020 0.018357 -0.039994
14 18 0.122346 0.030290 0.067086
15 18 0.018643 -0.007221 0.052409
16 18 -0.110395 -0.023156 -0.059538
17 18 -0.019094 0.003360 -0.048458
18 18 0.087610 0.017088 0.047661
19 18 0.021646 0.000081 0.041796
20 18 -0.062141 -0.011259 -0.030560
21 18 -0.029190 -0.002350 -0.035882
22 18 0.034405 0.006915 0.012247
23 18 0.032787 0.004376 0.029120
24 18 -0.008346 -0.002353 0.004473
25 18 -0.029031 -0.004453 -0.017984
26 18 -0.018150 -0.002011 -0.016658
27 18 0.001221 0.000905 -0.003098
28 18 0.011630 0.002100 0.006931
29 18 0.011943 0.001850 0.009106
30 18 0.007963 0.001138 0.006781
31 18 0.004109 0.000554 0.003768
32 18 0.001751 0.000225 0.001702
33 18 0.000638 0.000079 0.000651
34 18 0.000203 0.000024 0.000216
35 18 0.000057 0.000007 0.000063
36 18 0.000014 0.000002 0.000016
37 18 0.000003 0.000000 0.000004
38 18 0.000001 0.000000 0.000001
39 18 0.000000 0.000000 0.000000
40 18 0.000000 0.000000 0.000000
41 18 0.000000 0.000000 0.000000
42 18 0.000000 0.000000 0.000000
43 18 0.000000 0.000000 0.000000
44 18 0.000000 0.000000 0.000000
45 18 0.000000 0.000000 0.000000
46 18 0.000000 0.000000 0.000000
47 18 0.000000 0.000000 0.000000
48 18 0.000000 0.000000 0.000000
49 18 0.000000 0.000000 0.000000

0 19 0.000000 0.000000 0.000000
1 19 -0.036221 -0.008173 -0.009787
2 19 -0.069843 -0.003312 -0.020761
3 19 -0.069198 0.027215 -0.034310
4 19 0.020054 0.070598 -0.019831
5 19 0.144489 0.073094 0.047788
6 19 0.132093 0.014193 0.080333
7 19 -0.034016 -0.051919 0.015173
8 19 -0.157838 -0.046563 -0.085278
9 19 -0.034078 0.014628 -0.059140
10 19 0.115360 0.039323 0.059047
11 19 0.058507 0.009346 0.068171
12 19 -0.080771 -0.022395 -0.026060
13 19 -0.079924 -0.012422 -0.073369
14 19 0.072539 0.017561 0.011229
15 19 0.087917 0.011613 0.079098
16 19 -0.068588 -0.014290 -0.007828
17 19 -0.079681 -0.008863 -0.072145
18 19 0.054281 0.011236 0.006221
19 19 0.065178 0.007759 0.058466
20 19 -0.033952 -0.006661 0.000618
21 19 -0.053768 -0.006367 -0.042766
22 19 0.009918 0.002992 -0.009831
23 19 0.040341 0.005422 0.027013
24 19 0.010342 0.000504 0.017618
25 19 -0.023225 -0.003372 -0.009971
26 19 -0.025036 -0.002822 -0.019385
27 19 -0.007148 -0.000294 -0.009500
28 19 0.007992 0.001423 0.003132
29 19 0.012412 0.001708 0.008759
30 19 0.009844 0.001232 0.008052
31 19 0.005713 0.000673 0.005098
32 19 0.002675 0.000301 0.002545
33 19 0.001057 0.000114 0.001060
34 19 0.000362 0.000038 0.000379
35 19 0.000109 0.000011 0.000119
36 19 0.000029 0.000003 0.000033
37 19 0.000007 0.000001 0.000008
38 19 0.000002 0.000000 0.000002
39 19 0.000000 0.000000 0.000000
40 19 0.000000 0.000000 0.000000
41 19 0.000000 0.000000 0.000000
42 19 0.000000 0.000000 0.000000
43 19 0.000000 0.000000 0.000000
44 19 0.000000 0.000000 0.000000
45 19 0.000000 0.000000 0.000000
46 19 0.000000 0.000000 0.000000
47 19 0.000000 0.000000 0.000000
48 19 0.000000 0.000000 0.000000
49 19 0.000000 0.000000 0.000000

0 20 0.000000 0.000000 0.000000
1 20 0.018199 -0.018973 0.016429
2 20 -0.012284 -0.052456 0.019447
3 20 -0.114081 -0.071925 -0.014970
4 20 -0.177632 -0.033262 -0.076345
5 20 -0.048102 0.045076 -0.055438
6 20 0.137576 0.071322 0.056566
7 20 0.122828 0.021044 0.098673
8 20 -0.073214 -0.034892 -0.004578
9 20 -0.126682 -0.023339 -0.095445
10 20 0.042152 0.021486 -0.015667
11 20 0.122880 0.019125 0.081903
12 20 -0.009319 -0.014247 0.035168
13 20 -0.124255 -0.017651 -0.070134
14 20 -0.007498 0.009725 -0.046639
15 20 0.118905 0.017463 0.068284
16 20 0.004652 -0.004957 0.045893
17 20 -0.102909 -0.013234 -0.061650
18 20 -0.002368 0.003093 -0.036899
19 20 0.080010 0.009846 0.049534
20 20 0.006965 -0.000874 0.031164
21 20 -0.058195 -0.006638 -0.033039
22 20 -0.018039 -0.000735 -0.028471
23 20 0.035000 0.004353 0.015840
24 20 0.026059 0.002332 0.025640
25 20 -0.011872 -0.001717 0.000791
26 20 -0.027278 -0.002757 -0.017983
27 20 -0.015133 -0.001133 -0.014701
28 20 0.002633 0.000661 -0.001690
29 20 0.011448 0.001364 0.007171
30 20 0.011216 0.001185 0.008745
31 20 0.007368 0.000730 0.006380
32 20 0.003788 0.000358 0.003524
33 20 0.001619 0.000147 0.001594
34 20 0.000594 0.000052 0.000613
35 20 0.000191 0.000016 0.000206
36 20 0.000055 0.000005 0.000061
37 20 0.000014 0.000001 0.000016
38 20 0.000003 0.000000 0.000004
39 20 0.000001 0.000000 0.000001
40 20 0.000000 0.000000 0.000000
41 20 0.000000 0.000000 0.000000
42 20 0.000000 0.000000 0.000000
43 20 0.000000 0.000000 0.000000
44 20 0.000000 0.000000 0.000000
45 20 0.000000 0.000000 0.000000
46 20 0.000000 0.000000 0.000000
47 20 0.000000 0.000000 0.000000
48 20 0.000000 0.000000 0.000000
49 20 0.000000 0.000000 0.000000

0 21 0.000000 0.000000 0.000000
1 21 0.066610 0.047910 -0.035120
2 21 0.161670 0.047108 0.026345
3 21 0.127509 -0.021370 0.073868
4 21 -0.086582 -0.078208 -0.006796
5 21 -0.185171 -0.048781 -0.110771
6 21 -0.017587 0.025062 -0.054413
7 21 0.156983 0.042321 0.084364
8 21 0.048679 -0.003286 0.080238
9 21 -0.130461 -0.027797 -0.060241
10 21 -0.057702 -0.003642 -0.073588
11 21 0.091932 0.022009 0.040106
12 21 0.066750 0.011310 0.072306
13 21 -0.079638 -0.013582 -0.022255
14 21 -0.072782 -0.008686 -0.074887
15 21 0.084848 0.011052 0.023267
16 21 0.065537 0.005690 0.074105
17 21 -0.082099 -0.008830 -0.025618
18 21 -0.053215 -0.003341 -0.062496
19 21 0.065541 0.006966 0.022751
20 21 0.043612 0.002994 0.049744
21 21 -0.044274 -0.004386 -0.012626
22 21 -0.040324 -0.002769 -0.038119
23 21 0.020024 0.002335 0.000128
24 21 0.035140 0.002810 0.026954
25 21 0.001900 -0.000219 0.011406
26 21 -0.024732 -0.002076 -0.013044
27 21 -0.021327 -0.001461 -0.017745
28 21 -0.003636 0.000020 -0.006725
29 21 0.009084 0.000914 0.004515
30 21 0.011843 0.001003 0.008703
31 21 0.008897 0.000701 0.007451
32 21 0.005023 0.000377 0.004564
33 21 0.002316 0.000168 0.002237
34 21 0.000908 0.000064 0.000922
35 21 0.000310 0.000021 0.000329
36 21 0.000094 0.000006 0.000103
37 21 0.000025 0.000002 0.000029
38 21 0.000006 0.000000 0.000007
39 21 0.000001 0.000000 0.000002
40 21 0.000000 0.000000 0.000000
41 21 0.000000 0.000000 0.000000
42 21 0.000000 0.000000 0.000000
43 21 0.000000 0.000000 0.000000
44 21 0.000000 0.000000 0.000000
45 21 0.000000 0.000000 0.000000
46 21 0.000000 0.000000 0.000000
47 21 0.000000 0.000000 0.000000
48 21 0.000000 0.000000 0.000000
49 21 0.000000 0.000000 0.000000

0 22 0.000000 0.000000 0.000000
1 22 -0.114300 0.045489 -0.093931
2 22 0.012424 0.111598 -0.058775
3 22 0.221452 0.101254 0.091043
4 22 0.137746 0.011190 0.126086
5 22 -0.125444 -0.045296 -0.034567
6 22 -0.138587 -0.017824 -0.115401
7 22 0.076302 0.026115 0.005511
8 22 0.127863 0.020880 0.107134
9 22 -0.062755 -0.011355 0.007822
10 22 -0.111357 -0.009546 -0.089949
11 22 0.051147 0.009322 -0.008688
12 22 0.111542 0.005319 0.081346
13 22 -0.036247 -0.008484 0.020825
14 22 -0.115931 -0.005935 -0.078807
15 22 0.034666 0.007345 -0.021540
16 22 0.105637 0.006881 0.078432
17 22 -0.038194 -0.004790 0.015580
18 22 -0.086354 -0.005267 -0.067795
19 22 0.032359 0.003318 -0.009585
20 22 0.066645 0.004061 0.053387
21 22 -0.019054 -0.001721 0.010732
22 22 -0.052119 -0.002961 -0.037669
23 22 0.000527 0.000529 -0.015431
24 22 0.036529 0.002249 0.022210
25 22 0.015049 0.000659 0.019644
26 22 -0.018340 -0.001178 -0.005881
27 22 -0.024896 -0.001313 -0.018290
28 22 -0.009928 -0.000357 -0.011219
29 22 0.005595 0.000474 0.001139
30 22 0.011618 0.000724 0.007901
31 22 0.010140 0.000581 0.008183
32 22 0.006294 0.000344 0.005576
33 22 0.003123 0.000165 0.002958
34 22 0.001303 0.000067 0.001302
35 22 0.000470 0.000023 0.000492
36 22 0.000149 0.000007 0.000163
37 22 0.000042 0.000002 0.000048
38 22 0.000011 0.000001 0.000013
39 22 0.000003 0.000000 0.000003
40 22 0.000001 0.000000 0.000001
41 22 0.000000 0.000000 0.000000
42 22 0.000000 0.000000 0.000000
43 22 0.000000 0.000000 0.000000
44 22 0.000000 0.000000 0.000000
45 22 0.000000 0.000000 0.000000
46 22 0.000000 0.000000 0.000000
47 22 0.000000 0.000000 0.000000
48 22 0.000000 0.000000 0.000000
49 22 0.000000 0.000000 0.000000

0 23 0.000000 0.000000 0.000000
1 23 -0.224807 -0.079444 0.008373
2 23 -0.293282 -0.013049 -0.150515
3 23 0.025548 0.063890 -0.027702
4 23 0.208159 0.052422 0.154295
5 23 0.005237 -0.003188 0.073681
6 23 -0.161467 -0.019915 -0.096045
7 23 -0.010544 0.004087 -0.061470
8 23 0.148783 0.012029 0.088880
9 23 0.010116 -0.002848 0.060823
10 23 -0.122912 -0.011294 -0.071783
11 23 -0.020315 -0.001284 -0.051200
12 23 0.100632 0.010936 0.057048
13 23 0.028048 0.004691 0.056628
14 23 -0.103791 -0.006607 -0.051573
15 23 -0.022624 -0.002298 -0.055968
16 23 0.105849 0.004720 0.057219
17 23 0.010899 0.000443 0.048624
18 23 -0.093669 -0.003537 -0.054183
19 23 -0.006081 0.000272 -0.037136
20 23 0.072770 0.002795 0.044006
21 23 0.009100 0.000052 0.030616
22 23 -0.052748 -0.001909 -0.029095
23 23 -0.018623 -0.000403 -0.027467
24 23 0.031251 0.001227 0.013380
25 23 0.025405 0.000802 0.024365
26 23 -0.009606 -0.000420 0.002019
27 23 -0.025651 -0.000848 -0.016552
28 23 -0.015492 -0.000419 -0.014641
29 23 0.001395 0.000147 -0.002531
30 23 0.010565 0.000409 0.006434
31 23 0.010985 0.000384 0.008504
32 23 0.007509 0.000250 0.006480
33 23 0.004000 0.000128 0.003713
34 23 0.001769 0.000055 0.001739
35 23 0.000672 0.000021 0.000693
36 23 0.000224 0.000007 0.000241
37 23 0.000066 0.000002 0.000074
38 23 0.000018 0.000001 0.000020
39 23 0.000004 0.000000 0.000005
40 23 0.000001 0.000000 0.000001
41 23 0.000000 0.000000 0.000000
42 23 0.000000 0.000000 0.000000
43 23 0.000000 0.000000 0.000000
44 23 0.000000 0.000000 0.000000
45 23 0.000000 0.000000 0.000000
46 23 0.000000 0.000000 0.000000
47 23 0.000000 0.000000 0.000000
48 23 0.000000 0.000000 0.000000
49 23 0.000000 0.000000 0.000000

0 24 0.000000 0.000000 0.000000
1 24 0.204114 -0.047393 0.329622
2 24 -0.264247 -0.055939 -0.128274
3 24 -0.119933 -0.008417 -0.138990
4 24 0.176698 0.014189 0.095167
5 24 0.086988 0.003385 0.125069
6 24 -0.140707 -0.006096 -0.053223
7 24 -0.083052 -0.002475 -0.095275
8 24 0.118378 0.006022 0.048517
9 24 0.068499 0.003811 0.090767
10 24 -0.108573 -0.001008 -0.040358
11 24 -0.063002 0.002782 -0.075509
12 24 0.096962 0.001828 0.033812
13 24 0.073450 -0.003898 0.076871
14 24 -0.092442 -0.003336 -0.025768
15 24 -0.072152 0.001333 -0.076870
16 24 0.091406 0.002794 0.030064
17 24 0.056006 0.000248 0.070160
18 24 -0.083051 -0.001600 -0.031422
19 24 -0.041596 -0.000393 -0.055861
20 24 0.064936 0.000974 0.026868
21 24 0.034288 0.000372 0.043952
22 24 -0.044432 -0.000571 -0.015782
23 24 -0.034179 -0.000343 -0.034519
24 24 0.021438 0.000305 0.002757
25 24 0.031949 0.000359 0.025479
26 24 -0.000081 -0.000030 0.009410
27 24 -0.023918 -0.000271 -0.013102
28 24 -0.019841 -0.000195 -0.016749
29 24 -0.003065 -0.000002 -0.006101
30 24 0.008820 0.000119 0.004480
31 24 0.011381 0.000134 0.008404
32 24 0.008592 0.000096 0.007213
33 24 0.004901 0.000053 0.004458
34 24 0.002291 0.000024 0.002214
35 24 0.000913 0.000009 0.000927
36 24 0.000317 0.000003 0.000337
37 24 0.000098 0.000001 0.000108
38 24 0.000027 0.000000 0.000031
39 24 0.000007 0.000000 0.000008
40 24 0.000002 0.000000 0.000002
41 24 0.000000 0.000000 0.000000
42 24 0.000000 0.000000 0.000000
43 24 0.000000 0.000000 0.000000
44 24 0.000000 0.000000 0.000000
45 24 0.000000 0.000000 0.000000
46 24 0.000000 0.000000 0.000000
47 24 0.000000 0.000000 0.000000
48 24 0.000000 0.000000 0.000000
49 24 0.000000 0.000000 0.000000

0 25 0.000000 0.000000 0.000000
1 25 -0.014094 -0.019364 0.079268
2 25 -0.280431 0.046486 -0.100452
3 25 -0.165341 0.017231 -0.138598
4 25 0.147384 -0.010924 0.063997
5 25 0.130056 -0.006104 0.138191
6 25 -0.105775 0.005310 -0.019099
7 25 -0.118586 0.005015 -0.106511
8 25 0.094978 -0.003042 0.016288
9 25 0.109024 -0.004607 0.102308
10 25 -0.077199 0.001031 -0.010581
11 25 -0.088819 -0.001903 -0.081690
12 25 0.055730 -0.004582 0.004498
13 25 0.086664 0.001606 0.075386
14 25 -0.054375 0.004841 0.004176
15 25 -0.091635 0.000698 -0.076786
16 25 0.061517 -0.002851 0.000902
17 25 0.082777 -0.001328 0.075718
18 25 -0.060975 0.001320 -0.006259
19 25 -0.066952 0.000910 -0.063741
20 25 0.048366 -0.000754 0.007225
21 25 0.052897 -0.000649 0.049977
22 25 -0.030678 0.000406 -0.001094
23 25 -0.044662 0.000488 -0.036652
24 25 0.009451 -0.000165 -0.007714
25 25 0.034661 -0.000403 0.023615
26 25 0.008986 -0.000078 0.015492
27 25 -0.020337 0.000235 -0.008648
28 25 -0.022780 0.000233 -0.017563
29 25 -0.007389 0.000052 -0.009275
30 25 0.006586 -0.000095 0.002250
31 25 0.011343 -0.000136 0.007932
32 25 0.009489 -0.000107 0.007742
33 25 0.005781 -0.000063 0.005153
34 25 0.002844 -0.000030 0.002703
35 25 0.001183 -0.000012 0.001185
36 25 0.000428 -0.000004 0.000448
37 25 0.000137 -0.000001 0.000149
38 25 0.000039 -0.000000 0.000044
39 25 0.000010 -0.000000 0.000012
40 25 0.000002 -0.000000 0.000003
41 25 0.000001 -0.000000 0.000001
42 25 0.000000 -0.000000 0.000000
43 25 0.000000 -0.000000 0.000000
44 25 0.000000 -0.000000 0.000000
45 25 0.000000 -0.000000 0.000000
46 25 0.000000 -0.000000 0.000000
47 25 0.000000 -0.000000 0.000000
48 25 0.000000 -0.000000 0.000000
49 25 0.000000 0.000000 0.000000

0 26 0.000000 0.000000 0.000000
1 26 -0.102525 0.064636 0.017451
2 26 -0.236026 0.099174 -0.081723
3 26 -0.103534 0.027079 -0.089521
4 26 0.162925 -0.039051 0.067582
5 26 0.147207 -0.030156 0.132762
6 26 -0.091898 0.008260 -0.010348
7 26 -0.133873 0.011840 -0.107530
8 26 0.064124 -0.010174 -0.004411
9 26 0.120701 -0.010544 0.099869
10 26 -0.055427 0.004300 0.011820
11 26 -0.113748 0.009165 -0.084232
12 26 0.032939 0.001723 -0.016969
13 26 0.113520 -0.006071 0.076993
14 26 -0.020393 -0.002091 0.028404
15 26 -0.112560 0.003579 -0.075004
16 26 0.026375 -0.000719 -0.025431
17 26 0.101000 -0.003414 0.074160
18 26 -0.032758 0.001492 0.017586
19 26 -0.082942 0.002832 -0.063886
20 26 0.027371 -0.001345 -0.011661
21 26 0.064363 -0.002314 0.050040
22 26 -0.014645 0.000639 0.012669
23 26 -0.050094 0.001686 -0.034902
24 26 -0.002767 -0.000056 -0.016794
25 26 0.034187 -0.001213 0.019730
26 26 0.016799 -0.000519 0.019933
27 26 -0.015644 0.000551 -0.003853
28 26 -0.024366 0.000766 -0.017290
29 26 -0.011291 0.000294 -0.011881
30 26 0.004090 -0.000202 -0.000049
31 26 0.010934 -0.000396 0.007175
32 26 0.010176 -0.000347 0.008064
33 26 0.006602 -0.000218 0.005765
34 26 0.003404 -0.000110 0.003183
35 26 0.001473 -0.000047 0.001454
36 26 0.000551 -0.000017 0.000569
37 26 0.000182 -0.000006 0.000195
38 26 0.000053 -0.000002 0.000060
39 26 0.000014 -0.000000 0.000016
40 26 0.000003 -0.000000 0.000004
41 26 0.000001 -0.000000 0.000001
42 26 0.000000 -0.000000 0.000000
43 26 0.000000 -0.000000 0.000000
44 26 0.000000 -0.000000 0.000000
45 26 0.000000 -0.000000 0.000000
46 26 0.000000 -0.000000 0.000000
47 26 0.000000 -0.000000 0.000000
48 26 0.000000 -0.000000 0.000000
49 26 0.000000 0.000000 0.000000

0 27 0.000000 0.000000 0.000000
1 27 -0.084956 0.064967 -0.027010
2 27 -0.120246 0.071658 -0.061713
3 27 0.012162 -0.009723 -0.034639
4 27 0.189859 -0.073448 0.078015
5 27 0.121532 -0.043506 0.105963
6 27 -0.105205 0.019479 -0.025512
7 27 -0.139946 0.025792 -0.105448
8 27 0.052823 -0.007284 -0.010934
9 27 0.135665 -0.018018 0.099288
10 27 -0.035769 0.004751 0.024276
11 27 -0.112115 0.013525 -0.081342
12 27 0.022544 -0.007014 -0.025767
13 27 0.105882 -0.014976 0.068839
14 27 -0.007579 0.002855 0.037355
15 27 -0.112500 0.012001 -0.065716
16 27 0.004437 -0.001149 -0.040068
17 27 0.107518 -0.008826 0.066913
18 27 -0.008628 0.000655 0.034856
19 27 -0.090789 0.005934 -0.059128
20 27 0.006918 -0.000734 -0.027056
21 27 0.069841 -0.004337 0.046245
22 27 0.001041 0.000036 0.024097
23 27 -0.051474 0.002933 -0.030710
24 27 -0.013899 0.000596 -0.023923
25 27 0.031494 -0.001880 0.014815
26 27 0.023013 -0.001246 0.022777
27 27 -0.010524 0.000624 0.000765
28 27 -0.024824 0.001316 -0.016237
29 27 -0.014606 0.000686 -0.013866
30 27 0.001543 -0.000192 -0.002247
31 27 0.010254 -0.000624 0.006238
32 27 0.010657 -0.000606 0.008198
33 27 0.007334 -0.000405 0.006278
34 27 0.003947 -0.000213 0.003631
35 27 0.001768 -0.000094 0.001721
36 27 0.000682 -0.000036 0.000695
37 27 0.000231 -0.000012 0.000245
38 27 0.000070 -0.000004 0.000077
39 27 0.000019 -0.000001 0.000022
40 27 0.000005 -0.000000 0.000005
41 27 0.000001 -0.000000 0.000001
42 27 0.000000 -0.000000 0.000000
43 27 0.000000 -0.000000 0.000000
44 27 0.000000 -0.000000 0.000000
45 27 0.000000 -0.000000 0.000000
46 27 0.000000 -0.000000 0.000000
47 27 0.000000 -0.000000 0.000000
48 27 0.000000 -0.000000 0.000000
49 27 0.000000 0.000000 0.000000

0 28 0.000000 0.000000 0.000000
1 28 -0.021236 0.025034 -0.035053
2 28 0.004837 0.004098 -0.033719
3 28 0.107509 -0.063305 0.006283
4 28 0.177686 -0.093355 0.072525
5 28 0.058847 -0.034800 0.061074
6 28 -0.131868 0.035600 -0.050564
7 28 -0.125402 0.034426 -0.097326
8 28 0.068555 -0.016319 0.001257
9 28 0.136698 -0.031286 0.097687
10 28 -0.033079 0.002771 0.024506
11 28 -0.120316 0.016666 -0.079968
12 28 -0.001346 -0.000943 -0.035090
13 28 0.103320 -0.010497 0.061725
14 28 0.021161 0.000392 0.049158
15 28 -0.104768 0.009912 -0.054252
16 28 -0.021323 -0.000587 -0.052957
17 28 0.104254 -0.010462 0.056171
18 28 0.013608 -0.000378 0.048001
19 28 -0.091539 0.008286 -0.051360
20 28 -0.011285 0.000472 -0.038784
21 28 0.070712 -0.006203 0.040335
22 28 0.014877 -0.001163 0.032818
23 28 -0.050082 0.004012 -0.025382
24 28 -0.023265 0.001648 -0.029073
25 28 0.027578 -0.002309 0.009693
26 28 0.027632 -0.002138 0.024303
27 28 -0.005518 0.000462 0.004872
28 28 -0.024474 0.001820 -0.014735
29 28 -0.017284 0.001183 -0.015272
30 28 -0.000878 -0.000073 -0.004222
31 28 0.009415 -0.000807 0.005230
32 28 0.010957 -0.000873 0.008183
33 28 0.007962 -0.000616 0.006685
34 28 0.004449 -0.000338 0.004030
35 28 0.002055 -0.000154 0.001972
36 28 0.000813 -0.000060 0.000819
37 28 0.000282 -0.000021 0.000296
38 28 0.000087 -0.000006 0.000095
39 28 0.000024 -0.000002 0.000027
40 28 0.000006 -0.000000 0.000007
41 28 0.000001 -0.000000 0.000002
42 28 0.000000 -0.000000 0.000000
43 28 0.000000 -0.000000 0.000000
44 28 0.000000 -0.000000 0.000000
45 28 0.000000 -0.000000 0.000000
46 28 0.000000 -0.000000 0.000000
47 28 0.000000 -0.000000 0.000000
48 28 0.000000 -0.000000 0.000000
49 28 0.000000 0.000000 0.000000

0 29 0.000000 0.000000 0.000000
1 29 0.024169 -0.013792 -0.017014
2 29 0.066039 -0.046836 -0.005890
3 29 0.114875 -0.085397 0.024310
4 29 0.096510 -0.072974 0.046067
5 29 -0.035241 0.000217 0.011651
6 29 -0.160959 0.058716 -0.070920
7 29 -0.090566 0.035148 -0.075051
8 29 0.087633 -0.026048 0.023662
9 29 0.125064 -0.033983 0.091993
10 29 -0.042490 0.008043 0.016435
11 29 -0.125590 0.028018 -0.082496
12 29 0.008101 0.002277 -0.033142
13 29 0.117250 -0.022817 0.065886
14 29 0.024908 -0.008268 0.051041
15 29 -0.112285 0.015956 -0.053290
16 29 -0.036465 0.005994 -0.059685
17 29 0.105416 -0.013278 0.050328
18 29 0.031138 -0.004109 0.056962
19 29 -0.090976 0.010228 -0.044667
20 29 -0.026392 0.002694 -0.047301
21 29 0.069425 -0.007694 0.034324
22 29 0.026311 -0.002844 0.039135
23 29 -0.047320 0.004814 -0.020049
24 29 -0.030720 0.002952 -0.032575
25 29 0.023316 -0.002489 0.004966
26 29 0.030893 -0.003099 0.024902
27 29 -0.001009 0.000110 0.008294
28 29 -0.023654 0.002252 -0.013087
29 29 -0.019355 0.001740 -0.016197
30 29 -0.003041 0.000135 -0.005898
31 29 0.008531 -0.000943 0.004250
32 29 0.011118 -0.001137 0.008069
33 29 0.008479 -0.000844 0.006991
34 29 0.004894 -0.000479 0.004368
35 29 0.002318 -0.000224 0.002197
36 29 0.000937 -0.000090 0.000933
37 29 0.000331 -0.000032 0.000344
38 29 0.000104 -0.000010 0.000112
39 29 0.000029 -0.000003 0.000033
40 29 0.000007 -0.000001 0.000009
41 29 0.000002 -0.000000 0.000002
42 29 0.000000 -0.000000 0.000000
43 29 0.000000 -0.000000 0.000000
44 29 0.000000 -0.000000 0.000000
45 29 0.000000 -0.000000 0.000000
46 29 0.000000 -0.000000 0.000000
47 29 0.000000 -0.000000 0.000000
48 29 0.000000 -0.000000 0.000000
49 29 0.000000 0.000000 0.000000

0 30 0.000000 0.000000 0.000000
1 30 0.025626 -0.024133 0.002285
2 30 0.047469 -0.047264 0.008867
3 30 0.043877 -0.051933 0.019212
4 30 -0.012121 -0.013939 0.011745
5 30 -0.109771 0.049176 -0.025113
6 30 -0.143084 0.072499 -0.069100
7 30 -0.022130 0.019991 -0.036622
8 30 0.121136 -0.040687 0.048701
9 30 0.113244 -0.039120 0.082940
10 30 -0.061313 0.012344 -0.001518
11 30 -0.118565 0.030583 -0.084115
12 30 0.022148 -0.006943 -0.022355
13 30 0.104668 -0.027758 0.064872
14 30 0.013528 -0.001349 0.043101
15 30 -0.104386 0.022587 -0.049788
16 30 -0.036044 0.005361 -0.057622
17 30 0.102448 -0.018124 0.045437
18 30 0.039364 -0.006400 0.060093
19 30 -0.089558 0.012906 -0.039550
20 30 -0.036687 0.005064 -0.052376
21 30 0.067657 -0.009166 0.029391
22 30 0.034955 -0.004776 0.043367
23 30 -0.044408 0.005430 -0.015528
24 30 -0.036377 0.004391 -0.034856
25 30 0.019410 -0.002479 0.001028
26 30 0.033135 -0.004068 0.024976
27 30 0.002767 -0.000372 0.010978
28 30 -0.022680 0.002613 -0.011543
29 30 -0.020904 0.002324 -0.016768
30 30 -0.004859 0.000405 -0.007242
31 30 0.007705 -0.001039 0.003380
32 30 0.011187 -0.001393 0.007905
33 30 0.008889 -0.001080 0.007205
34 30 0.005267 -0.000631 0.004637
35 30 0.002546 -0.000302 0.002383
36 30 0.001047 -0.000123 0.001030
37 30 0.000376 -0.000044 0.000386
38 30 0.000119 -0.000014 0.000127
39 30 0.000034 -0.000004 0.000038
40 30 0.000009 -0.000001 0.000010
41 30 0.000002 -0.000000 0.000002
42 30 0.000000 -0.000000 0.000001
43 30 0.000000 -0.000000 0.000000
44 30 0.000000 -0.000000 0.000000
45 30 0.000000 -0.000000 0.000000
46 30 0.000000 -0.000000 0.000000
47 30 0.000000 -0.000000 0.000000
48 30 0.000000 -0.000000 0.000000
49 30 0.000000 0.000000 0.000000

0 31 0.000000 0.000000 0.000000
1 31 0.002897 -0.010510 0.007670
2 31 -0.003546 -0.013245 0.007234
3 31 -0.030231 0.003222 0.003463
4 31 -0.076550 0.038981 -0.012814
5 31 -0.109739 0.069131 -0.035733
6 31 -0.067055 0.048770 -0.042077
7 31 0.058776 -0.017345 0.005303
8 31 0.138935 -0.061914 0.064615
9 31 0.066287 -0.036209 0.058814
10 31 -0.097850 0.025929 -0.028745
11 31 -0.112644 0.034822 -0.081558
12 31 0.032075 -0.006324 -0.009351
13 31 0.104558 -0.024593 0.066637
14 31 0.017858 -0.003033 0.039769
15 31 -0.099418 0.019415 -0.048653
16 31 -0.041715 0.005934 -0.057810
17 31 0.098210 -0.018461 0.042133
18 31 0.045604 -0.007811 0.062060
19 31 -0.087619 0.014507 -0.036083
20 31 -0.043519 0.007022 -0.055465
21 31 0.066218 -0.010451 0.025995
22 31 0.041033 -0.006662 0.046119
23 31 -0.042168 0.005957 -0.012274
24 31 -0.040498 0.005854 -0.036360
25 31 0.016359 -0.002376 -0.001900
26 31 0.034707 -0.005022 0.024878
27 31 0.005679 -0.000912 0.012941
28 31 -0.021818 0.002927 -0.010292
29 31 -0.022031 0.002912 -0.017108
30 31 -0.006275 0.000704 -0.008243
31 31 0.007025 -0.001111 0.002682
32 31 0.011210 -0.001640 0.007738
33 31 0.009197 -0.001317 0.007342
34 31 0.005559 -0.000788 0.004832
35 31 0.002728 -0.000384 0.002523
36 31 0.001136 -0.000159 0.001105
37 31 0.000412 -0.000057 0.000418
38 31 0.000132 -0.000018 0.000140
39 31 0.000038 -0.000005 0.000042
40 31 0.000010 -0.000001 0.000011
41 31 0.000002 -0.000000 0.000003
42 31 0.000001 -0.000000 0.000001
43 31 0.000000 -0.000000 0.000000
44 31 0.000000 -0.000000 0.000000
45 31 0.000000 -0.000000 0.000000
46 31 0.000000 -0.000000 0.000000
47 31 0.000000 -0.000000 0.000000
48 31 0.000000 -0.000000 0.000000
49 31 0.000000 0.000000 0.000000

0 32 0.000000 0.000000 0.000000
1 32 -0.014867 0.006262 0.000828
2 32 -0.033887 0.017582 -0.002798
3 32 -0.053931 0.034955 -0.008573
4 32 -0.068700 0.051198 -0.019793
5 32 -0.045694 0.044413 -0.022309
6 32 0.020798 0.001362 -0.007563
7 32 0.108695 -0.052349 0.033848
8 32 0.107213 -0.062172 0.058406
9 32 -0.005181 -0.009142 0.020314
10 32 -0.121840 0.045633 -0.050693
11 32 -0.085788 0.036143 -0.069109
12 32 0.069152 -0.015053 0.012901
13 32 0.113881 -0.036623 0.073710
14 32 -0.003969 -0.006232 0.026719
15 32 -0.113539 0.027051 -0.058481
16 32 -0.035918 0.010987 -0.053286
17 32 0.105349 -0.021837 0.046971
18 32 0.047031 -0.011192 0.061936
19 32 -0.090214 0.016473 -0.037103
20 32 -0.047161 0.009325 -0.057137
21 32 0.066817 -0.011772 0.025144
22 32 0.044879 -0.008531 0.047915
23 32 -0.041358 0.006526 -0.010691
24 32 -0.043378 0.007301 -0.037469
25 32 0.014528 -0.002290 -0.003680
26 32 0.035914 -0.005967 0.024885
27 32 0.007655 -0.001444 0.014223
28 32 -0.021278 0.003236 -0.009472
29 32 -0.022832 0.003491 -0.017321
30 32 -0.007255 0.001002 -0.008905
31 32 0.006556 -0.001178 0.002202
32 32 0.011228 -0.001880 0.007603
33 32 0.009411 -0.001550 0.007415
34 32 0.005763 -0.000942 0.004951
35 32 0.002855 -0.000464 0.002612
36 32 0.001198 -0.000194 0.001153
37 32 0.000438 -0.000071 0.000440
38 32 0.000141 -0.000023 0.000148
39 32 0.000041 -0.000007 0.000044
40 32 0.000011 -0.000002 0.000012
41 32 0.000003 -0.000000 0.000003
42 32 0.000001 -0.000000 0.000001
43 32 0.000000 -0.000000 0.000000
44 32 0.000000 -0.000000 0.000000
45 32 0.000000 -0.000000 0.000000
46 32 0.000000 -0.000000 0.000000
47 32 0.000000 -0.000000 0.000000
48 32 0.000000 -0.000000 0.000000
49 32 0.000000 0.000000 0.000000

0 33 0.000000 0.000000 0.000000
1 33 -0.012652 0.011096 -0.007295
2 33 -0.022285 0.021628 -0.009526
3 33 -0.023025 0.027340 -0.010276
4 33 -0.008557 0.022249 -0.011749
5 33 0.033100 -0.004174 -0.000487
6 33 0.078998 -0.041187 0.016152
7 33 0.105710 -0.064528 0.039610
8 33 0.039655 -0.036859 0.031033
9 33 -0.064036 0.022048 -0.016114
10 33 -0.118923 0.052832 -0.058146
11 33 -0.036407 0.021557 -0.045044
12 33 0.103985 -0.035514 0.038984
13 33 0.087552 -0.038921 0.068171
14 33 -0.044501 0.009863 0.001505
15 33 -0.108381 0.036149 -0.062854
16 33 -0.010176 0.005257 -0.037918
17 33 0.109711 -0.029139 0.053115
18 33 0.036799 -0.011226 0.055686
19 33 -0.095240 0.020561 -0.041440
20 33 -0.045236 0.010873 -0.056060
21 33 0.069944 -0.013881 0.027102
22 33 0.046055 -0.010199 0.048621
23 33 -0.042509 0.007418 -0.011061
24 33 -0.045102 0.008701 -0.038348
25 33 0.014202 -0.002361 -0.004200
26 33 0.036956 -0.006925 0.025172
27 33 0.008635 -0.001899 0.014849
28 33 -0.021204 0.003587 -0.009171
29 33 -0.023371 0.004054 -0.017477
30 33 -0.007776 0.001267 -0.009232
31 33 0.006348 -0.001262 0.001968
32 33 0.011269 -0.002119 0.007526
33 33 0.009539 -0.001774 0.007433
34 33 0.005873 -0.001087 0.004993
35 33 0.002922 -0.000539 0.002646
36 33 0.001230 -0.000227 0.001172
37 33 0.000450 -0.000083 0.000448
38 33 0.000146 -0.000027 0.000151
39 33 0.000042 -0.000008 0.000045
40 33 0.000011 -0.000002 0.000012
41 33 0.000003 -0.000000 0.000003
42 33 0.000001 -0.000000 0.000001
43 33 0.000000 -0.000000 0.000000
44 33 0.000000 -0.000000 0.000000
45 33 0.000000 -0.000000 0.000000
46 33 0.000000 -0.000000 0.000000
47 33 0.000000 -0.000000 0.000000
48 33 0.000000 -0.000000 0.000000
49 33 0.000000 0.000000 0.000000

0 34 0.000000 0.000000 0.000000
1 34 0.002422 0.002781 -0.007546
2 34 0.009309 0.002180 -0.006998
3 34 0.022362 -0.004432 -0.003516
4 34 0.044321 -0.020281 0.001206
5 34 0.068026 -0.042017 0.012917
6 34 0.073255 -0.055487 0.020442
7 34 0.043328 -0.043813 0.022594
8 34 -0.040211 0.003734 -0.003303
9 34 -0.101322 0.046872 -0.038514
10 34 -0.091635 0.049213 -0.049510
11 34 0.021157 -0.000424 -0.011910
12 34 0.114910 -0.046160 0.056643
13 34 0.049114 -0.024732 0.050029
14 34 -0.063474 0.022321 -0.019137
15 34 -0.089081 0.030921 -0.058678
16 34 0.009146 -0.003764 -0.022875
17 34 0.105710 -0.030815 0.056189
18 34 0.023077 -0.007543 0.046996
19 34 -0.098748 0.024055 -0.046630
20 34 -0.038631 0.010607 -0.052612
21 34 0.074562 -0.016543 0.031216
22 34 0.044288 -0.011238 0.048093
23 34 -0.045659 0.008808 -0.013393
24 34 -0.045566 0.009952 -0.038973
25 34 0.015551 -0.002732 -0.003378
26 34 0.037892 -0.007912 0.025802
27 34 0.008551 -0.002204 0.014805
28 34 -0.021681 0.004031 -0.009438
29 34 -0.023673 0.004594 -0.017607
30 34 -0.007815 0.001467 -0.009224
31 34 0.006426 -0.001386 0.001996
32 34 0.011347 -0.002362 0.007518
33 34 0.009581 -0.001984 0.007401
34 34 0.005888 -0.001217 0.004960
35 34 0.002924 -0.000604 0.002623
36 34 0.001230 -0.000254 0.001160
37 34 0.000450 -0.000093 0.000443
38 34 0.000145 -0.000030 0.000149
39 34 0.000042 -0.000009 0.000045
40 34 0.000011 -0.000002 0.000012
41 34 0.000003 -0.000001 0.000003
42 34 0.000001 -0.000000 0.000001
43 34 0.000000 -0.000000 0.000000
44 34 0.000000 -0.000000 0.000000
45 34 0.000000 -0.000000 0.000000
46 34 0.000000 -0.000000 0.000000
47 34 0.000000 -0.000000 0.000000
48 34 0.000000 -0.000000 0.000000
49 34 0.000000 0.000000 0.000000

0 35 0.000000 0.000000 0.000000
1 35 0.010930 -0.006699 -0.001331
2 35 0.022257 -0.015079 0.000005
3 35 0.033673 -0.024914 0.003709
4 35 0.040174 -0.035194 0.007094
5 35 0.036004 -0.038277 0.011258
6 35 0.008560 -0.026798 0.007918
7 35 -0.038372 0.005060 -0.003279
8 35 -0.090148 0.044048 -0.025582
9 35 -0.091233 0.057188 -0.039432
10 35 -0.024633 0.028273 -0.022532
11 35 0.079802 -0.028439 0.022243
12 35 0.109417 -0.050346 0.059800
13 35 0.012751 -0.013653 0.026495
14 35 -0.083448 0.026900 -0.037173
15 35 -0.080422 0.028900 -0.055557
16 35 0.029726 -0.006866 -0.006754
17 35 0.107646 -0.032261 0.062271
18 35 0.006688 -0.005001 0.036262
19 35 -0.104392 0.027204 -0.054470
20 35 -0.028135 0.009557 -0.046988
21 35 0.080929 -0.019576 0.037710
22 35 0.039451 -0.011580 0.046153
23 35 -0.050791 0.010763 -0.017747
24 35 -0.044529 0.010950 -0.039178
25 35 0.018677 -0.003530 -0.001120
26 35 0.038638 -0.008922 0.026726
27 35 0.007309 -0.002277 0.014028
28 35 -0.022723 0.004614 -0.010283
29 35 -0.023710 0.005096 -0.017691
30 35 -0.007350 0.001568 -0.008868
31 35 0.006799 -0.001570 0.002286
32 35 0.011459 -0.002612 0.007576
33 35 0.009533 -0.002174 0.007316
34 35 0.005804 -0.001326 0.004851
35 35 0.002862 -0.000655 0.002545
36 35 0.001196 -0.000274 0.001119
37 35 0.000435 -0.000100 0.000425
38 35 0.000140 -0.000032 0.000142
39 35 0.000040 -0.000009 0.000042
40 35 0.000011 -0.000002 0.000011
41 35 0.000002 -0.000001 0.000003
42 35 0.000001 -0.000000 0.000001
43 35 0.000000 -0.000000 0.000000
44 35 0.000000 -0.000000 0.000000
45 35 0.000000 -0.000000 0.000000
46 35 0.000000 -0.000000 0.000000
47 35 0.000000 -0.000000 0.000000
48 35 0.000000 -0.000000 0.000000
49 35 0.000000 0.000000 0.000000

0 36 0.000000 0.000000 0.000000
1 36 0.005649 -0.006770 0.003252
2 36 0.008518 -0.012302 0.003271
3 36 0.008625 -0.015728 0.004852
4 36 -0.002184 -0.012845 0.002911
5 36 -0.018177 -0.002155 0.001402
6 36 -0.049298 0.019068 -0.007817
7 36 -0.068804 0.042544 -0.017369
8 36 -0.071616 0.052521 -0.025203
9 36 -0.022747 0.032501 -0.019196
10 36 0.056069 -0.015166 0.011815
11 36 0.104786 -0.053974 0.040165
12 36 0.070732 -0.044543 0.044445
13 36 -0.044656 0.005484 -0.004199
14 36 -0.109075 0.042317 -0.054766
15 36 -0.051309 0.029005 -0.042850
16 36 0.070141 -0.019045 0.019267
17 36 0.103555 -0.038162 0.065804
18 36 -0.023743 0.001342 0.016949
19 36 -0.109820 0.032677 -0.063590
20 36 -0.009729 0.006735 -0.036297
21 36 0.088527 -0.023719 0.046351
22 36 0.030190 -0.010929 0.041659
23 36 -0.057710 0.013500 -0.024128
24 36 -0.041380 0.011537 -0.038468
25 36 0.023609 -0.004899 0.002675
26 36 0.038918 -0.009913 0.027747
27 36 0.004790 -0.002024 0.012405
28 36 -0.024265 0.005366 -0.011667
29 36 -0.023396 0.005534 -0.017662
30 36 -0.006357 0.001536 -0.008142
31 36 0.007447 -0.001830 0.002822
32 36 0.011584 -0.002867 0.007682
33 36 0.009386 -0.002337 0.007170
34 36 0.005621 -0.001406 0.004665
35 36 0.002737 -0.000687 0.002415
36 36 0.001133 -0.000285 0.001050
37 36 0.000408 -0.000103 0.000395
38 36 0.000130 -0.000033 0.000131
39 36 0.000037 -0.000009 0.000039
40 36 0.000010 -0.000002 0.000010
41 36 0.000002 -0.000001 0.000003
42 36 0.000000 -0.000000 0.000001
43 36 0.000000 -0.000000 0.000000
44 36 0.000000 -0.000000 0.000000
45 36 0.000000 -0.000000 0.000000
46 36 0.000000 -0.000000 0.000000
47 36 0.000000 -0.000000 0.000000
48 36 0.000000 -0.000000 0.000000
49 36 0.000000 0.000000 0.000000

0 37 0.000000 0.000000 0.000000
1 37 -0.003901 0.000000 0.002122
2 37 -0.009411 0.001819 0.000878
3 37 -0.017554 0.005974 0.000677
4 37 -0.030151 0.015252 -0.004205
5 37 -0.039552 0.025576 -0.005723
6 37 -0.050354 0.037713 -0.013730
7 37 -0.033924 0.036825 -0.012580
8 37 -0.008575 0.021645 -0.009461
9 37 0.051135 -0.014258 0.006933
10 37 0.087442 -0.049074 0.030869
11 37 0.070922 -0.050886 0.032232
12 37 0.000606 -0.015028 0.015398
13 37 -0.098158 0.037745 -0.033894
14 37 -0.091986 0.050887 -0.055024
15 37 0.013497 0.007983 -0.011500
16 37 0.099611 -0.039738 0.042698
17 37 0.070885 -0.034668 0.054052
18 37 -0.060995 0.016138 -0.008397
19 37 -0.102976 0.036447 -0.066683
20 37 0.017345 -0.000592 -0.019277
21 37 0.093043 -0.028325 0.054433
22 37 0.015062 -0.008238 0.033239
23 37 -0.065138 0.017034 -0.031819
24 37 -0.035170 0.011326 -0.036027
25 37 0.030105 -0.006961 0.007964
26 37 0.038231 -0.010762 0.028487
27 37 0.000893 -0.001332 0.009800
28 37 -0.026133 0.006291 -0.013479
29 37 -0.022592 0.005858 -0.017402
30 37 -0.004822 0.001334 -0.007026
31 37 0.008326 -0.002175 0.003570
32 37 0.011684 -0.003122 0.007801
33 37 0.009126 -0.002464 0.006952
34 37 0.005341 -0.001453 0.004407
35 37 0.002556 -0.000699 0.002238
36 37 0.001042 -0.000286 0.000958
37 37 0.000371 -0.000102 0.000356
38 37 0.000117 -0.000032 0.000117
39 37 0.000033 -0.000009 0.000034
40 37 0.000009 -0.000002 0.000009
41 37 0.000002 -0.000001 0.000002
42 37 0.000000 -0.000000 0.000000
43 37 0.000000 -0.000000 0.000000
44 37 0.000000 -0.000000 0.000000
45 37 0.000000 -0.000000 0.000000
46 37 0.000000 -0.000000 0.000000
47 37 0.000000 -0.000000 0.000000
48 37 0.000000 -0.000000 0.000000
49 37 0.000000 0.000000 0.000000

0 38 0.000000 0.000000 0.000000
1 38 -0.007339 0.005054 -0.002151
2 38 -0.013084 0.010283 -0.003249
3 38 -0.020505 0.016381 -0.003793
4 38 -0.022279 0.021685 -0.006989
5 38 -0.020081 0.023596 -0.005754
6 38 -0.008831 0.020363 -0.008337
7 38 0.019786 0.003638 0.000859
8 38 0.043189 -0.016801 0.005909
9 38 0.076333 -0.042938 0.021128
10 38 0.056444 -0.044691 0.025361
11 38 0.009061 -0.018471 0.009317
12 38 -0.057928 0.023063 -0.012073
13 38 -0.101534 0.054898 -0.045976
14 38 -0.027747 0.029728 -0.031089
15 38 0.067302 -0.024176 0.021308
16 38 0.088420 -0.045263 0.046562
17 38 0.023583 -0.016350 0.030884
18 38 -0.084717 0.030479 -0.028850
19 38 -0.080924 0.032868 -0.060676
20 38 0.046477 -0.011358 0.000885
21 38 0.090161 -0.031009 0.058945
22 38 -0.005316 -0.002892 0.020718
23 38 -0.070863 0.020758 -0.039429
24 38 -0.025153 0.009814 -0.031076
25 38 0.037473 -0.009691 0.014415
26 38 0.035916 -0.011241 0.028411
27 38 -0.004385 -0.000095 0.006122
28 38 -0.028032 0.007351 -0.015519
29 38 -0.021126 0.005998 -0.016757
30 38 -0.002758 0.000929 -0.005511
31 38 0.009358 -0.002603 0.004472
32 38 0.011706 -0.003363 0.007890
33 38 0.008740 -0.002547 0.006648
34 38 0.004969 -0.001461 0.004078
35 38 0.002326 -0.000689 0.002022
36 38 0.000932 -0.000277 0.000849
37 38 0.000327 -0.000098 0.000310
38 38 0.000102 -0.000031 0.000100
39 38 0.000029 -0.000009 0.000029
40 38 0.000007 -0.000002 0.000008
41 38 0.000002 -0.000001 0.000002
42 38 0.000000 -0.000000 0.000000
43 38 0.000000 -0.000000 0.000000
44 38 0.000000 -0.000000 0.000000
45 38 0.000000 -0.000000 0.000000
46 38 0.000000 -0.000000 0.000000
47 38 0.000000 -0.000000 0.000000
48 38 0.000000 -0.000000 0.000000
49 38 0.000000 0.000000 0.000000

0 39 0.000000 0.000000 0.000000
1 39 -0.002816 0.004134 -0.004817
2 39 -0.002396 0.006854 -0.004820
3 39 -0.003021 0.009269 -0.004724
4 39 0.005997 0.006857 -0.004223
5 39 0.013983 0.001950 -0.001286
6 39 0.032496 -0.009493 0.000856
7 39 0.048042 -0.024136 0.009778
8 39 0.053222 -0.033894 0.010986
9 39 0.048542 -0.036988 0.017593
10 39 -0.000172 -0.013077 0.005427
11 39 -0.039811 0.017234 -0.011518
12 39 -0.076636 0.044696 -0.026136
13 39 -0.057694 0.043232 -0.035791
14 39 0.036602 -0.004230 0.001616
15 39 0.080694 -0.039250 0.037317
16 39 0.057275 -0.032106 0.035195
17 39 -0.013571 0.002768 0.008978
18 39 -0.093209 0.037035 -0.041457
19 39 -0.050754 0.023999 -0.048399
20 39 0.073060 -0.022206 0.021610
21 39 0.078686 -0.030508 0.058510
22 39 -0.029222 0.004716 0.004589
23 39 -0.072634 0.023807 -0.045411
24 39 -0.011031 0.006626 -0.023037
25 39 0.044596 -0.012868 0.021385
26 39 0.031261 -0.011044 0.026897
27 39 -0.010863 0.001751 0.001387
28 39 -0.029534 0.008443 -0.017481
29 39 -0.018819 0.005863 -0.015559
30 39 -0.000226 0.000300 -0.003621
31 39 0.010431 -0.003094 0.005443
32 39 0.011591 -0.003568 0.007894
33 39 0.008218 -0.002573 0.006246
34 39 0.004516 -0.001429 0.003688
35 39 0.002060 -0.000657 0.001779
36 39 0.000808 -0.000259 0.000730
37 39 0.000278 -0.000090 0.000262
38 39 0.000085 -0.000028 0.000083
39 39 0.000024 -0.000008 0.000024
40 39 0.000006 -0.000002 0.000006
41 39 0.000001 -0.000000 0.000001
42 39 0.000000 -0.000000 0.000000
43 39 0.000000 -0.000000 0.000000
44 39 0.000000 -0.000000 0.000000
45 39 0.000000 -0.000000 0.000000
46 39 0.000000 -0.000000 0.000000
47 39 0.000000 -0.000000 0.000000
48 39 0.000000 -0.000000 0.000000
49 39 0.000000 0.000000 0.000000

0 40 0.000000 0.000000 0.000000
1 40 0.003805 -0.000963 -0.003291
2 40 0.009812 -0.003396 -0.002471
3 40 0.014493 -0.006101 -0.001893
4 40 0.024999 -0.012770 0.000643
5 40 0.029434 -0.018328 0.002674
6 40 0.038535 -0.026738 0.005563
7 40 0.032065 -0.028374 0.008305
8 40 0.019296 -0.023278 0.004854
9 40 -0.008418 -0.007247 0.002498
10 40 -0.048760 0.021572 -0.013649
11 40 -0.059514 0.038841 -0.020858
12 40 -0.055720 0.043822 -0.023753
13 40 0.004605 0.015813 -0.011570
14 40 0.075732 -0.028067 0.026637
15 40 0.071053 -0.036342 0.036774
16 40 0.027804 -0.016185 0.019722
17 40 -0.044855 0.017266 -0.010303
18 40 -0.093130 0.040619 -0.048883
19 40 -0.010903 0.012719 -0.028990
20 40 0.096453 -0.032786 0.042352
21 40 0.056515 -0.026425 0.051025
22 40 -0.054890 0.014335 -0.014591
23 40 -0.067758 0.025309 -0.047702
24 40 0.007055 0.001484 -0.011533
25 40 0.049865 -0.016073 0.027817
26 40 0.023627 -0.009809 0.023300
27 40 -0.018077 0.004191 -0.004187
28 40 -0.030096 0.009397 -0.018953
29 40 -0.015543 0.005356 -0.013661
30 40 0.002643 -0.000550 -0.001433
31 40 0.011406 -0.003613 0.006374
32 40 0.011279 -0.003713 0.007761
33 40 0.007558 -0.002534 0.005742
34 40 0.003998 -0.001357 0.003251
35 40 0.001771 -0.000606 0.001519
36 40 0.000678 -0.000233 0.000608
37 40 0.000229 -0.000079 0.000213
38 40 0.000069 -0.000024 0.000067
39 40 0.000019 -0.000007 0.000019
40 40 0.000005 -0.000002 0.000005
41 40 0.000001 -0.000000 0.000001
42 40 0.000000 -0.000000 0.000000
43 40 0.000000 -0.000000 0.000000
44 40 0.000000 -0.000000 0.000000
45 40 0.000000 -0.000000 0.000000
46 40 0.000000 -0.000000 0.000000
47 40 0.000000 -0.000000 0.000000
48 40 0.000000 -0.000000 0.000000
49 40 0.000000 0.000000 0.000000

0 41 0.000000 0.000000 0.000000
1 41 0.004907 -0.004671 0.000620
2 41 0.009820 -0.009669 0.001325
3 41 0.012644 -0.013971 0.001473
4 41 0.015093 -0.018560 0.003131
5 41 0.010270 -0.019305 0.002532
6 41 0.004425 -0.018438 0.002875
7 41 -0.015151 -0.008332 -0.000506
8 41 -0.032424 0.004908 -0.005833
9 41 -0.055599 0.024463 -0.011513
10 41 -0.063201 0.039335 -0.020454
11 41 -0.041398 0.036565 -0.015937
12 41 -0.004876 0.020192 -0.008139
13 41 0.059759 -0.016931 0.013488
14 41 0.084165 -0.039940 0.035421
15 41 0.044155 -0.026125 0.023894
16 41 -0.011725 0.001997 0.000249
17 41 -0.075825 0.035377 -0.029151
18 41 -0.070921 0.041564 -0.045416
19 41 0.044491 -0.004906 0.001034
20 41 0.108322 -0.042148 0.058123
21 41 0.019786 -0.016115 0.032980
22 41 -0.077301 0.025653 -0.034078
23 41 -0.052476 0.023783 -0.043258
24 41 0.027790 -0.005732 0.003020
25 41 0.051044 -0.018544 0.032066
26 41 0.012736 -0.007153 0.017155
27 41 -0.025151 0.007065 -0.010064
28 41 -0.029120 0.009965 -0.019449
29 41 -0.011285 0.004392 -0.010999
30 41 0.005632 -0.001586 0.000907
31 41 0.012127 -0.004105 0.007141
32 41 0.010724 -0.003768 0.007450
33 41 0.006774 -0.002426 0.005144
34 41 0.003439 -0.001247 0.002784
35 41 0.001476 -0.000539 0.001257
36 41 0.000550 -0.000202 0.000490
37 41 0.000182 -0.000067 0.000168
38 41 0.000054 -0.000020 0.000051
39 41 0.000014 -0.000005 0.000014
40 41 0.000003 -0.000001 0.000004
41 41 0.000001 -0.000000 0.000001
42 41 0.000000 -0.000000 0.000000
43 41 0.000000 -0.000000 0.000000
44 41 0.000000 -0.000000 0.000000
45 41 0.000000 -0.000000 0.000000
46 41 0.000000 -0.000000 0.000000
47 41 0.000000 -0.000000 0.000000
48 41 0.000000 -0.000000 0.000000
49 41 0.000000 0.000000 0.000000

0 42 0.000000 0.000000 0.000000
1 42 -0.000016 -0.002722 0.002360
2 42 -0.001211 -0.004796 0.002416
3 42 -0.004200 -0.005623 0.001735
4 42 -0.010130 -0.004428 0.001446
5 42 -0.019887 0.000051 -0.000982
6 42 -0.030846 0.006810 -0.002715
7 42 -0.045164 0.017702 -0.007484
8 42 -0.050199 0.025731 -0.010407
9 42 -0.050402 0.031714 -0.012861
10 42 -0.027711 0.024177 -0.011395
11 42 0.008067 0.004511 -0.000632
12 42 0.045184 -0.020775 0.009842
13 42 0.073484 -0.044721 0.024507
14 42 0.045807 -0.037615 0.023434
15 42 -0.013101 -0.005318 -0.000401
16 42 -0.062386 0.028589 -0.022481
17 42 -0.082135 0.050715 -0.038458
18 42 -0.011887 0.027341 -0.023022
19 42 0.099378 -0.029297 0.034590
20 42 0.091621 -0.042152 0.058211
21 42 -0.027667 0.003545 0.004990
22 42 -0.085455 0.035896 -0.047012
23 42 -0.024240 0.017244 -0.029571
24 42 0.047495 -0.014222 0.018433
25 42 0.045817 -0.019021 0.032214
26 42 -0.000745 -0.002845 0.008641
27 42 -0.030749 0.009987 -0.015318
28 42 -0.026106 0.009853 -0.018522
29 42 -0.006233 0.002941 -0.007654
30 42 0.008445 -0.002720 0.003185
31 42 0.012446 -0.004501 0.007622
32 42 0.009911 -0.003710 0.006939
33 42 0.005894 -0.002248 0.004472
34 42 0.002867 -0.001106 0.002310
35 42 0.001190 -0.000463 0.001007
36 42 0.000431 -0.000169 0.000381
37 42 0.000139 -0.000055 0.000127
38 42 0.000040 -0.000016 0.000038
39 42 0.000011 -0.000004 0.000010
40 42 0.000003 -0.000001 0.000003
41 42 0.000001 -0.000000 0.000001
42 42 0.000000 -0.000000 0.000000
43 42 0.000000 -0.000000 0.000000
44 42 0.000000 -0.000000 0.000000
45 42 0.000000 -0.000000 0.000000
46 42 0.000000 -0.000000 0.000000
47 42 0.000000 -0.000000 0.000000
48 42 0.000000 -0.000000 0.000000
49 42 0.000000 0.000000 0.000000

0 43 0.000000 0.000000 0.000000
1 43 -0.004014 0.002504 -0.000140
2 43 -0.008655 0.005609 -0.000450
3 43 -0.013194 0.009213 -0.001271
4 43 -0.018657 0.014019 -0.002174
5 43 -0.022627 0.018874 -0.003886
6 43 -0.024530 0.023059 -0.004707
7 43 -0.021697 0.024564 -0.006126
8 43 -0.009881 0.019479 -0.004314
9 43 0.007247 0.008253 -0.001595
10 43 0.034035 -0.012991 0.005311
11 43 0.052120 -0.034305 0.013526
12 43 0.054967 -0.048816 0.016930
13 43 0.030399 -0.045440 0.015471
14 43 -0.028919 -0.014043 -0.002428
15 43 -0.077324 0.022854 -0.025517
16 43 -0.087739 0.045522 -0.035292
17 43 -0.043910 0.038944 -0.027931
18 43 0.057599 -0.007804 0.009677
19 43 0.114095 -0.047289 0.051822
20 43 0.038873 -0.023589 0.036063
21 43 -0.068388 0.029194 -0.023935
22 43 -0.068268 0.039438 -0.045698
23 43 0.013898 0.005357 -0.007734
24 43 0.060617 -0.021393 0.030836
25 43 0.033459 -0.016038 0.027195
26 43 -0.014626 0.002893 -0.000977
27 43 -0.033270 0.012338 -0.018763
28 43 -0.020865 0.008820 -0.015932
29 43 -0.000797 0.001081 -0.003890
30 43 0.010755 -0.003823 0.005153
31 43 0.012264 -0.004732 0.007732
32 43 0.008859 -0.003526 0.006240
33 43 0.004962 -0.002010 0.003759
34 43 0.002310 -0.000946 0.001852
35 43 0.000926 -0.000382 0.000778
36 43 0.000326 -0.000135 0.000286
37 43 0.000103 -0.000043 0.000093
38 43 0.000029 -0.000012 0.000027
39 43 0.000007 -0.000003 0.000007
40 43 0.000002 -0.000001 0.000002
41 43 0.000000 -0.000000 0.000000
42 43 0.000000 -0.000000 0.000000
43 43 0.000000 -0.000000 0.000000
44 43 0.000000 -0.000000 0.000000
45 43 0.000000 -0.000000 0.000000
46 43 0.000000 -0.000000 0.000000
47 43 0.000000 -0.000000 0.000000
48 43 0.000000 -0.000000 0.000000
49 43 0.000000 0.000000 0.000000

0 44 0.000000 0.000000 0.000000
1 44 -0.003074 0.004073 -0.003410
2 44 -0.005702 0.008135 -0.003584
3 44 -0.006505 0.011564 -0.003792
4 44 -0.005561 0.014393 -0.003910
5 44 -0.000392 0.014937 -0.003636
6 44 0.008243 0.012948 -0.002338
7 44 0.022134 0.006446 -0.000190
8 44 0.038695 -0.004413 0.004181
9 44 0.053576 -0.017967 0.008533
10 44 0.062120 -0.031720 0.013707
11 44 0.051257 -0.036519 0.014707
12 44 0.022180 -0.029723 0.009565
13 44 -0.025725 -0.007409 -0.001929
14 44 -0.073513 0.022409 -0.020383
15 44 -0.084356 0.037099 -0.030526
16 44 -0.052021 0.028048 -0.024158
17 44 0.017540 -0.006322 -0.002326
18 44 0.083348 -0.047043 0.030096
19 44 0.062737 -0.044488 0.037968
20 44 -0.034644 0.008370 -0.001751
21 44 -0.084043 0.047955 -0.042068
22 44 -0.027658 0.031500 -0.029267
23 44 0.050964 -0.008477 0.015810
24 44 0.062465 -0.023356 0.036372
25 44 0.016521 -0.008727 0.017997
26 44 -0.025245 0.009264 -0.009351
27 44 -0.031252 0.013497 -0.019268
28 44 -0.013618 0.006838 -0.011754
29 44 0.004477 -0.000974 -0.000091
30 44 0.012296 -0.004731 0.006599
31 44 0.011562 -0.004744 0.007444
32 44 0.007632 -0.003221 0.005397
33 44 0.004031 -0.001729 0.003047
34 44 0.001796 -0.000779 0.001432
35 44 0.000695 -0.000303 0.000580
36 44 0.000238 -0.000104 0.000206
37 44 0.000073 -0.000032 0.000066
38 44 0.000020 -0.000009 0.000019
39 44 0.000005 -0.000002 0.000005
40 44 0.000001 -0.000001 0.000001
41 44 0.000000 -0.000000 0.000000
42 44 0.000000 -0.000000 0.000000
43 44 0.000000 -0.000000 0.000000
44 44 0.000000 -0.000000 0.000000
45 44 0.000000 -0.000000 0.000000
46 44 0.000000 -0.000000 0.000000
47 44 0.000000 -0.000000 0.000000
48 44 0.000000 -0.000000 0.000000
49 44 0.000000 0.000000 0.000000

0 45 0.000000 0.000000 0.000000
1 45 0.000570 -0.000178 -0.002617
2 45 0.001639 -0.000709 -0.002528
3 45 0.003997 -0.002146 -0.002195
4 45 0.007595 -0.004568 -0.001678
5 45 0.013264 -0.008617 -0.000621
6 45 0.019538 -0.013520 0.000839
7 45 0.026354 -0.019219 0.002730
8 45 0.029917 -0.023135 0.004786
9 45 0.028146 -0.023225 0.005647
10 45 0.017780 -0.016413 0.005186
11 45 -0.002803 -0.000401 0.000868
12 45 -0.026057 0.020666 -0.005686
13 45 -0.045217 0.041271 -0.012953
14 45 -0.042967 0.047303 -0.016857
15 45 -0.010974 0.028218 -0.009272
16 45 0.033718 -0.009177 0.006770
17 45 0.067742 -0.048988 0.023573
18 45 0.053189 -0.060710 0.028655
19 45 -0.025147 -0.022423 0.003804
20 45 -0.095571 0.031744 -0.036442
21 45 -0.073752 0.044115 -0.044559
22 45 0.014228 0.011428 -0.007856
23 45 0.069743 -0.019062 0.030575
24 45 0.050775 -0.017585 0.032594
25 45 0.000014 0.002287 0.007314
26 45 -0.028702 0.015198 -0.013908
27 45 -0.023783 0.013257 -0.016125
28 45 -0.004812 0.004264 -0.006288
29 45 0.009182 -0.002864 0.003418
30 45 0.013003 -0.005277 0.007448
31 45 0.010442 -0.004510 0.006824
32 45 0.006332 -0.002815 0.004488
33 45 0.003157 -0.001427 0.002379
34 45 0.001346 -0.000615 0.001067
35 45 0.000503 -0.000231 0.000416
36 45 0.000167 -0.000077 0.000144
37 45 0.000050 -0.000023 0.000045
38 45 0.000014 -0.000006 0.000012
39 45 0.000003 -0.000002 0.000003
40 45 0.000001 -0.000000 0.000001
41 45 0.000000 -0.000000 0.000000
42 45 0.000000 -0.000000 0.000000
43 45 0.000000 -0.000000 0.000000
44 45 0.000000 -0.000000 0.000000
45 45 0.000000 -0.000000 0.000000
46 45 0.000000 -0.000000 0.000000
47 45 0.000000 -0.000000 0.000000
48 45 0.000000 -0.000000 0.000000
49 45 0.000000 0.000000 0.000000

0 46 0.000000 0.000000 0.000000
1 46 0.004140 -0.003435 0.000704
2 46 0.008038 -0.007126 0.000950
3 46 0.011371 -0.011259 0.001467
4 46 0.013445 -0.015702 0.002046
5 46 0.013545 -0.020147 0.002690
6 46 0.010125 -0.023436 0.002873
7 46 0.002519 -0.024472 0.002403
8 46 -0.010808 -0.020965 0.000565
9 46 -0.028220 -0.011985 -0.002978
10 46 -0.047410 0.003194 -0.007921
11 46 -0.061536 0.021920 -0.013741
12 46 -0.061114 0.037967 -0.017082
13 46 -0.040014 0.044332 -0.015486
14 46 0.005042 0.032718 -0.005693
15 46 0.058875 0.004999 0.012048
16 46 0.092783 -0.025663 0.028493
17 46 0.082330 -0.042315 0.033420
18 46 0.016052 -0.028077 0.017328
19 46 -0.070612 0.009620 -0.018226
20 46 -0.100383 0.031396 -0.044133
21 46 -0.045321 0.014006 -0.031533
22 46 0.030657 -0.017099 0.005652
23 46 0.054201 -0.025022 0.027394
24 46 0.023430 -0.006719 0.018085
25 46 -0.013642 0.013981 -0.003233
26 46 -0.023877 0.019630 -0.013814
27 46 -0.011170 0.012099 -0.009578
28 46 0.005196 0.001909 0.000108
29 46 0.013404 -0.004081 0.006610
30 46 0.013192 -0.005286 0.007889
31 46 0.009179 -0.004017 0.006067
32 46 0.005113 -0.002334 0.003627
33 46 0.002401 -0.001123 0.001803
34 46 0.000978 -0.000464 0.000771
35 46 0.000352 -0.000169 0.000289
36 46 0.000113 -0.000055 0.000097
37 46 0.000033 -0.000016 0.000029
38 46 0.000009 -0.000004 0.000008
39 46 0.000002 -0.000001 0.000002
40 46 0.000000 -0.000000 0.000000
41 46 0.000000 -0.000000 0.000000
42 46 0.000000 -0.000000 0.000000
43 46 0.000000 -0.000000 0.000000
44 46 0.000000 -0.000000 0.000000
45 46 0.000000 -0.000000 0.000000
46 46 0.000000 -0.000000 0.000000
47 46 0.000000 -0.000000 0.000000
48 46 0.000000 -0.000000 0.000000
49 46 0.000000 0.000000 0.000000

0 47 0.000000 0.000000 0.000000
1 47 0.002965 -0.000864 0.000739
2 47 0.005602 -0.001586 0.000892
3 47 0.007472 -0.001963 0.001177
4 47 0.008069 -0.001784 0.001451
5 47 0.006722 -0.000748 0.001634
6 47 0.002731 0.001423 0.001387
7 47 -0.004195 0.004753 0.000595
8 47 -0.014073 0.009109 -0.001126
9 47 -0.025053 0.013241 -0.003628
10 47 -0.034722 0.015736 -0.006578
11 47 -0.038257 0.013873 -0.009053
12 47 -0.031620 0.005941 -0.009235
13 47 -0.013461 -0.007572 -0.006193
14 47 0.013359 -0.023114 0.000838
15 47 0.036443 -0.031270 0.009437
16 47 0.042328 -0.023765 0.014207
17 47 0.024318 0.000390 0.011356
18 47 -0.011980 0.031541 -0.000568
19 47 -0.038173 0.045342 -0.014695
20 47 -0.026035 0.022913 -0.015750
21 47 0.010357 -0.019175 -0.000457
22 47 0.027757 -0.042078 0.013360
23 47 0.009454 -0.029130 0.009737
24 47 -0.019492 0.000615 -0.005506
25 47 -0.029435 0.020186 -0.015390
26 47 -0.016638 0.020735 -0.012315
27 47 0.003140 0.010599 -0.001984
28 47 0.015656 0.000749 0.006685
29 47 0.017769 -0.004033 0.009751
30 47 0.013683 -0.004535 0.008433
31 47 0.008317 -0.003214 0.005548
32 47 0.004231 -0.001777 0.003004
33 47 0.001858 -0.000822 0.001390
34 47 0.000718 -0.000329 0.000562
35 47 0.000248 -0.000116 0.000202
36 47 0.000077 -0.000037 0.000065
37 47 0.000022 -0.000011 0.000019
38 47 0.000006 -0.000003 0.000005
39 47 0.000001 -0.000001 0.000001
40 47 0.000000 -0.000000 0.000000
41 47 0.000000 -0.000000 0.000000
42 47 0.000000 -0.000000 0.000000
43 47 0.000000 -0.000000 0.000000
44 47 0.000000 -0.000000 0.000000
45 47 0.000000 -0.000000 0.000000
46 47 0.000000 -0.000000 0.000000
47 47 0.000000 -0.000000 0.000000
48 47 0.000000 -0.000000 0.000000
49 47 0.000000 0.000000 0.000000

0 48 0.000000 0.000000 0.000000
1 48 -0.004041 0.001116 -0.000970
2 48 -0.008087 0.002696 -0.001214
3 48 -0.012091 0.005197 -0.001698
4 48 -0.015695 0.008925 -0.002396
5 48 -0.018384 0.014049 -0.003221
6 48 -0.019095 0.020265 -0.004031
7 48 -0.016641 0.026716 -0.004471
8 48 -0.009636 0.031754 -0.004188
9 48 0.002789 0.032858 -0.002536
10 48 0.019868 0.027488 0.000726
11 48 0.038919 0.013495 0.005647
12 48 0.053397 -0.008194 0.011127
13 48 0.055385 -0.032794 0.014775
14 48 0.037603 -0.051086 0.013765
15 48 -0.001122 -0.051437 0.005172
16 48 -0.047815 -0.028483 -0.009924
17 48 -0.079171 0.011382 -0.024906
18 48 -0.070657 0.048082 -0.030009
19 48 -0.014486 0.054661 -0.016035
20 48 0.056092 0.023119 0.013364
21 48 0.083478 -0.019977 0.035361
22 48 0.045514 -0.039134 0.029037
23 48 -0.019750 -0.026126 0.000390
24 48 -0.058128 -0.001080 -0.024762
25 48 -0.051059 0.014343 -0.028825
26 48 -0.018815 0.014860 -0.015392
27 48 0.010328 0.007676 0.001244
28 48 0.023189 0.000867 0.010990
29 48 0.022241 -0.002382 0.012577
30 48 0.015444 -0.002755 0.009624
31 48 0.008687 -0.001945 0.005811
32 48 0.004150 -0.001064 0.002940
33 48 0.001729 -0.000486 0.001287
34 48 0.000638 -0.000192 0.000496
35 48 0.000211 -0.000067 0.000171
36 48 0.000063 -0.000021 0.000053
37 48 0.000017 -0.000006 0.000015
38 48 0.000004 -0.000002 0.000004
39 48 0.000001 -0.000000 0.000001
40 48 0.000000 -0.000000 0.000000
41 48 0.000000 -0.000000 0.000000
42 48 0.000000 -0.000000 0.000000
43 48 0.000000 -0.000000 0.000000
44 48 0.000000 -0.000000 0.000000
45 48 0.000000 -0.000000 0.000000
46 48 0.000000 -0.000000 0.000000
47 48 0.000000 -0.000000 0.000000
48 48 0.000000 -0.000000 0.000000
49 48 0.000000 0.000000 0.000000

0 49 0.000000 0.000000 0.000000
1 49 0.000000 0.000000 0.000000
2 49 0.000000 0.000000 0.000000
3 49 0.000000 0.000000 0.000000
4 49 0.000000 0.000000 0.000000
5 49 0.000000 0.000000 0.000000
6 49 0.000000 0.000000 0.000000
7 49 0.000000 0.000000 0.000000
8 49 0.000000 0.000000 0.000000
9 49 0.000000 0.000000 0.000000
10 49 0.000000 0.000000 0.000000
11 49 0.000000 0.000000 0.000000
12 49 0.000000 0.000000 0.000000
13 49 0.000000 0.000000 0.000000
14 49 0.000000 0.000000 0.000000
15 49 0.000000 0.000000 0.000000
16 49 0.000000 0.000000 0.000000
17 49 0.000000 0.000000 0.000000
18 49 0.000000 0.000000 0.000000
19 49 0.000000 0.000000 0.000000
20 49 0.000000 0.000000 0.000000
21 49 0.000000 0.000000 0.000000
22 49 0.000000 0.000000 0.000000
23 49 0.000000 0.000000 0.000000
24 49 0.000000 0.000000 0.000000
25 49 0.000000 0.000000 0.000000
26 49 0.000000 0.000000 0.000000
27 49 0.000000 0.000000 0.000000
28 49 0.000000 0.000000 0.000000
29 49 0.000000 0.000000 0.000000
30 49 0.000000 0.000000 0.000000
31 49 0.000000 0.000000 0.000000
32 49 0.000000 0.000000 0.000000
33 49 0.000000 0.000000 0.000000
34 49 0.000000 0.000000 0.000000
35 49 0.000000 0.000000 0.000000
36 49 0.000000 0.000000 0.000000
37 49 0.000000 0.000000 0.000000
38 49 0.000000 0.000000 0.000000
39 49 0.000000 0.000000 0.000000
40 49 0.000000 0.000000 0.000000
41 49 0.000000 0.000000 0.000000
42 49 0.000000 0.000000 0.000000
43 49 0.000000 0.000000 0.000000
44 49 0.000000 0.000000 0.000000
45 49 0.000000 0.000000 0.000000
46 49 0.000000 0.000000 0.000000
47 49 0.000000 0.000000 0.000000
48 49 0.000000 0.000000 0.000000
49 49 0.000000 0.000000 0.000000

