#:x y Ey Bx Bz
0 0 0.000000 0.000000 0.000000
1 0 0.000000 0.000000 0.000000
2 0 0.000000 0.000000 0.000000
3 0 0.000000 0.000000 0.000000
4 0 0.000000 0.000000 0.000000
5 0 0.000000 0.000000 0.000000
6 0 0.000000 0.000000 0.000000
7 0 0.000000 0.000000 0.000000
8 0 0.000000 0.000000 0.000000
9 0 0.000000 0.000000 0.000000
10 0 0.000000 0.000000 0.000000
11 0 0.000000 0.000000 0.000000
12 0 0.000000 0.000000 0.000000
13 0 0.000000 0.000000 0.000000
14 0 0.000000 0.000000 0.000000
15 0 0.000000 0.000000 0.000000
16 0 0.000000 0.000000 0.000000
17 0 0.000000 0.000000 0.000000
18 0 0.000000 0.000000 0.000000
19 0 0.000000 0.000000 0.000000
20 0 0.000000 0.000000 0.000000
21 0 0.000000 0.000000 0.000000
22 0 0.000000 0.000000 0.000000
23 0 0.000000 0.000000 0.000000
24 0 0.000000 0.000000 0.000000
25 0 0.000000 0.000000 0.000000
26 0 0.000000 0.000000 0.000000
27 0 0.000000 0.000000 0.000000
28 0 0.000000 0.000000 0.000000
29 0 0.000000 0.000000 0.000000
30 0 0.000000 0.000000 0.000000
31 0 0.000000 0.000000 0.000000
32 0 0.000000 0.000000 0.000000
33 0 0.000000 0.000000 0.000000
34 0 0.000000 0.000000 0.000000
35 0 0.000000 0.000000 0.000000
36 0 0.000000 0.000000 0.000000
37 0 0.000000 0.000000 0.000000
38 0 0.000000 0.000000 0.000000
39 0 0.000000 0.000000 0.000000
40 0 0.000000 0.000000 0.000000
41 0 0.000000 0.000000 0.000000
42 0 0.000000 0.000000 0.000000
43 0 0.000000 0.000000 0.000000
44 0 0.000000 0.000000 0.000000
45 0 0.000000 0.000000 0.000000
46 0 0.000000 0.000000 0.000000
47 0 0.000000 0.000000 0.000000
48 0 0.000000 0.000000 0.000000
49 0 0.000000 0.000000 0.000000

0 1 0.000000 0.000000 0.000000
1 1 0.000367 0.000792 -0.000792
2 1 0.000777 0.001545 -0.000752
3 1 0.001258 0.002211 -0.000667
4 1 0.001809 0.002741 -0.000530
5 1 0.002390 0.003080 -0.000339
6 1 0.002920 0.003181 -0.000102
7 1 0.003289 0.003026 0.000155
8 1 0.003388 0.002636 0.000390
9 1 0.003155 0.002082 0.000554
10 1 0.002622 0.001474 0.000608
11 1 0.001918 0.000925 0.000549
12 1 0.001223 0.000510 0.000415
13 1 0.000675 0.000246 0.000264
14 1 0.000322 0.000104 0.000142
15 1 0.000134 0.000038 0.000065
16 1 0.000048 0.000012 0.000026
17 1 0.000015 0.000004 0.000009
18 1 0.000004 0.000001 0.000003
19 1 0.000001 0.000000 0.000001
20 1 0.000000 0.000000 0.000000
21 1 0.000000 0.000000 0.000000
22 1 0.000000 0.000000 0.000000
23 1 0.000000 0.000000 0.000000
24 1 0.000000 0.000000 0.000000
25 1 0.000000 0.000000 0.000000
26 1 0.000000 0.000000 0.000000
27 1 0.000000 0.000000 0.000000
28 1 0.000000 0.000000 0.000000
29 1 0.000000 0.000000 0.000000
30 1 0.000000 0.000000 0.000000
31 1 0.000000 0.000000 0.000000
32 1 0.000000 0.000000 0.000000
33 1 0.000000 0.000000 0.000000
34 1 0.000000 0.000000 0.000000
35 1 0.000000 0.000000 0.000000
36 1 0.000000 0.000000 0.000000
37 1 0.000000 0.000000 0.000000
38 1 0.000000 0.000000 0.000000
39 1 0.000000 0.000000 0.000000
40 1 0.000000 0.000000 0.000000
41 1 0.000000 0.000000 0.000000
42 1 0.000000 0.000000 0.000000
43 1 0.000000 0.000000 0.000000
44 1 0.000000 0.000000 0.000000
45 1 0.000000 0.000000 0.000000
46 1 0.000000 0.000000 0.000000
47 1 0.000000 0.000000 0.000000
48 1 0.000000 0.000000 0.000000
49 1 0.000000 0.000000 0.000000

0 2 0.000000 0.000000 0.000000
1 2 -0.000155 0.000611 -0.001477
2 2 -0.000170 0.001248 -0.001471
3 2 0.000082 0.001926 -0.001441
4 2 0.000697 0.002636 -0.001350
5 2 0.001714 0.003337 -0.001156
6 2 0.003076 0.003948 -0.000819
7 2 0.004601 0.004358 -0.000329
8 2 0.005982 0.004454 0.000275
9 2 0.006847 0.004164 0.000890
10 2 0.006894 0.003509 0.001370
11 2 0.006052 0.002624 0.001575
12 2 0.004587 0.001719 0.001459
13 2 0.002983 0.000979 0.001113
14 2 0.001662 0.000484 0.000708
15 2 0.000795 0.000207 0.000380
16 2 0.000328 0.000077 0.000173
17 2 0.000118 0.000025 0.000068
18 2 0.000037 0.000007 0.000023
19 2 0.000010 0.000002 0.000007
20 2 0.000002 0.000000 0.000002
21 2 0.000001 0.000000 0.000000
22 2 0.000000 0.000000 0.000000
23 2 0.000000 0.000000 0.000000
24 2 0.000000 0.000000 0.000000
25 2 0.000000 0.000000 0.000000
26 2 0.000000 0.000000 0.000000
27 2 0.000000 0.000000 0.000000
28 2 0.000000 0.000000 0.000000
29 2 0.000000 0.000000 0.000000
30 2 0.000000 0.000000 0.000000
31 2 0.000000 0.000000 0.000000
32 2 0.000000 0.000000 0.000000
33 2 0.000000 0.000000 0.000000
34 2 0.000000 0.000000 0.000000
35 2 0.000000 0.000000 0.000000
36 2 0.000000 0.000000 0.000000
37 2 0.000000 0.000000 0.000000
38 2 0.000000 0.000000 0.000000
39 2 0.000000 0.000000 0.000000
40 2 0.000000 0.000000 0.000000
41 2 0.000000 0.000000 0.000000
42 2 0.000000 0.000000 0.000000
43 2 0.000000 0.000000 0.000000
44 2 0.000000 0.000000 0.000000
45 2 0.000000 0.000000 0.000000
46 2 0.000000 0.000000 0.000000
47 2 0.000000 0.000000 0.000000
48 2 0.000000 0.000000 0.000000
49 2 0.000000 0.000000 0.000000

0 3 0.000000 0.000000 0.000000
1 3 -0.001523 -0.000322 -0.001124
2 3 -0.002951 -0.000549 -0.001241
3 3 -0.004152 -0.000580 -0.001460
4 3 -0.004939 -0.000314 -0.001739
5 3 -0.005062 0.000334 -0.002006
6 3 -0.004253 0.001390 -0.002148
7 3 -0.002323 0.002783 -0.002026
8 3 0.000689 0.004289 -0.001507
9 3 0.004349 0.005552 -0.000546
10 3 0.007811 0.006177 0.000736
11 3 0.010001 0.005909 0.002011
12 3 0.010160 0.004831 0.002830
13 3 0.008433 0.003360 0.002905
14 3 0.005799 0.001989 0.002344
15 3 0.003341 0.001006 0.001536
16 3 0.001630 0.000437 0.000835
17 3 0.000680 0.000164 0.000382
18 3 0.000245 0.000054 0.000149
19 3 0.000077 0.000015 0.000050
20 3 0.000021 0.000004 0.000015
21 3 0.000005 0.000001 0.000004
22 3 0.000001 0.000000 0.000001
23 3 0.000000 0.000000 0.000000
24 3 0.000000 0.000000 0.000000
25 3 0.000000 0.000000 0.000000
26 3 0.000000 0.000000 0.000000
27 3 0.000000 0.000000 0.000000
28 3 0.000000 0.000000 0.000000
29 3 0.000000 0.000000 0.000000
30 3 0.000000 0.000000 0.000000
31 3 0.000000 0.000000 0.000000
32 3 0.000000 0.000000 0.000000
33 3 0.000000 0.000000 0.000000
34 3 0.000000 0.000000 0.000000
35 3 0.000000 0.000000 0.000000
36 3 0.000000 0.000000 0.000000
37 3 0.000000 0.000000 0.000000
38 3 0.000000 0.000000 0.000000
39 3 0.000000 0.000000 0.000000
40 3 0.000000 0.000000 0.000000
41 3 0.000000 0.000000 0.000000
42 3 0.000000 0.000000 0.000000
43 3 0.000000 0.000000 0.000000
44 3 0.000000 0.000000 0.000000
45 3 0.000000 0.000000 0.000000
46 3 0.000000 0.000000 0.000000
47 3 0.000000 0.000000 0.000000
48 3 0.000000 0.000000 0.000000
49 3 0.000000 0.000000 0.000000

0 4 0.000000 0.000000 0.000000
1 4 -0.001057 -0.001119 0.000300
2 4 -0.002344 -0.002271 0.000196
3 4 -0.004054 -0.003446 -0.000044
4 4 -0.006276 -0.004559 -0.000470
5 4 -0.008922 -0.005409 -0.001131
6 4 -0.011601 -0.005691 -0.002028
7 4 -0.013585 -0.005051 -0.003053
8 4 -0.013830 -0.003222 -0.003938
9 4 -0.011344 -0.000263 -0.004238
10 4 -0.005788 0.003287 -0.003506
11 4 0.001903 0.006393 -0.001533
12 4 0.009195 0.007944 0.001247
13 4 0.013196 0.007515 0.003679
14 4 0.012875 0.005695 0.004691
15 4 0.009659 0.003547 0.004176
16 4 0.005847 0.001849 0.002876
17 4 0.002935 0.000818 0.001603
18 4 0.001246 0.000311 0.000744
19 4 0.000454 0.000102 0.000292
20 4 0.000143 0.000030 0.000099
21 4 0.000040 0.000008 0.000029
22 4 0.000010 0.000002 0.000008
23 4 0.000002 0.000000 0.000002
24 4 0.000000 0.000000 0.000000
25 4 0.000000 0.000000 0.000000
26 4 0.000000 0.000000 0.000000
27 4 0.000000 0.000000 0.000000
28 4 0.000000 0.000000 0.000000
29 4 0.000000 0.000000 0.000000
30 4 0.000000 0.000000 0.000000
31 4 0.000000 0.000000 0.000000
32 4 0.000000 0.000000 0.000000
33 4 0.000000 0.000000 0.000000
34 4 0.000000 0.000000 0.000000
35 4 0.000000 0.000000 0.000000
36 4 0.000000 0.000000 0.000000
37 4 0.000000 0.000000 0.000000
38 4 0.000000 0.000000 0.000000
39 4 0.000000 0.000000 0.000000
40 4 0.000000 0.000000 0.000000
41 4 0.000000 0.000000 0.000000
42 4 0.000000 0.000000 0.000000
43 4 0.000000 0.000000 0.000000
44 4 0.000000 0.000000 0.000000
45 4 0.000000 0.000000 0.000000
46 4 0.000000 0.000000 0.000000
47 4 0.000000 0.000000 0.000000
48 4 0.000000 0.000000 0.000000
49 4 0.000000 0.000000 0.000000

0 5 0.000000 0.000000 0.000000
1 5 0.002145 0.000368 0.000144
2 5 0.004101 0.000496 0.000325
3 5 0.005580 0.000139 0.000655
4 5 0.006154 -0.000924 0.001038
5 5 0.005212 -0.002843 0.001317
6 5 0.002117 -0.005549 0.001213
7 5 -0.003477 -0.008632 0.000427
8 5 -0.011190 -0.011201 -0.001320
9 5 -0.019154 -0.012000 -0.003936
10 5 -0.024248 -0.009920 -0.006697
11 5 -0.022877 -0.004723 -0.008268
12 5 -0.013335 0.002062 -0.006996
13 5 0.000808 0.007508 -0.002568
14 5 0.012274 0.009485 0.002778
15 5 0.016334 0.008213 0.006091
16 5 0.013928 0.005493 0.006358
17 5 0.008998 0.002981 0.004698
18 5 0.004683 0.001350 0.002712
19 5 0.002030 0.000520 0.001281
20 5 0.000748 0.000173 0.000508
21 5 0.000238 0.000050 0.000173
22 5 0.000066 0.000013 0.000051
23 5 0.000016 0.000003 0.000013
24 5 0.000004 0.000001 0.000003
25 5 0.000001 0.000000 0.000001
26 5 0.000000 0.000000 0.000000
27 5 0.000000 0.000000 0.000000
28 5 0.000000 0.000000 0.000000
29 5 0.000000 0.000000 0.000000
30 5 0.000000 0.000000 0.000000
31 5 0.000000 0.000000 0.000000
32 5 0.000000 0.000000 0.000000
33 5 0.000000 0.000000 0.000000
34 5 0.000000 0.000000 0.000000
35 5 0.000000 0.000000 0.000000
36 5 0.000000 0.000000 0.000000
37 5 0.000000 0.000000 0.000000
38 5 0.000000 0.000000 0.000000
39 5 0.000000 0.000000 0.000000
40 5 0.000000 0.000000 0.000000
41 5 0.000000 0.000000 0.000000
42 5 0.000000 0.000000 0.000000
43 5 0.000000 0.000000 0.000000
44 5 0.000000 0.000000 0.000000
45 5 0.000000 0.000000 0.000000
46 5 0.000000 0.000000 0.000000
47 5 0.000000 0.000000 0.000000
48 5 0.000000 0.000000 0.000000
49 5 0.000000 0.000000 0.000000

0 6 0.000000 0.000000 0.000000
1 6 0.000963 0.001958 -0.002243
2 6 0.002434 0.004002 -0.002111
3 6 0.004913 0.006126 -0.001765
4 6 0.008631 0.008136 -0.001088
5 6 0.013588 0.009571 0.000071
6 6 0.018851 0.009646 0.001757
7 6 0.022728 0.007485 0.003707
8 6 0.022363 0.002379 0.005329
9 6 0.014756 -0.005238 0.005273
10 6 -0.000605 -0.013331 0.002416
11 6 -0.020479 -0.018299 -0.003575
12 6 -0.035199 -0.016343 -0.010860
13 6 -0.033479 -0.007502 -0.014237
14 6 -0.015581 0.002984 -0.010002
15 6 0.005351 0.009358 -0.001095
16 6 0.017015 0.010080 0.006118
17 6 0.017534 0.007424 0.008340
18 6 0.012284 0.004239 0.006760
19 6 0.006668 0.001976 0.004074
20 6 0.002959 0.000775 0.001966
21 6 0.001106 0.000260 0.000789
22 6 0.000355 0.000076 0.000270
23 6 0.000099 0.000020 0.000080
24 6 0.000024 0.000004 0.000021
25 6 0.000005 0.000001 0.000005
26 6 0.000001 0.000000 0.000001
27 6 0.000000 0.000000 0.000000
28 6 0.000000 0.000000 0.000000
29 6 0.000000 0.000000 0.000000
30 6 0.000000 0.000000 0.000000
31 6 0.000000 0.000000 0.000000
32 6 0.000000 0.000000 0.000000
33 6 0.000000 0.000000 0.000000
34 6 0.000000 0.000000 0.000000
35 6 0.000000 0.000000 0.000000
36 6 0.000000 0.000000 0.000000
37 6 0.000000 0.000000 0.000000
38 6 0.000000 0.000000 0.000000
39 6 0.000000 0.000000 0.000000
40 6 0.000000 0.000000 0.000000
41 6 0.000000 0.000000 0.000000
42 6 0.000000 0.000000 0.000000
43 6 0.000000 0.000000 0.000000
44 6 0.000000 0.000000 0.000000
45 6 0.000000 0.000000 0.000000
46 6 0.000000 0.000000 0.000000
47 6 0.000000 0.000000 0.000000
48 6 0.000000 0.000000 0.000000
49 6 0.000000 0.000000 0.000000

0 7 0.000000 0.000000 0.000000
1 7 -0.004229 -0.001313 -0.001122
2 7 -0.008421 -0.002234 -0.001484
3 7 -0.012295 -0.002265 -0.002229
4 7 -0.015105 -0.000931 -0.003166
5 7 -0.015640 0.002326 -0.004178
6 7 -0.011796 0.007575 -0.004544
7 7 -0.002412 0.014154 -0.003647
8 7 0.013376 0.020100 -0.000545
9 7 0.031329 0.021821 0.005074
10 7 0.043217 0.016245 0.011064
11 7 0.039140 0.002369 0.014276
12 7 0.011221 -0.014868 0.009320
13 7 -0.027852 -0.024185 -0.005264
14 7 -0.047731 -0.018964 -0.018803
15 7 -0.035038 -0.005063 -0.019182
16 7 -0.006629 0.006552 -0.007831
17 7 0.014213 0.010574 0.004214
18 7 0.019546 0.008838 0.009547
19 7 0.015055 0.005356 0.008680
20 7 0.008546 0.002580 0.005484
21 7 0.003887 0.001031 0.002708
22 7 0.001474 0.000351 0.001100
23 7 0.000478 0.000103 0.000378
24 7 0.000134 0.000027 0.000112
25 7 0.000033 0.000006 0.000029
26 7 0.000007 0.000001 0.000007
27 7 0.000001 0.000000 0.000001
28 7 0.000000 0.000000 0.000000
29 7 0.000000 0.000000 0.000000
30 7 0.000000 0.000000 0.000000
31 7 0.000000 0.000000 0.000000
32 7 0.000000 0.000000 0.000000
33 7 0.000000 0.000000 0.000000
34 7 0.000000 0.000000 0.000000
35 7 0.000000 0.000000 0.000000
36 7 0.000000 0.000000 0.000000
37 7 0.000000 0.000000 0.000000
38 7 0.000000 0.000000 0.000000
39 7 0.000000 0.000000 0.000000
40 7 0.000000 0.000000 0.000000
41 7 0.000000 0.000000 0.000000
42 7 0.000000 0.000000 0.000000
43 7 0.000000 0.000000 0.000000
44 7 0.000000 0.000000 0.000000
45 7 0.000000 0.000000 0.000000
46 7 0.000000 0.000000 0.000000
47 7 0.000000 0.000000 0.000000
48 7 0.000000 0.000000 0.000000
49 7 0.000000 0.000000 0.000000

0 8 0.000000 0.000000 0.000000
1 8 0.001484 -0.002184 0.001907
2 8 0.002103 -0.004816 0.001987
3 8 0.000437 -0.008270 0.002000
4 8 -0.004080 -0.012404 0.001531
5 8 -0.012894 -0.016776 0.000300
6 8 -0.025077 -0.019482 -0.002607
7 8 -0.037872 -0.018528 -0.006478
8 8 -0.046103 -0.010885 -0.011345
9 8 -0.038543 0.003981 -0.013383
10 8 -0.012323 0.021742 -0.009075
11 8 0.029704 0.034226 0.002608
12 8 0.066540 0.028898 0.020232
13 8 0.057622 0.003813 0.027635
14 8 0.001756 -0.021406 0.010392
15 8 -0.047441 -0.026659 -0.016468
16 8 -0.050010 -0.013626 -0.026545
17 8 -0.019652 0.001979 -0.015560
18 8 0.009074 0.009600 0.000860
19 8 0.019758 0.009402 0.009776
20 8 0.016822 0.006075 0.010112
21 8 0.009965 0.003025 0.006690
22 8 0.004633 0.001233 0.003375
23 8 0.001779 0.000424 0.001386
24 8 0.000581 0.000126 0.000479
25 8 0.000164 0.000033 0.000143
26 8 0.000041 0.000008 0.000037
27 8 0.000009 0.000002 0.000009
28 8 0.000002 0.000000 0.000002
29 8 0.000000 0.000000 0.000000
30 8 0.000000 0.000000 0.000000
31 8 0.000000 0.000000 0.000000
32 8 0.000000 0.000000 0.000000
33 8 0.000000 0.000000 0.000000
34 8 0.000000 0.000000 0.000000
35 8 0.000000 0.000000 0.000000
36 8 0.000000 0.000000 0.000000
37 8 0.000000 0.000000 0.000000
38 8 0.000000 0.000000 0.000000
39 8 0.000000 0.000000 0.000000
40 8 0.000000 0.000000 0.000000
41 8 0.000000 0.000000 0.000000
42 8 0.000000 0.000000 0.000000
43 8 0.000000 0.000000 0.000000
44 8 0.000000 0.000000 0.000000
45 8 0.000000 0.000000 0.000000
46 8 0.000000 0.000000 0.000000
47 8 0.000000 0.000000 0.000000
48 8 0.000000 0.000000 0.000000
49 8 0.000000 0.000000 0.000000

0 9 0.000000 0.000000 0.000000
1 9 0.005198 0.004088 -0.002478
2 9 0.011054 0.007911 -0.001960
3 9 0.018743 0.010740 -0.000496
4 9 0.026576 0.011727 0.001447
5 9 0.034915 0.009271 0.004519
6 9 0.036531 0.001678 0.007423
7 9 0.029589 -0.010723 0.008482
8 9 0.005790 -0.026775 0.006353
9 9 -0.032935 -0.037478 -0.004192
10 9 -0.066484 -0.034534 -0.017263
11 9 -0.078153 -0.012408 -0.027923
12 9 -0.035043 0.024513 -0.024056
13 9 0.051140 0.045703 0.008228
14 9 0.089678 0.027526 0.039742
15 9 0.038312 -0.009017 0.029915
16 9 -0.034540 -0.027279 -0.007769
17 9 -0.056056 -0.019259 -0.029651
18 9 -0.029144 -0.002424 -0.021721
19 9 0.003982 0.007780 -0.002566
20 9 0.018786 0.009125 0.009355
21 9 0.017466 0.006267 0.010919
22 9 0.010697 0.003214 0.007494
23 9 0.005054 0.001332 0.003839
24 9 0.001958 0.000463 0.001587
25 9 0.000643 0.000139 0.000551
26 9 0.000183 0.000036 0.000164
27 9 0.000045 0.000008 0.000043
28 9 0.000010 0.000002 0.000010
29 9 0.000002 0.000000 0.000002
30 9 0.000000 0.000000 0.000000
31 9 0.000000 0.000000 0.000000
32 9 0.000000 0.000000 0.000000
33 9 0.000000 0.000000 0.000000
34 9 0.000000 0.000000 0.000000
35 9 0.000000 0.000000 0.000000
36 9 0.000000 0.000000 0.000000
37 9 0.000000 0.000000 0.000000
38 9 0.000000 0.000000 0.000000
39 9 0.000000 0.000000 0.000000
40 9 0.000000 0.000000 0.000000
41 9 0.000000 0.000000 0.000000
42 9 0.000000 0.000000 0.000000
43 9 0.000000 0.000000 0.000000
44 9 0.000000 0.000000 0.000000
45 9 0.000000 0.000000 0.000000
46 9 0.000000 0.000000 0.000000
47 9 0.000000 0.000000 0.000000
48 9 0.000000 0.000000 0.000000
49 9 0.000000 0.000000 0.000000

0 10 0.000000 0.000000 0.000000
1 10 -0.007226 -0.000210 -0.003308
2 10 -0.014026 0.000464 -0.003804
3 10 -0.018283 0.003755 -0.005325
4 10 -0.018448 0.009449 -0.005814
5 10 -0.011618 0.019186 -0.006885
6 10 0.007961 0.029536 -0.003251
7 10 0.032875 0.037324 0.002082
8 10 0.066458 0.035476 0.012961
9 10 0.075951 0.015143 0.023886
10 10 0.048698 -0.016044 0.020634
11 10 -0.012439 -0.047567 0.005933
12 10 -0.096111 -0.052356 -0.027889
13 10 -0.102897 -0.009145 -0.052219
14 10 0.004926 0.040568 -0.017679
15 10 0.092971 0.041625 0.039132
16 10 0.062298 0.004519 0.043908
17 10 -0.019735 -0.022570 0.001740
18 10 -0.054607 -0.020532 -0.029140
19 10 -0.032780 -0.005006 -0.024717
20 10 0.001046 0.006011 -0.004623
21 10 0.017566 0.008299 0.008895
22 10 0.017189 0.005968 0.011179
23 10 0.010702 0.003126 0.007810
24 10 0.005090 0.001310 0.004022
25 10 0.001978 0.000459 0.001665
26 10 0.000650 0.000138 0.000577
27 10 0.000185 0.000036 0.000172
28 10 0.000046 0.000008 0.000045
29 10 0.000010 0.000002 0.000010
30 10 0.000002 0.000000 0.000002
31 10 0.000000 0.000000 0.000000
32 10 0.000000 0.000000 0.000000
33 10 0.000000 0.000000 0.000000
34 10 0.000000 0.000000 0.000000
35 10 0.000000 0.000000 0.000000
36 10 0.000000 0.000000 0.000000
37 10 0.000000 0.000000 0.000000
38 10 0.000000 0.000000 0.000000
39 10 0.000000 0.000000 0.000000
40 10 0.000000 0.000000 0.000000
41 10 0.000000 0.000000 0.000000
42 10 0.000000 0.000000 0.000000
43 10 0.000000 0.000000 0.000000
44 10 0.000000 0.000000 0.000000
45 10 0.000000 0.000000 0.000000
46 10 0.000000 0.000000 0.000000
47 10 0.000000 0.000000 0.000000
48 10 0.000000 0.000000 0.000000
49 10 0.000000 0.000000 0.000000

0 11 0.000000 0.000000 0.000000
1 11 -0.000237 -0.005296 0.003433
2 11 -0.001116 -0.011107 0.003367
3 11 -0.009298 -0.018064 0.002483
4 11 -0.018977 -0.024112 0.000268
5 11 -0.039558 -0.029006 -0.003358
6 11 -0.056693 -0.024518 -0.011654
7 11 -0.065214 -0.011858 -0.015560
8 11 -0.054014 0.015666 -0.021279
9 11 0.005662 0.044759 -0.007106
10 11 0.063034 0.053836 0.017007
11 11 0.101877 0.036682 0.035315
12 11 0.073668 -0.016570 0.042097
13 11 -0.057785 -0.062231 -0.005202
14 11 -0.128574 -0.037519 -0.063955
15 11 -0.031815 0.023362 -0.039358
16 11 0.079875 0.041470 0.031934
17 11 0.066616 0.011467 0.048150
18 11 -0.012544 -0.016983 0.006284
19 11 -0.050125 -0.018479 -0.027587
20 11 -0.031048 -0.005334 -0.024532
21 11 0.001009 0.004869 -0.004613
22 11 0.016726 0.007268 0.008856
23 11 0.016290 0.005323 0.011051
24 11 0.010086 0.002808 0.007660
25 11 0.004771 0.001180 0.003915
26 11 0.001844 0.000414 0.001609
27 11 0.000604 0.000125 0.000555
28 11 0.000171 0.000033 0.000164
29 11 0.000042 0.000008 0.000043
30 11 0.000009 0.000002 0.000010
31 11 0.000002 0.000000 0.000002
32 11 0.000000 0.000000 0.000000
33 11 0.000000 0.000000 0.000000
34 11 0.000000 0.000000 0.000000
35 11 0.000000 0.000000 0.000000
36 11 0.000000 0.000000 0.000000
37 11 0.000000 0.000000 0.000000
38 11 0.000000 0.000000 0.000000
39 11 0.000000 0.000000 0.000000
40 11 0.000000 0.000000 0.000000
41 11 0.000000 0.000000 0.000000
42 11 0.000000 0.000000 0.000000
43 11 0.000000 0.000000 0.000000
44 11 0.000000 0.000000 0.000000
45 11 0.000000 0.000000 0.000000
46 11 0.000000 0.000000 0.000000
47 11 0.000000 0.000000 0.000000
48 11 0.000000 0.000000 0.000000
49 11 0.000000 0.000000 0.000000

0 12 0.000000 0.000000 0.000000
1 12 0.009495 0.005815 -0.002335
2 12 0.018936 0.011141 -0.001783
3 12 0.032441 0.012872 0.002389
4 12 0.039342 0.010776 0.004299
5 12 0.049091 0.000744 0.010790
6 12 0.029507 -0.018154 0.010671
7 12 0.003552 -0.036939 0.004929
8 12 -0.053308 -0.053190 -0.007269
9 12 -0.096281 -0.037321 -0.034910
10 12 -0.066565 0.000301 -0.032089
11 12 -0.008158 0.039726 -0.011879
12 12 0.087791 0.061105 0.026360
13 12 0.113112 0.018566 0.063628
14 12 -0.022747 -0.046468 0.015237
15 12 -0.119414 -0.042662 -0.062516
16 12 -0.036738 0.011369 -0.044434
17 12 0.069286 0.033605 0.028566
18 12 0.056919 0.010759 0.044962
19 12 -0.014737 -0.013426 0.004115
20 12 -0.045553 -0.014998 -0.026776
21 12 -0.025720 -0.004042 -0.021980
22 12 0.003299 0.004392 -0.002722
23 12 0.016316 0.006238 0.009292
24 12 0.014981 0.004499 0.010640
25 12 0.009020 0.002351 0.007127
26 12 0.004188 0.000981 0.003564
27 12 0.001597 0.000342 0.001442
28 12 0.000517 0.000103 0.000491
29 12 0.000145 0.000027 0.000144
30 12 0.000036 0.000006 0.000037
31 12 0.000008 0.000001 0.000008
32 12 0.000002 0.000000 0.000002
33 12 0.000000 0.000000 0.000000
34 12 0.000000 0.000000 0.000000
35 12 0.000000 0.000000 0.000000
36 12 0.000000 0.000000 0.000000
37 12 0.000000 0.000000 0.000000
38 12 0.000000 0.000000 0.000000
39 12 0.000000 0.000000 0.000000
40 12 0.000000 0.000000 0.000000
41 12 0.000000 0.000000 0.000000
42 12 0.000000 0.000000 0.000000
43 12 0.000000 0.000000 0.000000
44 12 0.000000 0.000000 0.000000
45 12 0.000000 0.000000 0.000000
46 12 0.000000 0.000000 0.000000
47 12 0.000000 0.000000 0.000000
48 12 0.000000 0.000000 0.000000
49 12 0.000000 0.000000 0.000000

0 13 0.000000 0.000000 0.000000
1 13 -0.008152 0.001728 -0.005962
2 13 -0.016355 0.004279 -0.006222
3 13 -0.015862 0.012710 -0.008743
4 13 -0.009124 0.021698 -0.006069
5 13 0.011953 0.036969 -0.006430
6 13 0.050999 0.042506 0.009051
7 13 0.070762 0.035433 0.017194
8 13 0.082906 0.008456 0.031079
9 13 0.010131 -0.036564 0.018706
10 13 -0.071115 -0.048938 -0.025658
11 13 -0.086830 -0.030275 -0.042224
12 13 -0.044371 0.012220 -0.035325
13 13 0.074490 0.051864 0.018921
14 13 0.106833 0.024779 0.069493
15 13 -0.026879 -0.032651 0.014247
16 13 -0.103685 -0.032411 -0.061209
17 13 -0.018004 0.009804 -0.034854
18 13 0.065832 0.025247 0.031992
19 13 0.040637 0.006011 0.037681
20 13 -0.022249 -0.011818 -0.002783
21 13 -0.040858 -0.011316 -0.026448
22 13 -0.018365 -0.002069 -0.017774
23 13 0.006746 0.004269 0.000350
24 13 0.015989 0.005259 0.009917
25 13 0.013360 0.003622 0.009956
26 13 0.007677 0.001844 0.006309
27 13 0.003457 0.000756 0.003047
28 13 0.001289 0.000260 0.001202
29 13 0.000410 0.000077 0.000401
30 13 0.000114 0.000020 0.000116
31 13 0.000028 0.000005 0.000029
32 13 0.000006 0.000001 0.000007
33 13 0.000001 0.000000 0.000001
34 13 0.000000 0.000000 0.000000
35 13 0.000000 0.000000 0.000000
36 13 0.000000 0.000000 0.000000
37 13 0.000000 0.000000 0.000000
38 13 0.000000 0.000000 0.000000
39 13 0.000000 0.000000 0.000000
40 13 0.000000 0.000000 0.000000
41 13 0.000000 0.000000 0.000000
42 13 0.000000 0.000000 0.000000
43 13 0.000000 0.000000 0.000000
44 13 0.000000 0.000000 0.000000
45 13 0.000000 0.000000 0.000000
46 13 0.000000 0.000000 0.000000
47 13 0.000000 0.000000 0.000000
48 13 0.000000 0.000000 0.000000
49 13 0.000000 0.000000 0.000000

0 14 0.000000 0.000000 0.000000
1 14 -0.004727 -0.007886 0.003555
2 14 -0.009500 -0.015696 0.003228
3 14 -0.027742 -0.023996 -0.000541
4 14 -0.041363 -0.026014 -0.005400
5 14 -0.066905 -0.022426 -0.014233
6 14 -0.059811 0.002431 -0.023616
7 14 -0.020994 0.029743 -0.014070
8 14 0.048919 0.054437 0.003956
9 14 0.114539 0.041548 0.046150
10 14 0.057524 -0.011154 0.043293
11 14 -0.049684 -0.042198 -0.008037
12 14 -0.108615 -0.033508 -0.052506
13 14 -0.045394 0.010456 -0.048815
14 14 0.094135 0.042927 0.030553
15 14 0.087744 0.013070 0.070847
16 14 -0.052532 -0.029153 -0.003625
17 14 -0.086793 -0.019838 -0.061306
18 14 0.008515 0.012718 -0.017331
19 14 0.062238 0.018154 0.037284
20 14 0.021273 0.000736 0.027212
21 14 -0.030044 -0.010717 -0.011273
22 14 -0.034679 -0.007809 -0.025180
23 14 -0.010076 -0.000126 -0.012356
24 14 0.010194 0.004160 0.003783
25 14 0.015327 0.004309 0.010332
26 14 0.011480 0.002775 0.008980
27 14 0.006215 0.001357 0.005310
28 14 0.002688 0.000541 0.002452
29 14 0.000972 0.000183 0.000936
30 14 0.000302 0.000053 0.000305
31 14 0.000082 0.000014 0.000086
32 14 0.000020 0.000003 0.000022
33 14 0.000004 0.000001 0.000005
34 14 0.000001 0.000000 0.000001
35 14 0.000000 0.000000 0.000000
36 14 0.000000 0.000000 0.000000
37 14 0.000000 0.000000 0.000000
38 14 0.000000 0.000000 0.000000
39 14 0.000000 0.000000 0.000000
40 14 0.000000 0.000000 0.000000
41 14 0.000000 0.000000 0.000000
42 14 0.000000 0.000000 0.000000
43 14 0.000000 0.000000 0.000000
44 14 0.000000 0.000000 0.000000
45 14 0.000000 0.000000 0.000000
46 14 0.000000 0.000000 0.000000
47 14 0.000000 0.000000 0.000000
48 14 0.000000 0.000000 0.000000
49 14 0.000000 0.000000 0.000000

0 15 0.000000 0.000000 0.000000
1 15 0.014249 0.005058 -0.000558
2 15 0.028299 0.007852 0.001389
3 15 0.039897 0.003410 0.007550
4 15 0.037547 -0.009668 0.010402
5 15 0.014188 -0.031337 0.012544
6 15 -0.047076 -0.051411 -0.004961
7 15 -0.099250 -0.043131 -0.030113
8 15 -0.099172 -0.005512 -0.047646
9 15 0.003788 0.047641 -0.020127
10 15 0.114672 0.057350 0.044988
11 15 0.101593 0.007033 0.063721
12 15 -0.032740 -0.043709 0.010021
13 15 -0.133087 -0.036860 -0.068308
14 15 -0.030842 0.017424 -0.051636
15 15 0.112371 0.038647 0.050902
16 15 0.054571 0.001162 0.061915
17 15 -0.074364 -0.026483 -0.026809
18 15 -0.059536 -0.008746 -0.054129
19 15 0.032970 0.014310 0.003484
20 15 0.051608 0.011389 0.038326
21 15 0.000943 -0.003371 0.013751
22 15 -0.034467 -0.009099 -0.018525
23 15 -0.026245 -0.004588 -0.021788
24 15 -0.001851 0.001384 -0.006243
25 15 0.012761 0.003860 0.006830
26 15 0.014075 0.003381 0.010228
27 15 0.009428 0.002013 0.007731
28 15 0.004772 0.000936 0.004234
29 15 0.001967 0.000360 0.001855
30 15 0.000686 0.000118 0.000680
31 15 0.000207 0.000034 0.000215
32 15 0.000055 0.000009 0.000059
33 15 0.000013 0.000002 0.000015
34 15 0.000003 0.000000 0.000003
35 15 0.000001 0.000000 0.000001
36 15 0.000000 0.000000 0.000000
37 15 0.000000 0.000000 0.000000
38 15 0.000000 0.000000 0.000000
39 15 0.000000 0.000000 0.000000
40 15 0.000000 0.000000 0.000000
41 15 0.000000 0.000000 0.000000
42 15 0.000000 0.000000 0.000000
43 15 0.000000 0.000000 0.000000
44 15 0.000000 0.000000 0.000000
45 15 0.000000 0.000000 0.000000
46 15 0.000000 0.000000 0.000000
47 15 0.000000 0.000000 0.000000
48 15 0.000000 0.000000 0.000000
49 15 0.000000 0.000000 0.000000

0 16 0.000000 0.000000 0.000000
1 16 -0.006359 0.007752 -0.011160
2 16 -0.006476 0.018263 -0.011932
3 16 0.008487 0.032817 -0.009324
4 16 0.042277 0.046078 -0.002388
5 16 0.090849 0.044846 0.018448
6 16 0.102054 0.015160 0.036977
7 16 0.043546 -0.035887 0.031369
8 16 -0.083852 -0.065413 -0.018136
9 16 -0.131722 -0.036775 -0.069357
10 16 -0.033778 0.024443 -0.038406
11 16 0.090341 0.055238 0.035541
12 16 0.104960 0.020001 0.072126
13 16 -0.041964 -0.036345 0.008106
14 16 -0.121711 -0.030067 -0.078363
15 16 0.015504 0.020404 -0.028212
16 16 0.106572 0.026918 0.066961
17 16 0.003151 -0.008300 0.034196
18 16 -0.080023 -0.019455 -0.045940
19 16 -0.021776 0.000685 -0.035157
20 16 0.047984 0.012924 0.022359
21 16 0.032681 0.004930 0.031878
22 16 -0.016901 -0.005663 -0.000850
23 16 -0.033514 -0.006790 -0.022305
24 16 -0.016043 -0.001853 -0.016058
25 16 0.005239 0.002281 -0.000226
26 16 0.013929 0.003328 0.008918
27 16 0.012219 0.002505 0.009483
28 16 0.007343 0.001373 0.006297
29 16 0.003462 0.000603 0.003185
30 16 0.001354 0.000222 0.001318
31 16 0.000453 0.000071 0.000462
32 16 0.000132 0.000020 0.000141
33 16 0.000034 0.000005 0.000038
34 16 0.000008 0.000001 0.000009
35 16 0.000002 0.000000 0.000002
36 16 0.000000 0.000000 0.000000
37 16 0.000000 0.000000 0.000000
38 16 0.000000 0.000000 0.000000
39 16 0.000000 0.000000 0.000000
40 16 0.000000 0.000000 0.000000
41 16 0.000000 0.000000 0.000000
42 16 0.000000 0.000000 0.000000
43 16 0.000000 0.000000 0.000000
44 16 0.000000 0.000000 0.000000
45 16 0.000000 0.000000 0.000000
46 16 0.000000 0.000000 0.000000
47 16 0.000000 0.000000 0.000000
48 16 0.000000 0.000000 0.000000
49 16 0.000000 0.000000 0.000000

0 17 0.000000 0.000000 0.000000
1 17 -0.015249 -0.012694 0.002806
2 17 -0.040035 -0.023333 -0.001270
3 17 -0.066165 -0.024837 -0.010813
4 17 -0.090321 -0.008438 -0.025546
5 17 -0.054281 0.032327 -0.032031
6 17 0.041212 0.066749 0.000314
7 17 0.130561 0.061303 0.048516
8 17 0.099133 0.001161 0.067486
9 17 -0.063582 -0.050716 -0.007907
10 17 -0.118904 -0.034113 -0.074597
11 17 -0.014148 0.013653 -0.037048
12 17 0.104255 0.035240 0.047615
13 17 0.062610 0.005404 0.067326
14 17 -0.093339 -0.028778 -0.028231
15 17 -0.078449 -0.009184 -0.075248
16 17 0.073124 0.022650 0.016913
17 17 0.072920 0.010851 0.066679
18 17 -0.046017 -0.013889 -0.004564
19 17 -0.062627 -0.010065 -0.050631
20 17 0.015730 0.006691 -0.008349
21 17 0.047581 0.009061 0.032568
22 17 0.009062 -0.000212 0.018340
23 17 -0.028266 -0.005995 -0.013200
24 17 -0.026989 -0.004151 -0.021397
25 17 -0.005537 0.000154 -0.008788
26 17 0.010273 0.002554 0.004780
27 17 0.013581 0.002633 0.009746
28 17 0.009942 0.001731 0.008175
29 17 0.005390 0.000872 0.004820
30 17 0.002363 0.000361 0.002251
31 17 0.000873 0.000127 0.000876
32 17 0.000279 0.000039 0.000293
33 17 0.000078 0.000010 0.000086
34 17 0.000020 0.000003 0.000022
35 17 0.000004 0.000001 0.000005
36 17 0.000001 0.000000 0.000001
37 17 0.000000 0.000000 0.000000
38 17 0.000000 0.000000 0.000000
39 17 0.000000 0.000000 0.000000
40 17 0.000000 0.000000 0.000000
41 17 0.000000 0.000000 0.000000
42 17 0.000000 0.000000 0.000000
43 17 0.000000 0.000000 0.000000
44 17 0.000000 0.000000 0.000000
45 17 0.000000 0.000000 0.000000
46 17 0.000000 0.000000 0.000000
47 17 0.000000 0.000000 0.000000
48 17 0.000000 0.000000 0.000000
49 17 0.000000 0.000000 0.000000

0 18 0.000000 0.000000 0.000000
1 18 0.025593 0.002454 0.003402
2 18 0.045145 -0.004467 0.010608
3 18 0.037666 -0.027241 0.017188
4 18 -0.021132 -0.058308 0.010352
5 18 -0.116787 -0.065071 -0.032476
6 18 -0.129249 -0.018683 -0.065172
7 18 -0.008413 0.043110 -0.031146
8 18 0.134896 0.058754 0.058128
9 18 0.089611 0.004764 0.078626
10 18 -0.079968 -0.042198 -0.016571
11 18 -0.121359 -0.019019 -0.081178
12 18 0.024232 0.027529 -0.022614
13 18 0.130365 0.026692 0.076492
14 18 0.001811 -0.014120 0.043771
15 18 -0.119627 -0.023933 -0.068414
16 18 -0.009434 0.007243 -0.044578
17 18 0.095184 0.018833 0.055130
18 18 0.015054 -0.001826 0.039882
19 18 -0.068438 -0.012657 -0.036478
20 18 -0.025214 -0.001395 -0.035282
21 18 0.039843 0.008056 0.016747
22 18 0.031588 0.004145 0.029955
23 18 -0.012746 -0.003177 0.001588
24 18 -0.030745 -0.004770 -0.020059
25 18 -0.016557 -0.001735 -0.016114
26 18 0.003483 0.001308 -0.001425
27 18 0.012780 0.002329 0.008064
28 18 0.011971 0.001897 0.009335
29 18 0.007539 0.001104 0.006524
30 18 0.003707 0.000512 0.003448
31 18 0.001511 0.000199 0.001487
32 18 0.000527 0.000066 0.000544
33 18 0.000160 0.000019 0.000173
34 18 0.000043 0.000005 0.000048
35 18 0.000010 0.000001 0.000012
36 18 0.000002 0.000000 0.000003
37 18 0.000000 0.000000 0.000001
38 18 0.000000 0.000000 0.000000
39 18 0.000000 0.000000 0.000000
40 18 0.000000 0.000000 0.000000
41 18 0.000000 0.000000 0.000000
42 18 0.000000 0.000000 0.000000
43 18 0.000000 0.000000 0.000000
44 18 0.000000 0.000000 0.000000
45 18 0.000000 0.000000 0.000000
46 18 0.000000 0.000000 0.000000
47 18 0.000000 0.000000 0.000000
48 18 0.000000 0.000000 0.000000
49 18 0.000000 0.000000 0.000000

0 19 0.000000 0.000000 0.000000
1 19 0.000932 0.022385 -0.024102
2 19 0.026416 0.047627 -0.018544
3 19 0.090700 0.062067 0.004244
4 19 0.142198 0.035222 0.048956
5 19 0.066059 -0.028755 0.050632
6 19 -0.096590 -0.069166 -0.022268
7 19 -0.158838 -0.032745 -0.091734
8 19 0.002417 0.034915 -0.038193
9 19 0.137932 0.046438 0.076160
10 19 0.051262 -0.000114 0.063897
11 19 -0.092809 -0.034842 -0.038172
12 19 -0.080602 -0.012432 -0.074142
13 19 0.077187 0.025280 0.017553
14 19 0.087429 0.013721 0.081041
15 19 -0.075016 -0.017619 -0.012786
16 19 -0.078821 -0.009597 -0.074638
17 19 0.062219 0.013243 0.011366
18 19 0.064867 0.007936 0.061215
19 19 -0.041101 -0.008039 -0.003805
20 19 -0.054430 -0.006508 -0.045458
21 19 0.015314 0.003958 -0.006730
22 19 0.042235 0.005781 0.029783
23 19 0.007052 -0.000003 0.016239
24 19 -0.026286 -0.003858 -0.012604
25 19 -0.024822 -0.002811 -0.019999
26 19 -0.005097 0.000004 -0.008248
27 19 0.009619 0.001680 0.004529
28 19 0.012886 0.001812 0.009364
29 19 0.009595 0.001233 0.007990
30 19 0.005306 0.000642 0.004805
31 19 0.002379 0.000275 0.002294
32 19 0.000902 0.000100 0.000915
33 19 0.000296 0.000032 0.000314
34 19 0.000086 0.000009 0.000095
35 19 0.000022 0.000002 0.000025
36 19 0.000005 0.000000 0.000006
37 19 0.000001 0.000000 0.000001
38 19 0.000000 0.000000 0.000000
39 19 0.000000 0.000000 0.000000
40 19 0.000000 0.000000 0.000000
41 19 0.000000 0.000000 0.000000
42 19 0.000000 0.000000 0.000000
43 19 0.000000 0.000000 0.000000
44 19 0.000000 0.000000 0.000000
45 19 0.000000 0.000000 0.000000
46 19 0.000000 0.000000 0.000000
47 19 0.000000 0.000000 0.000000
48 19 0.000000 0.000000 0.000000
49 19 0.000000 0.000000 0.000000

0 20 0.000000 0.000000 0.000000
1 20 -0.049442 -0.018083 -0.006205
2 20 -0.105197 -0.014626 -0.027098
3 20 -0.100759 0.030151 -0.053390
4 20 0.044545 0.083469 -0.014661
5 20 0.176509 0.070331 0.078997
6 20 0.098814 -0.003050 0.083643
7 20 -0.103575 -0.053959 -0.028377
8 20 -0.128839 -0.023582 -0.100821
9 20 0.060158 0.027821 -0.002347
10 20 0.116428 0.020756 0.088296
11 20 -0.030524 -0.011801 0.023199
12 20 -0.119522 -0.014342 -0.074043
13 20 0.009158 0.009570 -0.037916
14 20 0.121806 0.015562 0.073000
15 20 -0.005023 -0.006516 0.041781
16 20 -0.108451 -0.013347 -0.067046
17 20 0.004023 0.004564 -0.034754
18 20 0.084949 0.010624 0.054626
19 20 0.002051 -0.001738 0.029750
20 20 -0.062372 -0.007300 -0.037230
21 20 -0.014715 -0.000245 -0.027734
22 20 0.038829 0.004929 0.019225
23 20 0.024716 0.002197 0.026007
24 20 -0.015335 -0.002158 -0.001582
25 20 -0.028418 -0.002924 -0.019526
26 20 -0.013707 -0.000978 -0.014139
27 20 0.004486 0.000890 -0.000283
28 20 0.012361 0.001499 0.008101
29 20 0.011221 0.001218 0.008929
30 20 0.007012 0.000714 0.006166
31 20 0.003454 0.000336 0.003258
32 20 0.001418 0.000133 0.001414
33 20 0.000500 0.000045 0.000523
34 20 0.000155 0.000014 0.000168
35 20 0.000042 0.000004 0.000048
36 20 0.000010 0.000001 0.000012
37 20 0.000002 0.000000 0.000003
38 20 0.000000 0.000000 0.000001
39 20 0.000000 0.000000 0.000000
40 20 0.000000 0.000000 0.000000
41 20 0.000000 0.000000 0.000000
42 20 0.000000 0.000000 0.000000
43 20 0.000000 0.000000 0.000000
44 20 0.000000 0.000000 0.000000
45 20 0.000000 0.000000 0.000000
46 20 0.000000 0.000000 0.000000
47 20 0.000000 0.000000 0.000000
48 20 0.000000 0.000000 0.000000
49 20 0.000000 0.000000 0.000000

0 21 0.000000 0.000000 0.000000
1 21 0.050264 -0.018932 0.022615
2 21 -0.002433 -0.068225 0.033346
3 21 -0.163376 -0.084349 -0.038154
4 21 -0.184223 -0.021541 -0.106530
5 21 0.024156 0.055554 -0.024491
6 21 0.170335 0.052456 0.102281
7 21 0.030296 -0.006731 0.071288
8 21 -0.144309 -0.030032 -0.072467
9 21 -0.048205 0.002457 -0.072635
10 21 0.111688 0.027611 0.051888
11 21 0.069628 0.005089 0.075111
12 21 -0.089997 -0.021763 -0.029392
13 21 -0.078156 -0.007296 -0.078118
14 21 0.089407 0.016254 0.026920
15 21 0.067554 0.006365 0.077037
16 21 -0.087312 -0.010965 -0.029031
17 21 -0.052768 -0.003616 -0.064597
18 21 0.071398 0.008044 0.026780
19 21 0.042497 0.003012 0.051362
20 21 -0.049565 -0.005051 -0.016282
21 21 -0.039778 -0.002756 -0.039560
22 21 0.024309 0.002819 0.002941
23 21 0.035818 0.002932 0.028717
24 21 -0.001124 -0.000501 0.009861
25 21 -0.026905 -0.002305 -0.015105
26 21 -0.020761 -0.001432 -0.017954
27 21 -0.001832 0.000184 -0.005537
28 21 0.010359 0.001048 0.005662
29 21 0.012148 0.001056 0.009149
30 21 0.008647 0.000702 0.007363
31 21 0.004676 0.000362 0.004309
32 21 0.002072 0.000155 0.002029
33 21 0.000782 0.000057 0.000804
34 21 0.000257 0.000018 0.000276
35 21 0.000075 0.000005 0.000083
36 21 0.000019 0.000001 0.000022
37 21 0.000005 0.000000 0.000005
38 21 0.000001 0.000000 0.000001
39 21 0.000000 0.000000 0.000000
40 21 0.000000 0.000000 0.000000
41 21 0.000000 0.000000 0.000000
42 21 0.000000 0.000000 0.000000
43 21 0.000000 0.000000 0.000000
44 21 0.000000 0.000000 0.000000
45 21 0.000000 0.000000 0.000000
46 21 0.000000 0.000000 0.000000
47 21 0.000000 0.000000 0.000000
48 21 0.000000 0.000000 0.000000
49 21 0.000000 0.000000 0.000000

0 22 0.000000 0.000000 0.000000
1 22 0.109251 0.086607 -0.074045
2 22 0.236395 0.060894 0.069598
3 22 0.091657 -0.034189 0.089118
4 22 -0.169517 -0.068575 -0.067974
5 22 -0.135620 -0.014548 -0.120193
6 22 0.100139 0.036554 0.021942
7 22 0.136857 0.020191 0.115659
8 22 -0.073851 -0.019057 0.001702
9 22 -0.115075 -0.014125 -0.096788
10 22 0.057902 0.008169 -0.002384
11 22 0.101217 0.008745 0.082947
12 22 -0.045729 -0.003046 0.014325
13 22 -0.109050 -0.005033 -0.078500
14 22 0.043391 0.005235 -0.016860
15 22 0.106224 0.005874 0.080768
16 22 -0.044990 -0.004952 0.012768
17 22 -0.089073 -0.005087 -0.071371
18 22 0.038071 0.003932 -0.007072
19 22 0.068873 0.004245 0.056830
20 22 -0.023868 -0.002152 0.008527
21 22 -0.054075 -0.003152 -0.040518
22 22 0.004136 0.000808 -0.013836
23 22 0.038811 0.002457 0.024766
24 22 0.013011 0.000543 0.019164
25 22 -0.021097 -0.001374 -0.008031
26 22 -0.025244 -0.001358 -0.019199
27 22 -0.008404 -0.000267 -0.010414
28 22 0.007113 0.000580 0.002376
29 22 0.012231 0.000781 0.008590
30 22 0.010042 0.000593 0.008251
31 22 0.005963 0.000336 0.005361
32 22 0.002844 0.000155 0.002731
33 22 0.001143 0.000060 0.001157
34 22 0.000397 0.000020 0.000421
35 22 0.000122 0.000006 0.000134
36 22 0.000033 0.000002 0.000038
37 22 0.000008 0.000000 0.000010
38 22 0.000002 0.000000 0.000002
39 22 0.000000 0.000000 0.000000
40 22 0.000000 0.000000 0.000000
41 22 0.000000 0.000000 0.000000
42 22 0.000000 0.000000 0.000000
43 22 0.000000 0.000000 0.000000
44 22 0.000000 0.000000 0.000000
45 22 0.000000 0.000000 0.000000
46 22 0.000000 0.000000 0.000000
47 22 0.000000 0.000000 0.000000
48 22 0.000000 0.000000 0.000000
49 22 0.000000 0.000000 0.000000

0 23 0.000000 0.000000 0.000000
1 23 -0.192849 0.104562 -0.200457
2 23 0.114983 0.140064 0.008668
3 23 0.251654 0.072336 0.185794
4 23 -0.009058 -0.013305 0.069901
5 23 -0.181103 -0.027435 -0.112843
6 23 -0.006094 0.006178 -0.058823
7 23 0.152404 0.016877 0.097617
8 23 0.001760 -0.000236 0.060956
9 23 -0.134542 -0.009509 -0.079270
10 23 -0.013832 0.004502 -0.050990
11 23 0.115741 0.013038 0.065748
12 23 0.030758 -0.001504 0.058256
13 23 -0.111465 -0.011118 -0.056221
14 23 -0.026222 -0.000305 -0.058161
15 23 0.110153 0.007472 0.060424
16 23 0.010632 0.000331 0.050152
17 23 -0.097995 -0.004502 -0.057721
18 23 -0.003364 0.000313 -0.037315
19 23 0.076837 0.003167 0.047815
20 23 0.005997 -0.000044 0.030286
21 23 -0.056318 -0.002112 -0.032408
22 23 -0.016350 -0.000321 -0.027270
23 23 0.034507 0.001390 0.016121
24 23 0.024582 0.000793 0.024921
25 23 -0.012510 -0.000537 0.000120
26 23 -0.026829 -0.000908 -0.017998
27 23 -0.014409 -0.000387 -0.014303
28 23 0.003026 0.000211 -0.001325
29 23 0.011466 0.000453 0.007324
30 23 0.011069 0.000399 0.008743
31 23 0.007222 0.000248 0.006327
32 23 0.003697 0.000123 0.003480
33 23 0.001576 0.000051 0.001569
34 23 0.000577 0.000018 0.000603
35 23 0.000185 0.000006 0.000202
36 23 0.000053 0.000002 0.000060
37 23 0.000014 0.000000 0.000016
38 23 0.000003 0.000000 0.000004
39 23 0.000001 0.000000 0.000001
40 23 0.000000 0.000000 0.000000
41 23 0.000000 0.000000 0.000000
42 23 0.000000 0.000000 0.000000
43 23 0.000000 0.000000 0.000000
44 23 0.000000 0.000000 0.000000
45 23 0.000000 0.000000 0.000000
46 23 0.000000 0.000000 0.000000
47 23 0.000000 0.000000 0.000000
48 23 0.000000 0.000000 0.000000
49 23 0.000000 0.000000 0.000000

0 24 0.000000 0.000000 0.000000
1 24 -0.531858 -0.022515 -0.066455
2 24 -0.171476 0.024948 -0.100361
3 24 0.203652 0.035603 0.147804
4 24 0.090284 0.010197 0.147449
5 24 -0.157091 -0.005453 -0.062784
6 24 -0.081328 -0.000483 -0.098794
7 24 0.133755 0.008216 0.057219
8 24 0.075298 0.002127 0.097174
9 24 -0.115008 -0.004009 -0.045874
10 24 -0.056830 -0.002179 -0.076962
11 24 0.099397 -0.002316 0.039970
12 24 0.059717 -0.000832 0.073768
13 24 -0.097730 0.001906 -0.030514
14 24 -0.065384 0.001762 -0.075066
15 24 0.098183 0.000767 0.034144
16 24 0.054550 -0.000526 0.071349
17 24 -0.089402 -0.001340 -0.035181
18 24 -0.040768 -0.000107 -0.057474
19 24 0.070302 0.001074 0.030594
20 24 0.033130 0.000318 0.045210
21 24 -0.048885 -0.000656 -0.018971
22 24 -0.033458 -0.000338 -0.035582
23 24 0.025094 0.000363 0.005248
24 24 0.032336 0.000375 0.026894
25 24 -0.002788 -0.000063 0.007976
26 24 -0.025771 -0.000300 -0.014898
27 24 -0.019286 -0.000192 -0.016894
28 24 -0.001440 0.000018 -0.005022
29 24 0.009969 0.000136 0.005518
30 24 0.011664 0.000142 0.008817
31 24 0.008373 0.000097 0.007142
32 24 0.004586 0.000051 0.004230
33 24 0.002065 0.000023 0.002022
34 24 0.000794 0.000008 0.000816
35 24 0.000266 0.000003 0.000286
36 24 0.000079 0.000001 0.000088
37 24 0.000021 0.000000 0.000024
38 24 0.000005 0.000000 0.000006
39 24 0.000001 0.000000 0.000001
40 24 0.000000 0.000000 0.000000
41 24 0.000000 0.000000 0.000000
42 24 0.000000 0.000000 0.000000
43 24 0.000000 0.000000 0.000000
44 24 0.000000 0.000000 0.000000
45 24 0.000000 0.000000 0.000000
46 24 0.000000 0.000000 0.000000
47 24 0.000000 0.000000 0.000000
48 24 0.000000 0.000000 0.000000
49 24 0.000000 0.000000 0.000000

0 25 0.000000 0.000000 0.000000
1 25 -0.299498 0.075437 -0.108438
2 25 -0.127770 0.007978 -0.104979
3 25 0.199829 -0.027299 0.108055
4 25 0.142978 -0.013694 0.156518
5 25 -0.124376 0.003744 -0.030747
6 25 -0.120828 0.002934 -0.113137
7 25 0.103649 -0.007110 0.024246
8 25 0.107104 -0.005497 0.107252
9 25 -0.091563 0.002429 -0.015739
10 25 -0.096965 0.001487 -0.087656
11 25 0.062083 0.001511 0.008701
12 25 0.095155 0.002816 0.080400
13 25 -0.052382 0.000072 0.003719
14 25 -0.095318 -0.002084 -0.079380
15 25 0.061541 -0.001765 0.001112
16 25 0.084441 -0.000038 0.078348
17 25 -0.064854 0.001458 -0.007887
18 25 -0.067935 0.000634 -0.066377
19 25 0.053424 -0.000938 0.009952
20 25 0.053441 -0.000644 0.052350
21 25 -0.035282 0.000499 -0.003711
22 25 -0.045385 0.000511 -0.038679
23 25 0.013064 -0.000218 -0.005733
24 25 0.036114 -0.000434 0.025661
25 25 0.006698 -0.000054 0.014621
26 25 -0.022689 0.000269 -0.010624
27 25 -0.022776 0.000239 -0.018161
28 25 -0.005864 0.000035 -0.008388
29 25 0.007935 -0.000114 0.003385
30 25 0.011829 -0.000145 0.008509
31 25 0.009355 -0.000109 0.007764
32 25 0.005465 -0.000062 0.004940
33 25 0.002589 -0.000029 0.002493
34 25 0.001039 -0.000011 0.001053
35 25 0.000362 -0.000004 0.000384
36 25 0.000112 -0.000001 0.000123
37 25 0.000031 -0.000000 0.000035
38 25 0.000008 -0.000000 0.000009
39 25 0.000002 -0.000000 0.000002
40 25 0.000000 -0.000000 0.000000
41 25 0.000000 -0.000000 0.000000
42 25 0.000000 -0.000000 0.000000
43 25 0.000000 -0.000000 0.000000
44 25 0.000000 -0.000000 0.000000
45 25 0.000000 -0.000000 0.000000
46 25 0.000000 -0.000000 0.000000
47 25 0.000000 -0.000000 0.000000
48 25 0.000000 -0.000000 0.000000
49 25 0.000000 0.000000 0.000000

0 26 0.000000 0.000000 0.000000
1 26 -0.114300 0.045393 -0.093931
2 26 0.012424 -0.035156 -0.058775
3 26 0.221452 -0.083663 0.091043
4 26 0.137746 -0.041861 0.126086
5 26 -0.125444 0.015430 -0.034567
6 26 -0.138587 0.016985 -0.115401
7 26 0.076302 -0.009175 0.005511
8 26 0.127863 -0.009748 0.107134
9 26 -0.062755 0.006425 0.007822
10 26 -0.111357 0.009799 -0.089949
11 26 0.051147 -0.004622 -0.008688
12 26 0.111542 -0.012182 0.081346
13 26 -0.036247 0.000219 0.020825
14 26 -0.115931 0.008233 -0.078807
15 26 0.034666 -0.000487 -0.021540
16 26 0.105637 -0.005150 0.078432
17 26 -0.038194 0.001242 0.015580
18 26 -0.086354 0.003276 -0.067795
19 26 0.032359 -0.001459 -0.009585
20 26 0.066645 -0.002500 0.053387
21 26 -0.019054 0.000802 0.010732
22 26 -0.052119 0.001812 -0.037669
23 26 0.000527 -0.000179 -0.015431
24 26 0.036529 -0.001338 0.022210
25 26 0.015049 -0.000477 0.019644
26 26 -0.018340 0.000658 -0.005881
27 26 -0.024896 0.000804 -0.018290
28 26 -0.009928 0.000253 -0.011219
29 26 0.005595 -0.000261 0.001139
30 26 0.011618 -0.000432 0.007901
31 26 0.010140 -0.000357 0.008183
32 26 0.006294 -0.000215 0.005576
33 26 0.003123 -0.000104 0.002958
34 26 0.001303 -0.000043 0.001302
35 26 0.000470 -0.000015 0.000492
36 26 0.000149 -0.000005 0.000163
37 26 0.000042 -0.000001 0.000048
38 26 0.000011 -0.000000 0.000013
39 26 0.000003 -0.000000 0.000003
40 26 0.000001 -0.000000 0.000001
41 26 0.000000 -0.000000 0.000000
42 26 0.000000 -0.000000 0.000000
43 26 0.000000 -0.000000 0.000000
44 26 0.000000 -0.000000 0.000000
45 26 0.000000 -0.000000 0.000000
46 26 0.000000 -0.000000 0.000000
47 26 0.000000 -0.000000 0.000000
48 26 0.000000 -0.000000 0.000000
49 26 0.000000 0.000000 0.000000

0 27 0.000000 0.000000 0.000000
1 27 0.008516 -0.014456 -0.056615
2 27 0.110451 -0.084556 -0.014021
3 27 0.201780 -0.109738 0.074420
4 27 0.073479 -0.040191 0.073280
5 27 -0.146020 0.034525 -0.056645
6 27 -0.132097 0.029290 -0.107537
7 27 0.080123 -0.015571 0.007393
8 27 0.141022 -0.025748 0.106999
9 27 -0.050847 0.004084 0.016113
10 27 -0.119632 0.012700 -0.088844
11 27 0.024909 -0.007055 -0.021434
12 27 0.102045 -0.009540 0.071752
13 27 -0.008925 0.006363 0.034479
14 27 -0.107768 0.009602 -0.066109
15 27 0.008385 -0.004177 -0.037881
16 27 0.108195 -0.009134 0.069195
17 27 -0.013643 0.001914 0.033298
18 27 -0.094107 0.006586 -0.062835
19 27 0.011813 -0.001253 -0.025489
20 27 0.073211 -0.004809 0.050086
21 27 -0.003105 0.000294 0.022769
22 27 -0.054569 0.003236 -0.033999
23 27 -0.011032 0.000446 -0.023170
24 27 0.034560 -0.002128 0.017584
25 27 0.021837 -0.001225 0.023036
26 27 -0.013447 0.000806 -0.001234
27 27 -0.025851 0.001410 -0.017583
28 27 -0.013439 0.000637 -0.013440
29 27 0.003167 -0.000292 -0.001036
30 27 0.011125 -0.000694 0.007099
31 27 0.010723 -0.000630 0.008415
32 27 0.007040 -0.000402 0.006117
33 27 0.003641 -0.000204 0.003394
34 27 0.001572 -0.000087 0.001549
35 27 0.000584 -0.000032 0.000603
36 27 0.000191 -0.000010 0.000205
37 27 0.000056 -0.000003 0.000062
38 27 0.000015 -0.000001 0.000017
39 27 0.000003 -0.000000 0.000004
40 27 0.000001 -0.000000 0.000001
41 27 0.000000 -0.000000 0.000000
42 27 0.000000 -0.000000 0.000000
43 27 0.000000 -0.000000 0.000000
44 27 0.000000 -0.000000 0.000000
45 27 0.000000 -0.000000 0.000000
46 27 0.000000 -0.000000 0.000000
47 27 0.000000 -0.000000 0.000000
48 27 0.000000 -0.000000 0.000000
49 27 0.000000 0.000000 0.000000

0 28 0.000000 0.000000 0.000000
1 28 0.048255 -0.044023 -0.014295
2 28 0.108331 -0.091909 0.013478
3 28 0.107113 -0.083348 0.047594
4 28 -0.029723 -0.002342 0.017935
5 28 -0.173772 0.059690 -0.074778
6 28 -0.103373 0.034947 -0.085579
7 28 0.096926 -0.026856 0.026752
8 28 0.129723 -0.032799 0.100763
9 28 -0.054671 0.009837 0.011851
10 28 -0.127718 0.023399 -0.088648
11 28 0.017694 0.000227 -0.027171
12 28 0.118417 -0.016030 0.072582
13 28 0.013357 -0.004653 0.045296
14 28 -0.115230 0.010864 -0.061857
15 28 -0.018875 0.001731 -0.051978
16 28 0.110586 -0.010564 0.061528
17 28 0.010458 -0.000612 0.047713
18 28 -0.096643 0.008725 -0.056079
19 28 -0.007193 0.000122 -0.038070
20 28 0.075194 -0.006801 0.044730
21 28 0.011162 -0.000900 0.032131
22 28 -0.054096 0.004488 -0.029094
23 28 -0.020867 0.001510 -0.028900
24 28 0.031246 -0.002690 0.012666
25 28 0.027018 -0.002171 0.025062
26 28 -0.008598 0.000713 0.002940
27 28 -0.025953 0.001989 -0.016379
28 28 -0.016322 0.001140 -0.015074
29 28 0.000842 -0.000212 -0.003005
30 28 0.010462 -0.000916 0.006211
31 28 0.011127 -0.000916 0.008495
32 28 0.007685 -0.000615 0.006553
33 28 0.004121 -0.000324 0.003783
34 28 0.001832 -0.000142 0.001781
35 28 0.000699 -0.000054 0.000712
36 28 0.000233 -0.000018 0.000248
37 28 0.000069 -0.000005 0.000076
38 28 0.000019 -0.000001 0.000021
39 28 0.000004 -0.000000 0.000005
40 28 0.000001 -0.000000 0.000001
41 28 0.000000 -0.000000 0.000000
42 28 0.000000 -0.000000 0.000000
43 28 0.000000 -0.000000 0.000000
44 28 0.000000 -0.000000 0.000000
45 28 0.000000 -0.000000 0.000000
46 28 0.000000 -0.000000 0.000000
47 28 0.000000 -0.000000 0.000000
48 28 0.000000 -0.000000 0.000000
49 28 0.000000 0.000000 0.000000

0 29 0.000000 0.000000 0.000000
1 29 0.026011 -0.032428 0.008481
2 29 0.035163 -0.048137 0.017172
3 29 -0.011783 -0.015231 0.014931
4 29 -0.110723 0.050906 -0.020835
5 29 -0.159703 0.077683 -0.072745
6 29 -0.033681 0.023408 -0.045383
7 29 0.127285 -0.041734 0.051834
8 29 0.118166 -0.036987 0.089456
9 29 -0.064306 0.013095 -0.001352
10 29 -0.124128 0.028782 -0.089726
11 29 0.031611 -0.007096 -0.020376
12 29 0.115156 -0.028278 0.073620
13 29 0.001700 -0.001810 0.039840
14 29 -0.115809 0.022133 -0.060083
15 29 -0.022687 0.004156 -0.053272
16 29 0.112274 -0.016985 0.056777
17 29 0.023998 -0.003926 0.054680
18 29 -0.097807 0.011978 -0.050563
19 29 -0.021605 0.002482 -0.046464
20 29 0.075216 -0.008745 0.039480
21 29 0.022757 -0.002662 0.038855
22 29 -0.052253 0.005517 -0.024222
23 29 -0.028731 0.002873 -0.032902
24 29 0.027536 -0.003013 0.008129
25 29 0.030796 -0.003212 0.026107
26 29 -0.004219 0.000423 0.006428
27 29 -0.025544 0.002508 -0.014993
28 29 -0.018587 0.001716 -0.016208
29 29 -0.001237 -0.000042 -0.004679
30 29 0.009743 -0.001096 0.005340
31 29 0.011386 -0.001202 0.008469
32 29 0.008220 -0.000847 0.006886
33 29 0.004543 -0.000461 0.004110
34 29 0.002069 -0.000208 0.001985
35 29 0.000806 -0.000080 0.000811
36 29 0.000274 -0.000027 0.000288
37 29 0.000083 -0.000008 0.000090
38 29 0.000022 -0.000002 0.000025
39 29 0.000006 -0.000001 0.000006
40 29 0.000001 -0.000000 0.000001
41 29 0.000000 -0.000000 0.000000
42 29 0.000000 -0.000000 0.000000
43 29 0.000000 -0.000000 0.000000
44 29 0.000000 -0.000000 0.000000
45 29 0.000000 -0.000000 0.000000
46 29 0.000000 -0.000000 0.000000
47 29 0.000000 -0.000000 0.000000
48 29 0.000000 -0.000000 0.000000
49 29 0.000000 0.000000 0.000000

0 30 0.000000 0.000000 0.000000
1 30 -0.008512 -0.004131 0.007410
2 30 -0.030633 0.006553 0.004657
3 30 -0.074102 0.040209 -0.009336
4 30 -0.111947 0.072240 -0.033077
5 30 -0.078769 0.055314 -0.046024
6 30 0.055226 -0.015750 0.000476
7 30 0.147548 -0.063799 0.067690
8 30 0.078791 -0.038666 0.066148
9 30 -0.098757 0.023611 -0.027135
10 30 -0.119014 0.033801 -0.087952
11 30 0.039379 -0.009707 -0.008015
12 30 0.105104 -0.024617 0.071821
13 30 0.004839 0.002489 0.035425
14 30 -0.102452 0.020345 -0.054437
15 30 -0.027952 0.001505 -0.053057
16 30 0.105080 -0.019073 0.050362
17 30 0.032293 -0.004566 0.057829
18 30 -0.095668 0.014588 -0.045356
19 30 -0.031308 0.004340 -0.051456
20 30 0.074167 -0.010579 0.035035
21 30 0.031304 -0.004542 0.043309
22 30 -0.050173 0.006399 -0.020161
23 30 -0.034663 0.004371 -0.035577
24 30 0.024173 -0.003163 0.004410
25 30 0.033483 -0.004280 0.026571
26 30 -0.000589 0.000004 0.009146
27 30 -0.024946 0.002968 -0.013692
28 30 -0.020300 0.002325 -0.016957
29 30 -0.002965 0.000187 -0.006011
30 30 0.009073 -0.001240 0.004572
31 30 0.011545 -0.001484 0.008384
32 30 0.008642 -0.001087 0.007123
33 30 0.004893 -0.000608 0.004366
34 30 0.002271 -0.000280 0.002152
35 30 0.000898 -0.000110 0.000894
36 30 0.000310 -0.000038 0.000322
37 30 0.000095 -0.000012 0.000102
38 30 0.000026 -0.000003 0.000029
39 30 0.000006 -0.000001 0.000007
40 30 0.000001 -0.000000 0.000002
41 30 0.000000 -0.000000 0.000000
42 30 0.000000 -0.000000 0.000000
43 30 0.000000 -0.000000 0.000000
44 30 0.000000 -0.000000 0.000000
45 30 0.000000 -0.000000 0.000000
46 30 0.000000 -0.000000 0.000000
47 30 0.000000 -0.000000 0.000000
48 30 0.000000 -0.000000 0.000000
49 30 0.000000 0.000000 0.000000

0 31 0.000000 0.000000 0.000000
1 31 -0.021767 0.013400 -0.004287
2 31 -0.043264 0.030923 -0.008442
3 31 -0.059977 0.047699 -0.017418
4 31 -0.045150 0.044949 -0.022757
5 31 0.018642 0.002666 -0.010376
6 31 0.110187 -0.054613 0.030956
7 31 0.120186 -0.067697 0.062309
8 31 0.003881 -0.014654 0.026855
9 31 -0.128220 0.045835 -0.052115
10 31 -0.093812 0.036888 -0.074953
11 31 0.067933 -0.014565 0.011758
12 31 0.115275 -0.032483 0.076594
13 31 -0.002854 -0.004631 0.027626
14 31 -0.113220 0.022893 -0.060503
15 31 -0.032102 0.007584 -0.052647
16 31 0.108308 -0.020088 0.051428
17 31 0.039056 -0.007864 0.060162
18 31 -0.096147 0.016118 -0.043746
19 31 -0.038077 0.006559 -0.054770
20 31 0.073901 -0.012062 0.032561
21 31 0.037250 -0.006443 0.046263
22 31 -0.048817 0.007180 -0.017489
23 31 -0.038925 0.005893 -0.037393
24 31 0.021703 -0.003237 0.001773
25 31 0.035413 -0.005341 0.026813
26 31 0.002124 -0.000465 0.011085
27 31 -0.024433 0.003391 -0.012676
28 31 -0.021545 0.002942 -0.017437
29 31 -0.004275 0.000444 -0.006981
30 31 0.008539 -0.001365 0.003973
31 31 0.011645 -0.001758 0.008283
32 31 0.008955 -0.001328 0.007274
33 31 0.005159 -0.000758 0.004546
34 31 0.002427 -0.000354 0.002272
35 31 0.000971 -0.000141 0.000955
36 31 0.000338 -0.000049 0.000348
37 31 0.000104 -0.000015 0.000111
38 31 0.000029 -0.000004 0.000032
39 31 0.000007 -0.000001 0.000008
40 31 0.000002 -0.000000 0.000002
41 31 0.000000 -0.000000 0.000000
42 31 0.000000 -0.000000 0.000000
43 31 0.000000 -0.000000 0.000000
44 31 0.000000 -0.000000 0.000000
45 31 0.000000 -0.000000 0.000000
46 31 0.000000 -0.000000 0.000000
47 31 0.000000 -0.000000 0.000000
48 31 0.000000 -0.000000 0.000000
49 31 0.000000 0.000000 0.000000

0 32 0.000000 0.000000 0.000000
1 32 -0.009671 0.011303 -0.011237
2 32 -0.011352 0.018582 -0.011422
3 32 -0.002652 0.016289 -0.011782
4 32 0.034277 -0.006113 -0.003321
5 32 0.078339 -0.043186 0.013938
6 32 0.108615 -0.067689 0.037149
7 32 0.050551 -0.043108 0.035730
8 32 -0.064007 0.020622 -0.013614
9 32 -0.125406 0.055723 -0.060795
10 32 -0.045478 0.024028 -0.050140
11 32 0.104599 -0.033470 0.036908
12 32 0.098648 -0.040584 0.074240
13 32 -0.043751 0.006536 0.004132
14 32 -0.116475 0.035689 -0.067582
15 32 -0.009589 0.006172 -0.039354
16 32 0.115539 -0.028159 0.057677
17 32 0.032882 -0.009967 0.055820
18 32 -0.100884 0.020078 -0.046750
19 32 -0.039134 0.008771 -0.055076
20 32 0.076076 -0.014122 0.033058
21 32 0.040274 -0.008323 0.047794
22 32 -0.049070 0.008120 -0.016718
23 32 -0.041687 0.007397 -0.038649
24 32 0.020556 -0.003370 0.000415
25 32 0.036859 -0.006397 0.027098
26 32 0.003807 -0.000907 0.012253
27 32 -0.024213 0.003820 -0.012092
28 32 -0.022398 0.003546 -0.017741
29 32 -0.005120 0.000691 -0.007580
30 32 0.008210 -0.001488 0.003590
31 32 0.011721 -0.002027 0.008200
32 32 0.009163 -0.001564 0.007349
33 32 0.005334 -0.000905 0.004646
34 32 0.002528 -0.000427 0.002341
35 32 0.001018 -0.000172 0.000991
36 32 0.000357 -0.000060 0.000363
37 32 0.000111 -0.000019 0.000117
38 32 0.000031 -0.000005 0.000034
39 32 0.000008 -0.000001 0.000009
40 32 0.000002 -0.000000 0.000002
41 32 0.000000 -0.000000 0.000000
42 32 0.000000 -0.000000 0.000000
43 32 0.000000 -0.000000 0.000000
44 32 0.000000 -0.000000 0.000000
45 32 0.000000 -0.000000 0.000000
46 32 0.000000 -0.000000 0.000000
47 32 0.000000 -0.000000 0.000000
48 32 0.000000 -0.000000 0.000000
49 32 0.000000 0.000000 0.000000

0 33 0.000000 0.000000 0.000000
1 33 0.008873 -0.002044 -0.007259
2 33 0.022789 -0.008615 -0.004514
3 33 0.040508 -0.021536 -0.000602
4 33 0.064944 -0.042316 0.010074
5 33 0.069481 -0.055495 0.018304
6 33 0.046739 -0.046354 0.021953
7 33 -0.035925 0.000513 0.000475
8 33 -0.104503 0.048485 -0.038675
9 33 -0.097970 0.051676 -0.051706
10 33 0.012050 0.002727 -0.017177
11 33 0.121044 -0.047318 0.056937
12 33 0.057298 -0.028796 0.056907
13 33 -0.069776 0.023598 -0.019781
14 33 -0.093742 0.033495 -0.062935
15 33 0.013760 -0.004979 -0.022258
16 33 0.109881 -0.031877 0.059550
17 33 0.019097 -0.006286 0.046760
18 33 -0.103355 0.024261 -0.050543
19 33 -0.034057 0.008928 -0.052093
20 33 0.079619 -0.016877 0.035821
21 33 0.039871 -0.009624 0.047702
22 33 -0.051174 0.009483 -0.017956
23 33 -0.042893 0.008767 -0.039410
24 33 0.021006 -0.003722 0.000456
25 33 0.037962 -0.007453 0.027568
26 33 0.004372 -0.001237 0.012647
27 33 -0.024424 0.004302 -0.012027
28 33 -0.022905 0.004124 -0.017925
29 33 -0.005467 0.000894 -0.007805
30 33 0.008129 -0.001634 0.003452
31 33 0.011796 -0.002292 0.008156
32 33 0.009269 -0.001787 0.007356
33 33 0.005411 -0.001040 0.004664
34 33 0.002570 -0.000493 0.002355
35 33 0.001036 -0.000199 0.000998
36 33 0.000364 -0.000070 0.000366
37 33 0.000113 -0.000022 0.000118
38 33 0.000031 -0.000006 0.000034
39 33 0.000008 -0.000002 0.000009
40 33 0.000002 -0.000000 0.000002
41 33 0.000000 -0.000000 0.000000
42 33 0.000000 -0.000000 0.000000
43 33 0.000000 -0.000000 0.000000
44 33 0.000000 -0.000000 0.000000
45 33 0.000000 -0.000000 0.000000
46 33 0.000000 -0.000000 0.000000
47 33 0.000000 -0.000000 0.000000
48 33 0.000000 -0.000000 0.000000
49 33 0.000000 0.000000 0.000000

0 34 0.000000 0.000000 0.000000
1 34 0.012437 -0.010050 0.001016
2 34 0.024152 -0.020543 0.003195
3 34 0.031156 -0.030466 0.005777
4 34 0.029221 -0.034896 0.009617
5 34 0.005337 -0.024761 0.007262
6 34 -0.036782 0.003773 -0.002032
7 34 -0.090648 0.044338 -0.023557
8 34 -0.095733 0.059423 -0.040044
9 34 -0.033452 0.032028 -0.025617
10 34 0.075378 -0.025655 0.018502
11 34 0.117671 -0.053252 0.062736
12 34 0.017245 -0.014969 0.031374
13 34 -0.084774 0.028499 -0.037835
14 34 -0.080022 0.027490 -0.057133
15 34 0.028964 -0.008672 -0.007596
16 34 0.107352 -0.031151 0.062805
17 34 0.005896 -0.003419 0.037184
18 34 -0.106360 0.026742 -0.056213
19 34 -0.025518 0.007982 -0.047192
20 34 0.084398 -0.019698 0.040766
21 34 0.036262 -0.010160 0.046113
22 34 -0.055109 0.011304 -0.021211
23 34 -0.042422 0.009870 -0.039632
24 34 0.023196 -0.004433 0.001979
25 34 0.038720 -0.008500 0.028243
26 34 0.003729 -0.001367 0.012232
27 34 -0.025127 0.004885 -0.012519
28 34 -0.023065 0.004658 -0.018002
29 34 -0.005290 0.001014 -0.007649
30 34 0.008318 -0.001822 0.003569
31 34 0.011877 -0.002558 0.008158
32 34 0.009271 -0.001992 0.007295
33 34 0.005387 -0.001157 0.004601
34 34 0.002549 -0.000548 0.002314
35 34 0.001025 -0.000220 0.000978
36 34 0.000359 -0.000077 0.000357
37 34 0.000111 -0.000024 0.000115
38 34 0.000031 -0.000007 0.000033
39 34 0.000008 -0.000002 0.000009
40 34 0.000002 -0.000000 0.000002
41 34 0.000000 -0.000000 0.000000
42 34 0.000000 -0.000000 0.000000
43 34 0.000000 -0.000000 0.000000
44 34 0.000000 -0.000000 0.000000
45 34 0.000000 -0.000000 0.000000
46 34 0.000000 -0.000000 0.000000
47 34 0.000000 -0.000000 0.000000
48 34 0.000000 -0.000000 0.000000
49 34 0.000000 0.000000 0.000000

0 35 0.000000 0.000000 0.000000
1 35 0.001489 -0.005489 0.004019
2 35 0.001099 -0.008905 0.004267
3 35 -0.007676 -0.007644 0.003115
4 35 -0.021972 0.001637 0.000724
5 35 -0.048226 0.019850 -0.006175
6 35 -0.068893 0.042571 -0.016329
7 35 -0.071658 0.053673 -0.023886
8 35 -0.028450 0.035133 -0.020487
9 35 0.051250 -0.011483 0.008542
10 35 0.108486 -0.054880 0.040133
11 35 0.079423 -0.048478 0.047875
12 35 -0.038083 0.003136 -0.000155
13 35 -0.109508 0.040448 -0.054743
14 35 -0.058630 0.028958 -0.046594
15 35 0.064434 -0.016342 0.015907
16 35 0.107335 -0.036728 0.067514
17 35 -0.019676 0.000380 0.020367
18 35 -0.112216 0.031526 -0.064907
19 35 -0.010122 0.006181 -0.038016
20 35 0.091107 -0.023404 0.048367
21 35 0.028537 -0.009903 0.042239
22 35 -0.060936 0.013780 -0.026620
23 35 -0.039855 0.010593 -0.038982
24 35 0.027204 -0.005644 0.005092
25 35 0.038957 -0.009509 0.029003
26 35 0.001772 -0.001199 0.010920
27 35 -0.026297 0.005606 -0.013553
28 35 -0.022824 0.005122 -0.017930
29 35 -0.004566 0.001014 -0.007097
30 35 0.008773 -0.002073 0.003934
31 35 0.011954 -0.002822 0.008196
32 35 0.009163 -0.002170 0.007164
33 35 0.005262 -0.001250 0.004458
34 35 0.002467 -0.000587 0.002220
35 35 0.000984 -0.000235 0.000930
36 35 0.000342 -0.000082 0.000337
37 35 0.000105 -0.000025 0.000108
38 35 0.000029 -0.000007 0.000031
39 35 0.000007 -0.000002 0.000008
40 35 0.000002 -0.000000 0.000002
41 35 0.000000 -0.000000 0.000000
42 35 0.000000 -0.000000 0.000000
43 35 0.000000 -0.000000 0.000000
44 35 0.000000 -0.000000 0.000000
45 35 0.000000 -0.000000 0.000000
46 35 0.000000 -0.000000 0.000000
47 35 0.000000 -0.000000 0.000000
48 35 0.000000 -0.000000 0.000000
49 35 0.000000 0.000000 0.000000

0 36 0.000000 0.000000 0.000000
1 36 -0.008043 0.003189 0.000532
2 36 -0.015575 0.007521 0.000014
3 36 -0.028675 0.015726 -0.003335
4 36 -0.035811 0.025015 -0.005706
5 36 -0.046218 0.035295 -0.011204
6 36 -0.032698 0.035988 -0.012889
7 36 -0.006855 0.020716 -0.008061
8 36 0.046196 -0.012655 0.004243
9 36 0.090483 -0.049861 0.029808
10 36 0.076291 -0.055371 0.034197
11 36 0.007115 -0.019225 0.017541
12 36 -0.094694 0.034592 -0.030471
13 36 -0.102226 0.052334 -0.058200
14 36 0.002672 0.013224 -0.017660
15 36 0.101336 -0.037623 0.042141
16 36 0.080007 -0.037310 0.058621
17 36 -0.058232 0.013779 -0.005320
18 36 -0.108305 0.036712 -0.069333
19 36 0.015530 0.000099 -0.021821
20 36 0.096080 -0.028131 0.056351
21 36 0.014803 -0.007847 0.034469
22 36 -0.067725 0.017108 -0.033681
23 36 -0.034292 0.010607 -0.036698
24 36 0.032886 -0.007507 0.009795
25 36 0.038254 -0.010382 0.029527
26 36 -0.001597 -0.000621 0.008597
27 36 -0.027801 0.006480 -0.015041
28 36 -0.022072 0.005472 -0.017616
29 36 -0.003282 0.000857 -0.006133
30 36 0.009458 -0.002396 0.004519
31 36 0.011998 -0.003081 0.008244
32 36 0.008936 -0.002313 0.006954
33 36 0.005036 -0.001311 0.004236
34 36 0.002327 -0.000608 0.002076
35 36 0.000917 -0.000241 0.000859
36 36 0.000316 -0.000083 0.000308
37 36 0.000096 -0.000025 0.000098
38 36 0.000026 -0.000007 0.000028
39 36 0.000007 -0.000002 0.000007
40 36 0.000001 -0.000000 0.000002
41 36 0.000000 -0.000000 0.000000
42 36 0.000000 -0.000000 0.000000
43 36 0.000000 -0.000000 0.000000
44 36 0.000000 -0.000000 0.000000
45 36 0.000000 -0.000000 0.000000
46 36 0.000000 -0.000000 0.000000
47 36 0.000000 -0.000000 0.000000
48 36 0.000000 -0.000000 0.000000
49 36 0.000000 0.000000 0.000000

0 37 0.000000 0.000000 0.000000
1 37 -0.007162 0.006125 -0.003984
2 37 -0.012337 0.011547 -0.003902
3 37 -0.017287 0.017343 -0.006512
4 37 -0.012268 0.018183 -0.005119
5 37 -0.006350 0.016081 -0.007020
6 37 0.021940 0.000684 -0.000196
7 37 0.042342 -0.019165 0.006619
8 37 0.072617 -0.043228 0.017696
9 37 0.060920 -0.048977 0.026700
10 37 0.008596 -0.021918 0.009975
11 37 -0.055236 0.020411 -0.010952
12 37 -0.106414 0.054973 -0.044672
13 37 -0.042172 0.035827 -0.037548
14 37 0.065862 -0.020960 0.018148
15 37 0.096534 -0.048617 0.050065
16 37 0.029146 -0.020173 0.034443
17 37 -0.085887 0.030094 -0.027940
18 37 -0.086853 0.034525 -0.063749
19 37 0.045054 -0.010566 -0.001497
20 37 0.093832 -0.031361 0.061036
21 37 -0.004743 -0.003006 0.022369
22 37 -0.073238 0.020797 -0.040978
23 37 -0.024908 0.009379 -0.031966
24 37 0.039627 -0.010050 0.015788
25 37 0.035991 -0.010913 0.029317
26 37 -0.006390 0.000480 0.005174
27 37 -0.029376 0.007480 -0.016799
28 37 -0.020656 0.005642 -0.016924
29 37 -0.001452 0.000506 -0.004755
30 37 0.010307 -0.002795 0.005272
31 37 0.011966 -0.003323 0.008265
32 37 0.008579 -0.002411 0.006654
33 37 0.004715 -0.001335 0.003941
34 37 0.002137 -0.000609 0.001892
35 37 0.000829 -0.000237 0.000769
36 37 0.000281 -0.000081 0.000272
37 37 0.000085 -0.000024 0.000085
38 37 0.000023 -0.000007 0.000024
39 37 0.000006 -0.000002 0.000006
40 37 0.000001 -0.000000 0.000001
41 37 0.000000 -0.000000 0.000000
42 37 0.000000 -0.000000 0.000000
43 37 0.000000 -0.000000 0.000000
44 37 0.000000 -0.000000 0.000000
45 37 0.000000 -0.000000 0.000000
46 37 0.000000 -0.000000 0.000000
47 37 0.000000 -0.000000 0.000000
48 37 0.000000 -0.000000 0.000000
49 37 0.000000 0.000000 0.000000

0 38 0.000000 0.000000 0.000000
1 38 0.000872 0.002276 -0.004827
2 38 0.002752 0.003371 -0.003962
3 38 0.008508 0.002184 -0.004334
4 38 0.018411 -0.003532 -0.000407
5 38 0.030023 -0.012013 0.000278
6 38 0.047895 -0.026812 0.008944
7 38 0.047517 -0.034631 0.010358
8 38 0.045898 -0.038144 0.015154
9 38 0.000020 -0.016670 0.007565
10 38 -0.044505 0.016344 -0.012574
11 38 -0.076757 0.043027 -0.024868
12 38 -0.068246 0.045815 -0.037225
13 38 0.027879 -0.000223 -0.004358
14 38 0.086258 -0.042370 0.038688
15 38 0.060616 -0.036585 0.038146
16 38 -0.013182 0.001631 0.009704
17 38 -0.094275 0.037568 -0.040870
18 38 -0.056367 0.025294 -0.051282
19 38 0.071379 -0.021623 0.019039
20 38 0.082898 -0.031202 0.060860
21 38 -0.028049 0.004245 0.006636
22 38 -0.075174 0.023908 -0.046942
23 38 -0.011408 0.006500 -0.024224
24 38 0.046360 -0.013080 0.022462
25 38 0.031486 -0.010809 0.027772
26 38 -0.012447 0.002180 0.000661
27 38 -0.030626 0.008520 -0.018542
28 38 -0.018412 0.005548 -0.015696
29 38 0.000868 -0.000062 -0.002985
30 38 0.011217 -0.003255 0.006113
31 38 0.011802 -0.003530 0.008208
32 38 0.008084 -0.002454 0.006255
33 38 0.004308 -0.001321 0.003580
34 38 0.001907 -0.000589 0.001675
35 38 0.000725 -0.000225 0.000667
36 38 0.000242 -0.000075 0.000232
37 38 0.000072 -0.000022 0.000071
38 38 0.000019 -0.000006 0.000020
39 38 0.000005 -0.000001 0.000005
40 38 0.000001 -0.000000 0.000001
41 38 0.000000 -0.000000 0.000000
42 38 0.000000 -0.000000 0.000000
43 38 0.000000 -0.000000 0.000000
44 38 0.000000 -0.000000 0.000000
45 38 0.000000 -0.000000 0.000000
46 38 0.000000 -0.000000 0.000000
47 38 0.000000 -0.000000 0.000000
48 38 0.000000 -0.000000 0.000000
49 38 0.000000 0.000000 0.000000

0 39 0.000000 0.000000 0.000000
1 39 0.007165 -0.003240 -0.001762
2 39 0.013302 -0.006731 -0.000847
3 39 0.022635 -0.012418 0.000202
4 39 0.027895 -0.018096 0.003291
5 39 0.033536 -0.024249 0.004108
6 39 0.030538 -0.027222 0.008343
7 39 0.014080 -0.020701 0.003912
8 39 -0.007272 -0.007791 0.002569
9 39 -0.049862 0.020481 -0.011531
10 39 -0.061756 0.038389 -0.021577
11 39 -0.057102 0.042064 -0.022093
12 39 -0.006104 0.017816 -0.014679
13 39 0.073477 -0.029385 0.023619
14 39 0.073977 -0.041851 0.039478
15 39 0.024972 -0.018348 0.019772
16 39 -0.043881 0.016052 -0.009937
17 39 -0.094690 0.039472 -0.048070
18 39 -0.019757 0.014069 -0.033461
19 39 0.094473 -0.031905 0.039464
20 39 0.062257 -0.027765 0.054415
21 39 -0.053621 0.013389 -0.012328
22 39 -0.071176 0.025636 -0.049764
23 39 0.006136 0.001711 -0.013053
24 39 0.051584 -0.016227 0.028847
25 39 0.024085 -0.009725 0.024245
26 39 -0.019354 0.004481 -0.004758
27 39 -0.031030 0.009446 -0.019872
28 39 -0.015209 0.005093 -0.013786
29 39 0.003554 -0.000851 -0.000897
30 39 0.012055 -0.003744 0.006936
31 39 0.011450 -0.003677 0.008025
32 39 0.007450 -0.002433 0.005755
33 39 0.003833 -0.001265 0.003167
34 39 0.001651 -0.000549 0.001439
35 39 0.000614 -0.000205 0.000560
36 39 0.000201 -0.000068 0.000191
37 39 0.000059 -0.000020 0.000058
38 39 0.000015 -0.000005 0.000016
39 39 0.000004 -0.000001 0.000004
40 39 0.000001 -0.000000 0.000001
41 39 0.000000 -0.000000 0.000000
42 39 0.000000 -0.000000 0.000000
43 39 0.000000 -0.000000 0.000000
44 39 0.000000 -0.000000 0.000000
45 39 0.000000 -0.000000 0.000000
46 39 0.000000 -0.000000 0.000000
47 39 0.000000 -0.000000 0.000000
48 39 0.000000 -0.000000 0.000000
49 39 0.000000 0.000000 0.000000

0 40 0.000000 0.000000 0.000000
1 40 0.005051 -0.004622 0.001427
2 40 0.007925 -0.008335 0.001638
3 40 0.011368 -0.012321 0.002321
4 40 0.007383 -0.012594 0.002512
5 40 0.003075 -0.011353 0.001738
6 40 -0.012728 -0.002817 0.000406
7 40 -0.029440 0.010143 -0.005756
8 40 -0.046893 0.026032 -0.009049
9 40 -0.058454 0.041294 -0.018276
10 40 -0.035824 0.036994 -0.014898
11 40 -0.003435 0.020321 -0.006350
12 40 0.056004 -0.015669 0.011112
13 40 0.087771 -0.043905 0.035938
14 40 0.044733 -0.030715 0.026189
15 40 -0.013661 -0.000770 -0.000372
16 40 -0.074677 0.030922 -0.027859
17 40 -0.079725 0.040121 -0.047107
18 40 0.031353 -0.002344 -0.005982
19 40 0.108836 -0.042299 0.056573
20 40 0.026936 -0.019214 0.037773
21 40 -0.078049 0.024426 -0.032792
22 40 -0.057630 0.024692 -0.046519
23 40 0.026763 -0.005228 0.001404
24 40 0.053115 -0.018833 0.033363
25 40 0.013383 -0.007273 0.018185
26 40 -0.026305 0.007258 -0.010602
27 40 -0.029991 0.010024 -0.020302
28 40 -0.011018 0.004189 -0.011115
29 40 0.006401 -0.001830 0.001370
30 40 0.012668 -0.004212 0.007618
31 40 0.010867 -0.003738 0.007672
32 40 0.006689 -0.002342 0.005159
33 40 0.003310 -0.001172 0.002721
34 40 0.001383 -0.000494 0.001197
35 40 0.000502 -0.000180 0.000454
36 40 0.000161 -0.000058 0.000151
37 40 0.000046 -0.000017 0.000045
38 40 0.000012 -0.000004 0.000012
39 40 0.000003 -0.000001 0.000003
40 40 0.000001 -0.000000 0.000001
41 40 0.000000 -0.000000 0.000000
42 40 0.000000 -0.000000 0.000000
43 40 0.000000 -0.000000 0.000000
44 40 0.000000 -0.000000 0.000000
45 40 0.000000 -0.000000 0.000000
46 40 0.000000 -0.000000 0.000000
47 40 0.000000 -0.000000 0.000000
48 40 0.000000 -0.000000 0.000000
49 40 0.000000 0.000000 0.000000

0 41 0.000000 0.000000 0.000000
1 41 -0.002749 -0.000747 0.001164
2 41 -0.007059 -0.000311 0.000627
3 41 -0.011771 0.001099 0.000223
4 41 -0.020881 0.006140 -0.001731
5 41 -0.028281 0.012221 -0.003482
6 41 -0.039840 0.022581 -0.006793
7 41 -0.041884 0.030168 -0.010000
8 41 -0.038801 0.035109 -0.010499
9 41 -0.018131 0.029312 -0.010167
10 41 0.019830 0.008836 0.001052
11 41 0.053428 -0.015431 0.011438
12 41 0.082775 -0.041139 0.024932
13 41 0.058908 -0.039076 0.027522
14 41 -0.006262 -0.007212 0.002932
15 41 -0.058145 0.025010 -0.020916
16 41 -0.084226 0.046552 -0.037197
17 41 -0.027354 0.028418 -0.027964
18 41 0.088387 -0.027706 0.027927
19 41 0.096435 -0.046364 0.059734
20 41 -0.023078 -0.001684 0.009474
21 41 -0.091411 0.035141 -0.048620
22 41 -0.031324 0.018765 -0.034227
23 41 0.047014 -0.013916 0.017207
24 41 0.048299 -0.019725 0.033901
25 41 -0.000232 -0.003162 0.009568
26 41 -0.032021 0.010164 -0.015990
27 41 -0.026973 0.009958 -0.019360
28 41 -0.006001 0.002794 -0.007746
29 41 0.009115 -0.002924 0.003605
30 41 0.012907 -0.004594 0.008034
31 41 0.010032 -0.003689 0.007127
32 41 0.005830 -0.002182 0.004488
33 41 0.002768 -0.001048 0.002263
34 41 0.001120 -0.000427 0.000962
35 41 0.000395 -0.000152 0.000354
36 41 0.000124 -0.000048 0.000115
37 41 0.000035 -0.000013 0.000033
38 41 0.000009 -0.000003 0.000009
39 41 0.000002 -0.000001 0.000002
40 41 0.000000 -0.000000 0.000000
41 41 0.000000 -0.000000 0.000000
42 41 0.000000 -0.000000 0.000000
43 41 0.000000 -0.000000 0.000000
44 41 0.000000 -0.000000 0.000000
45 41 0.000000 -0.000000 0.000000
46 41 0.000000 -0.000000 0.000000
47 41 0.000000 -0.000000 0.000000
48 41 0.000000 -0.000000 0.000000
49 41 0.000000 0.000000 0.000000

0 42 0.000000 0.000000 0.000000
1 42 -0.006470 0.003239 -0.001525
2 42 -0.012964 0.006883 -0.002155
3 42 -0.018834 0.010852 -0.002804
4 42 -0.024065 0.015451 -0.004509
5 42 -0.025254 0.018683 -0.005234
6 42 -0.023483 0.020790 -0.006588
7 42 -0.011084 0.016525 -0.005327
8 42 0.005648 0.007747 -0.002338
9 42 0.032557 -0.009843 0.003289
10 42 0.054582 -0.028907 0.012523
11 42 0.060101 -0.040485 0.016297
12 42 0.043903 -0.038286 0.016864
13 42 -0.010781 -0.008667 0.002676
14 42 -0.061785 0.028167 -0.020868
15 42 -0.075074 0.048576 -0.030948
16 42 -0.042194 0.042473 -0.025878
17 42 0.050886 -0.003433 0.006567
18 42 0.115980 -0.049565 0.050912
19 42 0.046884 -0.032283 0.040841
20 42 -0.071058 0.023348 -0.022254
21 42 -0.080746 0.039462 -0.051069
22 42 0.005573 0.006429 -0.013212
23 42 0.060615 -0.022234 0.030203
24 42 0.035490 -0.017430 0.028841
25 42 -0.014962 0.002446 -0.000602
26 42 -0.034934 0.012567 -0.019754
27 42 -0.021751 0.008970 -0.016772
28 42 -0.000561 0.000962 -0.003932
29 42 0.011360 -0.004006 0.005550
30 42 0.012659 -0.004819 0.008089
31 42 0.008962 -0.003514 0.006396
32 42 0.004914 -0.001960 0.003773
33 42 0.002236 -0.000901 0.001817
34 42 0.000874 -0.000355 0.000745
35 42 0.000300 -0.000123 0.000267
36 42 0.000092 -0.000038 0.000085
37 42 0.000025 -0.000010 0.000024
38 42 0.000006 -0.000003 0.000006
39 42 0.000001 -0.000001 0.000001
40 42 0.000000 -0.000000 0.000000
41 42 0.000000 -0.000000 0.000000
42 42 0.000000 -0.000000 0.000000
43 42 0.000000 -0.000000 0.000000
44 42 0.000000 -0.000000 0.000000
45 42 0.000000 -0.000000 0.000000
46 42 0.000000 -0.000000 0.000000
47 42 0.000000 -0.000000 0.000000
48 42 0.000000 -0.000000 0.000000
49 42 0.000000 0.000000 0.000000

0 43 0.000000 0.000000 0.000000
1 43 -0.001649 0.002642 -0.002873
2 43 -0.002446 0.004758 -0.002972
3 43 -0.001981 0.005956 -0.002828
4 43 0.001042 0.005259 -0.002766
5 43 0.007038 0.001868 -0.001605
6 43 0.015912 -0.004742 -0.000332
7 43 0.027954 -0.015512 0.002964
8 43 0.037115 -0.027193 0.005997
9 43 0.042719 -0.038761 0.009475
10 43 0.032034 -0.040953 0.010310
11 43 0.006081 -0.030649 0.004890
12 43 -0.033081 -0.005945 -0.004600
13 43 -0.074131 0.028467 -0.020800
14 43 -0.078699 0.047848 -0.030049
15 43 -0.040472 0.041082 -0.021524
16 43 0.029823 0.007848 0.000781
17 43 0.100143 -0.038181 0.033979
18 43 0.085625 -0.046640 0.046352
19 43 -0.021227 0.001443 0.006578
20 43 -0.090256 0.044970 -0.042192
21 43 -0.041869 0.031752 -0.035913
22 43 0.043192 -0.009700 0.010977
23 43 0.061606 -0.026417 0.035911
24 43 0.016126 -0.011075 0.018524
25 43 -0.027592 0.008638 -0.010224
26 43 -0.033721 0.013702 -0.020823
27 43 -0.014630 0.006947 -0.012654
28 43 0.004688 -0.001120 -0.000103
29 43 0.012827 -0.004917 0.006962
30 43 0.011891 -0.004832 0.007745
31 43 0.007713 -0.003218 0.005522
32 43 0.003993 -0.001692 0.003057
33 43 0.001740 -0.000745 0.001406
34 43 0.000657 -0.000283 0.000556
35 43 0.000219 -0.000095 0.000193
36 43 0.000065 -0.000028 0.000060
37 43 0.000018 -0.000008 0.000017
38 43 0.000004 -0.000002 0.000004
39 43 0.000001 -0.000000 0.000001
40 43 0.000000 -0.000000 0.000000
41 43 0.000000 -0.000000 0.000000
42 43 0.000000 -0.000000 0.000000
43 43 0.000000 -0.000000 0.000000
44 43 0.000000 -0.000000 0.000000
45 43 0.000000 -0.000000 0.000000
46 43 0.000000 -0.000000 0.000000
47 43 0.000000 -0.000000 0.000000
48 43 0.000000 -0.000000 0.000000
49 43 0.000000 0.000000 0.000000

0 44 0.000000 0.000000 0.000000
1 44 0.004674 -0.000729 -0.001814
2 44 0.009924 -0.002098 -0.001444
3 44 0.015642 -0.004387 -0.000632
4 44 0.022384 -0.008329 0.000571
5 44 0.028703 -0.013515 0.002382
6 44 0.033833 -0.019804 0.004182
7 44 0.034797 -0.025486 0.006238
8 44 0.028178 -0.027883 0.006561
9 44 0.012653 -0.024865 0.005337
10 44 -0.014793 -0.012486 0.000068
11 44 -0.045070 0.005991 -0.008397
12 44 -0.070035 0.026512 -0.017289
13 44 -0.072629 0.037636 -0.023713
14 44 -0.038148 0.026270 -0.017769
15 44 0.017010 -0.002673 -0.000226
16 44 0.067956 -0.036358 0.020406
17 44 0.075279 -0.049476 0.033033
18 44 0.008244 -0.016060 0.015839
19 44 -0.072574 0.037132 -0.025244
20 44 -0.068436 0.049757 -0.041012
21 44 0.012041 0.013231 -0.009064
22 44 0.068337 -0.022651 0.029847
23 44 0.049024 -0.022994 0.032571
24 44 -0.004483 -0.001273 0.005899
25 44 -0.034390 0.013968 -0.016722
26 44 -0.027860 0.013034 -0.018663
27 44 -0.006428 0.004080 -0.007519
28 44 0.009102 -0.003150 0.003263
29 44 0.013338 -0.005506 0.007691
30 44 0.010658 -0.004609 0.007035
31 44 0.006375 -0.002821 0.004569
32 44 0.003121 -0.001401 0.002380
33 44 0.001303 -0.000590 0.001046
34 44 0.000475 -0.000217 0.000399
35 44 0.000154 -0.000070 0.000134
36 44 0.000045 -0.000021 0.000040
37 44 0.000012 -0.000005 0.000011
38 44 0.000003 -0.000001 0.000003
39 44 0.000001 -0.000000 0.000001
40 44 0.000000 -0.000000 0.000000
41 44 0.000000 -0.000000 0.000000
42 44 0.000000 -0.000000 0.000000
43 44 0.000000 -0.000000 0.000000
44 44 0.000000 -0.000000 0.000000
45 44 0.000000 -0.000000 0.000000
46 44 0.000000 -0.000000 0.000000
47 44 0.000000 -0.000000 0.000000
48 44 0.000000 -0.000000 0.000000
49 44 0.000000 0.000000 0.000000

0 45 0.000000 0.000000 0.000000
1 45 0.003567 -0.002649 -0.000099
2 45 0.007033 -0.005294 0.000151
3 45 0.009891 -0.007651 0.000582
4 45 0.011977 -0.009594 0.001165
5 45 0.011948 -0.010156 0.001680
6 45 0.009448 -0.008833 0.001833
7 45 0.002817 -0.004158 0.001370
8 45 -0.007564 0.004178 -0.000451
9 45 -0.020505 0.015795 -0.003174
10 45 -0.032800 0.028552 -0.007199
11 45 -0.036619 0.036318 -0.010108
12 45 -0.027880 0.034089 -0.010067
13 45 -0.001856 0.015861 -0.004966
14 45 0.033406 -0.015544 0.006739
15 45 0.055343 -0.044701 0.017899
16 45 0.046748 -0.055131 0.020647
17 45 -0.002908 -0.031962 0.008400
18 45 -0.070314 0.017291 -0.020007
19 45 -0.087414 0.048873 -0.040662
20 45 -0.024902 0.031814 -0.024781
21 45 0.053367 -0.008208 0.014863
22 45 0.070732 -0.025680 0.036060
23 45 0.027869 -0.011374 0.022128
24 45 -0.019168 0.009934 -0.004708
25 45 -0.032503 0.017252 -0.018058
26 45 -0.017716 0.010703 -0.013419
27 45 0.001921 0.000928 -0.002031
28 45 0.012289 -0.004760 0.005846
29 45 0.012940 -0.005664 0.007748
30 45 0.009117 -0.004165 0.006072
31 45 0.005056 -0.002361 0.003622
32 45 0.002345 -0.001109 0.001780
33 45 0.000939 -0.000448 0.000748
34 45 0.000331 -0.000159 0.000275
35 45 0.000104 -0.000050 0.000090
36 45 0.000029 -0.000014 0.000026
37 45 0.000008 -0.000004 0.000007
38 45 0.000002 -0.000001 0.000002
39 45 0.000000 -0.000000 0.000000
40 45 0.000000 -0.000000 0.000000
41 45 0.000000 -0.000000 0.000000
42 45 0.000000 -0.000000 0.000000
43 45 0.000000 -0.000000 0.000000
44 45 0.000000 -0.000000 0.000000
45 45 0.000000 -0.000000 0.000000
46 45 0.000000 -0.000000 0.000000
47 45 0.000000 -0.000000 0.000000
48 45 0.000000 -0.000000 0.000000
49 45 0.000000 0.000000 0.000000

0 46 0.000000 0.000000 0.000000
1 46 -0.002027 -0.001935 0.001123
2 46 -0.004575 -0.003446 0.000969
3 46 -0.008202 -0.004004 0.000568
4 46 -0.013143 -0.003142 -0.000114
5 46 -0.019678 -0.000164 -0.001293
6 46 -0.027015 0.005117 -0.002948
7 46 -0.034273 0.012907 -0.005094
8 46 -0.038541 0.021905 -0.007373
9 46 -0.036928 0.030199 -0.008880
10 46 -0.025609 0.034167 -0.008709
11 46 -0.002442 0.029801 -0.004978
12 46 0.029129 0.015537 0.002449
13 46 0.061299 -0.007413 0.012779
14 46 0.076988 -0.029833 0.022107
15 46 0.060577 -0.039224 0.022903
16 46 0.011278 -0.028161 0.011303
17 46 -0.053953 0.001555 -0.011385
18 46 -0.092668 0.028917 -0.033889
19 46 -0.065466 0.026252 -0.034576
20 46 0.006704 -0.003471 -0.007560
21 46 0.055462 -0.025947 0.021685
22 46 0.044814 -0.019143 0.025782
23 46 0.003042 0.004237 0.007321
24 46 -0.024154 0.019696 -0.010759
25 46 -0.021707 0.018282 -0.013978
26 46 -0.004267 0.007718 -0.005813
27 46 0.009978 -0.001629 0.003388
28 46 0.014450 -0.005566 0.007710
29 46 0.012010 -0.005325 0.007376
30 46 0.007534 -0.003536 0.005047
31 46 0.003877 -0.001874 0.002773
32 46 0.001702 -0.000838 0.001285
33 46 0.000653 -0.000325 0.000517
34 46 0.000222 -0.000111 0.000183
35 46 0.000068 -0.000034 0.000058
36 46 0.000019 -0.000009 0.000017
37 46 0.000005 -0.000002 0.000004
38 46 0.000001 -0.000001 0.000001
39 46 0.000000 -0.000000 0.000000
40 46 0.000000 -0.000000 0.000000
41 46 0.000000 -0.000000 0.000000
42 46 0.000000 -0.000000 0.000000
43 46 0.000000 -0.000000 0.000000
44 46 0.000000 -0.000000 0.000000
45 46 0.000000 -0.000000 0.000000
46 46 0.000000 -0.000000 0.000000
47 46 0.000000 -0.000000 0.000000
48 46 0.000000 -0.000000 0.000000
49 46 0.000000 0.000000 0.000000

0 47 0.000000 0.000000 0.000000
1 47 -0.002328 0.001102 0.000427
2 47 -0.004971 0.002322 0.000258
3 47 -0.008173 0.003739 -0.000123
4 47 -0.011999 0.005336 -0.000723
5 47 -0.016281 0.006970 -0.001621
6 47 -0.020312 0.008202 -0.002712
7 47 -0.023108 0.008478 -0.003918
8 47 -0.022849 0.006784 -0.004826
9 47 -0.018130 0.002524 -0.004942
10 47 -0.007617 -0.004749 -0.003700
11 47 0.007746 -0.013802 -0.000558
12 47 0.024183 -0.021555 0.003888
13 47 0.035658 -0.023691 0.008481
14 47 0.033961 -0.015201 0.010479
15 47 0.016410 0.003826 0.007159
16 47 -0.010735 0.026030 -0.001042
17 47 -0.033155 0.038478 -0.010786
18 47 -0.031569 0.027012 -0.014680
19 47 -0.003230 -0.006806 -0.006199
20 47 0.024082 -0.036969 0.008169
21 47 0.021540 -0.037734 0.012698
22 47 -0.005333 -0.012201 0.002378
23 47 -0.026876 0.014574 -0.011100
24 47 -0.025180 0.024031 -0.014777
25 47 -0.007256 0.017198 -0.007634
26 47 0.010219 0.005452 0.002446
27 47 0.017863 -0.002583 0.008574
28 47 0.016538 -0.005151 0.009383
29 47 0.011362 -0.004397 0.007110
30 47 0.006352 -0.002729 0.004274
31 47 0.003015 -0.001376 0.002152
32 47 0.001245 -0.000591 0.000935
33 47 0.000455 -0.000222 0.000357
34 47 0.000149 -0.000074 0.000122
35 47 0.000044 -0.000022 0.000037
36 47 0.000012 -0.000006 0.000010
37 47 0.000003 -0.000001 0.000003
38 47 0.000001 -0.000000 0.000001
39 47 0.000000 -0.000000 0.000000
40 47 0.000000 -0.000000 0.000000
41 47 0.000000 -0.000000 0.000000
42 47 0.000000 -0.000000 0.000000
43 47 0.000000 -0.000000 0.000000
44 47 0.000000 -0.000000 0.000000
45 47 0.000000 -0.000000 0.000000
46 47 0.000000 -0.000000 0.000000
47 47 0.000000 -0.000000 0.000000
48 47 0.000000 -0.000000 0.000000
49 47 0.000000 0.000000 0.000000

0 48 0.000000 0.000000 0.000000
1 48 -0.000057 0.003474 -0.002582
2 48 0.000343 0.006806 -0.002546
3 48 0.001688 0.009753 -0.002430
4 48 0.004394 0.011923 -0.002127
5 48 0.008843 0.012681 -0.001522
6 48 0.015081 0.011213 -0.000438
7 48 0.022675 0.006674 0.001181
8 48 0.030386 -0.001557 0.003352
9 48 0.035802 -0.013113 0.005670
10 48 0.035855 -0.026381 0.007466
11 48 0.026904 -0.037568 0.007556
12 48 0.007334 -0.041586 0.004618
13 48 -0.020760 -0.033541 -0.001859
14 48 -0.049472 -0.011627 -0.011096
15 48 -0.064615 0.018380 -0.019338
16 48 -0.053381 0.043711 -0.020943
17 48 -0.012911 0.049186 -0.011777
18 48 0.041298 0.026738 0.007451
19 48 0.074054 -0.011492 0.026364
20 48 0.056896 -0.037541 0.028756
21 48 0.001658 -0.034075 0.009740
22 48 -0.047618 -0.010483 -0.015839
23 48 -0.058266 0.010965 -0.028239
24 48 -0.034260 0.017609 -0.021760
25 48 -0.001470 0.012266 -0.005876
26 48 0.019505 0.003930 0.007287
27 48 0.024422 -0.001502 0.012478
28 48 0.019517 -0.003167 0.011313
29 48 0.012143 -0.002676 0.007655
30 48 0.006291 -0.001635 0.004234
31 48 0.002806 -0.000812 0.001996
32 48 0.001100 -0.000343 0.000821
33 48 0.000384 -0.000127 0.000299
34 48 0.000121 -0.000042 0.000098
35 48 0.000034 -0.000012 0.000029
36 48 0.000009 -0.000003 0.000008
37 48 0.000002 -0.000001 0.000002
38 48 0.000000 -0.000000 0.000000
39 48 0.000000 -0.000000 0.000000
40 48 0.000000 -0.000000 0.000000
41 48 0.000000 -0.000000 0.000000
42 48 0.000000 -0.000000 0.000000
43 48 0.000000 -0.000000 0.000000
44 48 0.000000 -0.000000 0.000000
45 48 0.000000 -0.000000 0.000000
46 48 0.000000 -0.000000 0.000000
47 48 0.000000 -0.000000 0.000000
48 48 0.000000 -0.000000 0.000000
49 48 0.000000 0.000000 0.000000

0 49 0.000000 0.000000 0.000000
1 49 0.000000 0.000000 0.000000
2 49 0.000000 0.000000 0.000000
3 49 0.000000 0.000000 0.000000
4 49 0.000000 0.000000 0.000000
5 49 0.000000 0.000000 0.000000
6 49 0.000000 0.000000 0.000000
7 49 0.000000 0.000000 0.000000
8 49 0.000000 0.000000 0.000000
9 49 0.000000 0.000000 0.000000
10 49 0.000000 0.000000 0.000000
11 49 0.000000 0.000000 0.000000
12 49 0.000000 0.000000 0.000000
13 49 0.000000 0.000000 0.000000
14 49 0.000000 0.000000 0.000000
15 49 0.000000 0.000000 0.000000
16 49 0.000000 0.000000 0.000000
17 49 0.000000 0.000000 0.000000
18 49 0.000000 0.000000 0.000000
19 49 0.000000 0.000000 0.000000
20 49 0.000000 0.000000 0.000000
21 49 0.000000 0.000000 0.000000
22 49 0.000000 0.000000 0.000000
23 49 0.000000 0.000000 0.000000
24 49 0.000000 0.000000 0.000000
25 49 0.000000 0.000000 0.000000
26 49 0.000000 0.000000 0.000000
27 49 0.000000 0.000000 0.000000
28 49 0.000000 0.000000 0.000000
29 49 0.000000 0.000000 0.000000
30 49 0.000000 0.000000 0.000000
31 49 0.000000 0.000000 0.000000
32 49 0.000000 0.000000 0.000000
33 49 0.000000 0.000000 0.000000
34 49 0.000000 0.000000 0.000000
35 49 0.000000 0.000000 0.000000
36 49 0.000000 0.000000 0.000000
37 49 0.000000 0.000000 0.000000
38 49 0.000000 0.000000 0.000000
39 49 0.000000 0.000000 0.000000
40 49 0.000000 0.000000 0.000000
41 49 0.000000 0.000000 0.000000
42 49 0.000000 0.000000 0.000000
43 49 0.000000 0.000000 0.000000
44 49 0.000000 0.000000 0.000000
45 49 0.000000 0.000000 0.000000
46 49 0.000000 0.000000 0.000000
47 49 0.000000 0.000000 0.000000
48 49 0.000000 0.000000 0.000000
49 49 0.000000 0.000000 0.000000

