#:x y Ey Bx Bz
0 0 0.000000 0.000000 0.000000
1 0 0.000000 0.000000 0.000000
2 0 0.000000 0.000000 0.000000
3 0 0.000000 0.000000 0.000000
4 0 0.000000 0.000000 0.000000
5 0 0.000000 0.000000 0.000000
6 0 0.000000 0.000000 0.000000
7 0 0.000000 0.000000 0.000000
8 0 0.000000 0.000000 0.000000
9 0 0.000000 0.000000 0.000000
10 0 0.000000 0.000000 0.000000
11 0 0.000000 0.000000 0.000000
12 0 0.000000 0.000000 0.000000
13 0 0.000000 0.000000 0.000000
14 0 0.000000 0.000000 0.000000
15 0 0.000000 0.000000 0.000000
16 0 0.000000 0.000000 0.000000
17 0 0.000000 0.000000 0.000000
18 0 0.000000 0.000000 0.000000
19 0 0.000000 0.000000 0.000000
20 0 0.000000 0.000000 0.000000
21 0 0.000000 0.000000 0.000000
22 0 0.000000 0.000000 0.000000
23 0 0.000000 0.000000 0.000000
24 0 0.000000 0.000000 0.000000
25 0 0.000000 0.000000 0.000000
26 0 0.000000 0.000000 0.000000
27 0 0.000000 0.000000 0.000000
28 0 0.000000 0.000000 0.000000
29 0 0.000000 0.000000 0.000000
30 0 0.000000 0.000000 0.000000
31 0 0.000000 0.000000 0.000000
32 0 0.000000 0.000000 0.000000
33 0 0.000000 0.000000 0.000000
34 0 0.000000 0.000000 0.000000
35 0 0.000000 0.000000 0.000000
36 0 0.000000 0.000000 0.000000
37 0 0.000000 0.000000 0.000000
38 0 0.000000 0.000000 0.000000
39 0 0.000000 0.000000 0.000000
40 0 0.000000 0.000000 0.000000
41 0 0.000000 0.000000 0.000000
42 0 0.000000 0.000000 0.000000
43 0 0.000000 0.000000 0.000000
44 0 0.000000 0.000000 0.000000
45 0 0.000000 0.000000 0.000000
46 0 0.000000 0.000000 0.000000
47 0 0.000000 0.000000 0.000000
48 0 0.000000 0.000000 0.000000
49 0 0.000000 0.000000 0.000000

0 1 0.000000 0.000000 0.000000
1 1 -0.001512 -0.000639 0.000639
2 1 -0.003097 -0.001153 0.000513
3 1 -0.004792 -0.001408 0.000256
4 1 -0.006551 -0.001269 -0.000139
5 1 -0.008217 -0.000610 -0.000660
6 1 -0.009503 0.000651 -0.001261
7 1 -0.010015 0.002496 -0.001845
8 1 -0.009344 0.004754 -0.002258
9 1 -0.007231 0.007070 -0.002316
10 1 -0.003787 0.008941 -0.001871
11 1 0.000370 0.009856 -0.000914
12 1 0.004183 0.009507 0.000349
13 1 0.006544 0.007995 0.001511
14 1 0.006932 0.005837 0.002159
15 1 0.005733 0.003691 0.002146
16 1 0.003881 0.002024 0.001667
17 1 0.002203 0.000966 0.001058
18 1 0.001066 0.000403 0.000563
19 1 0.000445 0.000148 0.000255
20 1 0.000162 0.000048 0.000100
21 1 0.000052 0.000014 0.000034
22 1 0.000015 0.000004 0.000010
23 1 0.000004 0.000001 0.000003
24 1 0.000001 0.000000 0.000001
25 1 0.000000 0.000000 0.000000
26 1 0.000000 0.000000 0.000000
27 1 0.000000 0.000000 0.000000
28 1 0.000000 0.000000 0.000000
29 1 0.000000 0.000000 0.000000
30 1 0.000000 0.000000 0.000000
31 1 0.000000 0.000000 0.000000
32 1 0.000000 0.000000 0.000000
33 1 0.000000 0.000000 0.000000
34 1 0.000000 0.000000 0.000000
35 1 0.000000 0.000000 0.000000
36 1 0.000000 0.000000 0.000000
37 1 0.000000 0.000000 0.000000
38 1 0.000000 0.000000 0.000000
39 1 0.000000 0.000000 0.000000
40 1 0.000000 0.000000 0.000000
41 1 0.000000 0.000000 0.000000
42 1 0.000000 0.000000 0.000000
43 1 0.000000 0.000000 0.000000
44 1 0.000000 0.000000 0.000000
45 1 0.000000 0.000000 0.000000
46 1 0.000000 0.000000 0.000000
47 1 0.000000 0.000000 0.000000
48 1 0.000000 0.000000 0.000000
49 1 0.000000 0.000000 0.000000

0 2 0.000000 0.000000 0.000000
1 2 -0.000535 -0.000443 0.001384
2 2 -0.001315 -0.000935 0.001323
3 2 -0.002569 -0.001511 0.001170
4 2 -0.004485 -0.002166 0.000868
5 2 -0.007144 -0.002835 0.000342
6 2 -0.010443 -0.003368 -0.000471
7 2 -0.013979 -0.003526 -0.001584
8 2 -0.016990 -0.003021 -0.002897
9 2 -0.018394 -0.001607 -0.004153
10 2 -0.017072 0.000750 -0.004916
11 2 -0.012430 0.003706 -0.004703
12 2 -0.004990 0.006511 -0.003219
13 2 0.003253 0.008222 -0.000672
14 2 0.009467 0.008249 0.002054
15 2 0.011766 0.006794 0.003841
16 2 0.010437 0.004673 0.004158
17 2 0.007314 0.002720 0.003347
18 2 0.004223 0.001355 0.002155
19 2 0.002059 0.000584 0.001151
20 2 0.000862 0.000219 0.000521
21 2 0.000313 0.000072 0.000203
22 2 0.000100 0.000021 0.000069
23 2 0.000028 0.000006 0.000021
24 2 0.000007 0.000001 0.000005
25 2 0.000002 0.000000 0.000001
26 2 0.000000 0.000000 0.000000
27 2 0.000000 0.000000 0.000000
28 2 0.000000 0.000000 0.000000
29 2 0.000000 0.000000 0.000000
30 2 0.000000 0.000000 0.000000
31 2 0.000000 0.000000 0.000000
32 2 0.000000 0.000000 0.000000
33 2 0.000000 0.000000 0.000000
34 2 0.000000 0.000000 0.000000
35 2 0.000000 0.000000 0.000000
36 2 0.000000 0.000000 0.000000
37 2 0.000000 0.000000 0.000000
38 2 0.000000 0.000000 0.000000
39 2 0.000000 0.000000 0.000000
40 2 0.000000 0.000000 0.000000
41 2 0.000000 0.000000 0.000000
42 2 0.000000 0.000000 0.000000
43 2 0.000000 0.000000 0.000000
44 2 0.000000 0.000000 0.000000
45 2 0.000000 0.000000 0.000000
46 2 0.000000 0.000000 0.000000
47 2 0.000000 0.000000 0.000000
48 2 0.000000 0.000000 0.000000
49 2 0.000000 0.000000 0.000000

0 3 0.000000 0.000000 0.000000
1 3 0.001563 0.001286 0.000205
2 3 0.003127 0.002432 0.000333
3 3 0.004627 0.003269 0.000584
4 3 0.005864 0.003583 0.000937
5 3 0.006458 0.003133 0.001324
6 3 0.005841 0.001705 0.001617
7 3 0.003342 -0.000753 0.001582
8 3 -0.001506 -0.003985 0.000937
9 3 -0.008595 -0.007276 -0.000582
10 3 -0.016609 -0.009464 -0.002992
11 3 -0.022925 -0.009323 -0.005772
12 3 -0.024278 -0.006189 -0.007841
13 3 -0.018346 -0.000744 -0.007766
14 3 -0.006464 0.004825 -0.004757
15 3 0.005942 0.008147 0.000059
16 3 0.013335 0.008388 0.004182
17 3 0.014180 0.006504 0.005856
18 3 0.010837 0.004061 0.005216
19 3 0.006564 0.002113 0.003532
20 3 0.003292 0.000935 0.001938
21 3 0.001401 0.000358 0.000890
22 3 0.000515 0.000120 0.000350
23 3 0.000166 0.000035 0.000119
24 3 0.000047 0.000009 0.000036
25 3 0.000012 0.000002 0.000009
26 3 0.000003 0.000000 0.000002
27 3 0.000001 0.000000 0.000000
28 3 0.000000 0.000000 0.000000
29 3 0.000000 0.000000 0.000000
30 3 0.000000 0.000000 0.000000
31 3 0.000000 0.000000 0.000000
32 3 0.000000 0.000000 0.000000
33 3 0.000000 0.000000 0.000000
34 3 0.000000 0.000000 0.000000
35 3 0.000000 0.000000 0.000000
36 3 0.000000 0.000000 0.000000
37 3 0.000000 0.000000 0.000000
38 3 0.000000 0.000000 0.000000
39 3 0.000000 0.000000 0.000000
40 3 0.000000 0.000000 0.000000
41 3 0.000000 0.000000 0.000000
42 3 0.000000 0.000000 0.000000
43 3 0.000000 0.000000 0.000000
44 3 0.000000 0.000000 0.000000
45 3 0.000000 0.000000 0.000000
46 3 0.000000 0.000000 0.000000
47 3 0.000000 0.000000 0.000000
48 3 0.000000 0.000000 0.000000
49 3 0.000000 0.000000 0.000000

0 4 0.000000 0.000000 0.000000
1 4 -0.000941 0.001497 -0.001604
2 4 -0.001463 0.003159 -0.001642
3 4 -0.001148 0.005104 -0.001661
4 4 0.000459 0.007340 -0.001545
5 4 0.003649 0.009676 -0.001131
6 4 0.008479 0.011666 -0.000250
7 4 0.014289 0.012535 0.001213
8 4 0.019529 0.011358 0.003083
9 4 0.021690 0.007318 0.004876
10 4 0.017709 0.000420 0.005509
11 4 0.006159 -0.007870 0.003781
12 4 -0.011157 -0.014604 -0.000836
13 4 -0.027530 -0.016171 -0.007385
14 4 -0.032917 -0.011010 -0.012294
15 4 -0.022877 -0.001928 -0.011505
16 4 -0.004420 0.005869 -0.005093
17 4 0.010677 0.009120 0.002436
18 4 0.016260 0.008238 0.006767
19 4 0.014100 0.005555 0.007070
20 4 0.009091 0.003019 0.005128
21 4 0.004721 0.001372 0.002915
22 4 0.002053 0.000534 0.001365
23 4 0.000765 0.000180 0.000543
24 4 0.000248 0.000054 0.000186
25 4 0.000071 0.000014 0.000056
26 4 0.000018 0.000003 0.000015
27 4 0.000004 0.000001 0.000004
28 4 0.000001 0.000000 0.000001
29 4 0.000000 0.000000 0.000000
30 4 0.000000 0.000000 0.000000
31 4 0.000000 0.000000 0.000000
32 4 0.000000 0.000000 0.000000
33 4 0.000000 0.000000 0.000000
34 4 0.000000 0.000000 0.000000
35 4 0.000000 0.000000 0.000000
36 4 0.000000 0.000000 0.000000
37 4 0.000000 0.000000 0.000000
38 4 0.000000 0.000000 0.000000
39 4 0.000000 0.000000 0.000000
40 4 0.000000 0.000000 0.000000
41 4 0.000000 0.000000 0.000000
42 4 0.000000 0.000000 0.000000
43 4 0.000000 0.000000 0.000000
44 4 0.000000 0.000000 0.000000
45 4 0.000000 0.000000 0.000000
46 4 0.000000 0.000000 0.000000
47 4 0.000000 0.000000 0.000000
48 4 0.000000 0.000000 0.000000
49 4 0.000000 0.000000 0.000000

0 5 0.000000 0.000000 0.000000
1 5 -0.003382 -0.001598 0.000182
2 5 -0.006988 -0.003027 -0.000108
3 5 -0.010891 -0.004061 -0.000691
4 5 -0.014915 -0.004312 -0.001616
5 5 -0.018305 -0.003309 -0.002772
6 5 -0.019913 -0.000513 -0.004012
7 5 -0.017698 0.004345 -0.004807
8 5 -0.010124 0.010813 -0.004433
9 5 0.003723 0.017402 -0.002145
10 5 0.021461 0.021102 0.002605
11 5 0.036160 0.018729 0.008464
12 5 0.039075 0.008678 0.012679
13 5 0.022251 -0.006629 0.011196
14 5 -0.010395 -0.019028 0.001183
15 5 -0.037328 -0.020366 -0.012175
16 5 -0.039109 -0.011009 -0.018141
17 5 -0.019049 0.000940 -0.012533
18 5 0.003953 0.008157 -0.001566
19 5 0.016046 0.009219 0.006439
20 5 0.016483 0.006817 0.008532
21 5 0.011411 0.003888 0.006717
22 5 0.006152 0.001818 0.003969
23 5 0.002734 0.000720 0.001899
24 5 0.001033 0.000246 0.000763
25 5 0.000338 0.000074 0.000264
26 5 0.000097 0.000020 0.000080
27 5 0.000025 0.000005 0.000021
28 5 0.000006 0.000001 0.000005
29 5 0.000001 0.000000 0.000001
30 5 0.000000 0.000000 0.000000
31 5 0.000000 0.000000 0.000000
32 5 0.000000 0.000000 0.000000
33 5 0.000000 0.000000 0.000000
34 5 0.000000 0.000000 0.000000
35 5 0.000000 0.000000 0.000000
36 5 0.000000 0.000000 0.000000
37 5 0.000000 0.000000 0.000000
38 5 0.000000 0.000000 0.000000
39 5 0.000000 0.000000 0.000000
40 5 0.000000 0.000000 0.000000
41 5 0.000000 0.000000 0.000000
42 5 0.000000 0.000000 0.000000
43 5 0.000000 0.000000 0.000000
44 5 0.000000 0.000000 0.000000
45 5 0.000000 0.000000 0.000000
46 5 0.000000 0.000000 0.000000
47 5 0.000000 0.000000 0.000000
48 5 0.000000 0.000000 0.000000
49 5 0.000000 0.000000 0.000000

0 6 0.000000 0.000000 0.000000
1 6 0.002885 -0.000406 0.001264
2 6 0.005213 -0.001276 0.001483
3 6 0.006453 -0.002998 0.001812
4 6 0.005519 -0.005926 0.002117
5 6 0.001564 -0.009959 0.001939
6 6 -0.006419 -0.014681 0.001031
7 6 -0.018447 -0.018517 -0.001413
8 6 -0.031864 -0.019372 -0.005093
9 6 -0.042553 -0.014623 -0.009664
10 6 -0.041371 -0.002765 -0.012800
11 6 -0.022664 0.013493 -0.010734
12 6 0.011803 0.027703 -0.002114
13 6 0.049271 0.029844 0.012419
14 6 0.059272 0.013873 0.023683
15 6 0.024846 -0.010284 0.017368
16 6 -0.025324 -0.023759 -0.004309
17 6 -0.047796 -0.019139 -0.021165
18 6 -0.033124 -0.005302 -0.020004
19 6 -0.004857 0.005659 -0.006941
20 6 0.013800 0.009184 0.004921
21 6 0.017633 0.007566 0.009349
22 6 0.013145 0.004543 0.008044
23 6 0.007348 0.002187 0.004939
24 6 0.003332 0.000881 0.002409
25 6 0.001274 0.000305 0.000979
26 6 0.000420 0.000092 0.000341
27 6 0.000122 0.000025 0.000103
28 6 0.000031 0.000006 0.000028
29 6 0.000007 0.000001 0.000007
30 6 0.000001 0.000000 0.000001
31 6 0.000000 0.000000 0.000000
32 6 0.000000 0.000000 0.000000
33 6 0.000000 0.000000 0.000000
34 6 0.000000 0.000000 0.000000
35 6 0.000000 0.000000 0.000000
36 6 0.000000 0.000000 0.000000
37 6 0.000000 0.000000 0.000000
38 6 0.000000 0.000000 0.000000
39 6 0.000000 0.000000 0.000000
40 6 0.000000 0.000000 0.000000
41 6 0.000000 0.000000 0.000000
42 6 0.000000 0.000000 0.000000
43 6 0.000000 0.000000 0.000000
44 6 0.000000 0.000000 0.000000
45 6 0.000000 0.000000 0.000000
46 6 0.000000 0.000000 0.000000
47 6 0.000000 0.000000 0.000000
48 6 0.000000 0.000000 0.000000
49 6 0.000000 0.000000 0.000000

0 7 0.000000 0.000000 0.000000
1 7 0.001998 0.003565 -0.002878
2 7 0.004999 0.007170 -0.002587
3 7 0.009409 0.010729 -0.001995
4 7 0.016337 0.013733 -0.000700
5 7 0.024400 0.015183 0.001280
6 7 0.033302 0.013762 0.004049
7 7 0.037828 0.007516 0.007238
8 7 0.033888 -0.003632 0.008739
9 7 0.016414 -0.018837 0.007678
10 7 -0.017101 -0.031924 0.000051
11 7 -0.051821 -0.034291 -0.012109
12 7 -0.070823 -0.020388 -0.022910
13 7 -0.050737 0.009371 -0.024834
14 7 0.015883 0.036322 -0.005268
15 7 0.073594 0.034703 0.025873
16 7 0.060880 0.006426 0.034002
17 7 -0.002121 -0.019516 0.009272
18 7 -0.046541 -0.023254 -0.019201
19 7 -0.042367 -0.010632 -0.025216
20 7 -0.012790 0.002611 -0.012053
21 7 0.010701 0.008325 0.002868
22 7 0.017680 0.007708 0.009559
23 7 0.014093 0.004863 0.008943
24 7 0.008118 0.002404 0.005671
25 7 0.003742 0.000984 0.002810
26 7 0.001445 0.000344 0.001152
27 7 0.000480 0.000105 0.000403
28 7 0.000139 0.000028 0.000122
29 7 0.000036 0.000007 0.000033
30 7 0.000008 0.000001 0.000008
31 7 0.000002 0.000000 0.000002
32 7 0.000000 0.000000 0.000000
33 7 0.000000 0.000000 0.000000
34 7 0.000000 0.000000 0.000000
35 7 0.000000 0.000000 0.000000
36 7 0.000000 0.000000 0.000000
37 7 0.000000 0.000000 0.000000
38 7 0.000000 0.000000 0.000000
39 7 0.000000 0.000000 0.000000
40 7 0.000000 0.000000 0.000000
41 7 0.000000 0.000000 0.000000
42 7 0.000000 0.000000 0.000000
43 7 0.000000 0.000000 0.000000
44 7 0.000000 0.000000 0.000000
45 7 0.000000 0.000000 0.000000
46 7 0.000000 0.000000 0.000000
47 7 0.000000 0.000000 0.000000
48 7 0.000000 0.000000 0.000000
49 7 0.000000 0.000000 0.000000

0 8 0.000000 0.000000 0.000000
1 8 -0.006553 -0.002094 -0.001184
2 8 -0.013064 -0.003423 -0.001858
3 8 -0.019279 -0.003507 -0.002794
4 8 -0.024153 -0.000945 -0.004647
5 8 -0.024772 0.004450 -0.005729
6 8 -0.019926 0.013579 -0.006860
7 8 -0.002891 0.024684 -0.004772
8 8 0.021090 0.033801 0.000410
9 8 0.052348 0.035980 0.008993
10 8 0.071533 0.022488 0.020247
11 8 0.056882 -0.004308 0.021631
12 8 0.010427 -0.034661 0.011243
13 8 -0.062610 -0.050081 -0.013432
14 8 -0.102346 -0.026652 -0.042020
15 8 -0.041711 0.021052 -0.033373
16 8 0.058345 0.043100 0.014496
17 8 0.080855 0.021657 0.043315
18 8 0.019762 -0.011074 0.022415
19 8 -0.039335 -0.022823 -0.014302
20 8 -0.045508 -0.013441 -0.027351
21 8 -0.017538 0.000163 -0.015434
22 8 0.008162 0.007127 0.001198
23 8 0.017092 0.007343 0.009445
24 8 0.014275 0.004823 0.009387
25 8 0.008380 0.002433 0.006075
26 8 0.003899 0.001008 0.003036
27 8 0.001513 0.000355 0.001249
28 8 0.000504 0.000109 0.000437
29 8 0.000146 0.000029 0.000133
30 8 0.000038 0.000007 0.000036
31 8 0.000009 0.000002 0.000009
32 8 0.000002 0.000000 0.000002
33 8 0.000000 0.000000 0.000000
34 8 0.000000 0.000000 0.000000
35 8 0.000000 0.000000 0.000000
36 8 0.000000 0.000000 0.000000
37 8 0.000000 0.000000 0.000000
38 8 0.000000 0.000000 0.000000
39 8 0.000000 0.000000 0.000000
40 8 0.000000 0.000000 0.000000
41 8 0.000000 0.000000 0.000000
42 8 0.000000 0.000000 0.000000
43 8 0.000000 0.000000 0.000000
44 8 0.000000 0.000000 0.000000
45 8 0.000000 0.000000 0.000000
46 8 0.000000 0.000000 0.000000
47 8 0.000000 0.000000 0.000000
48 8 0.000000 0.000000 0.000000
49 8 0.000000 0.000000 0.000000

0 9 0.000000 0.000000 0.000000
1 9 0.003591 -0.002624 0.002750
2 9 0.005114 -0.006150 0.002970
3 9 0.005189 -0.010793 0.003093
4 9 -0.001400 -0.017430 0.002964
5 9 -0.011965 -0.023800 0.000765
6 9 -0.030297 -0.029646 -0.001983
7 9 -0.051210 -0.028195 -0.009630
8 9 -0.061955 -0.018061 -0.014521
9 9 -0.059729 0.004211 -0.019530
10 9 -0.016545 0.033693 -0.013072
11 9 0.042500 0.049842 0.008413
12 9 0.086746 0.043097 0.027279
13 9 0.089721 0.004452 0.039821
14 9 -0.001501 -0.047023 0.017402
15 9 -0.108761 -0.052266 -0.040258
16 9 -0.084404 -0.002460 -0.055321
17 9 0.032242 0.037936 -0.001583
18 9 0.082415 0.028430 0.044139
19 9 0.030772 -0.003821 0.029768
20 9 -0.032512 -0.019745 -0.010192
21 9 -0.044105 -0.013549 -0.027225
22 9 -0.018407 -0.001023 -0.016467
23 9 0.007075 0.006047 0.000589
24 9 0.016342 0.006670 0.009327
25 9 0.013841 0.004483 0.009441
26 9 0.008156 0.002287 0.006129
27 9 0.003795 0.000953 0.003059
28 9 0.001471 0.000337 0.001255
29 9 0.000489 0.000103 0.000438
30 9 0.000142 0.000028 0.000133
31 9 0.000037 0.000007 0.000036
32 9 0.000008 0.000001 0.000008
33 9 0.000002 0.000000 0.000002
34 9 0.000000 0.000000 0.000000
35 9 0.000000 0.000000 0.000000
36 9 0.000000 0.000000 0.000000
37 9 0.000000 0.000000 0.000000
38 9 0.000000 0.000000 0.000000
39 9 0.000000 0.000000 0.000000
40 9 0.000000 0.000000 0.000000
41 9 0.000000 0.000000 0.000000
42 9 0.000000 0.000000 0.000000
43 9 0.000000 0.000000 0.000000
44 9 0.000000 0.000000 0.000000
45 9 0.000000 0.000000 0.000000
46 9 0.000000 0.000000 0.000000
47 9 0.000000 0.000000 0.000000
48 9 0.000000 0.000000 0.000000
49 9 0.000000 0.000000 0.000000

0 10 0.000000 0.000000 0.000000
1 10 0.004720 0.005772 -0.003740
2 10 0.011820 0.011102 -0.002665
3 10 0.019136 0.015980 -0.001801
4 10 0.032660 0.018356 0.001907
5 10 0.040512 0.016352 0.004882
6 10 0.051326 0.008382 0.009653
7 10 0.040172 -0.009636 0.012571
8 10 0.015351 -0.028795 0.006787
9 10 -0.029080 -0.047680 -0.001089
10 10 -0.083310 -0.044621 -0.024769
11 10 -0.079689 -0.014201 -0.033816
12 10 -0.036104 0.024415 -0.020186
13 10 0.045308 0.057322 0.006319
14 10 0.119393 0.042574 0.050395
15 10 0.051754 -0.022163 0.045932
16 10 -0.088196 -0.054308 -0.028048
17 10 -0.094664 -0.016497 -0.062723
18 10 0.017375 0.028156 -0.010549
19 10 0.074655 0.026887 0.041366
20 10 0.029640 -0.000752 0.030103
21 10 -0.029752 -0.016319 -0.009339
22 10 -0.040377 -0.011820 -0.026106
23 10 -0.016032 -0.000978 -0.015349
24 10 0.007525 0.005291 0.001204
25 10 0.015658 0.005870 0.009362
26 10 0.012963 0.003946 0.009189
27 10 0.007536 0.002010 0.005868
28 10 0.003472 0.000836 0.002894
29 10 0.001335 0.000295 0.001176
30 10 0.000441 0.000090 0.000407
31 10 0.000127 0.000024 0.000123
32 10 0.000033 0.000006 0.000033
33 10 0.000007 0.000001 0.000008
34 10 0.000002 0.000000 0.000002
35 10 0.000000 0.000000 0.000000
36 10 0.000000 0.000000 0.000000
37 10 0.000000 0.000000 0.000000
38 10 0.000000 0.000000 0.000000
39 10 0.000000 0.000000 0.000000
40 10 0.000000 0.000000 0.000000
41 10 0.000000 0.000000 0.000000
42 10 0.000000 0.000000 0.000000
43 10 0.000000 0.000000 0.000000
44 10 0.000000 0.000000 0.000000
45 10 0.000000 0.000000 0.000000
46 10 0.000000 0.000000 0.000000
47 10 0.000000 0.000000 0.000000
48 10 0.000000 0.000000 0.000000
49 10 0.000000 0.000000 0.000000

0 11 0.000000 0.000000 0.000000
1 11 -0.009054 -0.001978 -0.002706
2 11 -0.016784 -0.001911 -0.004152
3 11 -0.023971 -0.000584 -0.004591
4 11 -0.026183 0.006967 -0.008349
5 11 -0.018003 0.016394 -0.006115
6 11 -0.003250 0.031131 -0.007247
7 11 0.036429 0.041576 0.004357
8 11 0.059599 0.038843 0.014484
9 11 0.081549 0.021895 0.024745
10 11 0.045200 -0.019208 0.027181
11 11 -0.037833 -0.046040 -0.007709
12 11 -0.077046 -0.042390 -0.032553
13 11 -0.078403 -0.012672 -0.039681
14 11 0.003991 0.039810 -0.016904
15 11 0.112050 0.050660 0.048610
16 11 0.061817 -0.005205 0.055807
17 11 -0.075508 -0.043659 -0.022975
18 11 -0.082778 -0.016616 -0.060000
19 11 0.019560 0.021487 -0.008193
20 11 0.065440 0.021261 0.039333
21 11 0.020356 -0.001355 0.025156
22 11 -0.030680 -0.013606 -0.011730
23 11 -0.035491 -0.009262 -0.024562
24 11 -0.011519 -0.000159 -0.012610
25 11 0.009008 0.004810 0.002767
26 11 0.014994 0.005040 0.009498
27 11 0.011762 0.003310 0.008683
28 11 0.006639 0.001662 0.005355
29 11 0.002997 0.000684 0.002580
30 11 0.001135 0.000240 0.001030
31 11 0.000370 0.000073 0.000352
32 11 0.000106 0.000020 0.000105
33 11 0.000027 0.000005 0.000028
34 11 0.000006 0.000001 0.000007
35 11 0.000001 0.000000 0.000001
36 11 0.000000 0.000000 0.000000
37 11 0.000000 0.000000 0.000000
38 11 0.000000 0.000000 0.000000
39 11 0.000000 0.000000 0.000000
40 11 0.000000 0.000000 0.000000
41 11 0.000000 0.000000 0.000000
42 11 0.000000 0.000000 0.000000
43 11 0.000000 0.000000 0.000000
44 11 0.000000 0.000000 0.000000
45 11 0.000000 0.000000 0.000000
46 11 0.000000 0.000000 0.000000
47 11 0.000000 0.000000 0.000000
48 11 0.000000 0.000000 0.000000
49 11 0.000000 0.000000 0.000000

0 12 0.000000 0.000000 0.000000
1 12 0.002562 -0.004609 0.003714
2 12 -0.000296 -0.010677 0.003463
3 12 -0.002098 -0.016948 0.003118
4 12 -0.019437 -0.025924 0.001069
5 12 -0.033659 -0.028706 -0.004969
6 12 -0.057820 -0.028984 -0.009919
7 12 -0.065366 -0.009925 -0.022638
8 12 -0.035665 0.015398 -0.015473
9 12 0.009456 0.042378 -0.006625
10 12 0.088359 0.050529 0.026299
11 12 0.083598 0.012800 0.046626
12 12 0.001615 -0.025553 0.013643
13 12 -0.068505 -0.040472 -0.024490
14 12 -0.091060 -0.021978 -0.051878
15 12 0.005321 0.028206 -0.023186
16 12 0.109046 0.040843 0.053216
17 12 0.042160 -0.005254 0.050587
18 12 -0.078219 -0.033681 -0.030119
19 12 -0.062106 -0.009463 -0.052879
20 12 0.031139 0.018622 0.002072
21 12 0.055589 0.014864 0.037931
22 12 0.007200 -0.003556 0.016897
23 12 -0.032747 -0.011432 -0.015723
24 12 -0.029509 -0.006515 -0.022323
25 12 -0.005902 0.000920 -0.008774
26 12 0.010812 0.004437 0.004784
27 12 0.014170 0.004216 0.009551
28 12 0.010323 0.002652 0.007944
29 12 0.005584 0.001296 0.004665
30 12 0.002448 0.000523 0.002175
31 12 0.000907 0.000181 0.000848
32 12 0.000291 0.000054 0.000284
33 12 0.000082 0.000014 0.000083
34 12 0.000021 0.000003 0.000022
35 12 0.000005 0.000001 0.000005
36 12 0.000001 0.000000 0.000001
37 12 0.000000 0.000000 0.000000
38 12 0.000000 0.000000 0.000000
39 12 0.000000 0.000000 0.000000
40 12 0.000000 0.000000 0.000000
41 12 0.000000 0.000000 0.000000
42 12 0.000000 0.000000 0.000000
43 12 0.000000 0.000000 0.000000
44 12 0.000000 0.000000 0.000000
45 12 0.000000 0.000000 0.000000
46 12 0.000000 0.000000 0.000000
47 12 0.000000 0.000000 0.000000
48 12 0.000000 0.000000 0.000000
49 12 0.000000 0.000000 0.000000

0 13 0.000000 0.000000 0.000000
1 13 0.008670 0.006551 -0.003350
2 13 0.020222 0.011538 -0.000952
3 13 0.029905 0.014553 0.000463
4 13 0.044682 0.011404 0.007685
5 13 0.040766 -0.000375 0.009655
6 13 0.031230 -0.018482 0.013019
7 13 -0.021383 -0.042427 0.002817
8 13 -0.070287 -0.043828 -0.020012
9 13 -0.093893 -0.024491 -0.034986
10 13 -0.048405 0.022285 -0.036257
11 13 0.069574 0.055062 0.014801
12 13 0.109577 0.029317 0.055784
13 13 0.036370 -0.017897 0.036748
14 13 -0.081151 -0.042450 -0.022813
15 13 -0.104312 -0.017414 -0.067498
16 13 0.028567 0.030519 -0.015462
17 13 0.109462 0.030383 0.064100
18 13 0.011550 -0.011781 0.036122
19 13 -0.081945 -0.026103 -0.041780
20 13 -0.036255 -0.001457 -0.041224
21 13 0.042733 0.016636 0.014947
22 13 0.042599 0.008779 0.034432
23 13 -0.006786 -0.005648 0.006694
24 13 -0.033386 -0.009281 -0.019337
25 13 -0.022259 -0.003894 -0.018882
26 13 -0.000060 0.001882 -0.004335
27 13 0.012289 0.004023 0.006737
28 13 0.013022 0.003409 0.009328
29 13 0.008721 0.002026 0.006995
30 13 0.004481 0.000954 0.003874
31 13 0.001893 0.000375 0.001735
32 13 0.000682 0.000127 0.000656
33 13 0.000214 0.000038 0.000214
34 13 0.000059 0.000010 0.000062
35 13 0.000015 0.000002 0.000016
36 13 0.000003 0.000000 0.000004
37 13 0.000001 0.000000 0.000001
38 13 0.000000 0.000000 0.000000
39 13 0.000000 0.000000 0.000000
40 13 0.000000 0.000000 0.000000
41 13 0.000000 0.000000 0.000000
42 13 0.000000 0.000000 0.000000
43 13 0.000000 0.000000 0.000000
44 13 0.000000 0.000000 0.000000
45 13 0.000000 0.000000 0.000000
46 13 0.000000 0.000000 0.000000
47 13 0.000000 0.000000 0.000000
48 13 0.000000 0.000000 0.000000
49 13 0.000000 0.000000 0.000000

0 14 0.000000 0.000000 0.000000
1 14 -0.009697 0.001379 -0.006462
2 14 -0.015751 0.005809 -0.007693
3 14 -0.017311 0.013015 -0.008679
4 14 -0.004078 0.026813 -0.009068
5 14 0.024497 0.039212 -0.001961
6 14 0.065625 0.044373 0.009766
7 14 0.094575 0.027274 0.030437
8 14 0.063435 -0.014399 0.031442
9 14 -0.023911 -0.050798 0.006134
10 14 -0.115179 -0.052994 -0.043159
11 14 -0.092814 -0.003571 -0.058217
12 14 0.028825 0.048988 -0.004775
13 14 0.118144 0.044065 0.056312
14 14 0.059807 -0.010594 0.055350
15 14 -0.092948 -0.044946 -0.028514
16 14 -0.095270 -0.012095 -0.074889
17 14 0.057224 0.031703 0.004122
18 14 0.092182 0.019414 0.067994
19 14 -0.023586 -0.016318 0.012651
20 14 -0.074474 -0.017778 -0.048902
21 14 -0.006675 0.004916 -0.023544
22 14 0.048048 0.013537 0.025838
23 14 0.025527 0.003319 0.026788
24 14 -0.018967 -0.006763 -0.003934
25 14 -0.030994 -0.006908 -0.020963
26 14 -0.014009 -0.001608 -0.014074
27 14 0.005203 0.002512 0.000147
28 14 0.012996 0.003499 0.008194
29 14 0.011493 0.002638 0.008716
30 14 0.007054 0.001470 0.005891
31 14 0.003422 0.000662 0.003060
32 14 0.001386 0.000252 0.001308
33 14 0.000483 0.000083 0.000477
34 14 0.000147 0.000024 0.000152
35 14 0.000040 0.000006 0.000043
36 14 0.000010 0.000001 0.000011
37 14 0.000002 0.000000 0.000002
38 14 0.000000 0.000000 0.000000
39 14 0.000000 0.000000 0.000000
40 14 0.000000 0.000000 0.000000
41 14 0.000000 0.000000 0.000000
42 14 0.000000 0.000000 0.000000
43 14 0.000000 0.000000 0.000000
44 14 0.000000 0.000000 0.000000
45 14 0.000000 0.000000 0.000000
46 14 0.000000 0.000000 0.000000
47 14 0.000000 0.000000 0.000000
48 14 0.000000 0.000000 0.000000
49 14 0.000000 0.000000 0.000000

0 15 0.000000 0.000000 0.000000
1 15 -0.004986 -0.009117 0.004594
2 15 -0.013946 -0.018766 0.003166
3 15 -0.033036 -0.027227 0.000095
4 15 -0.057890 -0.030001 -0.008941
5 15 -0.079659 -0.018456 -0.019221
6 15 -0.068915 0.012253 -0.029169
7 15 0.000081 0.049592 -0.012691
8 15 0.087009 0.063926 0.023336
9 15 0.124465 0.029474 0.058055
10 15 0.024558 -0.030316 0.034885
11 15 -0.095678 -0.053134 -0.039873
12 15 -0.090394 -0.020123 -0.062114
13 15 0.017088 0.030702 -0.012377
14 15 0.109487 0.038851 0.058868
15 15 0.030429 -0.008697 0.049585
16 15 -0.106220 -0.035133 -0.047988
17 15 -0.049122 -0.000614 -0.060895
18 15 0.084127 0.027006 0.033383
19 15 0.053277 0.006189 0.056621
20 15 -0.053752 -0.017063 -0.015472
21 15 -0.052593 -0.008510 -0.045657
22 15 0.020699 0.008635 -0.002251
23 15 0.043611 0.009165 0.030762
24 15 0.006313 -0.000997 0.015126
25 15 -0.026818 -0.006629 -0.012925
26 15 -0.025166 -0.004420 -0.019680
27 15 -0.005571 0.000162 -0.008278
28 15 0.009207 0.002734 0.004065
29 15 0.012734 0.002872 0.008878
30 15 0.009655 0.001937 0.007714
31 15 0.005433 0.001007 0.004716
32 15 0.002480 0.000432 0.002291
33 15 0.000959 0.000158 0.000931
34 15 0.000322 0.000050 0.000326
35 15 0.000095 0.000014 0.000100
36 15 0.000025 0.000004 0.000027
37 15 0.000006 0.000001 0.000007
38 15 0.000001 0.000000 0.000001
39 15 0.000000 0.000000 0.000000
40 15 0.000000 0.000000 0.000000
41 15 0.000000 0.000000 0.000000
42 15 0.000000 0.000000 0.000000
43 15 0.000000 0.000000 0.000000
44 15 0.000000 0.000000 0.000000
45 15 0.000000 0.000000 0.000000
46 15 0.000000 0.000000 0.000000
47 15 0.000000 0.000000 0.000000
48 15 0.000000 0.000000 0.000000
49 15 0.000000 0.000000 0.000000

0 16 0.000000 0.000000 0.000000
1 16 0.018598 0.006904 -0.001313
2 16 0.035681 0.010168 0.001694
3 16 0.052883 0.004235 0.009846
4 16 0.045719 -0.014586 0.014850
5 16 0.011303 -0.042804 0.013350
6 16 -0.071545 -0.062073 -0.012049
7 16 -0.118356 -0.040996 -0.047568
8 16 -0.074965 0.011228 -0.046273
9 16 0.054488 0.057593 0.004199
10 16 0.130729 0.040672 0.071787
11 16 0.021192 -0.017671 0.042518
12 16 -0.100586 -0.037052 -0.043790
13 16 -0.075795 -0.007157 -0.063768
14 16 0.059646 0.028051 0.005181
15 16 0.106573 0.019670 0.073777
16 16 -0.032717 -0.019345 0.018356
17 16 -0.107606 -0.021070 -0.070590
18 16 0.013215 0.012329 -0.026666
19 16 0.088661 0.018638 0.056481
20 16 0.003497 -0.004876 0.029448
21 16 -0.064913 -0.013728 -0.037036
22 16 -0.020121 -0.000415 -0.030223
23 16 0.037849 0.009094 0.016671
24 16 0.029343 0.004354 0.027326
25 16 -0.011200 -0.003629 0.001684
26 16 -0.028668 -0.005398 -0.018241
27 16 -0.016674 -0.002122 -0.015473
28 16 0.001957 0.001303 -0.002316
29 16 0.011520 0.002580 0.006895
30 16 0.011559 0.002202 0.008708
31 16 0.007669 0.001337 0.006426
32 16 0.003965 0.000648 0.003570
33 16 0.001701 0.000263 0.001620
34 16 0.000625 0.000092 0.000625
35 16 0.000201 0.000029 0.000209
36 16 0.000058 0.000008 0.000062
37 16 0.000015 0.000002 0.000016
38 16 0.000003 0.000000 0.000004
39 16 0.000001 0.000000 0.000001
40 16 0.000000 0.000000 0.000000
41 16 0.000000 0.000000 0.000000
42 16 0.000000 0.000000 0.000000
43 16 0.000000 0.000000 0.000000
44 16 0.000000 0.000000 0.000000
45 16 0.000000 0.000000 0.000000
46 16 0.000000 0.000000 0.000000
47 16 0.000000 0.000000 0.000000
48 16 0.000000 0.000000 0.000000
49 16 0.000000 0.000000 0.000000

0 17 0.000000 0.000000 0.000000
1 17 -0.010051 0.008864 -0.013896
2 17 -0.012082 0.021501 -0.014359
3 17 0.008010 0.040687 -0.012780
4 17 0.055386 0.055302 0.001668
5 17 0.108905 0.047633 0.027903
6 17 0.100406 0.003016 0.049138
7 17 -0.012374 -0.050414 0.015224
8 17 -0.124915 -0.055306 -0.050059
9 17 -0.099444 -0.004959 -0.072039
10 17 0.062175 0.047578 0.004002
11 17 0.128115 0.032931 0.079073
12 17 0.009333 -0.022961 0.036457
13 17 -0.115617 -0.036340 -0.055347
14 17 -0.057921 0.004909 -0.063157
15 17 0.100108 0.032792 0.036509
16 17 0.071456 0.005364 0.073642
17 17 -0.085598 -0.024135 -0.026113
18 17 -0.066859 -0.007084 -0.067881
19 17 0.064312 0.016941 0.017367
20 17 0.057803 0.007749 0.055672
21 17 -0.039624 -0.009974 -0.005632
22 17 -0.050752 -0.007331 -0.041824
23 17 0.012800 0.004625 -0.006879
24 17 0.039577 0.006769 0.026883
25 17 0.009226 0.000241 0.016320
26 17 -0.022972 -0.004427 -0.010079
27 17 -0.024472 -0.003538 -0.018761
28 17 -0.007168 -0.000324 -0.009256
29 17 0.007582 0.001813 0.002845
30 17 0.012069 0.002162 0.008352
31 17 0.009721 0.001564 0.007801
32 17 0.005732 0.000861 0.005015
33 17 0.002730 0.000389 0.002545
34 17 0.001099 0.000150 0.001079
35 17 0.000384 0.000050 0.000394
36 17 0.000118 0.000015 0.000126
37 17 0.000033 0.000004 0.000036
38 17 0.000008 0.000001 0.000009
39 17 0.000002 0.000000 0.000002
40 17 0.000000 0.000000 0.000000
41 17 0.000000 0.000000 0.000000
42 17 0.000000 0.000000 0.000000
43 17 0.000000 0.000000 0.000000
44 17 0.000000 0.000000 0.000000
45 17 0.000000 0.000000 0.000000
46 17 0.000000 0.000000 0.000000
47 17 0.000000 0.000000 0.000000
48 17 0.000000 0.000000 0.000000
49 17 0.000000 0.000000 0.000000

0 18 0.000000 0.000000 0.000000
1 18 -0.017629 -0.015771 0.003885
2 18 -0.046587 -0.028589 -0.001134
3 18 -0.084119 -0.028545 -0.016842
4 18 -0.098177 -0.000464 -0.035889
5 18 -0.028067 0.048736 -0.032002
6 18 0.103356 0.072813 0.026761
7 18 0.143632 0.034848 0.075745
8 18 0.021573 -0.034439 0.041736
9 18 -0.135292 -0.053064 -0.058508
10 18 -0.082431 -0.004006 -0.077380
11 18 0.078595 0.037689 0.024190
12 18 0.092839 0.023233 0.074670
13 18 -0.032565 -0.017468 0.010345
14 18 -0.103858 -0.023468 -0.068696
15 18 0.014481 0.010824 -0.029389
16 18 0.109313 0.020868 0.069329
17 18 -0.010719 -0.007657 0.033822
18 18 -0.099302 -0.016213 -0.063072
19 18 0.004824 0.005551 -0.030631
20 18 0.078617 0.012731 0.049794
21 18 0.005015 -0.002004 0.028589
22 18 -0.057277 -0.008983 -0.032620
23 18 -0.018326 -0.000785 -0.027787
24 18 0.033743 0.005919 0.014824
25 18 0.026594 0.003168 0.025141
26 18 -0.010121 -0.002274 0.001803
27 18 -0.026563 -0.003755 -0.016980
28 18 -0.015932 -0.001642 -0.014831
29 18 0.001429 0.000793 -0.002539
30 18 0.010758 0.001809 0.006438
31 18 0.011133 0.001620 0.008459
32 18 0.007575 0.001022 0.006411
33 18 0.004016 0.000513 0.003654
34 18 0.001768 0.000216 0.001702
35 18 0.000668 0.000079 0.000674
36 18 0.000221 0.000025 0.000233
37 18 0.000065 0.000007 0.000071
38 18 0.000017 0.000002 0.000019
39 18 0.000004 0.000000 0.000005
40 18 0.000001 0.000000 0.000001
41 18 0.000000 0.000000 0.000000
42 18 0.000000 0.000000 0.000000
43 18 0.000000 0.000000 0.000000
44 18 0.000000 0.000000 0.000000
45 18 0.000000 0.000000 0.000000
46 18 0.000000 0.000000 0.000000
47 18 0.000000 0.000000 0.000000
48 18 0.000000 0.000000 0.000000
49 18 0.000000 0.000000 0.000000

0 19 0.000000 0.000000 0.000000
1 19 0.033371 0.004131 0.003279
2 19 0.058883 -0.006553 0.015341
3 19 0.032858 -0.040209 0.024320
4 19 -0.065219 -0.072240 -0.001047
5 19 -0.163891 -0.055314 -0.062949
6 19 -0.094522 0.015750 -0.070588
7 19 0.082958 0.063799 0.019641
8 19 0.142353 0.038666 0.091280
9 19 -0.009744 -0.023611 0.035142
10 19 -0.133288 -0.033801 -0.077762
11 19 -0.017852 0.009707 -0.051523
12 19 0.113685 0.024617 0.056911
13 19 0.047470 -0.002489 0.062531
14 19 -0.100784 -0.020345 -0.036581
15 19 -0.067561 -0.001505 -0.071896
16 19 0.093012 0.019073 0.029784
17 19 0.065360 0.004566 0.072336
18 19 -0.081662 -0.014588 -0.026202
19 19 -0.055153 -0.004340 -0.061704
20 19 0.062174 0.010579 0.020115
21 19 0.046467 0.004542 0.049347
22 19 -0.040014 -0.006399 -0.009220
23 19 -0.042501 -0.004371 -0.037606
24 19 0.015548 0.003163 -0.003124
25 19 0.035366 0.004280 0.025454
26 19 0.005677 -0.000004 0.013431
27 19 -0.022493 -0.002968 -0.010728
28 19 -0.022272 -0.002325 -0.017599
29 19 -0.005845 -0.000187 -0.008149
30 19 0.007604 0.001240 0.003144
31 19 0.011529 0.001484 0.008140
32 19 0.009234 0.001087 0.007519
33 19 0.005467 0.000608 0.004845
34 19 0.002628 0.000280 0.002480
35 19 0.001072 0.000110 0.001064
36 19 0.000380 0.000038 0.000394
37 19 0.000119 0.000012 0.000129
38 19 0.000034 0.000003 0.000037
39 19 0.000009 0.000001 0.000010
40 19 0.000002 0.000000 0.000002
41 19 0.000000 0.000000 0.000001
42 19 0.000000 0.000000 0.000000
43 19 0.000000 0.000000 0.000000
44 19 0.000000 0.000000 0.000000
45 19 0.000000 0.000000 0.000000
46 19 0.000000 0.000000 0.000000
47 19 0.000000 0.000000 0.000000
48 19 0.000000 0.000000 0.000000
49 19 0.000000 0.000000 0.000000

0 20 0.000000 0.000000 0.000000
1 20 -0.000878 0.031834 -0.035229
2 20 0.046874 0.066242 -0.024169
3 20 0.142394 0.070380 0.025387
4 20 0.154504 0.014002 0.074947
5 20 -0.012184 -0.056950 0.027736
6 20 -0.162397 -0.060805 -0.080607
7 20 -0.079012 0.003990 -0.080649
8 20 0.115561 0.043219 0.040172
9 20 0.104969 0.013212 0.095568
10 20 -0.081436 -0.027067 -0.012775
11 20 -0.105618 -0.016873 -0.084804
12 20 0.040648 0.019567 -0.005837
13 20 0.103871 0.020972 0.074369
14 20 -0.020324 -0.010277 0.024319
15 20 -0.107649 -0.017102 -0.071717
16 20 0.022309 0.007533 -0.026965
17 20 0.102596 0.013171 0.072229
18 20 -0.026637 -0.005782 0.022155
19 20 -0.087442 -0.009267 -0.063521
20 20 0.020954 0.004488 -0.017105
21 20 0.068432 0.007145 0.049831
22 20 -0.008748 -0.002161 0.017382
23 20 -0.052116 -0.005214 -0.034056
24 20 -0.007665 0.000236 -0.020183
25 20 0.033831 0.003734 0.017992
26 20 0.019983 0.001569 0.021533
27 20 -0.013564 -0.001687 -0.001838
28 20 -0.024916 -0.002325 -0.017005
29 20 -0.012927 -0.000886 -0.012874
30 20 0.002979 0.000609 -0.001041
31 20 0.010712 0.001188 0.006777
32 20 0.010449 0.001035 0.008131
33 20 0.006952 0.000648 0.005986
34 20 0.003650 0.000326 0.003370
35 20 0.001602 0.000138 0.001563
36 20 0.000607 0.000051 0.000620
37 20 0.000202 0.000016 0.000215
38 20 0.000060 0.000005 0.000066
39 20 0.000016 0.000001 0.000018
40 20 0.000004 0.000000 0.000005
41 20 0.000001 0.000000 0.000001
42 20 0.000000 0.000000 0.000000
43 20 0.000000 0.000000 0.000000
44 20 0.000000 0.000000 0.000000
45 20 0.000000 0.000000 0.000000
46 20 0.000000 0.000000 0.000000
47 20 0.000000 0.000000 0.000000
48 20 0.000000 0.000000 0.000000
49 20 0.000000 0.000000 0.000000

0 21 0.000000 0.000000 0.000000
1 21 -0.080173 -0.025034 -0.010019
2 21 -0.152676 -0.004098 -0.054655
3 21 -0.066112 0.063305 -0.061121
4 21 0.143346 0.093355 0.042475
5 21 0.169834 0.034800 0.119629
6 21 -0.045366 -0.035600 0.019836
7 21 -0.157016 -0.034426 -0.098500
8 21 -0.007071 0.016319 -0.049488
9 21 0.140008 0.031286 0.082720
10 21 0.015703 -0.002771 0.058563
11 21 -0.116998 -0.016666 -0.066073
12 21 -0.019929 0.000943 -0.052699
13 21 0.104944 0.010497 0.052171
14 21 0.036082 -0.000392 0.060047
15 21 -0.105655 -0.009912 -0.044732
16 21 -0.041127 0.000587 -0.063455
17 21 0.101937 0.010462 0.046296
18 21 0.032495 0.000378 0.058085
19 21 -0.088217 -0.008286 -0.042695
20 21 -0.025525 -0.000472 -0.046598
21 21 0.067375 0.006203 0.033660
22 21 0.024339 0.001163 0.037857
23 21 -0.046451 -0.004012 -0.020207
24 21 -0.028689 -0.001648 -0.031438
25 21 0.023663 0.002309 0.005737
26 21 0.029610 0.002138 0.024474
27 21 -0.002066 -0.000462 0.007473
28 21 -0.023589 -0.001820 -0.013377
29 21 -0.018671 -0.001183 -0.015909
30 21 -0.002484 0.000073 -0.005477
31 21 0.008701 0.000807 0.004496
32 21 0.011029 0.000873 0.008117
33 21 0.008325 0.000616 0.006943
34 21 0.004775 0.000338 0.004309
35 21 0.002252 0.000154 0.002156
36 21 0.000908 0.000060 0.000913
37 21 0.000320 0.000021 0.000336
38 21 0.000100 0.000006 0.000109
39 21 0.000028 0.000002 0.000032
40 21 0.000007 0.000000 0.000008
41 21 0.000002 0.000000 0.000002
42 21 0.000000 0.000000 0.000000
43 21 0.000000 0.000000 0.000000
44 21 0.000000 0.000000 0.000000
45 21 0.000000 0.000000 0.000000
46 21 0.000000 0.000000 0.000000
47 21 0.000000 0.000000 0.000000
48 21 0.000000 0.000000 0.000000
49 21 0.000000 0.000000 0.000000

0 22 0.000000 0.000000 0.000000
1 22 0.072112 -0.039132 0.045147
2 22 -0.092202 -0.095018 0.015732
3 22 -0.241698 -0.061364 -0.112088
4 22 -0.076021 0.027491 -0.088271
5 22 0.165098 0.059603 0.082219
6 22 0.097811 0.012200 0.110278
7 22 -0.116772 -0.025771 -0.038198
8 22 -0.094689 -0.008875 -0.096372
9 22 0.102548 0.015853 0.028576
10 22 0.089993 0.007234 0.092042
11 22 -0.082045 -0.014224 -0.018074
12 22 -0.089705 -0.007876 -0.078461
13 22 0.057074 0.013159 0.006162
14 22 0.093069 0.010068 0.076910
15 22 -0.055016 -0.008256 0.001940
16 22 -0.090625 -0.007434 -0.077183
17 22 0.062336 0.006134 0.004116
18 22 0.077269 0.005011 0.073096
19 22 -0.060913 -0.004575 -0.008967
20 22 -0.061931 -0.003184 -0.060527
21 22 0.047398 0.003472 0.008424
22 22 0.049709 0.002589 0.047348
23 22 -0.029425 -0.002031 -0.001429
24 22 -0.042707 -0.002143 -0.034878
25 22 0.008394 0.000851 -0.007728
26 22 0.033193 0.001848 0.022287
27 22 0.009586 0.000329 0.015327
28 22 -0.018877 -0.001102 -0.007641
29 22 -0.022336 -0.001091 -0.016904
30 22 -0.008072 -0.000255 -0.009551
31 22 0.005704 0.000433 0.001571
32 22 0.010878 0.000633 0.007452
33 22 0.009450 0.000508 0.007608
34 22 0.005929 0.000305 0.005222
35 22 0.002998 0.000149 0.002817
36 22 0.001282 0.000062 0.001269
37 22 0.000476 0.000022 0.000493
38 22 0.000156 0.000007 0.000168
39 22 0.000046 0.000002 0.000051
40 22 0.000012 0.000001 0.000014
41 22 0.000003 0.000000 0.000004
42 22 0.000001 0.000000 0.000001
43 22 0.000000 0.000000 0.000000
44 22 0.000000 0.000000 0.000000
45 22 0.000000 0.000000 0.000000
46 22 0.000000 0.000000 0.000000
47 22 0.000000 0.000000 0.000000
48 22 0.000000 0.000000 0.000000
49 22 0.000000 0.000000 0.000000

0 23 0.000000 0.000000 0.000000
1 23 0.279609 0.125654 -0.094929
2 23 0.240197 0.017870 0.156378
3 23 -0.105672 -0.058493 -0.005825
4 23 -0.196435 -0.031636 -0.148263
5 23 0.060036 0.018959 -0.016600
6 23 0.153758 0.019747 0.122948
7 23 -0.039470 -0.007621 0.032085
8 23 -0.142859 -0.012266 -0.096143
9 23 0.027562 0.007809 -0.030947
10 23 0.124347 0.010894 0.091468
11 23 -0.030146 -0.000819 0.028047
12 23 -0.105610 -0.002971 -0.074777
13 23 0.021740 0.000459 -0.026624
14 23 0.107171 0.001138 0.069032
15 23 -0.014106 -0.001864 0.034559
16 23 -0.110787 -0.002476 -0.069449
17 23 0.017547 0.002420 -0.031373
18 23 0.100311 0.003408 0.069121
19 23 -0.022160 -0.001696 0.023773
20 23 -0.082104 -0.002795 -0.059224
21 23 0.017625 0.001156 -0.017393
22 23 0.063168 0.002186 0.045856
23 23 -0.006879 -0.000474 0.017057
24 23 -0.048033 -0.001568 -0.031128
25 23 -0.008178 -0.000051 -0.019464
26 23 0.031028 0.001096 0.016180
27 23 0.019500 0.000551 0.020592
28 23 -0.011873 -0.000452 -0.000945
29 23 -0.023666 -0.000725 -0.015939
30 23 -0.013157 -0.000326 -0.012803
31 23 0.002048 0.000148 -0.001658
32 23 0.010007 0.000360 0.006204
33 23 0.010232 0.000335 0.007919
34 23 0.007036 0.000220 0.006042
35 23 0.003806 0.000115 0.003508
36 23 0.001721 0.000051 0.001676
37 23 0.000671 0.000019 0.000685
38 23 0.000231 0.000007 0.000245
39 23 0.000071 0.000002 0.000078
40 23 0.000020 0.000001 0.000022
41 23 0.000005 0.000000 0.000006
42 23 0.000001 0.000000 0.000001
43 23 0.000000 0.000000 0.000000
44 23 0.000000 0.000000 0.000000
45 23 0.000000 0.000000 0.000000
46 23 0.000000 0.000000 0.000000
47 23 0.000000 0.000000 0.000000
48 23 0.000000 0.000000 0.000000
49 23 0.000000 0.000000 0.000000

0 24 0.000000 0.000000 0.000000
1 24 -0.016362 0.308533 0.426550
2 24 0.308136 0.110478 0.362316
3 24 0.044866 0.016340 0.157486
4 24 -0.200177 -0.008874 -0.104896
5 24 -0.032177 0.002542 -0.079310
6 24 0.159274 0.009902 0.096843
7 24 0.032393 0.001644 0.078989
8 24 -0.138098 -0.002392 -0.071429
9 24 -0.026072 -0.000334 -0.067089
10 24 0.127922 0.002053 0.069724
11 24 0.027718 -0.001183 0.062182
12 24 -0.104956 -0.006523 -0.054344
13 24 -0.039073 -0.001185 -0.057432
14 24 0.093881 0.006170 0.044591
15 24 0.041362 0.002592 0.062392
16 24 -0.099095 -0.003060 -0.044462
17 24 -0.031144 -0.001426 -0.058674
18 24 0.097609 0.001542 0.049601
19 24 0.018422 0.000452 0.049357
20 24 -0.084214 -0.000994 -0.045789
21 24 -0.013696 -0.000088 -0.038245
22 24 0.064384 0.000762 0.035898
23 24 0.015814 0.000121 0.031707
24 24 -0.045381 -0.000512 -0.022264
25 24 -0.023051 -0.000194 -0.027754
26 24 0.024469 0.000304 0.007841
27 24 0.026582 0.000272 0.022931
28 24 -0.003802 -0.000065 0.005667
29 24 -0.022830 -0.000240 -0.013405
30 24 -0.017298 -0.000157 -0.014988
31 24 -0.001899 0.000008 -0.004864
32 24 0.008519 0.000106 0.004514
33 24 0.010622 0.000118 0.007863
34 24 0.008027 0.000084 0.006714
35 24 0.004637 0.000047 0.004191
36 24 0.002210 0.000022 0.002118
37 24 0.000903 0.000009 0.000908
38 24 0.000323 0.000003 0.000339
39 24 0.000103 0.000001 0.000112
40 24 0.000030 0.000000 0.000033
41 24 0.000008 0.000000 0.000009
42 24 0.000002 0.000000 0.000002
43 24 0.000000 0.000000 0.000000
44 24 0.000000 0.000000 0.000000
45 24 0.000000 0.000000 0.000000
46 24 0.000000 0.000000 0.000000
47 24 0.000000 0.000000 0.000000
48 24 0.000000 0.000000 0.000000
49 24 0.000000 0.000000 0.000000

0 25 0.000000 0.000000 0.000000
1 25 0.114332 -0.262470 -0.193642
2 25 0.309597 -0.112431 0.147378
3 25 0.091842 -0.026753 0.124462
4 25 -0.187288 0.007212 -0.089853
5 25 -0.080972 0.001700 -0.107397
6 25 0.145544 -0.009297 0.069549
7 25 0.076756 -0.004067 0.099136
8 25 -0.118935 0.001608 -0.043006
9 25 -0.077751 -0.000065 -0.087823
10 25 0.106871 -0.002480 0.041341
11 25 0.061449 -0.001103 0.080846
12 25 -0.096897 0.005479 -0.034391
13 25 -0.062074 0.004821 -0.069951
14 25 0.087271 -0.003720 0.026541
15 25 0.071969 -0.004611 0.073787
16 25 -0.086167 0.001317 -0.022299
17 25 -0.068047 0.002183 -0.073130
18 25 0.084277 -0.000867 0.026901
19 25 0.053062 -0.000865 0.065192
20 25 -0.074234 0.000802 -0.026929
21 25 -0.041178 0.000409 -0.051956
22 25 0.056285 -0.000680 0.021372
23 25 0.035154 -0.000354 0.041095
24 25 -0.036900 0.000430 -0.010808
25 25 -0.034500 0.000333 -0.032124
26 25 0.015269 -0.000208 -0.001121
27 25 0.030535 -0.000325 0.022625
28 25 0.004260 -0.000024 0.011442
29 25 -0.020273 0.000217 -0.009841
30 25 -0.020281 0.000193 -0.016070
31 25 -0.005801 0.000035 -0.007785
32 25 0.006574 -0.000087 0.002552
33 25 0.010626 -0.000119 0.007474
34 25 0.008857 -0.000094 0.007208
35 25 0.005452 -0.000056 0.004831
36 25 0.002731 -0.000027 0.002575
37 25 0.001163 -0.000011 0.001154
38 25 0.000432 -0.000004 0.000447
39 25 0.000142 -0.000001 0.000153
40 25 0.000042 -0.000000 0.000047
41 25 0.000011 -0.000000 0.000013
42 25 0.000003 -0.000000 0.000003
43 25 0.000001 -0.000000 0.000001
44 25 0.000000 -0.000000 0.000000
45 25 0.000000 -0.000000 0.000000
46 25 0.000000 -0.000000 0.000000
47 25 0.000000 -0.000000 0.000000
48 25 0.000000 -0.000000 0.000000
49 25 0.000000 0.000000 0.000000

0 26 0.000000 0.000000 0.000000
1 26 0.136024 -0.162417 -0.054092
2 26 0.220370 -0.135319 0.081228
3 26 0.024393 -0.026183 0.058876
4 26 -0.202004 0.036441 -0.096651
5 26 -0.099132 0.014167 -0.106387
6 26 0.132294 -0.018579 0.056992
7 26 0.098150 -0.011024 0.105339
8 26 -0.105052 0.011181 -0.026074
9 26 -0.100295 0.010041 -0.094919
10 26 0.092650 -0.007074 0.021531
11 26 0.090486 -0.005305 0.088162
12 26 -0.066860 0.003737 -0.011764
13 26 -0.081367 -0.000497 -0.072681
14 26 0.050089 -0.005368 0.001544
15 26 0.086010 -0.000977 0.072456
16 26 -0.053816 0.004923 0.003429
17 26 -0.087320 0.002541 -0.074373
18 26 0.059803 -0.003763 0.002740
19 26 0.075788 -0.002732 0.070405
20 26 -0.056321 0.002472 -0.006674
21 26 -0.061270 0.002017 -0.058113
22 26 0.042483 -0.001705 0.005601
23 26 0.049342 -0.001627 0.045242
24 26 -0.025128 0.000914 0.001062
25 26 -0.041967 0.001289 -0.032979
26 26 0.005083 -0.000289 -0.009497
27 26 0.031652 -0.001034 0.020316
28 26 0.011548 -0.000317 0.015980
29 26 -0.016567 0.000541 -0.005792
30 26 -0.022095 0.000648 -0.016176
31 26 -0.009398 0.000222 -0.010255
32 26 0.004359 -0.000193 0.000492
33 26 0.010292 -0.000349 0.006820
34 26 0.009501 -0.000304 0.007517
35 26 0.006217 -0.000193 0.005401
36 26 0.003260 -0.000099 0.003026
37 26 0.001443 -0.000043 0.001411
38 26 0.000554 -0.000016 0.000567
39 26 0.000188 -0.000005 0.000200
40 26 0.000057 -0.000002 0.000063
41 26 0.000016 -0.000000 0.000018
42 26 0.000004 -0.000000 0.000005
43 26 0.000001 -0.000000 0.000001
44 26 0.000000 -0.000000 0.000000
45 26 0.000000 -0.000000 0.000000
46 26 0.000000 -0.000000 0.000000
47 26 0.000000 -0.000000 0.000000
48 26 0.000000 -0.000000 0.000000
49 26 0.000000 0.000000 0.000000

0 27 0.000000 0.000000 0.000000
1 27 0.077359 -0.089511 0.008215
2 27 0.077756 -0.071027 0.045875
3 27 -0.081283 0.024671 0.002374
4 27 -0.203942 0.069631 -0.096332
5 27 -0.069843 0.021647 -0.078977
6 27 0.147810 -0.033013 0.065367
7 27 0.104952 -0.023216 0.102371
8 27 -0.093604 0.013929 -0.022578
9 27 -0.107822 0.011840 -0.093782
10 27 0.074479 -0.012517 0.007299
11 27 0.103881 -0.013749 0.089826
12 27 -0.060157 0.004415 0.001541
13 27 -0.103780 0.012257 -0.077622
14 27 0.036944 -0.000138 -0.012352
15 27 0.107240 -0.009251 0.074385
16 27 -0.029358 0.000318 0.021825
17 27 -0.104936 0.006498 -0.073853
18 27 0.033976 -0.002273 -0.017914
19 27 0.091681 -0.005441 0.070376
20 27 -0.035161 0.002337 0.011970
21 27 -0.074629 0.004121 -0.058907
22 27 0.026170 -0.001825 -0.009204
23 27 0.058380 -0.003263 0.045309
24 27 -0.012239 0.000785 0.011908
25 27 -0.045784 0.002397 -0.031224
26 27 -0.004831 0.000078 -0.016588
27 27 0.030576 -0.001684 0.016764
28 27 0.017642 -0.000874 0.019192
29 27 -0.012281 0.000675 -0.001718
30 27 -0.022882 0.001134 -0.015530
31 27 -0.012526 0.000544 -0.012204
32 27 0.002055 -0.000199 -0.001517
33 27 0.009697 -0.000553 0.005987
34 27 0.009957 -0.000532 0.007654
35 27 0.006905 -0.000358 0.005883
36 27 0.003777 -0.000192 0.003451
37 27 0.001730 -0.000086 0.001669
38 27 0.000685 -0.000034 0.000692
39 27 0.000239 -0.000012 0.000251
40 27 0.000075 -0.000004 0.000081
41 27 0.000021 -0.000001 0.000024
42 27 0.000005 -0.000000 0.000006
43 27 0.000001 -0.000000 0.000002
44 27 0.000000 -0.000000 0.000000
45 27 0.000000 -0.000000 0.000000
46 27 0.000000 -0.000000 0.000000
47 27 0.000000 -0.000000 0.000000
48 27 0.000000 -0.000000 0.000000
49 27 0.000000 0.000000 0.000000

0 28 0.000000 0.000000 0.000000
1 28 0.004326 -0.023754 0.016497
2 28 -0.039973 0.008332 0.013709
3 28 -0.137759 0.072030 -0.029517
4 28 -0.156744 0.076153 -0.075923
5 28 0.001650 0.003658 -0.033302
6 28 0.164417 -0.054676 0.080171
7 28 0.083522 -0.029348 0.085614
8 28 -0.105531 0.020529 -0.032743
9 28 -0.116692 0.022694 -0.093104
10 28 0.068947 -0.010807 0.004340
11 28 0.110241 -0.017308 0.090447
12 28 -0.049872 0.009803 0.007238
13 28 -0.095340 0.014421 -0.073515
14 28 0.029289 -0.008724 -0.017352
15 28 0.100086 -0.015012 0.066614
16 28 -0.016392 0.003973 0.030160
17 28 -0.106740 0.012212 -0.066977
18 28 0.015219 -0.002427 -0.031056
19 28 0.098793 -0.009510 0.065918
20 28 -0.016263 0.001580 0.026248
21 28 -0.082043 0.006743 -0.056176
22 28 0.010372 -0.001146 -0.021474
23 28 0.063169 -0.005037 0.042757
24 28 0.000090 0.000070 0.020925
25 28 -0.046795 0.003462 -0.027906
26 28 -0.013676 0.000821 -0.022137
27 28 0.028075 -0.002173 0.012676
28 28 0.022417 -0.001603 0.021209
29 28 -0.007900 0.000612 0.002052
30 28 -0.022878 0.001596 -0.014394
31 28 -0.015115 0.000962 -0.013641
32 28 -0.000183 -0.000109 -0.003362
33 28 0.008936 -0.000718 0.005067
34 28 0.010245 -0.000767 0.007652
35 28 0.007501 -0.000545 0.006272
36 28 0.004262 -0.000304 0.003835
37 28 0.002012 -0.000142 0.001916
38 28 0.000818 -0.000057 0.000816
39 28 0.000292 -0.000020 0.000304
40 28 0.000093 -0.000006 0.000100
41 28 0.000027 -0.000002 0.000030
42 28 0.000007 -0.000000 0.000008
43 28 0.000002 -0.000000 0.000002
44 28 0.000000 -0.000000 0.000000
45 28 0.000000 -0.000000 0.000000
46 28 0.000000 -0.000000 0.000000
47 28 0.000000 -0.000000 0.000000
48 28 0.000000 -0.000000 0.000000
49 28 0.000000 0.000000 0.000000

0 29 0.000000 0.000000 0.000000
1 29 -0.032211 0.016390 -0.000758
2 29 -0.074763 0.049907 -0.010948
3 29 -0.106936 0.074986 -0.035038
4 29 -0.055502 0.043208 -0.040348
5 29 0.084586 -0.034011 0.012238
6 29 0.162611 -0.068792 0.082398
7 29 0.040984 -0.022523 0.055524
8 29 -0.125006 0.034890 -0.052345
9 29 -0.098050 0.028641 -0.084623
10 29 0.083428 -0.019068 0.014921
11 29 0.113761 -0.025785 0.088906
12 29 -0.044364 0.005274 0.008201
13 29 -0.104428 0.014480 -0.073627
14 29 0.008881 -0.002403 -0.025395
15 29 0.100611 -0.012019 0.062071
16 29 0.005912 0.001165 0.040271
17 29 -0.104876 0.011968 -0.059710
18 29 -0.004695 -0.001225 -0.042255
19 29 0.099959 -0.011543 0.059522
20 29 0.000872 0.000368 0.037348
21 29 -0.084838 0.008926 -0.051578
22 29 -0.003655 0.000024 -0.031055
23 29 0.064863 -0.006667 0.038889
24 29 0.010897 -0.001059 0.027932
25 29 -0.045981 0.004370 -0.023958
26 29 -0.021074 0.001823 -0.026214
27 29 0.024885 -0.002468 0.008617
28 29 0.025969 -0.002420 0.022293
29 29 -0.003789 0.000377 0.005318
30 29 -0.022353 0.002003 -0.013025
31 29 -0.017169 0.001441 -0.014632
32 29 -0.002232 0.000061 -0.004968
33 29 0.008105 -0.000841 0.004146
34 29 0.010399 -0.001000 0.007549
35 29 0.007999 -0.000748 0.006568
36 29 0.004698 -0.000432 0.004167
37 29 0.002277 -0.000207 0.002141
38 29 0.000946 -0.000085 0.000933
39 29 0.000345 -0.000031 0.000355
40 29 0.000112 -0.000010 0.000119
41 29 0.000033 -0.000003 0.000036
42 29 0.000009 -0.000001 0.000010
43 29 0.000002 -0.000000 0.000002
44 29 0.000000 -0.000000 0.000001
45 29 0.000000 -0.000000 0.000000
46 29 0.000000 -0.000000 0.000000
47 29 0.000000 -0.000000 0.000000
48 29 0.000000 -0.000000 0.000000
49 29 0.000000 0.000000 0.000000

0 30 0.000000 0.000000 0.000000
1 30 -0.022215 0.020530 -0.014846
2 30 -0.033787 0.036331 -0.018239
3 30 -0.018720 0.029304 -0.021576
4 30 0.051673 -0.017584 -0.003747
5 30 0.129258 -0.070956 0.037593
6 30 0.121283 -0.068331 0.064168
7 30 -0.026772 -0.002886 0.014404
8 30 -0.140276 0.048155 -0.070188
9 30 -0.067763 0.023404 -0.065263
10 30 0.094200 -0.027770 0.029799
11 30 0.103659 -0.029371 0.084440
12 30 -0.061427 0.011006 -0.000552
13 30 -0.110933 0.027245 -0.077853
14 30 0.022149 -0.000498 -0.020314
15 30 0.111220 -0.022755 0.065982
16 30 0.007649 -0.004251 0.040707
17 30 -0.110752 0.017280 -0.059083
18 30 -0.015974 0.002868 -0.047879
19 30 0.102522 -0.014450 0.055909
20 30 0.013964 -0.002176 0.044892
21 30 -0.086265 0.010953 -0.047565
22 30 -0.015094 0.001755 -0.038094
23 30 0.065055 -0.008091 0.035031
24 30 0.019762 -0.002482 0.033116
25 30 -0.044342 0.005096 -0.020160
26 30 -0.026967 0.002980 -0.029079
27 30 0.021634 -0.002589 0.004994
28 30 0.028515 -0.003265 0.022752
29 30 -0.000197 0.000015 0.007989
30 30 -0.021574 0.002347 -0.011644
31 30 -0.018740 0.001951 -0.015272
32 30 -0.004007 0.000291 -0.006296
33 30 0.007296 -0.000927 0.003297
34 30 0.010458 -0.001226 0.007389
35 30 0.008400 -0.000959 0.006782
36 30 0.005073 -0.000571 0.004439
37 30 0.002513 -0.000280 0.002334
38 30 0.001063 -0.000118 0.001037
39 30 0.000394 -0.000043 0.000401
40 30 0.000130 -0.000014 0.000137
41 30 0.000038 -0.000004 0.000042
42 30 0.000010 -0.000001 0.000012
43 30 0.000003 -0.000000 0.000003
44 30 0.000001 -0.000000 0.000001
45 30 0.000000 -0.000000 0.000000
46 30 0.000000 -0.000000 0.000000
47 30 0.000000 -0.000000 0.000000
48 30 0.000000 -0.000000 0.000000
49 30 0.000000 0.000000 0.000000

0 31 0.000000 0.000000 0.000000
1 31 0.004543 0.002860 -0.013263
2 31 0.019097 -0.002859 -0.010205
3 31 0.048575 -0.024613 -0.002836
4 31 0.090484 -0.059246 0.016808
5 31 0.096714 -0.072212 0.035042
6 31 0.029709 -0.034998 0.028550
7 31 -0.099454 0.034726 -0.025709
8 31 -0.134132 0.059582 -0.072344
9 31 -0.022432 0.015739 -0.035922
10 31 0.116101 -0.035878 0.049023
11 31 0.088316 -0.029454 0.076125
12 31 -0.076570 0.019277 -0.016266
13 31 -0.094699 0.026657 -0.075331
14 31 0.036089 -0.011339 -0.008934
15 31 0.097796 -0.026113 0.062942
16 31 -0.000895 0.001483 0.033825
17 31 -0.105461 0.022179 -0.056099
18 31 -0.016941 0.002487 -0.047143
19 31 0.102081 -0.018232 0.052928
20 31 0.020727 -0.003825 0.048196
21 31 -0.086890 0.013308 -0.044652
22 31 -0.022981 0.003522 -0.042542
23 31 0.064894 -0.009492 0.032015
24 31 0.026438 -0.004026 0.036709
25 31 -0.042724 0.005715 -0.017079
26 31 -0.031450 0.004203 -0.031043
27 31 0.018814 -0.002598 0.002075
28 31 0.030322 -0.004104 0.022881
29 31 0.002725 -0.000418 0.010046
30 31 -0.020778 0.002642 -0.010429
31 31 -0.019909 0.002468 -0.015664
32 31 -0.005452 0.000556 -0.007332
33 31 0.006586 -0.000985 0.002578
34 31 0.010464 -0.001442 0.007213
35 31 0.008710 -0.001173 0.006924
36 31 0.005379 -0.000716 0.004647
37 31 0.002709 -0.000358 0.002488
38 31 0.001163 -0.000153 0.001122
39 31 0.000436 -0.000057 0.000439
40 31 0.000145 -0.000019 0.000152
41 31 0.000043 -0.000006 0.000047
42 31 0.000012 -0.000002 0.000013
43 31 0.000003 -0.000000 0.000003
44 31 0.000001 -0.000000 0.000001
45 31 0.000000 -0.000000 0.000000
46 31 0.000000 -0.000000 0.000000
47 31 0.000000 -0.000000 0.000000
48 31 0.000000 -0.000000 0.000000
49 31 0.000000 0.000000 0.000000

0 32 0.000000 0.000000 0.000000
1 32 0.016942 -0.011480 -0.002692
2 32 0.035612 -0.025793 0.001197
3 32 0.050914 -0.042469 0.007945
4 32 0.052635 -0.050243 0.016200
5 32 0.015354 -0.031012 0.014565
6 32 -0.058387 0.018674 -0.007735
7 32 -0.121947 0.063270 -0.044474
8 32 -0.082136 0.050476 -0.052614
9 32 0.047831 -0.009734 0.001948
10 32 0.132788 -0.053147 0.064730
11 32 0.052468 -0.026752 0.055287
12 32 -0.097604 0.025768 -0.035809
13 32 -0.088625 0.025557 -0.071495
14 32 0.039996 -0.009938 0.000403
15 32 0.095179 -0.022344 0.063006
16 32 0.001109 0.000793 0.030426
17 32 -0.102087 0.020884 -0.055276
18 32 -0.019590 0.002727 -0.046689
19 32 0.100914 -0.019621 0.051471
20 32 0.024625 -0.004868 0.049714
21 32 -0.087313 0.015195 -0.043191
22 32 -0.027789 0.004995 -0.045124
23 32 0.065081 -0.010852 0.030287
24 32 0.030974 -0.005505 0.039053
25 32 -0.041741 0.006321 -0.015072
26 32 -0.034688 0.005421 -0.032398
27 32 0.016786 -0.002578 0.000022
28 32 0.031642 -0.004929 0.022930
29 32 0.004890 -0.000870 0.011506
30 32 -0.020156 0.002914 -0.009512
31 32 -0.020757 0.002980 -0.015904
32 32 -0.006534 0.000831 -0.008074
33 32 0.006039 -0.001032 0.002034
34 32 0.010456 -0.001651 0.007057
35 32 0.008938 -0.001385 0.007009
36 32 0.005609 -0.000861 0.004790
37 32 0.002859 -0.000436 0.002598
38 32 0.001239 -0.000188 0.001183
39 32 0.000469 -0.000071 0.000467
40 32 0.000157 -0.000024 0.000163
41 32 0.000047 -0.000007 0.000051
42 32 0.000013 -0.000002 0.000014
43 32 0.000003 -0.000000 0.000004
44 32 0.000001 -0.000000 0.000001
45 32 0.000000 -0.000000 0.000000
46 32 0.000000 -0.000000 0.000000
47 32 0.000000 -0.000000 0.000000
48 32 0.000000 -0.000000 0.000000
49 32 0.000000 0.000000 0.000000

0 33 0.000000 0.000000 0.000000
1 33 0.008607 -0.010796 0.004716
2 33 0.014604 -0.019450 0.006117
3 33 0.007441 -0.021082 0.006517
4 33 -0.011780 -0.009394 0.004167
5 33 -0.054413 0.019426 -0.006799
6 33 -0.089288 0.052368 -0.025929
7 33 -0.084355 0.056983 -0.036377
8 33 -0.003351 0.015703 -0.019297
9 33 0.101080 -0.043244 0.034902
10 33 0.106203 -0.056181 0.060676
11 33 -0.005270 -0.007424 0.022594
12 33 -0.120462 0.040632 -0.053850
13 33 -0.069899 0.029799 -0.062458
14 33 0.072527 -0.015653 0.020132
15 33 0.100982 -0.031914 0.068231
16 33 -0.017729 -0.000719 0.018044
17 33 -0.110218 0.026619 -0.061975
18 33 -0.012961 0.005027 -0.041596
19 33 0.105694 -0.022788 0.055185
20 33 0.023813 -0.006519 0.048703
21 33 -0.090097 0.017392 -0.044714
22 33 -0.029432 0.006400 -0.046037
23 33 0.066582 -0.012342 0.030455
24 33 0.033436 -0.006865 0.040397
25 33 -0.041898 0.007032 -0.014425
26 33 -0.036826 0.006594 -0.033372
27 33 0.015817 -0.002623 -0.001056
28 33 0.032675 -0.005746 0.023082
29 33 0.006242 -0.001283 0.012394
30 33 -0.019854 0.003200 -0.008987
31 33 -0.021353 0.003479 -0.016062
32 33 -0.007231 0.001090 -0.008530
33 33 0.005703 -0.001084 0.001694
34 33 0.010463 -0.001858 0.006947
35 33 0.009090 -0.001590 0.007045
36 33 0.005758 -0.001001 0.004866
37 33 0.002955 -0.000512 0.002658
38 33 0.001288 -0.000222 0.001218
39 33 0.000489 -0.000084 0.000483
40 33 0.000165 -0.000028 0.000169
41 33 0.000050 -0.000009 0.000053
42 33 0.000014 -0.000002 0.000015
43 33 0.000003 -0.000001 0.000004
44 33 0.000001 -0.000000 0.000001
45 33 0.000000 -0.000000 0.000000
46 33 0.000000 -0.000000 0.000000
47 33 0.000000 -0.000000 0.000000
48 33 0.000000 -0.000000 0.000000
49 33 0.000000 0.000000 0.000000

0 34 0.000000 0.000000 0.000000
1 34 -0.006690 -0.000125 0.003119
2 34 -0.015185 0.002468 0.002325
3 34 -0.032549 0.012201 -0.001784
4 34 -0.048863 0.027057 -0.006844
5 34 -0.068128 0.045147 -0.016363
6 34 -0.055045 0.047475 -0.021281
7 34 -0.012253 0.023011 -0.012900
8 34 0.067202 -0.025271 0.012784
9 34 0.108963 -0.058844 0.047589
10 34 0.051297 -0.036432 0.037239
11 34 -0.056250 0.018358 -0.009901
12 34 -0.119008 0.049752 -0.062207
13 34 -0.020509 0.016941 -0.039760
14 34 0.103575 -0.035381 0.043969
15 34 0.073616 -0.033188 0.060347
16 34 -0.051230 0.012796 -0.004197
17 34 -0.103438 0.032964 -0.063645
18 34 0.007902 0.000077 -0.028160
19 34 0.108006 -0.028083 0.059614
20 34 0.014519 -0.005819 0.042815
21 34 -0.094031 0.020759 -0.048511
22 34 -0.026559 0.007073 -0.044483
23 34 0.069646 -0.014352 0.032677
24 34 0.033498 -0.007943 0.040617
25 34 -0.043520 0.008028 -0.015330
26 34 -0.037868 0.007677 -0.034035
27 34 0.016105 -0.002838 -0.001069
28 34 0.033535 -0.006570 0.023441
29 34 0.006729 -0.001604 0.012715
30 34 -0.019970 0.003539 -0.008911
31 34 -0.021737 0.003961 -0.016184
32 34 -0.007526 0.001307 -0.008701
33 34 0.005609 -0.001161 0.001575
34 34 0.010506 -0.002065 0.006899
35 34 0.009172 -0.001786 0.007041
36 34 0.005824 -0.001130 0.004876
37 34 0.002994 -0.000580 0.002669
38 34 0.001307 -0.000253 0.001224
39 34 0.000497 -0.000096 0.000486
40 34 0.000168 -0.000032 0.000170
41 34 0.000051 -0.000010 0.000053
42 34 0.000014 -0.000003 0.000015
43 34 0.000003 -0.000001 0.000004
44 34 0.000001 -0.000000 0.000001
45 34 0.000000 -0.000000 0.000000
46 34 0.000000 -0.000000 0.000000
47 34 0.000000 -0.000000 0.000000
48 34 0.000000 -0.000000 0.000000
49 34 0.000000 0.000000 0.000000

0 35 0.000000 0.000000 0.000000
1 35 -0.011261 0.007769 -0.003312
2 35 -0.021502 0.016163 -0.004370
3 35 -0.030793 0.025408 -0.007556
4 35 -0.030800 0.031161 -0.009333
5 35 -0.020749 0.029536 -0.010885
6 35 0.015096 0.009722 -0.004084
7 35 0.057493 -0.021966 0.010230
8 35 0.095473 -0.053900 0.028827
9 35 0.070613 -0.050566 0.035903
10 35 -0.013736 -0.007296 0.005502
11 35 -0.092996 0.039127 -0.034816
12 35 -0.092331 0.045439 -0.055967
13 35 0.030091 -0.005205 -0.008815
14 35 0.104230 -0.042647 0.056594
15 35 0.036256 -0.018300 0.041991
16 35 -0.065696 0.023485 -0.021012
17 35 -0.084490 0.028486 -0.058205
18 35 0.025944 -0.007725 -0.014217
19 35 0.103757 -0.029801 0.061669
20 35 0.001065 -0.002325 0.034036
21 35 -0.096602 0.023853 -0.052979
22 35 -0.019360 0.006324 -0.040448
23 35 0.073606 -0.016789 0.036549
24 35 0.030838 -0.008440 0.039498
25 35 -0.046608 0.009435 -0.017801
26 35 -0.037666 0.008581 -0.034312
27 35 0.017766 -0.003336 0.000053
28 35 0.034220 -0.007403 0.024023
29 35 0.006289 -0.001771 0.012444
30 35 -0.020549 0.003969 -0.009311
31 35 -0.021913 0.004417 -0.016279
32 35 -0.007402 0.001457 -0.008583
33 35 0.005775 -0.001281 0.001686
34 35 0.010589 -0.002279 0.006917
35 35 0.009182 -0.001969 0.006997
36 35 0.005805 -0.001244 0.004821
37 35 0.002974 -0.000638 0.002628
38 35 0.001294 -0.000278 0.001202
39 35 0.000491 -0.000105 0.000476
40 35 0.000165 -0.000035 0.000166
41 35 0.000050 -0.000011 0.000052
42 35 0.000014 -0.000003 0.000015
43 35 0.000003 -0.000001 0.000004
44 35 0.000001 -0.000000 0.000001
45 35 0.000000 -0.000000 0.000000
46 35 0.000000 -0.000000 0.000000
47 35 0.000000 -0.000000 0.000000
48 35 0.000000 -0.000000 0.000000
49 35 0.000000 0.000000 0.000000

0 36 0.000000 0.000000 0.000000
1 36 -0.002555 0.005252 -0.006312
2 36 -0.002150 0.009146 -0.006215
3 36 0.002109 0.009397 -0.005949
4 36 0.015585 0.003746 -0.003681
5 36 0.035019 -0.010237 0.001087
6 36 0.060293 -0.030919 0.009429
7 36 0.072358 -0.048366 0.019198
8 36 0.056148 -0.048260 0.021125
9 36 -0.003062 -0.016365 0.008980
10 36 -0.075950 0.029034 -0.023027
11 36 -0.099521 0.054034 -0.043964
12 36 -0.038547 0.030167 -0.032234
13 36 0.074120 -0.024559 0.021427
14 36 0.097287 -0.041330 0.058538
15 36 0.008819 -0.008635 0.022891
16 36 -0.078822 0.026022 -0.035279
17 36 -0.072337 0.025211 -0.053635
18 36 0.044547 -0.011879 0.000786
19 36 0.100750 -0.030494 0.064722
20 36 -0.015541 0.001365 0.022715
21 36 -0.098919 0.026518 -0.058597
22 36 -0.008153 0.004478 -0.033857
23 36 0.078147 -0.019490 0.041923
24 36 0.025181 -0.008187 0.036748
25 36 -0.051003 0.011298 -0.021796
26 36 -0.035942 0.009189 -0.033991
27 36 0.020838 -0.004211 0.002368
28 36 0.034611 -0.008225 0.024746
29 36 0.004845 -0.001715 0.011520
30 36 -0.021579 0.004522 -0.010180
31 36 -0.021843 0.004833 -0.016317
32 36 -0.006838 0.001512 -0.008164
33 36 0.006197 -0.001460 0.002023
34 36 0.010707 -0.002501 0.006996
35 36 0.009116 -0.002133 0.006910
36 36 0.005699 -0.001336 0.004700
37 36 0.002895 -0.000680 0.002538
38 36 0.001251 -0.000295 0.001152
39 36 0.000472 -0.000111 0.000453
40 36 0.000158 -0.000037 0.000157
41 36 0.000047 -0.000011 0.000049
42 36 0.000013 -0.000003 0.000014
43 36 0.000003 -0.000001 0.000004
44 36 0.000001 -0.000000 0.000001
45 36 0.000000 -0.000000 0.000000
46 36 0.000000 -0.000000 0.000000
47 36 0.000000 -0.000000 0.000000
48 36 0.000000 -0.000000 0.000000
49 36 0.000000 0.000000 0.000000

0 37 0.000000 0.000000 0.000000
1 37 0.006425 -0.002251 -0.003550
2 37 0.015551 -0.006158 -0.002390
3 37 0.023631 -0.012217 -0.000742
4 37 0.036934 -0.021524 0.002931
5 37 0.042366 -0.031281 0.006958
6 37 0.043967 -0.036949 0.010042
7 37 0.022832 -0.030887 0.010723
8 37 -0.017070 -0.006227 -0.000292
9 37 -0.063760 0.028961 -0.014366
10 37 -0.090914 0.055071 -0.034559
11 37 -0.048258 0.044672 -0.028851
12 37 0.035408 -0.001837 0.002081
13 37 0.105488 -0.044630 0.041686
14 37 0.074674 -0.039788 0.049062
15 37 -0.037231 0.004128 -0.003331
16 37 -0.099591 0.037652 -0.051275
17 37 -0.045388 0.024202 -0.041482
18 37 0.076170 -0.021501 0.023112
19 37 0.091983 -0.033008 0.064989
20 37 -0.041040 0.007767 0.005198
21 37 -0.098994 0.029891 -0.064045
22 37 0.008975 0.000974 -0.023094
23 37 0.082397 -0.022647 0.048285
24 37 0.015728 -0.006903 0.031598
25 37 -0.056300 0.013683 -0.027146
26 37 -0.032205 0.009334 -0.032655
27 37 0.025255 -0.005556 0.005902
28 37 0.034442 -0.008981 0.025416
29 37 0.002313 -0.001360 0.009853
30 37 -0.022979 0.005214 -0.011469
31 37 -0.021444 0.005182 -0.016233
32 37 -0.005819 0.001443 -0.007426
33 37 0.006855 -0.001709 0.002568
34 37 0.010835 -0.002729 0.007114
35 37 0.008964 -0.002273 0.006772
36 37 0.005505 -0.001403 0.004513
37 37 0.002760 -0.000706 0.002402
38 37 0.001179 -0.000303 0.001077
39 37 0.000440 -0.000113 0.000419
40 37 0.000146 -0.000038 0.000144
41 37 0.000044 -0.000011 0.000045
42 37 0.000012 -0.000003 0.000012
43 37 0.000003 -0.000001 0.000003
44 37 0.000001 -0.000000 0.000001
45 37 0.000000 -0.000000 0.000000
46 37 0.000000 -0.000000 0.000000
47 37 0.000000 -0.000000 0.000000
48 37 0.000000 -0.000000 0.000000
49 37 0.000000 0.000000 0.000000

0 38 0.000000 0.000000 0.000000
1 38 0.006153 -0.005381 0.000545
2 38 0.013214 -0.011340 0.001744
3 38 0.014939 -0.015592 0.001894
4 38 0.018122 -0.019672 0.004351
5 38 0.006507 -0.016907 0.003107
6 38 -0.004635 -0.008981 0.001796
7 38 -0.035422 0.010299 -0.004330
8 38 -0.056541 0.033385 -0.015398
9 38 -0.066075 0.048542 -0.020185
10 38 -0.041695 0.043322 -0.023909
11 38 0.031134 0.004960 0.000980
12 38 0.083495 -0.036590 0.026899
13 38 0.094177 -0.051018 0.042098
14 38 0.014671 -0.019489 0.023696
15 38 -0.089925 0.033395 -0.033835
16 38 -0.085945 0.047251 -0.052659
17 38 0.011454 0.007898 -0.012970
18 38 0.100601 -0.037015 0.043714
19 38 0.062728 -0.028720 0.053530
20 38 -0.070505 0.019697 -0.016615
21 38 -0.089119 0.031587 -0.064345
22 38 0.032172 -0.005637 -0.007463
23 38 0.083395 -0.025696 0.053659
24 38 0.001745 -0.003952 0.023187
25 38 -0.061390 0.016500 -0.033193
26 38 -0.025801 0.008721 -0.029694
27 38 0.030726 -0.007424 0.010554
28 38 0.033294 -0.009551 0.025706
29 38 -0.001359 -0.000622 0.007350
30 38 -0.024584 0.006038 -0.013071
31 38 -0.020595 0.005421 -0.015922
32 38 -0.004336 0.001223 -0.006353
33 38 0.007704 -0.002033 0.003289
34 38 0.010939 -0.002957 0.007242
35 38 0.008714 -0.002381 0.006571
36 38 0.005226 -0.001439 0.004263
37 38 0.002573 -0.000712 0.002225
38 38 0.001084 -0.000301 0.000983
39 38 0.000400 -0.000112 0.000377
40 38 0.000131 -0.000037 0.000128
41 38 0.000039 -0.000011 0.000039
42 38 0.000010 -0.000003 0.000011
43 38 0.000003 -0.000001 0.000003
44 38 0.000001 -0.000000 0.000001
45 38 0.000000 -0.000000 0.000000
46 38 0.000000 -0.000000 0.000000
47 38 0.000000 -0.000000 0.000000
48 38 0.000000 -0.000000 0.000000
49 38 0.000000 0.000000 0.000000

0 39 0.000000 0.000000 0.000000
1 39 -0.000623 -0.002473 0.001788
2 39 -0.002012 -0.004389 0.002249
3 39 -0.007447 -0.003305 0.000464
4 39 -0.013506 -0.000564 0.000974
5 39 -0.028629 0.008880 -0.004014
6 39 -0.036696 0.018438 -0.005534
7 39 -0.052975 0.032879 -0.012614
8 39 -0.041701 0.036302 -0.014597
9 39 -0.023843 0.028816 -0.010792
10 39 0.024032 0.002732 -0.002702
11 39 0.073658 -0.033534 0.022680
12 39 0.073108 -0.045649 0.028541
13 39 0.039283 -0.029406 0.023719
14 39 -0.052702 0.018728 -0.008537
15 39 -0.098566 0.054942 -0.049130
16 39 -0.027081 0.031791 -0.030304
17 39 0.062756 -0.018463 0.017805
18 39 0.094233 -0.041343 0.048765
19 39 0.021421 -0.012783 0.032545
20 39 -0.089292 0.031954 -0.034705
21 39 -0.066055 0.027966 -0.056634
22 39 0.057145 -0.014686 0.010931
23 39 0.077986 -0.026980 0.055709
24 39 -0.016143 0.001089 0.011448
25 39 -0.064464 0.019272 -0.038749
26 39 -0.016221 0.006986 -0.024526
27 39 0.036619 -0.009757 0.015992
28 39 0.030644 -0.009745 0.025181
29 39 -0.006132 0.000573 0.003963
30 39 -0.026130 0.006950 -0.014804
31 39 -0.019154 0.005488 -0.015258
32 39 -0.002407 0.000825 -0.004942
33 39 0.008675 -0.002428 0.004134
34 39 0.010972 -0.003171 0.007338
35 39 0.008352 -0.002449 0.006294
36 39 0.004866 -0.001440 0.003951
37 39 0.002344 -0.000698 0.002014
38 39 0.000969 -0.000290 0.000872
39 39 0.000352 -0.000106 0.000330
40 39 0.000114 -0.000034 0.000111
41 39 0.000033 -0.000010 0.000033
42 39 0.000009 -0.000003 0.000009
43 39 0.000002 -0.000001 0.000002
44 39 0.000000 -0.000000 0.000001
45 39 0.000000 -0.000000 0.000000
46 39 0.000000 -0.000000 0.000000
47 39 0.000000 -0.000000 0.000000
48 39 0.000000 -0.000000 0.000000
49 39 0.000000 0.000000 0.000000

0 40 0.000000 0.000000 0.000000
1 40 -0.005728 0.002005 -0.000092
2 40 -0.012650 0.004818 -0.000286
3 40 -0.019103 0.008713 -0.002344
4 40 -0.026530 0.013660 -0.002762
5 40 -0.032405 0.019704 -0.007033
6 40 -0.030747 0.021960 -0.006177
7 40 -0.026528 0.022214 -0.009613
8 40 0.000412 0.008615 -0.003254
9 40 0.021291 -0.008186 0.002437
10 40 0.056549 -0.033381 0.012919
11 40 0.057921 -0.044593 0.023968
12 40 0.022284 -0.028189 0.012248
13 40 -0.025488 0.003640 -0.001345
14 40 -0.087482 0.045055 -0.031555
15 40 -0.060853 0.046145 -0.041047
16 40 0.030542 0.001631 -0.000087
17 40 0.078095 -0.031813 0.033281
18 40 0.068694 -0.029655 0.040312
19 40 -0.013506 0.006072 0.011380
20 40 -0.093016 0.039096 -0.045587
21 40 -0.033349 0.019908 -0.042093
22 40 0.079935 -0.023578 0.029777
23 40 0.065090 -0.025139 0.053102
24 40 -0.036004 0.008031 -0.002896
25 40 -0.063450 0.021291 -0.042346
26 40 -0.003333 0.003869 -0.016753
27 40 0.041962 -0.012328 0.021621
28 40 0.025968 -0.009312 0.023359
29 40 -0.011801 0.002257 -0.000251
30 40 -0.027254 0.007858 -0.016405
31 40 -0.016982 0.005310 -0.014105
32 40 -0.000090 0.000237 -0.003219
33 40 0.009671 -0.002875 0.005030
34 40 0.010880 -0.003355 0.007358
35 40 0.007870 -0.002468 0.005930
36 40 0.004434 -0.001405 0.003586
37 40 0.002082 -0.000665 0.001778
38 40 0.000843 -0.000271 0.000753
39 40 0.000301 -0.000097 0.000279
40 40 0.000096 -0.000031 0.000092
41 40 0.000028 -0.000009 0.000027
42 40 0.000007 -0.000002 0.000007
43 40 0.000002 -0.000001 0.000002
44 40 0.000000 -0.000000 0.000000
45 40 0.000000 -0.000000 0.000000
46 40 0.000000 -0.000000 0.000000
47 40 0.000000 -0.000000 0.000000
48 40 0.000000 -0.000000 0.000000
49 40 0.000000 0.000000 0.000000

0 41 0.000000 0.000000 0.000000
1 41 -0.003750 0.003781 -0.002728
2 41 -0.008070 0.007814 -0.002935
3 41 -0.008685 0.010342 -0.003581
4 41 -0.009766 0.012486 -0.003420
5 41 -0.003438 0.010724 -0.004097
6 41 0.005353 0.005231 -0.001015
7 41 0.019777 -0.005117 -0.000109
8 41 0.038914 -0.021842 0.008084
9 41 0.044185 -0.033857 0.010276
10 41 0.046705 -0.043340 0.015350
11 41 0.009627 -0.029660 0.010013
12 41 -0.033466 -0.002566 -0.007719
13 41 -0.070875 0.026049 -0.020406
14 41 -0.083716 0.043552 -0.036660
15 41 -0.013630 0.016363 -0.019184
16 41 0.055687 -0.022420 0.020417
17 41 0.066982 -0.031638 0.032989
18 41 0.037937 -0.015574 0.026128
19 41 -0.045229 0.021557 -0.009311
20 41 -0.086488 0.042804 -0.050932
21 41 0.007881 0.009726 -0.020949
22 41 0.098549 -0.030744 0.047590
23 41 0.044227 -0.019259 0.044586
24 41 -0.054994 0.016608 -0.018544
25 41 -0.055899 0.021872 -0.042120
26 41 0.012607 -0.000701 -0.006204
27 41 0.045503 -0.014714 0.026576
28 41 0.018894 -0.007965 0.019809
29 41 -0.017918 0.004397 -0.005059
30 41 -0.027512 0.008616 -0.017533
31 41 -0.013987 0.004811 -0.012354
32 41 0.002500 -0.000536 -0.001250
33 41 0.010573 -0.003344 0.005885
34 41 0.010614 -0.003484 0.007257
35 41 0.007267 -0.002429 0.005477
36 41 0.003945 -0.001334 0.003178
37 41 0.001800 -0.000614 0.001528
38 41 0.000712 -0.000244 0.000632
39 41 0.000249 -0.000086 0.000229
40 41 0.000078 -0.000027 0.000074
41 41 0.000022 -0.000008 0.000022
42 41 0.000006 -0.000002 0.000006
43 41 0.000001 -0.000000 0.000001
44 41 0.000000 -0.000000 0.000000
45 41 0.000000 -0.000000 0.000000
46 41 0.000000 -0.000000 0.000000
47 41 0.000000 -0.000000 0.000000
48 41 0.000000 -0.000000 0.000000
49 41 0.000000 0.000000 0.000000

0 42 0.000000 0.000000 0.000000
1 42 0.002489 0.001414 -0.003392
2 42 0.004991 0.002577 -0.003233
3 42 0.011033 0.001465 -0.002346
4 42 0.016518 -0.000451 -0.001288
5 42 0.027812 -0.006635 0.000821
6 42 0.035601 -0.013382 0.003974
7 42 0.045344 -0.022751 0.006376
8 42 0.045247 -0.029142 0.010647
9 42 0.032407 -0.028046 0.008126
10 42 0.009545 -0.019501 0.006301
11 42 -0.034305 0.004336 -0.006408
12 42 -0.059762 0.023730 -0.018495
13 42 -0.069462 0.034008 -0.023202
14 42 -0.039476 0.021628 -0.021712
15 42 0.031480 -0.018170 0.006598
16 42 0.058512 -0.040332 0.028715
17 42 0.039187 -0.032463 0.022861
18 42 -0.011201 -0.005084 0.004558
19 42 -0.084205 0.035390 -0.033153
20 42 -0.067317 0.041324 -0.048613
21 42 0.055335 -0.005053 0.006554
22 42 0.105045 -0.034950 0.059354
23 42 0.013988 -0.007612 0.028112
24 42 -0.068245 0.026474 -0.032786
25 42 -0.038846 0.020254 -0.035718
26 42 0.030709 -0.006430 0.006778
27 42 0.045870 -0.016185 0.029752
28 42 0.009501 -0.005409 0.014355
29 42 -0.023679 0.006853 -0.009959
30 42 -0.026416 0.009031 -0.017792
31 42 -0.010167 0.003930 -0.009958
32 42 0.005184 -0.001460 0.000843
33 42 0.011253 -0.003787 0.006597
34 42 0.010135 -0.003536 0.006999
35 42 0.006551 -0.002329 0.004939
36 42 0.003417 -0.001230 0.002743
37 42 0.001512 -0.000549 0.001276
38 42 0.000583 -0.000213 0.000513
39 42 0.000199 -0.000073 0.000182
40 42 0.000061 -0.000023 0.000058
41 42 0.000017 -0.000006 0.000017
42 42 0.000004 -0.000002 0.000004
43 42 0.000001 -0.000000 0.000001
44 42 0.000000 -0.000000 0.000000
45 42 0.000000 -0.000000 0.000000
46 42 0.000000 -0.000000 0.000000
47 42 0.000000 -0.000000 0.000000
48 42 0.000000 -0.000000 0.000000
49 42 0.000000 0.000000 0.000000

0 43 0.000000 0.000000 0.000000
1 43 0.004669 -0.002878 -0.001012
2 43 0.009140 -0.005832 -0.000779
3 43 0.014534 -0.009671 0.000284
4 43 0.018190 -0.013020 0.000964
5 43 0.022583 -0.017138 0.002680
6 43 0.020790 -0.018006 0.003285
7 43 0.017546 -0.017165 0.003586
8 43 0.003288 -0.008780 0.002282
9 43 -0.013880 0.004622 -0.002708
10 43 -0.033863 0.022452 -0.006957
11 43 -0.049015 0.040057 -0.015242
12 43 -0.037052 0.041433 -0.014779
13 43 -0.010576 0.028176 -0.008004
14 43 0.039401 -0.005925 0.006392
15 43 0.076676 -0.042304 0.028785
16 43 0.052327 -0.047035 0.028040
17 43 -0.003646 -0.026784 0.006475
18 43 -0.073149 0.009646 -0.021794
19 43 -0.109453 0.041404 -0.050310
20 43 -0.029087 0.022125 -0.032711
21 43 0.089758 -0.028050 0.032199
22 43 0.081665 -0.033228 0.054590
23 43 -0.025839 0.010353 0.002743
24 43 -0.069529 0.035473 -0.041459
25 43 -0.011020 0.015609 -0.021734
26 43 0.048703 -0.012204 0.020680
27 43 0.042104 -0.015581 0.030096
28 43 -0.001170 -0.001395 0.007443
29 43 -0.027824 0.009372 -0.014090
30 43 -0.023496 0.008909 -0.016781
31 43 -0.005640 0.002662 -0.006962
32 43 0.007734 -0.002461 0.002896
33 43 0.011592 -0.004147 0.007069
34 43 0.009428 -0.003491 0.006566
35 43 0.005748 -0.002168 0.004333
36 43 0.002876 -0.001098 0.002300
37 43 0.001232 -0.000474 0.001033
38 43 0.000462 -0.000179 0.000404
39 43 0.000154 -0.000060 0.000140
40 43 0.000047 -0.000018 0.000044
41 43 0.000013 -0.000005 0.000012
42 43 0.000003 -0.000001 0.000003
43 43 0.000001 -0.000000 0.000001
44 43 0.000000 -0.000000 0.000000
45 43 0.000000 -0.000000 0.000000
46 43 0.000000 -0.000000 0.000000
47 43 0.000000 -0.000000 0.000000
48 43 0.000000 -0.000000 0.000000
49 43 0.000000 0.000000 0.000000

0 44 0.000000 0.000000 0.000000
1 44 0.001248 -0.004001 0.002055
2 44 0.001750 -0.007669 0.001995
3 44 0.000753 -0.010633 0.002168
4 44 -0.002896 -0.011985 0.001585
5 44 -0.009174 -0.011356 0.001172
6 44 -0.020179 -0.006690 -0.001022
7 44 -0.032172 0.000907 -0.003362
8 44 -0.047348 0.013634 -0.007594
9 44 -0.054850 0.026031 -0.011672
10 44 -0.054292 0.036759 -0.013688
11 44 -0.034772 0.037834 -0.013287
12 44 0.005073 0.024164 -0.003502
13 44 0.048605 0.001735 0.009129
14 44 0.087713 -0.026241 0.024373
15 44 0.083107 -0.036901 0.031990
16 44 0.027809 -0.019881 0.015890
17 44 -0.038430 0.007428 -0.009639
18 44 -0.089937 0.032825 -0.033290
19 44 -0.072491 0.029059 -0.039283
20 44 0.027514 -0.018418 -0.001308
21 44 0.085736 -0.053258 0.043271
22 44 0.017815 -0.024000 0.026950
23 44 -0.070841 0.028296 -0.028053
24 44 -0.057778 0.037722 -0.042146
25 44 0.021748 0.007284 -0.002998
26 44 0.061748 -0.015995 0.032014
27 44 0.034177 -0.011557 0.026978
28 44 -0.010790 0.004160 0.000381
29 44 -0.028646 0.011662 -0.016261
30 44 -0.018331 0.008156 -0.014141
31 44 -0.000600 0.001107 -0.003483
32 44 0.009940 -0.003420 0.004748
33 44 0.011525 -0.004363 0.007240
34 44 0.008515 -0.003334 0.005970
35 44 0.004895 -0.001953 0.003688
36 44 0.002347 -0.000948 0.001869
37 44 0.000971 -0.000396 0.000810
38 44 0.000354 -0.000145 0.000308
39 44 0.000116 -0.000048 0.000104
40 44 0.000034 -0.000014 0.000032
41 44 0.000009 -0.000004 0.000009
42 44 0.000002 -0.000001 0.000002
43 44 0.000001 -0.000000 0.000001
44 44 0.000000 -0.000000 0.000000
45 44 0.000000 -0.000000 0.000000
46 44 0.000000 -0.000000 0.000000
47 44 0.000000 -0.000000 0.000000
48 44 0.000000 -0.000000 0.000000
49 44 0.000000 0.000000 0.000000

0 45 0.000000 0.000000 0.000000
1 45 -0.001745 0.000536 0.001270
2 45 -0.003958 0.001378 0.001052
3 45 -0.007489 0.003044 0.000701
4 45 -0.012170 0.005552 -0.000192
5 45 -0.018387 0.009161 -0.001182
6 45 -0.025182 0.013446 -0.003106
7 45 -0.030545 0.017096 -0.004613
8 45 -0.033264 0.019182 -0.006646
9 45 -0.027632 0.015753 -0.006742
10 45 -0.015488 0.007074 -0.005120
11 45 0.006970 -0.009426 -0.000692
12 45 0.030122 -0.027957 0.007061
13 45 0.043110 -0.039763 0.012229
14 45 0.038909 -0.037524 0.014313
15 45 0.004479 -0.010621 0.006008
16 45 -0.036712 0.027925 -0.011597
17 45 -0.053646 0.053945 -0.022411
18 45 -0.034201 0.051529 -0.020573
19 45 0.032275 0.007358 0.001399
20 45 0.092479 -0.051005 0.037054
21 45 0.053111 -0.058906 0.039528
22 45 -0.057961 -0.008580 -0.009792
23 45 -0.105095 0.033616 -0.052517
24 45 -0.041054 0.025164 -0.036308
25 45 0.043308 -0.005588 0.011849
26 45 0.061083 -0.016498 0.034923
27 45 0.021901 -0.003759 0.019754
28 45 -0.016740 0.010895 -0.005279
29 45 -0.024485 0.013546 -0.015341
30 45 -0.010555 0.006951 -0.009609
31 45 0.004855 -0.000465 0.000386
32 45 0.011745 -0.004158 0.006333
33 45 0.011100 -0.004370 0.007135
34 45 0.007470 -0.003063 0.005265
35 45 0.004046 -0.001696 0.003044
36 45 0.001856 -0.000788 0.001471
37 45 0.000742 -0.000318 0.000615
38 45 0.000263 -0.000113 0.000227
39 45 0.000084 -0.000036 0.000075
40 45 0.000024 -0.000010 0.000022
41 45 0.000006 -0.000003 0.000006
42 45 0.000002 -0.000001 0.000001
43 45 0.000000 -0.000000 0.000000
44 45 0.000000 -0.000000 0.000000
45 45 0.000000 -0.000000 0.000000
46 45 0.000000 -0.000000 0.000000
47 45 0.000000 -0.000000 0.000000
48 45 0.000000 -0.000000 0.000000
49 45 0.000000 0.000000 0.000000

0 46 0.000000 0.000000 0.000000
1 46 -0.003306 0.004309 -0.002691
2 46 -0.006096 0.008674 -0.002870
3 46 -0.008140 0.013251 -0.003170
4 46 -0.008248 0.017494 -0.003499
5 46 -0.006138 0.021109 -0.003553
6 46 -0.000114 0.022593 -0.003232
7 46 0.009955 0.020775 -0.001722
8 46 0.024224 0.014000 0.000673
9 46 0.041229 0.001118 0.005014
10 46 0.055181 -0.016066 0.009635
11 46 0.061514 -0.035263 0.014013
12 46 0.049058 -0.047836 0.015004
13 46 0.015681 -0.047180 0.008975
14 46 -0.034183 -0.028615 -0.003412
15 46 -0.085400 0.006133 -0.021854
16 46 -0.101867 0.037943 -0.035168
17 46 -0.065372 0.049240 -0.030322
18 46 0.015270 0.031231 -0.006453
19 46 0.103397 -0.011280 0.030615
20 46 0.119431 -0.040162 0.053894
21 46 0.027589 -0.021772 0.029012
22 46 -0.080608 0.016589 -0.025939
23 46 -0.093063 0.023507 -0.050008
24 46 -0.021175 -0.003048 -0.022560
25 46 0.038815 -0.023416 0.015344
26 46 0.036780 -0.015827 0.023779
27 46 0.002153 0.005115 0.006649
28 46 -0.019422 0.017265 -0.009701
29 46 -0.015418 0.014883 -0.011410
30 46 -0.000207 0.005800 -0.003312
31 46 0.010884 -0.001563 0.004667
32 46 0.013439 -0.004419 0.007811
33 46 0.010580 -0.004087 0.006933
34 46 0.006462 -0.002670 0.004575
35 46 0.003281 -0.001406 0.002465
36 46 0.001435 -0.000628 0.001132
37 46 0.000552 -0.000245 0.000455
38 46 0.000190 -0.000085 0.000162
39 46 0.000059 -0.000027 0.000052
40 46 0.000017 -0.000008 0.000015
41 46 0.000004 -0.000002 0.000004
42 46 0.000001 -0.000000 0.000001
43 46 0.000000 -0.000000 0.000000
44 46 0.000000 -0.000000 0.000000
45 46 0.000000 -0.000000 0.000000
46 46 0.000000 -0.000000 0.000000
47 46 0.000000 -0.000000 0.000000
48 46 0.000000 -0.000000 0.000000
49 46 0.000000 0.000000 0.000000

0 47 0.000000 0.000000 0.000000
1 47 -0.002531 0.000670 -0.002699
2 47 -0.004523 0.001146 -0.002788
3 47 -0.005564 0.001322 -0.002938
4 47 -0.004782 0.000824 -0.002980
5 47 -0.001865 -0.000363 -0.002788
6 47 0.004183 -0.002702 -0.002097
7 47 0.012912 -0.005794 -0.000644
8 47 0.024051 -0.009510 0.001536
9 47 0.035107 -0.012495 0.004598
10 47 0.042385 -0.013016 0.007365
11 47 0.041990 -0.009550 0.009280
12 47 0.028725 -0.000192 0.008137
13 47 0.004303 0.012397 0.003061
14 47 -0.026406 0.024033 -0.005076
15 47 -0.050537 0.026835 -0.014412
16 47 -0.050705 0.012889 -0.017929
17 47 -0.024933 -0.012957 -0.011775
18 47 0.016431 -0.037392 0.001853
19 47 0.047967 -0.041551 0.017149
20 47 0.035247 -0.009913 0.019049
21 47 -0.012551 0.037394 0.000074
22 47 -0.037255 0.051512 -0.018418
23 47 -0.012116 0.016644 -0.012649
24 47 0.022377 -0.027874 0.007580
25 47 0.021843 -0.039407 0.014879
26 47 -0.006996 -0.017636 0.002415
27 47 -0.028589 0.008908 -0.012969
28 47 -0.025020 0.019546 -0.016025
29 47 -0.006075 0.014747 -0.007412
30 47 0.010843 0.005097 0.003296
31 47 0.017483 -0.001628 0.009174
32 47 0.015653 -0.003863 0.009535
33 47 0.010539 -0.003373 0.007015
34 47 0.005822 -0.002114 0.004139
35 47 0.002750 -0.001075 0.002062
36 47 0.001137 -0.000467 0.000893
37 47 0.000418 -0.000178 0.000342
38 47 0.000138 -0.000060 0.000117
39 47 0.000041 -0.000018 0.000036
40 47 0.000011 -0.000005 0.000010
41 47 0.000003 -0.000001 0.000003
42 47 0.000001 -0.000000 0.000001
43 47 0.000000 -0.000000 0.000000
44 47 0.000000 -0.000000 0.000000
45 47 0.000000 -0.000000 0.000000
46 47 0.000000 -0.000000 0.000000
47 47 0.000000 -0.000000 0.000000
48 47 0.000000 -0.000000 0.000000
49 47 0.000000 0.000000 0.000000

0 48 0.000000 0.000000 0.000000
1 48 0.004216 -0.002603 0.000410
2 48 0.008267 -0.005657 0.000666
3 48 0.011867 -0.009507 0.001120
4 48 0.014568 -0.014414 0.001771
5 48 0.015521 -0.020173 0.002387
6 48 0.013851 -0.026343 0.002864
7 48 0.008112 -0.031438 0.002705
8 48 -0.002190 -0.033736 0.001606
9 48 -0.017570 -0.030432 -0.000917
10 48 -0.035607 -0.019487 -0.005035
11 48 -0.052228 -0.000153 -0.009975
12 48 -0.060322 0.025260 -0.014623
13 48 -0.051188 0.048967 -0.015762
14 48 -0.021485 0.061011 -0.010978
15 48 0.025903 0.050405 0.001020
16 48 0.072724 0.014449 0.018061
17 48 0.089982 -0.032793 0.030313
18 48 0.059159 -0.066904 0.027691
19 48 -0.016306 -0.061637 0.005574
20 48 -0.093610 -0.011190 -0.028854
21 48 -0.102369 0.046162 -0.047719
22 48 -0.023763 0.058634 -0.025949
23 48 0.068249 0.021108 0.019849
24 48 0.087669 -0.022483 0.044273
25 48 0.031237 -0.034410 0.026912
26 48 -0.035488 -0.017204 -0.009022
27 48 -0.059041 0.004195 -0.030049
28 48 -0.038970 0.013254 -0.025798
29 48 -0.005490 0.010529 -0.008475
30 48 0.016949 0.004008 0.006433
31 48 0.022902 -0.000634 0.012487
32 48 0.018645 -0.002252 0.011519
33 48 0.011690 -0.002033 0.007818
34 48 0.006092 -0.001280 0.004329
35 48 0.002737 -0.000649 0.002046
36 48 0.001083 -0.000280 0.000846
37 48 0.000383 -0.000106 0.000311
38 48 0.000122 -0.000036 0.000103
39 48 0.000036 -0.000011 0.000031
40 48 0.000009 -0.000003 0.000008
41 48 0.000002 -0.000001 0.000002
42 48 0.000001 -0.000000 0.000000
43 48 0.000000 -0.000000 0.000000
44 48 0.000000 -0.000000 0.000000
45 48 0.000000 -0.000000 0.000000
46 48 0.000000 -0.000000 0.000000
47 48 0.000000 -0.000000 0.000000
48 48 0.000000 -0.000000 0.000000
49 48 0.000000 0.000000 0.000000

0 49 0.000000 0.000000 0.000000
1 49 0.000000 0.000000 0.000000
2 49 0.000000 0.000000 0.000000
3 49 0.000000 0.000000 0.000000
4 49 0.000000 0.000000 0.000000
5 49 0.000000 0.000000 0.000000
6 49 0.000000 0.000000 0.000000
7 49 0.000000 0.000000 0.000000
8 49 0.000000 0.000000 0.000000
9 49 0.000000 0.000000 0.000000
10 49 0.000000 0.000000 0.000000
11 49 0.000000 0.000000 0.000000
12 49 0.000000 0.000000 0.000000
13 49 0.000000 0.000000 0.000000
14 49 0.000000 0.000000 0.000000
15 49 0.000000 0.000000 0.000000
16 49 0.000000 0.000000 0.000000
17 49 0.000000 0.000000 0.000000
18 49 0.000000 0.000000 0.000000
19 49 0.000000 0.000000 0.000000
20 49 0.000000 0.000000 0.000000
21 49 0.000000 0.000000 0.000000
22 49 0.000000 0.000000 0.000000
23 49 0.000000 0.000000 0.000000
24 49 0.000000 0.000000 0.000000
25 49 0.000000 0.000000 0.000000
26 49 0.000000 0.000000 0.000000
27 49 0.000000 0.000000 0.000000
28 49 0.000000 0.000000 0.000000
29 49 0.000000 0.000000 0.000000
30 49 0.000000 0.000000 0.000000
31 49 0.000000 0.000000 0.000000
32 49 0.000000 0.000000 0.000000
33 49 0.000000 0.000000 0.000000
34 49 0.000000 0.000000 0.000000
35 49 0.000000 0.000000 0.000000
36 49 0.000000 0.000000 0.000000
37 49 0.000000 0.000000 0.000000
38 49 0.000000 0.000000 0.000000
39 49 0.000000 0.000000 0.000000
40 49 0.000000 0.000000 0.000000
41 49 0.000000 0.000000 0.000000
42 49 0.000000 0.000000 0.000000
43 49 0.000000 0.000000 0.000000
44 49 0.000000 0.000000 0.000000
45 49 0.000000 0.000000 0.000000
46 49 0.000000 0.000000 0.000000
47 49 0.000000 0.000000 0.000000
48 49 0.000000 0.000000 0.000000
49 49 0.000000 0.000000 0.000000

