#:x y Ey Bx Bz
0 0 0.000000 0.000000 0.000000
1 0 0.000000 0.000000 0.000000
2 0 0.000000 0.000000 0.000000
3 0 0.000000 0.000000 0.000000
4 0 0.000000 0.000000 0.000000
5 0 0.000000 0.000000 0.000000
6 0 0.000000 0.000000 0.000000
7 0 0.000000 0.000000 0.000000
8 0 0.000000 0.000000 0.000000
9 0 0.000000 0.000000 0.000000
10 0 0.000000 0.000000 0.000000
11 0 0.000000 0.000000 0.000000
12 0 0.000000 0.000000 0.000000
13 0 0.000000 0.000000 0.000000
14 0 0.000000 0.000000 0.000000
15 0 0.000000 0.000000 0.000000
16 0 0.000000 0.000000 0.000000
17 0 0.000000 0.000000 0.000000
18 0 0.000000 0.000000 0.000000
19 0 0.000000 0.000000 0.000000
20 0 0.000000 0.000000 0.000000
21 0 0.000000 0.000000 0.000000
22 0 0.000000 0.000000 0.000000
23 0 0.000000 0.000000 0.000000
24 0 0.000000 0.000000 0.000000
25 0 0.000000 0.000000 0.000000
26 0 0.000000 0.000000 0.000000
27 0 0.000000 0.000000 0.000000
28 0 0.000000 0.000000 0.000000
29 0 0.000000 0.000000 0.000000
30 0 0.000000 0.000000 0.000000
31 0 0.000000 0.000000 0.000000
32 0 0.000000 0.000000 0.000000
33 0 0.000000 0.000000 0.000000
34 0 0.000000 0.000000 0.000000
35 0 0.000000 0.000000 0.000000
36 0 0.000000 0.000000 0.000000
37 0 0.000000 0.000000 0.000000
38 0 0.000000 0.000000 0.000000
39 0 0.000000 0.000000 0.000000
40 0 0.000000 0.000000 0.000000
41 0 0.000000 0.000000 0.000000
42 0 0.000000 0.000000 0.000000
43 0 0.000000 0.000000 0.000000
44 0 0.000000 0.000000 0.000000
45 0 0.000000 0.000000 0.000000
46 0 0.000000 0.000000 0.000000
47 0 0.000000 0.000000 0.000000
48 0 0.000000 0.000000 0.000000
49 0 0.000000 0.000000 0.000000

0 1 0.000000 0.000000 0.000000
1 1 0.000090 0.000916 -0.000916
2 1 0.000263 0.001814 -0.000897
3 1 0.000587 0.002662 -0.000848
4 1 0.001104 0.003412 -0.000751
5 1 0.001802 0.003998 -0.000586
6 1 0.002612 0.004341 -0.000343
7 1 0.003394 0.004373 -0.000032
8 1 0.003965 0.004064 0.000309
9 1 0.004151 0.003451 0.000613
10 1 0.003862 0.002645 0.000805
11 1 0.003158 0.001808 0.000837
12 1 0.002246 0.001090 0.000718
13 1 0.001382 0.000577 0.000514
14 1 0.000733 0.000267 0.000310
15 1 0.000336 0.000108 0.000159
16 1 0.000134 0.000038 0.000070
17 1 0.000047 0.000012 0.000026
18 1 0.000014 0.000003 0.000009
19 1 0.000004 0.000001 0.000002
20 1 0.000001 0.000000 0.000001
21 1 0.000000 0.000000 0.000000
22 1 0.000000 0.000000 0.000000
23 1 0.000000 0.000000 0.000000
24 1 0.000000 0.000000 0.000000
25 1 0.000000 0.000000 0.000000
26 1 0.000000 0.000000 0.000000
27 1 0.000000 0.000000 0.000000
28 1 0.000000 0.000000 0.000000
29 1 0.000000 0.000000 0.000000
30 1 0.000000 0.000000 0.000000
31 1 0.000000 0.000000 0.000000
32 1 0.000000 0.000000 0.000000
33 1 0.000000 0.000000 0.000000
34 1 0.000000 0.000000 0.000000
35 1 0.000000 0.000000 0.000000
36 1 0.000000 0.000000 0.000000
37 1 0.000000 0.000000 0.000000
38 1 0.000000 0.000000 0.000000
39 1 0.000000 0.000000 0.000000
40 1 0.000000 0.000000 0.000000
41 1 0.000000 0.000000 0.000000
42 1 0.000000 0.000000 0.000000
43 1 0.000000 0.000000 0.000000
44 1 0.000000 0.000000 0.000000
45 1 0.000000 0.000000 0.000000
46 1 0.000000 0.000000 0.000000
47 1 0.000000 0.000000 0.000000
48 1 0.000000 0.000000 0.000000
49 1 0.000000 0.000000 0.000000

0 2 0.000000 0.000000 0.000000
1 2 -0.000842 0.000414 -0.001348
2 2 -0.001530 0.000884 -0.001401
3 2 -0.001905 0.001455 -0.001484
4 2 -0.001810 0.002153 -0.001552
5 2 -0.001116 0.002968 -0.001540
6 2 0.000233 0.003836 -0.001373
7 2 0.002159 0.004636 -0.000988
8 2 0.004388 0.005197 -0.000366
9 2 0.006449 0.005344 0.000429
10 2 0.007784 0.004971 0.001236
11 2 0.007952 0.004119 0.001831
12 2 0.006909 0.002997 0.002022
13 2 0.005100 0.001896 0.001788
14 2 0.003201 0.001039 0.001297
15 2 0.001714 0.000493 0.000784
16 2 0.000788 0.000203 0.000400
17 2 0.000313 0.000073 0.000174
18 2 0.000108 0.000023 0.000065
19 2 0.000033 0.000006 0.000021
20 2 0.000009 0.000002 0.000006
21 2 0.000002 0.000000 0.000002
22 2 0.000000 0.000000 0.000000
23 2 0.000000 0.000000 0.000000
24 2 0.000000 0.000000 0.000000
25 2 0.000000 0.000000 0.000000
26 2 0.000000 0.000000 0.000000
27 2 0.000000 0.000000 0.000000
28 2 0.000000 0.000000 0.000000
29 2 0.000000 0.000000 0.000000
30 2 0.000000 0.000000 0.000000
31 2 0.000000 0.000000 0.000000
32 2 0.000000 0.000000 0.000000
33 2 0.000000 0.000000 0.000000
34 2 0.000000 0.000000 0.000000
35 2 0.000000 0.000000 0.000000
36 2 0.000000 0.000000 0.000000
37 2 0.000000 0.000000 0.000000
38 2 0.000000 0.000000 0.000000
39 2 0.000000 0.000000 0.000000
40 2 0.000000 0.000000 0.000000
41 2 0.000000 0.000000 0.000000
42 2 0.000000 0.000000 0.000000
43 2 0.000000 0.000000 0.000000
44 2 0.000000 0.000000 0.000000
45 2 0.000000 0.000000 0.000000
46 2 0.000000 0.000000 0.000000
47 2 0.000000 0.000000 0.000000
48 2 0.000000 0.000000 0.000000
49 2 0.000000 0.000000 0.000000

0 3 0.000000 0.000000 0.000000
1 3 -0.001761 -0.000702 -0.000478
2 3 -0.003537 -0.001341 -0.000624
3 3 -0.005299 -0.001836 -0.000915
4 3 -0.006922 -0.002071 -0.001336
5 3 -0.008157 -0.001902 -0.001848
6 3 -0.008622 -0.001189 -0.002356
7 3 -0.007867 0.000141 -0.002703
8 3 -0.005525 0.002006 -0.002677
9 3 -0.001588 0.004093 -0.002072
10 3 0.003354 0.005883 -0.000821
11 3 0.008049 0.006797 0.000883
12 3 0.010938 0.006510 0.002518
13 3 0.011100 0.005213 0.003446
14 3 0.008974 0.003509 0.003380
15 3 0.005946 0.001999 0.002591
16 3 0.003289 0.000972 0.001613
17 3 0.001541 0.000406 0.000834
18 3 0.000619 0.000147 0.000365
19 3 0.000215 0.000047 0.000137
20 3 0.000066 0.000013 0.000045
21 3 0.000018 0.000003 0.000013
22 3 0.000004 0.000001 0.000003
23 3 0.000001 0.000000 0.000001
24 3 0.000000 0.000000 0.000000
25 3 0.000000 0.000000 0.000000
26 3 0.000000 0.000000 0.000000
27 3 0.000000 0.000000 0.000000
28 3 0.000000 0.000000 0.000000
29 3 0.000000 0.000000 0.000000
30 3 0.000000 0.000000 0.000000
31 3 0.000000 0.000000 0.000000
32 3 0.000000 0.000000 0.000000
33 3 0.000000 0.000000 0.000000
34 3 0.000000 0.000000 0.000000
35 3 0.000000 0.000000 0.000000
36 3 0.000000 0.000000 0.000000
37 3 0.000000 0.000000 0.000000
38 3 0.000000 0.000000 0.000000
39 3 0.000000 0.000000 0.000000
40 3 0.000000 0.000000 0.000000
41 3 0.000000 0.000000 0.000000
42 3 0.000000 0.000000 0.000000
43 3 0.000000 0.000000 0.000000
44 3 0.000000 0.000000 0.000000
45 3 0.000000 0.000000 0.000000
46 3 0.000000 0.000000 0.000000
47 3 0.000000 0.000000 0.000000
48 3 0.000000 0.000000 0.000000
49 3 0.000000 0.000000 0.000000

0 4 0.000000 0.000000 0.000000
1 4 0.000163 -0.000735 0.000609
2 4 0.000034 -0.001611 0.000607
3 4 -0.000687 -0.002731 0.000558
4 4 -0.002272 -0.004122 0.000379
5 4 -0.004914 -0.005678 -0.000044
6 4 -0.008550 -0.007111 -0.000831
7 4 -0.012698 -0.007943 -0.002022
8 4 -0.016291 -0.007581 -0.003506
9 4 -0.017708 -0.005562 -0.004879
10 4 -0.015384 -0.001895 -0.005476
11 4 -0.008668 0.002653 -0.004604
12 4 0.000984 0.006569 -0.001976
13 4 0.009790 0.008392 0.001592
14 4 0.014117 0.007792 0.004406
15 4 0.013312 0.005702 0.005286
16 4 0.009562 0.003412 0.004434
17 4 0.005536 0.001707 0.002889
18 4 0.002663 0.000726 0.001530
19 4 0.001087 0.000266 0.000678
20 4 0.000382 0.000085 0.000256
21 4 0.000117 0.000024 0.000083
22 4 0.000031 0.000006 0.000024
23 4 0.000007 0.000001 0.000006
24 4 0.000002 0.000000 0.000001
25 4 0.000000 0.000000 0.000000
26 4 0.000000 0.000000 0.000000
27 4 0.000000 0.000000 0.000000
28 4 0.000000 0.000000 0.000000
29 4 0.000000 0.000000 0.000000
30 4 0.000000 0.000000 0.000000
31 4 0.000000 0.000000 0.000000
32 4 0.000000 0.000000 0.000000
33 4 0.000000 0.000000 0.000000
34 4 0.000000 0.000000 0.000000
35 4 0.000000 0.000000 0.000000
36 4 0.000000 0.000000 0.000000
37 4 0.000000 0.000000 0.000000
38 4 0.000000 0.000000 0.000000
39 4 0.000000 0.000000 0.000000
40 4 0.000000 0.000000 0.000000
41 4 0.000000 0.000000 0.000000
42 4 0.000000 0.000000 0.000000
43 4 0.000000 0.000000 0.000000
44 4 0.000000 0.000000 0.000000
45 4 0.000000 0.000000 0.000000
46 4 0.000000 0.000000 0.000000
47 4 0.000000 0.000000 0.000000
48 4 0.000000 0.000000 0.000000
49 4 0.000000 0.000000 0.000000

0 5 0.000000 0.000000 0.000000
1 5 0.002508 0.001359 -0.000782
2 5 0.005103 0.002541 -0.000551
3 5 0.007770 0.003323 -0.000080
4 5 0.010239 0.003414 0.000605
5 5 0.011948 0.002464 0.001434
6 5 0.011884 0.000177 0.002183
7 5 0.008939 -0.003485 0.002469
8 5 0.002144 -0.008049 0.001776
9 5 -0.008202 -0.012238 -0.000406
10 5 -0.019630 -0.014221 -0.003958
11 5 -0.027625 -0.012264 -0.007904
12 5 -0.026624 -0.006065 -0.010105
13 5 -0.014872 0.001949 -0.008183
14 5 0.001592 0.007910 -0.002421
15 5 0.013572 0.009658 0.003699
16 5 0.016768 0.007989 0.006853
17 5 0.013470 0.005100 0.006582
18 5 0.008257 0.002648 0.004557
19 5 0.004102 0.001152 0.002490
20 5 0.001706 0.000428 0.001121
21 5 0.000606 0.000138 0.000426
22 5 0.000187 0.000039 0.000140
23 5 0.000050 0.000010 0.000040
24 5 0.000012 0.000002 0.000010
25 5 0.000003 0.000000 0.000002
26 5 0.000000 0.000000 0.000000
27 5 0.000000 0.000000 0.000000
28 5 0.000000 0.000000 0.000000
29 5 0.000000 0.000000 0.000000
30 5 0.000000 0.000000 0.000000
31 5 0.000000 0.000000 0.000000
32 5 0.000000 0.000000 0.000000
33 5 0.000000 0.000000 0.000000
34 5 0.000000 0.000000 0.000000
35 5 0.000000 0.000000 0.000000
36 5 0.000000 0.000000 0.000000
37 5 0.000000 0.000000 0.000000
38 5 0.000000 0.000000 0.000000
39 5 0.000000 0.000000 0.000000
40 5 0.000000 0.000000 0.000000
41 5 0.000000 0.000000 0.000000
42 5 0.000000 0.000000 0.000000
43 5 0.000000 0.000000 0.000000
44 5 0.000000 0.000000 0.000000
45 5 0.000000 0.000000 0.000000
46 5 0.000000 0.000000 0.000000
47 5 0.000000 0.000000 0.000000
48 5 0.000000 0.000000 0.000000
49 5 0.000000 0.000000 0.000000

0 6 0.000000 0.000000 0.000000
1 6 -0.001491 0.001105 -0.002388
2 6 -0.002460 0.002503 -0.002468
3 6 -0.002277 0.004447 -0.002556
4 6 -0.000319 0.007006 -0.002448
5 6 0.004041 0.010026 -0.001927
6 6 0.010981 0.012823 -0.000601
7 6 0.019535 0.014269 0.001613
8 6 0.027454 0.012782 0.004623
9 6 0.030026 0.007059 0.007386
10 6 0.022857 -0.002562 0.007948
11 6 0.004106 -0.013429 0.004562
12 6 -0.021554 -0.020098 -0.003637
13 6 -0.038984 -0.017577 -0.013055
14 6 -0.034788 -0.007188 -0.016102
15 6 -0.013426 0.003915 -0.009800
16 6 0.008065 0.009730 0.000399
17 6 0.017966 0.009684 0.007288
18 6 0.016797 0.006719 0.008564
19 6 0.011015 0.003648 0.006392
20 6 0.005671 0.001628 0.003620
21 6 0.002407 0.000614 0.001660
22 6 0.000866 0.000200 0.000638
23 6 0.000269 0.000057 0.000210
24 6 0.000073 0.000014 0.000060
25 6 0.000018 0.000003 0.000015
26 6 0.000004 0.000001 0.000003
27 6 0.000001 0.000000 0.000001
28 6 0.000000 0.000000 0.000000
29 6 0.000000 0.000000 0.000000
30 6 0.000000 0.000000 0.000000
31 6 0.000000 0.000000 0.000000
32 6 0.000000 0.000000 0.000000
33 6 0.000000 0.000000 0.000000
34 6 0.000000 0.000000 0.000000
35 6 0.000000 0.000000 0.000000
36 6 0.000000 0.000000 0.000000
37 6 0.000000 0.000000 0.000000
38 6 0.000000 0.000000 0.000000
39 6 0.000000 0.000000 0.000000
40 6 0.000000 0.000000 0.000000
41 6 0.000000 0.000000 0.000000
42 6 0.000000 0.000000 0.000000
43 6 0.000000 0.000000 0.000000
44 6 0.000000 0.000000 0.000000
45 6 0.000000 0.000000 0.000000
46 6 0.000000 0.000000 0.000000
47 6 0.000000 0.000000 0.000000
48 6 0.000000 0.000000 0.000000
49 6 0.000000 0.000000 0.000000

0 7 0.000000 0.000000 0.000000
1 7 -0.003352 -0.002635 0.000545
2 7 -0.007183 -0.005132 0.000222
3 7 -0.011987 -0.007207 -0.000519
4 7 -0.017404 -0.008322 -0.001724
5 7 -0.022969 -0.007697 -0.003425
6 7 -0.026223 -0.004280 -0.005406
7 7 -0.024530 0.002365 -0.006743
8 7 -0.014392 0.011940 -0.006536
9 7 0.005996 0.021475 -0.002663
10 7 0.030852 0.026092 0.004765
11 7 0.049983 0.020866 0.013538
12 7 0.046299 0.003904 0.018457
13 7 0.010515 -0.016386 0.010722
14 7 -0.033558 -0.025231 -0.008097
15 7 -0.049461 -0.017626 -0.021677
16 7 -0.030733 -0.002830 -0.018696
17 7 -0.001301 0.007680 -0.005202
18 7 0.016484 0.010254 0.006224
19 7 0.018833 0.007877 0.009926
20 7 0.013292 0.004494 0.008071
21 7 0.007096 0.002062 0.004745
22 7 0.003073 0.000791 0.002217
23 7 0.001119 0.000260 0.000861
24 7 0.000350 0.000074 0.000285
25 7 0.000096 0.000019 0.000082
26 7 0.000023 0.000004 0.000021
27 7 0.000005 0.000001 0.000005
28 7 0.000001 0.000000 0.000001
29 7 0.000000 0.000000 0.000000
30 7 0.000000 0.000000 0.000000
31 7 0.000000 0.000000 0.000000
32 7 0.000000 0.000000 0.000000
33 7 0.000000 0.000000 0.000000
34 7 0.000000 0.000000 0.000000
35 7 0.000000 0.000000 0.000000
36 7 0.000000 0.000000 0.000000
37 7 0.000000 0.000000 0.000000
38 7 0.000000 0.000000 0.000000
39 7 0.000000 0.000000 0.000000
40 7 0.000000 0.000000 0.000000
41 7 0.000000 0.000000 0.000000
42 7 0.000000 0.000000 0.000000
43 7 0.000000 0.000000 0.000000
44 7 0.000000 0.000000 0.000000
45 7 0.000000 0.000000 0.000000
46 7 0.000000 0.000000 0.000000
47 7 0.000000 0.000000 0.000000
48 7 0.000000 0.000000 0.000000
49 7 0.000000 0.000000 0.000000

0 8 0.000000 0.000000 0.000000
1 8 0.004943 0.000294 0.000922
2 8 0.009387 -0.000037 0.001319
3 8 0.012586 -0.001777 0.002182
4 8 0.012994 -0.005305 0.002888
5 8 0.009328 -0.011051 0.003434
6 8 -0.001467 -0.018140 0.002334
7 8 -0.017951 -0.024466 -0.000756
8 8 -0.039524 -0.026561 -0.006469
9 8 -0.055107 -0.019191 -0.014110
10 8 -0.051345 -0.001761 -0.017636
11 8 -0.021766 0.021566 -0.013615
12 8 0.033377 0.037937 0.002823
13 8 0.075117 0.029757 0.026059
14 8 0.054511 0.000282 0.030192
15 8 -0.009913 -0.023848 0.005634
16 8 -0.052327 -0.024724 -0.021565
17 8 -0.044169 -0.009770 -0.026042
18 8 -0.011199 0.004323 -0.011426
19 8 0.013275 0.009668 0.004111
20 8 0.019427 0.008334 0.010513
21 8 0.014716 0.005001 0.009317
22 8 0.008112 0.002358 0.005665
23 8 0.003574 0.000919 0.002690
24 8 0.001315 0.000305 0.001053
25 8 0.000414 0.000088 0.000350
26 8 0.000114 0.000022 0.000101
27 8 0.000028 0.000005 0.000025
28 8 0.000006 0.000001 0.000006
29 8 0.000001 0.000000 0.000001
30 8 0.000000 0.000000 0.000000
31 8 0.000000 0.000000 0.000000
32 8 0.000000 0.000000 0.000000
33 8 0.000000 0.000000 0.000000
34 8 0.000000 0.000000 0.000000
35 8 0.000000 0.000000 0.000000
36 8 0.000000 0.000000 0.000000
37 8 0.000000 0.000000 0.000000
38 8 0.000000 0.000000 0.000000
39 8 0.000000 0.000000 0.000000
40 8 0.000000 0.000000 0.000000
41 8 0.000000 0.000000 0.000000
42 8 0.000000 0.000000 0.000000
43 8 0.000000 0.000000 0.000000
44 8 0.000000 0.000000 0.000000
45 8 0.000000 0.000000 0.000000
46 8 0.000000 0.000000 0.000000
47 8 0.000000 0.000000 0.000000
48 8 0.000000 0.000000 0.000000
49 8 0.000000 0.000000 0.000000

0 9 0.000000 0.000000 0.000000
1 9 0.000548 0.004087 -0.004154
2 9 0.002139 0.008461 -0.003943
3 9 0.007117 0.013436 -0.003432
4 9 0.015037 0.018059 -0.001817
5 9 0.027592 0.021673 0.000554
6 9 0.041546 0.020717 0.005449
7 9 0.050443 0.013594 0.009663
8 9 0.048818 -0.002470 0.013910
9 9 0.020059 -0.024452 0.010988
10 9 -0.025760 -0.040851 -0.001989
11 9 -0.073042 -0.041241 -0.019140
12 9 -0.089733 -0.013831 -0.035616
13 9 -0.027573 0.029386 -0.025506
14 9 0.067314 0.046128 0.017571
15 9 0.085758 0.020358 0.044289
16 9 0.018490 -0.014895 0.022170
17 9 -0.045274 -0.026067 -0.016502
18 9 -0.050250 -0.014266 -0.029821
19 9 -0.018124 0.001130 -0.016180
20 9 0.010081 0.008395 0.002018
21 9 0.018994 0.008110 0.010545
22 9 0.015192 0.005086 0.010010
23 9 0.008564 0.002452 0.006231
24 9 0.003815 0.000969 0.002988
25 9 0.001412 0.000324 0.001175
26 9 0.000446 0.000094 0.000391
27 9 0.000123 0.000024 0.000113
28 9 0.000030 0.000005 0.000029
29 9 0.000006 0.000001 0.000006
30 9 0.000001 0.000000 0.000001
31 9 0.000000 0.000000 0.000000
32 9 0.000000 0.000000 0.000000
33 9 0.000000 0.000000 0.000000
34 9 0.000000 0.000000 0.000000
35 9 0.000000 0.000000 0.000000
36 9 0.000000 0.000000 0.000000
37 9 0.000000 0.000000 0.000000
38 9 0.000000 0.000000 0.000000
39 9 0.000000 0.000000 0.000000
40 9 0.000000 0.000000 0.000000
41 9 0.000000 0.000000 0.000000
42 9 0.000000 0.000000 0.000000
43 9 0.000000 0.000000 0.000000
44 9 0.000000 0.000000 0.000000
45 9 0.000000 0.000000 0.000000
46 9 0.000000 0.000000 0.000000
47 9 0.000000 0.000000 0.000000
48 9 0.000000 0.000000 0.000000
49 9 0.000000 0.000000 0.000000

0 10 0.000000 0.000000 0.000000
1 10 -0.007808 -0.004040 -0.000224
2 10 -0.015576 -0.007446 -0.000855
3 10 -0.025519 -0.008950 -0.002924
4 10 -0.032344 -0.007311 -0.005040
5 10 -0.039027 -0.001031 -0.008237
6 10 -0.031734 0.011804 -0.010178
7 10 -0.013661 0.027189 -0.007501
8 10 0.023108 0.042957 -0.001533
9 10 0.069310 0.043747 0.015950
10 10 0.083599 0.023320 0.027602
11 10 0.061375 -0.013429 0.027065
12 10 -0.019498 -0.052758 0.007051
13 10 -0.113127 -0.050979 -0.039718
14 10 -0.087641 0.001922 -0.054308
15 10 0.035704 0.044238 -0.001715
16 10 0.093049 0.032197 0.047665
17 10 0.036310 -0.005061 0.033509
18 10 -0.036198 -0.023030 -0.010856
19 10 -0.049810 -0.015308 -0.030327
20 10 -0.020370 -0.000742 -0.018189
21 10 0.008329 0.007058 0.000962
22 10 0.018145 0.007415 0.010414
23 10 0.014855 0.004787 0.010185
24 10 0.008437 0.002341 0.006384
25 10 0.003768 0.000932 0.003064
26 10 0.001395 0.000313 0.001203
27 10 0.000441 0.000091 0.000400
28 10 0.000121 0.000023 0.000115
29 10 0.000029 0.000005 0.000029
30 10 0.000006 0.000001 0.000007
31 10 0.000001 0.000000 0.000001
32 10 0.000000 0.000000 0.000000
33 10 0.000000 0.000000 0.000000
34 10 0.000000 0.000000 0.000000
35 10 0.000000 0.000000 0.000000
36 10 0.000000 0.000000 0.000000
37 10 0.000000 0.000000 0.000000
38 10 0.000000 0.000000 0.000000
39 10 0.000000 0.000000 0.000000
40 10 0.000000 0.000000 0.000000
41 10 0.000000 0.000000 0.000000
42 10 0.000000 0.000000 0.000000
43 10 0.000000 0.000000 0.000000
44 10 0.000000 0.000000 0.000000
45 10 0.000000 0.000000 0.000000
46 10 0.000000 0.000000 0.000000
47 10 0.000000 0.000000 0.000000
48 10 0.000000 0.000000 0.000000
49 10 0.000000 0.000000 0.000000

0 11 0.000000 0.000000 0.000000
1 11 0.006838 -0.001434 0.002771
2 11 0.012551 -0.003717 0.002982
3 11 0.014444 -0.009507 0.004855
4 11 0.009279 -0.016947 0.003765
5 11 -0.002746 -0.028202 0.004354
6 11 -0.031820 -0.036663 -0.003175
7 11 -0.055229 -0.037314 -0.010464
8 11 -0.082257 -0.024632 -0.021569
9 11 -0.063384 0.009916 -0.027839
10 11 -0.000717 0.042051 -0.007391
11 11 0.063030 0.057121 0.016440
12 11 0.114167 0.035679 0.044668
13 11 0.052962 -0.027692 0.042379
14 11 -0.091271 -0.061258 -0.025840
15 11 -0.110243 -0.020013 -0.067629
16 11 0.011853 0.032370 -0.016187
17 11 0.085047 0.032527 0.044700
18 11 0.038210 0.000114 0.036058
19 11 -0.031559 -0.018763 -0.008728
20 11 -0.045770 -0.013664 -0.029177
21 11 -0.018316 -0.001042 -0.017400
22 11 0.008437 0.006043 0.001365
23 11 0.017273 0.006497 0.010389
24 11 0.013920 0.004220 0.009944
25 11 0.007824 0.002067 0.006151
26 11 0.003465 0.000823 0.002921
27 11 0.001274 0.000277 0.001137
28 11 0.000400 0.000080 0.000375
29 11 0.000110 0.000020 0.000107
30 11 0.000027 0.000005 0.000027
31 11 0.000006 0.000001 0.000006
32 11 0.000001 0.000000 0.000001
33 11 0.000000 0.000000 0.000000
34 11 0.000000 0.000000 0.000000
35 11 0.000000 0.000000 0.000000
36 11 0.000000 0.000000 0.000000
37 11 0.000000 0.000000 0.000000
38 11 0.000000 0.000000 0.000000
39 11 0.000000 0.000000 0.000000
40 11 0.000000 0.000000 0.000000
41 11 0.000000 0.000000 0.000000
42 11 0.000000 0.000000 0.000000
43 11 0.000000 0.000000 0.000000
44 11 0.000000 0.000000 0.000000
45 11 0.000000 0.000000 0.000000
46 11 0.000000 0.000000 0.000000
47 11 0.000000 0.000000 0.000000
48 11 0.000000 0.000000 0.000000
49 11 0.000000 0.000000 0.000000

0 12 0.000000 0.000000 0.000000
1 12 0.003534 0.007069 -0.005665
2 12 0.006882 0.013916 -0.005007
3 12 0.019796 0.021676 -0.003284
4 12 0.030885 0.025372 0.001103
5 12 0.051864 0.026835 0.005296
6 12 0.061690 0.013651 0.015823
7 12 0.049566 -0.006237 0.014107
8 12 0.018209 -0.036028 0.013627
9 12 -0.060770 -0.054896 -0.012745
10 12 -0.090512 -0.036382 -0.038439
11 12 -0.064879 -0.000458 -0.032234
12 12 0.006769 0.044749 -0.010766
13 12 0.111355 0.055740 0.043630
14 12 0.079357 -0.001986 0.060732
15 12 -0.071218 -0.050034 -0.015787
16 12 -0.100595 -0.023588 -0.067052
17 12 0.010988 0.022968 -0.016495
18 12 0.074359 0.026155 0.042238
19 12 0.028374 0.000045 0.031336
20 12 -0.032193 -0.015279 -0.011010
21 12 -0.040166 -0.010721 -0.027449
22 12 -0.013364 -0.000252 -0.014455
23 12 0.009911 0.005376 0.002994
24 12 0.016415 0.005518 0.010473
25 12 0.012570 0.003515 0.009373
26 12 0.006869 0.001700 0.005608
27 12 0.002984 0.000671 0.002605
28 12 0.001081 0.000224 0.000997
29 12 0.000336 0.000065 0.000325
30 12 0.000091 0.000016 0.000092
31 12 0.000022 0.000004 0.000023
32 12 0.000005 0.000001 0.000005
33 12 0.000001 0.000000 0.000001
34 12 0.000000 0.000000 0.000000
35 12 0.000000 0.000000 0.000000
36 12 0.000000 0.000000 0.000000
37 12 0.000000 0.000000 0.000000
38 12 0.000000 0.000000 0.000000
39 12 0.000000 0.000000 0.000000
40 12 0.000000 0.000000 0.000000
41 12 0.000000 0.000000 0.000000
42 12 0.000000 0.000000 0.000000
43 12 0.000000 0.000000 0.000000
44 12 0.000000 0.000000 0.000000
45 12 0.000000 0.000000 0.000000
46 12 0.000000 0.000000 0.000000
47 12 0.000000 0.000000 0.000000
48 12 0.000000 0.000000 0.000000
49 12 0.000000 0.000000 0.000000

0 13 0.000000 0.000000 0.000000
1 13 -0.011491 -0.004175 -0.002197
2 13 -0.020891 -0.007181 -0.002671
3 13 -0.034528 -0.005672 -0.007377
4 13 -0.033881 0.001507 -0.008294
5 13 -0.034573 0.015270 -0.012663
6 13 0.003286 0.036509 -0.007381
7 13 0.040377 0.045595 0.007446
8 13 0.084736 0.043313 0.022180
9 13 0.083121 0.004980 0.041384
10 13 -0.010225 -0.037284 0.009774
11 13 -0.076111 -0.043733 -0.030912
12 13 -0.086787 -0.021965 -0.046864
13 13 -0.007206 0.026697 -0.025949
14 13 0.107848 0.047247 0.046582
15 13 0.063182 0.001181 0.060395
16 13 -0.075064 -0.037646 -0.022350
17 13 -0.078749 -0.015293 -0.061163
18 13 0.025497 0.019434 -0.005163
19 13 0.064109 0.018387 0.041580
20 13 0.012923 -0.002642 0.022133
21 13 -0.034997 -0.012669 -0.015828
22 13 -0.033345 -0.007478 -0.025006
23 13 -0.006937 0.000946 -0.010084
24 13 0.011863 0.004875 0.005243
25 13 0.015387 0.004546 0.010471
26 13 0.010933 0.002777 0.008517
27 13 0.005724 0.001309 0.004850
28 13 0.002414 0.000507 0.002179
29 13 0.000856 0.000167 0.000814
30 13 0.000261 0.000048 0.000260
31 13 0.000070 0.000012 0.000073
32 13 0.000017 0.000003 0.000018
33 13 0.000004 0.000001 0.000004
34 13 0.000001 0.000000 0.000001
35 13 0.000000 0.000000 0.000000
36 13 0.000000 0.000000 0.000000
37 13 0.000000 0.000000 0.000000
38 13 0.000000 0.000000 0.000000
39 13 0.000000 0.000000 0.000000
40 13 0.000000 0.000000 0.000000
41 13 0.000000 0.000000 0.000000
42 13 0.000000 0.000000 0.000000
43 13 0.000000 0.000000 0.000000
44 13 0.000000 0.000000 0.000000
45 13 0.000000 0.000000 0.000000
46 13 0.000000 0.000000 0.000000
47 13 0.000000 0.000000 0.000000
48 13 0.000000 0.000000 0.000000
49 13 0.000000 0.000000 0.000000

0 14 0.000000 0.000000 0.000000
1 14 0.005078 -0.004378 0.004480
2 14 0.008089 -0.009474 0.004305
3 14 0.001390 -0.020020 0.005896
4 14 -0.016009 -0.029035 0.000592
5 14 -0.043687 -0.038237 -0.003323
6 14 -0.079093 -0.031283 -0.021906
7 14 -0.070284 -0.004027 -0.027228
8 14 -0.027023 0.031224 -0.021942
9 14 0.074145 0.058323 0.014607
10 14 0.114809 0.030075 0.056692
11 14 0.032174 -0.021959 0.034299
12 14 -0.078838 -0.043992 -0.022695
13 14 -0.109673 -0.020835 -0.065023
14 14 0.011653 0.028393 -0.025657
15 14 0.117472 0.036327 0.061393
16 14 0.031385 -0.007620 0.049246
17 14 -0.085906 -0.029876 -0.038171
18 14 -0.051020 -0.005103 -0.050785
19 14 0.041980 0.017926 0.010828
20 14 0.050664 0.011148 0.039148
21 14 -0.003925 -0.005398 0.010303
22 14 -0.036391 -0.010225 -0.020510
23 14 -0.025054 -0.004411 -0.021180
24 14 -0.000209 0.002028 -0.004956
25 14 0.013462 0.004351 0.007443
26 14 0.013999 0.003607 0.010152
27 14 0.009117 0.002080 0.007419
28 14 0.004526 0.000944 0.003977
29 14 0.001838 0.000356 0.001714
30 14 0.000633 0.000115 0.000620
31 14 0.000189 0.000032 0.000193
32 14 0.000050 0.000008 0.000053
33 14 0.000012 0.000002 0.000013
34 14 0.000002 0.000000 0.000003
35 14 0.000000 0.000000 0.000001
36 14 0.000000 0.000000 0.000000
37 14 0.000000 0.000000 0.000000
38 14 0.000000 0.000000 0.000000
39 14 0.000000 0.000000 0.000000
40 14 0.000000 0.000000 0.000000
41 14 0.000000 0.000000 0.000000
42 14 0.000000 0.000000 0.000000
43 14 0.000000 0.000000 0.000000
44 14 0.000000 0.000000 0.000000
45 14 0.000000 0.000000 0.000000
46 14 0.000000 0.000000 0.000000
47 14 0.000000 0.000000 0.000000
48 14 0.000000 0.000000 0.000000
49 14 0.000000 0.000000 0.000000

0 15 0.000000 0.000000 0.000000
1 15 0.010360 0.009552 -0.006088
2 15 0.022703 0.017495 -0.004241
3 15 0.042934 0.023013 0.001719
4 15 0.058669 0.017569 0.009515
5 15 0.064534 0.000740 0.019042
6 15 0.025802 -0.032305 0.018220
7 15 -0.049452 -0.055450 -0.005845
8 15 -0.116686 -0.045582 -0.040463
9 15 -0.090865 0.003441 -0.054649
10 15 0.036309 0.055153 -0.003153
11 15 0.124198 0.047891 0.058088
12 15 0.070960 -0.009954 0.057353
13 15 -0.084336 -0.048708 -0.020102
14 15 -0.115943 -0.018763 -0.079867
15 15 0.040981 0.032207 -0.010741
16 15 0.109570 0.026152 0.072519
17 15 -0.008976 -0.014645 0.026085
18 15 -0.084315 -0.021596 -0.050811
19 15 -0.017058 0.003092 -0.032459
20 15 0.051491 0.015073 0.025429
21 15 0.031781 0.004693 0.031601
22 15 -0.018884 -0.006952 -0.002371
23 15 -0.034119 -0.007537 -0.022862
24 15 -0.015551 -0.001778 -0.015685
25 15 0.005805 0.002712 0.000220
26 15 0.014149 0.003713 0.009044
27 15 0.012188 0.002727 0.009381
28 15 0.007246 0.001470 0.006152
29 15 0.003389 0.000637 0.003084
30 15 0.001316 0.000232 0.001266
31 15 0.000438 0.000073 0.000441
32 15 0.000127 0.000020 0.000134
33 15 0.000033 0.000005 0.000036
34 15 0.000008 0.000001 0.000008
35 15 0.000002 0.000000 0.000002
36 15 0.000000 0.000000 0.000000
37 15 0.000000 0.000000 0.000000
38 15 0.000000 0.000000 0.000000
39 15 0.000000 0.000000 0.000000
40 15 0.000000 0.000000 0.000000
41 15 0.000000 0.000000 0.000000
42 15 0.000000 0.000000 0.000000
43 15 0.000000 0.000000 0.000000
44 15 0.000000 0.000000 0.000000
45 15 0.000000 0.000000 0.000000
46 15 0.000000 0.000000 0.000000
47 15 0.000000 0.000000 0.000000
48 15 0.000000 0.000000 0.000000
49 15 0.000000 0.000000 0.000000

0 16 0.000000 0.000000 0.000000
1 16 -0.016060 -0.000702 -0.007458
2 16 -0.030907 0.002881 -0.010292
3 16 -0.032539 0.014333 -0.013780
4 16 -0.016455 0.035248 -0.014547
5 16 0.040187 0.055884 -0.002767
6 16 0.101172 0.054844 0.027007
7 16 0.114845 0.016280 0.047770
8 16 0.023394 -0.042035 0.031298
9 16 -0.109843 -0.061713 -0.040135
10 16 -0.105753 -0.021130 -0.069171
11 16 0.010795 0.034337 -0.014956
12 16 0.110616 0.045949 0.056388
13 16 0.054229 -0.002294 0.059200
14 16 -0.099564 -0.039247 -0.036593
15 16 -0.074785 -0.008111 -0.073260
16 16 0.078413 0.028662 0.022027
17 16 0.072498 0.011477 0.066979
18 16 -0.049430 -0.017190 -0.007077
19 16 -0.064108 -0.011304 -0.051797
20 16 0.016808 0.008234 -0.007818
21 16 0.049086 0.010427 0.033350
22 16 0.009520 -0.000447 0.018636
23 16 -0.028722 -0.006953 -0.013310
24 16 -0.027594 -0.004717 -0.021634
25 16 -0.005842 0.000211 -0.008980
26 16 0.010265 0.002908 0.004678
27 16 0.013696 0.002972 0.009710
28 16 0.010052 0.001943 0.008169
29 16 0.005457 0.000974 0.004824
30 16 0.002394 0.000401 0.002254
31 16 0.000886 0.000141 0.000878
32 16 0.000283 0.000043 0.000293
33 16 0.000080 0.000011 0.000086
34 16 0.000020 0.000003 0.000022
35 16 0.000004 0.000001 0.000005
36 16 0.000001 0.000000 0.000001
37 16 0.000000 0.000000 0.000000
38 16 0.000000 0.000000 0.000000
39 16 0.000000 0.000000 0.000000
40 16 0.000000 0.000000 0.000000
41 16 0.000000 0.000000 0.000000
42 16 0.000000 0.000000 0.000000
43 16 0.000000 0.000000 0.000000
44 16 0.000000 0.000000 0.000000
45 16 0.000000 0.000000 0.000000
46 16 0.000000 0.000000 0.000000
47 16 0.000000 0.000000 0.000000
48 16 0.000000 0.000000 0.000000
49 16 0.000000 0.000000 0.000000

0 17 0.000000 0.000000 0.000000
1 17 0.000271 -0.011717 0.007471
2 17 -0.009704 -0.026551 0.007511
3 17 -0.038612 -0.040342 0.000337
4 17 -0.083311 -0.044929 -0.013176
5 17 -0.113456 -0.019155 -0.039870
6 17 -0.054679 0.031267 -0.035613
7 17 0.060124 0.067604 0.008699
8 17 0.141312 0.049165 0.068027
9 17 0.043410 -0.017517 0.053194
10 17 -0.104308 -0.045839 -0.041666
11 17 -0.089608 -0.012855 -0.071250
12 17 0.046762 0.026859 -0.003291
13 17 0.115174 0.024555 0.072781
14 17 -0.011407 -0.014849 0.033570
15 17 -0.117808 -0.024725 -0.068341
16 17 -0.006329 0.008815 -0.042152
17 17 0.097577 0.021333 0.055645
18 17 0.017142 -0.002395 0.041036
19 17 -0.070105 -0.014962 -0.036294
20 17 -0.028480 -0.001822 -0.037142
21 17 0.039651 0.009458 0.015614
22 17 0.033983 0.005070 0.030938
23 17 -0.011186 -0.003572 0.002980
24 17 -0.031208 -0.005611 -0.019819
25 17 -0.017812 -0.002148 -0.016794
26 17 0.002687 0.001429 -0.002121
27 17 0.012669 0.002674 0.007779
28 17 0.012202 0.002205 0.009367
29 17 0.007796 0.001291 0.006656
30 17 0.003872 0.000602 0.003556
31 17 0.001591 0.000234 0.001547
32 17 0.000559 0.000079 0.000570
33 17 0.000171 0.000023 0.000182
34 17 0.000046 0.000006 0.000051
35 17 0.000011 0.000001 0.000013
36 17 0.000002 0.000000 0.000003
37 17 0.000000 0.000000 0.000001
38 17 0.000000 0.000000 0.000000
39 17 0.000000 0.000000 0.000000
40 17 0.000000 0.000000 0.000000
41 17 0.000000 0.000000 0.000000
42 17 0.000000 0.000000 0.000000
43 17 0.000000 0.000000 0.000000
44 17 0.000000 0.000000 0.000000
45 17 0.000000 0.000000 0.000000
46 17 0.000000 0.000000 0.000000
47 17 0.000000 0.000000 0.000000
48 17 0.000000 0.000000 0.000000
49 17 0.000000 0.000000 0.000000

0 18 0.000000 0.000000 0.000000
1 18 0.025146 0.014634 -0.007218
2 18 0.056622 0.023022 0.001119
3 18 0.081192 0.012269 0.016872
4 18 0.065876 -0.022052 0.030085
5 18 -0.031673 -0.063565 0.007672
6 18 -0.134007 -0.060680 -0.050253
7 18 -0.109922 -0.003861 -0.071080
8 18 0.052599 0.051577 -0.003648
9 18 0.142839 0.041576 0.082775
10 18 0.024446 -0.019218 0.048671
11 18 -0.117829 -0.040608 -0.052799
12 18 -0.078044 0.000728 -0.071901
13 18 0.090796 0.034826 0.025001
14 18 0.095582 0.010694 0.083018
15 18 -0.075594 -0.024388 -0.011979
16 18 -0.087877 -0.011362 -0.077474
17 18 0.058326 0.016661 0.006841
18 18 0.072121 0.010407 0.063377
19 18 -0.036379 -0.009437 0.000999
20 18 -0.059028 -0.008497 -0.046406
21 18 0.010572 0.004237 -0.010746
22 18 0.043759 0.007173 0.029136
23 18 0.010945 0.000461 0.018725
24 18 -0.025030 -0.004488 -0.010866
25 18 -0.026288 -0.003541 -0.020420
26 18 -0.006912 -0.000210 -0.009552
27 18 0.008825 0.001903 0.003669
28 18 0.012990 0.002157 0.009207
29 18 0.010006 0.001500 0.008194
30 18 0.005654 0.000793 0.005048
31 18 0.002577 0.000343 0.002453
32 18 0.000990 0.000126 0.000993
33 18 0.000329 0.000040 0.000345
34 18 0.000096 0.000011 0.000105
35 18 0.000025 0.000003 0.000028
36 18 0.000006 0.000001 0.000007
37 18 0.000001 0.000000 0.000002
38 18 0.000000 0.000000 0.000000
39 18 0.000000 0.000000 0.000000
40 18 0.000000 0.000000 0.000000
41 18 0.000000 0.000000 0.000000
42 18 0.000000 0.000000 0.000000
43 18 0.000000 0.000000 0.000000
44 18 0.000000 0.000000 0.000000
45 18 0.000000 0.000000 0.000000
46 18 0.000000 0.000000 0.000000
47 18 0.000000 0.000000 0.000000
48 18 0.000000 0.000000 0.000000
49 18 0.000000 0.000000 0.000000

0 19 0.000000 0.000000 0.000000
1 19 -0.025542 0.009363 -0.021611
2 19 -0.030477 0.030070 -0.025883
3 19 0.014494 0.062462 -0.020434
4 19 0.117714 0.073809 0.021801
5 19 0.149015 0.030132 0.070860
6 19 0.026157 -0.040759 0.041105
7 19 -0.140419 -0.062421 -0.054235
8 19 -0.114442 -0.007645 -0.090929
9 19 0.076621 0.043529 0.013553
10 19 0.114621 0.029175 0.086704
11 19 -0.020469 -0.015624 0.020455
12 19 -0.108947 -0.027419 -0.068063
13 19 -0.006085 0.005735 -0.041921
14 19 0.113507 0.023192 0.064604
15 19 0.009230 -0.003232 0.048681
16 19 -0.107149 -0.017442 -0.060808
17 19 -0.009239 0.003108 -0.042949
18 19 0.086231 0.013506 0.050220
19 19 0.013338 -0.000705 0.036909
20 19 -0.062358 -0.009195 -0.033387
21 19 -0.023033 -0.001301 -0.032560
22 19 0.036447 0.005914 0.015283
23 19 0.029387 0.003283 0.027919
24 19 -0.011441 -0.002262 0.001874
25 19 -0.028861 -0.003692 -0.018737
26 19 -0.016243 -0.001491 -0.015628
27 19 0.002672 0.000903 -0.001873
28 19 0.011983 0.001804 0.007473
29 19 0.011644 0.001536 0.009059
30 19 0.007549 0.000927 0.006528
31 19 0.003819 0.000445 0.003550
32 19 0.001602 0.000179 0.001577
33 19 0.000576 0.000062 0.000594
34 19 0.000181 0.000019 0.000195
35 19 0.000050 0.000005 0.000056
36 19 0.000013 0.000001 0.000015
37 19 0.000003 0.000000 0.000003
38 19 0.000001 0.000000 0.000001
39 19 0.000000 0.000000 0.000000
40 19 0.000000 0.000000 0.000000
41 19 0.000000 0.000000 0.000000
42 19 0.000000 0.000000 0.000000
43 19 0.000000 0.000000 0.000000
44 19 0.000000 0.000000 0.000000
45 19 0.000000 0.000000 0.000000
46 19 0.000000 0.000000 0.000000
47 19 0.000000 0.000000 0.000000
48 19 0.000000 0.000000 0.000000
49 19 0.000000 0.000000 0.000000

0 20 0.000000 0.000000 0.000000
1 20 -0.022421 -0.027994 0.011492
2 20 -0.084759 -0.049747 -0.003144
3 20 -0.153777 -0.031918 -0.047257
4 20 -0.096618 0.034942 -0.065704
5 20 0.093876 0.082017 0.017525
6 20 0.168409 0.048063 0.099630
7 20 0.016697 -0.023201 0.050344
8 20 -0.143975 -0.043941 -0.075385
9 20 -0.046732 0.002723 -0.071323
10 20 0.116678 0.028610 0.053217
11 20 0.064426 0.001622 0.074460
12 20 -0.096776 -0.019618 -0.029127
13 20 -0.085062 -0.003027 -0.079084
14 20 0.086790 0.018266 0.019392
15 20 0.084484 0.006390 0.081412
16 20 -0.078784 -0.013908 -0.017234
17 20 -0.070366 -0.005778 -0.070661
18 20 0.062543 0.010108 0.015241
19 20 0.056083 0.005322 0.056274
20 20 -0.041420 -0.006007 -0.006919
21 20 -0.048063 -0.004524 -0.041908
22 20 0.016674 0.002998 -0.004135
23 20 0.038747 0.004176 0.028153
24 20 0.005158 -0.000059 0.014274
25 20 -0.025153 -0.002871 -0.012441
26 20 -0.023256 -0.002112 -0.018910
27 20 -0.004716 -0.000026 -0.007742
28 20 0.009150 0.001253 0.004332
29 20 0.012348 0.001385 0.008994
30 20 0.009315 0.000963 0.007769
31 20 0.005236 0.000513 0.004746
32 20 0.002392 0.000225 0.002308
33 20 0.000926 0.000084 0.000940
34 20 0.000311 0.000027 0.000330
35 20 0.000092 0.000008 0.000102
36 20 0.000025 0.000002 0.000028
37 20 0.000006 0.000000 0.000007
38 20 0.000001 0.000000 0.000002
39 20 0.000000 0.000000 0.000000
40 20 0.000000 0.000000 0.000000
41 20 0.000000 0.000000 0.000000
42 20 0.000000 0.000000 0.000000
43 20 0.000000 0.000000 0.000000
44 20 0.000000 0.000000 0.000000
45 20 0.000000 0.000000 0.000000
46 20 0.000000 0.000000 0.000000
47 20 0.000000 0.000000 0.000000
48 20 0.000000 0.000000 0.000000
49 20 0.000000 0.000000 0.000000

0 21 0.000000 0.000000 0.000000
1 21 0.083885 0.017975 -0.001999
2 21 0.114825 -0.018926 0.046225
3 21 -0.025706 -0.079183 0.026803
4 21 -0.193726 -0.074418 -0.081900
5 21 -0.115330 0.002235 -0.097228
6 21 0.108762 0.054148 0.032811
7 21 0.135274 0.023185 0.111649
8 21 -0.072643 -0.024155 0.004090
9 21 -0.127572 -0.018384 -0.096543
10 21 0.036469 0.017191 -0.015040
11 21 0.112714 0.022506 0.079596
12 21 -0.008378 -0.007087 0.032707
13 21 -0.111797 -0.018484 -0.070031
14 21 0.007498 0.004257 -0.037719
15 21 0.110578 0.013800 0.072330
16 21 -0.016657 -0.003509 0.032729
17 21 -0.097331 -0.009269 -0.066584
18 21 0.016587 0.003394 -0.024005
19 21 0.076471 0.006948 0.054011
20 21 -0.007598 -0.001710 0.021240
21 21 -0.057618 -0.004886 -0.037403
22 21 -0.007799 0.000211 -0.022179
23 21 0.037631 0.003466 0.020484
24 21 0.020344 0.001348 0.023110
25 21 -0.016497 -0.001630 -0.003401
26 21 -0.026709 -0.002056 -0.018863
27 21 -0.012079 -0.000652 -0.012855
28 21 0.004833 0.000659 0.000248
29 21 0.011930 0.001084 0.007930
30 21 0.010719 0.000883 0.008576
31 21 0.006715 0.000523 0.005922
32 21 0.003335 0.000250 0.003151
33 21 0.001386 0.000100 0.001383
34 21 0.000496 0.000035 0.000519
35 21 0.000156 0.000011 0.000170
36 21 0.000044 0.000003 0.000049
37 21 0.000011 0.000001 0.000013
38 21 0.000003 0.000000 0.000003
39 21 0.000001 0.000000 0.000001
40 21 0.000000 0.000000 0.000000
41 21 0.000000 0.000000 0.000000
42 21 0.000000 0.000000 0.000000
43 21 0.000000 0.000000 0.000000
44 21 0.000000 0.000000 0.000000
45 21 0.000000 0.000000 0.000000
46 21 0.000000 0.000000 0.000000
47 21 0.000000 0.000000 0.000000
48 21 0.000000 0.000000 0.000000
49 21 0.000000 0.000000 0.000000

0 22 0.000000 0.000000 0.000000
1 22 -0.003424 0.088618 -0.107393
2 22 0.177497 0.117883 0.010771
3 22 0.225275 0.044279 0.128514
4 22 -0.024568 -0.043877 0.039859
5 22 -0.186803 -0.043582 -0.113202
6 22 -0.028304 0.012279 -0.067868
7 22 0.152573 0.034082 0.084543
8 22 0.041744 0.001015 0.078741
9 22 -0.128343 -0.019061 -0.065481
10 22 -0.034503 -0.000745 -0.066164
11 22 0.111229 0.009585 0.054017
12 22 0.044289 -0.000557 0.067067
13 22 -0.108318 -0.007409 -0.042495
14 22 -0.052414 0.001179 -0.070166
15 22 0.106201 0.008809 0.044084
16 22 0.043113 0.000413 0.066572
17 22 -0.094754 -0.007213 -0.042824
18 22 -0.031808 -0.000615 -0.053386
19 22 0.073995 0.005412 0.036007
20 22 0.027029 0.001089 0.042377
21 22 -0.051942 -0.003450 -0.022860
22 22 -0.029971 -0.001339 -0.034255
23 22 0.027910 0.002033 0.008026
24 22 0.031078 0.001728 0.026873
25 22 -0.005121 -0.000517 0.006213
26 22 -0.026342 -0.001528 -0.015810
27 22 -0.018330 -0.000869 -0.016440
28 22 -0.000387 0.000178 -0.004181
29 22 0.010399 0.000710 0.005979
30 22 0.011585 0.000697 0.008831
31 22 0.008126 0.000461 0.006959
32 22 0.004380 0.000238 0.004049
33 22 0.001946 0.000103 0.001909
34 22 0.000739 0.000038 0.000761
35 22 0.000245 0.000012 0.000264
36 22 0.000072 0.000004 0.000081
37 22 0.000019 0.000001 0.000022
38 22 0.000005 0.000000 0.000005
39 22 0.000001 0.000000 0.000001
40 22 0.000000 0.000000 0.000000
41 22 0.000000 0.000000 0.000000
42 22 0.000000 0.000000 0.000000
43 22 0.000000 0.000000 0.000000
44 22 0.000000 0.000000 0.000000
45 22 0.000000 0.000000 0.000000
46 22 0.000000 0.000000 0.000000
47 22 0.000000 0.000000 0.000000
48 22 0.000000 0.000000 0.000000
49 22 0.000000 0.000000 0.000000

0 23 0.000000 0.000000 0.000000
1 23 -0.299498 0.001730 -0.108438
2 23 -0.127770 0.081296 -0.104979
3 23 0.199829 0.092199 0.108055
4 23 0.142978 0.025508 0.156518
5 23 -0.124376 -0.024500 -0.030747
6 23 -0.120828 -0.010931 -0.113137
7 23 0.103649 0.013191 0.024246
8 23 0.107104 0.006845 0.107252
9 23 -0.091563 -0.008880 -0.015739
10 23 -0.096965 -0.006156 -0.087656
11 23 0.062083 0.010013 0.008701
12 23 0.095155 0.010069 0.080400
13 23 -0.052382 -0.005624 0.003719
14 23 -0.095318 -0.007591 -0.079380
15 23 0.061541 0.003658 0.001112
16 23 0.084441 0.004500 0.078348
17 23 -0.064854 -0.002864 -0.007887
18 23 -0.067935 -0.002462 -0.066377
19 23 0.053424 0.002432 0.009952
20 23 0.053441 0.001853 0.052350
21 23 -0.035282 -0.001502 -0.003711
22 23 -0.045385 -0.001472 -0.038679
23 23 0.013064 0.000711 -0.005733
24 23 0.036114 0.001288 0.025661
25 23 0.006698 0.000119 0.014621
26 23 -0.022689 -0.000823 -0.010624
27 23 -0.022776 -0.000703 -0.018161
28 23 -0.005864 -0.000086 -0.008388
29 23 0.007935 0.000351 0.003385
30 23 0.011829 0.000436 0.008509
31 23 0.009355 0.000323 0.007764
32 23 0.005465 0.000181 0.004940
33 23 0.002589 0.000083 0.002493
34 23 0.001039 0.000033 0.001053
35 23 0.000362 0.000011 0.000384
36 23 0.000112 0.000003 0.000123
37 23 0.000031 0.000001 0.000035
38 23 0.000008 0.000000 0.000009
39 23 0.000002 0.000000 0.000002
40 23 0.000000 0.000000 0.000000
41 23 0.000000 0.000000 0.000000
42 23 0.000000 0.000000 0.000000
43 23 0.000000 0.000000 0.000000
44 23 0.000000 0.000000 0.000000
45 23 0.000000 0.000000 0.000000
46 23 0.000000 0.000000 0.000000
47 23 0.000000 0.000000 0.000000
48 23 0.000000 0.000000 0.000000
49 23 0.000000 0.000000 0.000000

0 24 0.000000 0.000000 0.000000
1 24 -0.235271 -0.098819 0.052129
2 24 -0.312992 -0.035060 -0.203084
3 24 0.059513 0.015908 -0.008433
4 24 0.191454 0.015639 0.168158
5 24 -0.052265 -0.001637 0.040000
6 24 -0.158699 -0.004817 -0.110667
7 24 0.033354 0.004421 -0.029887
8 24 0.140115 0.007591 0.103391
9 24 -0.033463 -0.000267 0.031852
10 24 -0.118308 -0.001008 -0.085834
11 24 0.030488 0.000355 -0.024472
12 24 0.114407 -0.002995 0.077135
13 24 -0.019772 -0.002529 0.032761
14 24 -0.118214 0.001100 -0.074422
15 24 0.020498 0.002519 -0.031680
16 24 0.108772 0.000971 0.075317
17 24 -0.026856 -0.001270 0.024213
18 24 -0.089496 -0.001146 -0.065885
19 24 0.024083 0.000622 -0.016088
20 24 0.068740 0.000896 0.052073
21 24 -0.013256 -0.000252 0.015181
22 24 -0.052719 -0.000620 -0.036290
23 24 -0.003363 0.000037 -0.018080
24 24 0.035758 0.000444 0.020644
25 24 0.017208 0.000172 0.020777
26 24 -0.016743 -0.000211 -0.004363
27 24 -0.025172 -0.000271 -0.018084
28 24 -0.011031 -0.000091 -0.011950
29 24 0.004827 0.000083 0.000451
30 24 0.011459 0.000144 0.007670
31 24 0.010321 0.000120 0.008282
32 24 0.006527 0.000073 0.005765
33 24 0.003285 0.000036 0.003106
34 24 0.001387 0.000015 0.001384
35 24 0.000506 0.000005 0.000529
36 24 0.000162 0.000002 0.000177
37 24 0.000047 0.000000 0.000052
38 24 0.000012 0.000000 0.000014
39 24 0.000003 0.000000 0.000003
40 24 0.000001 0.000000 0.000001
41 24 0.000000 0.000000 0.000000
42 24 0.000000 0.000000 0.000000
43 24 0.000000 0.000000 0.000000
44 24 0.000000 0.000000 0.000000
45 24 0.000000 0.000000 0.000000
46 24 0.000000 0.000000 0.000000
47 24 0.000000 0.000000 0.000000
48 24 0.000000 0.000000 0.000000
49 24 0.000000 0.000000 0.000000

0 25 0.000000 0.000000 0.000000
1 25 -0.224807 0.088963 0.008373
2 25 -0.293282 0.051938 -0.150515
3 25 0.025548 -0.003294 -0.027702
4 25 0.208159 -0.015819 0.154295
5 25 0.005237 -0.000756 0.073681
6 25 -0.161467 0.005909 -0.096045
7 25 -0.010544 -0.000919 -0.061470
8 25 0.148783 -0.007760 0.088880
9 25 0.010116 -0.002015 0.060823
10 25 -0.122912 0.000902 -0.071783
11 25 -0.020315 -0.002129 -0.051200
12 25 0.100632 0.001175 0.057048
13 25 0.028048 0.004144 0.056628
14 25 -0.103791 0.000984 -0.051573
15 25 -0.022624 -0.002470 -0.055968
16 25 0.105849 -0.002028 0.057219
17 25 0.010899 0.000687 0.048624
18 25 -0.093669 0.001513 -0.054183
19 25 -0.006081 -0.000154 -0.037136
20 25 0.072770 -0.001019 0.044006
21 25 0.009100 -0.000054 0.030616
22 25 -0.052748 0.000644 -0.029095
23 25 -0.018623 0.000159 -0.027467
24 25 0.031251 -0.000401 0.013380
25 25 0.025405 -0.000278 0.024365
26 25 -0.009606 0.000129 0.002019
27 25 -0.025651 0.000282 -0.016552
28 25 -0.015492 0.000146 -0.014641
29 25 0.001395 -0.000044 -0.002531
30 25 0.010565 -0.000135 0.006434
31 25 0.010985 -0.000129 0.008504
32 25 0.007509 -0.000085 0.006480
33 25 0.004000 -0.000044 0.003713
34 25 0.001769 -0.000019 0.001739
35 25 0.000672 -0.000007 0.000693
36 25 0.000224 -0.000002 0.000241
37 25 0.000066 -0.000001 0.000074
38 25 0.000018 -0.000000 0.000020
39 25 0.000004 -0.000000 0.000005
40 25 0.000001 -0.000000 0.000001
41 25 0.000000 -0.000000 0.000000
42 25 0.000000 -0.000000 0.000000
43 25 0.000000 -0.000000 0.000000
44 25 0.000000 -0.000000 0.000000
45 25 0.000000 -0.000000 0.000000
46 25 0.000000 -0.000000 0.000000
47 25 0.000000 -0.000000 0.000000
48 25 0.000000 -0.000000 0.000000
49 25 0.000000 0.000000 0.000000

0 26 0.000000 0.000000 0.000000
1 26 -0.155756 0.095077 -0.041743
2 26 -0.159862 0.055713 -0.097456
3 26 0.084078 -0.035864 0.000110
4 26 0.216662 -0.055546 0.137454
5 26 0.014627 -0.009974 0.068693
6 26 -0.165436 0.019217 -0.091895
7 26 -0.042286 0.001620 -0.074058
8 26 0.135597 -0.013240 0.071875
9 26 0.040993 -0.001533 0.076849
10 26 -0.121070 0.010595 -0.057305
11 26 -0.045223 0.006073 -0.067197
12 26 0.107058 -0.007131 0.046062
13 26 0.060451 -0.007605 0.071619
14 26 -0.101343 0.003521 -0.036332
15 26 -0.060391 0.003966 -0.072646
16 26 0.098515 -0.003524 0.039015
17 26 0.045619 -0.001872 0.065962
18 26 -0.088081 0.003257 -0.038399
19 26 -0.033602 0.000949 -0.052346
20 26 0.068557 -0.002689 0.031874
21 26 0.028929 -0.000940 0.041601
22 26 -0.047453 0.001734 -0.019399
23 26 -0.031200 0.000959 -0.033517
24 26 0.024162 -0.000958 0.005322
25 26 0.031003 -0.001056 0.025632
26 26 -0.002243 0.000126 0.007839
27 26 -0.024596 0.000822 -0.014039
28 26 -0.019045 0.000570 -0.016420
29 26 -0.002065 -0.000011 -0.005327
30 26 0.009284 -0.000364 0.004953
31 26 0.011350 -0.000402 0.008458
32 26 0.008372 -0.000285 0.007057
33 26 0.004701 -0.000156 0.004286
34 26 0.002169 -0.000071 0.002100
35 26 0.000855 -0.000027 0.000869
36 26 0.000294 -0.000009 0.000312
37 26 0.000090 -0.000003 0.000099
38 26 0.000025 -0.000001 0.000028
39 26 0.000006 -0.000000 0.000007
40 26 0.000001 -0.000000 0.000002
41 26 0.000000 -0.000000 0.000000
42 26 0.000000 -0.000000 0.000000
43 26 0.000000 -0.000000 0.000000
44 26 0.000000 -0.000000 0.000000
45 26 0.000000 -0.000000 0.000000
46 26 0.000000 -0.000000 0.000000
47 26 0.000000 -0.000000 0.000000
48 26 0.000000 -0.000000 0.000000
49 26 0.000000 0.000000 0.000000

0 27 0.000000 0.000000 0.000000
1 27 -0.055114 0.042669 -0.053261
2 27 -0.007042 -0.003290 -0.050676
3 27 0.152544 -0.080866 0.028898
4 27 0.189589 -0.078772 0.108843
5 27 -0.019639 -0.003508 0.033836
6 27 -0.168239 0.036435 -0.095825
7 27 -0.045000 0.009051 -0.071304
8 27 0.141723 -0.022314 0.067663
9 27 0.062812 -0.010644 0.084100
10 27 -0.112413 0.013111 -0.048647
11 27 -0.056917 0.002936 -0.072192
12 27 0.086250 -0.014330 0.032872
13 27 0.064544 -0.004274 0.070884
14 27 -0.081815 0.011706 -0.019953
15 27 -0.073686 0.005395 -0.074525
16 27 0.083625 -0.008656 0.021284
17 27 0.066906 -0.004988 0.072873
18 27 -0.077018 0.005723 -0.022370
19 27 -0.054343 0.003351 -0.060870
20 27 0.059754 -0.004072 0.018866
21 27 0.044553 -0.002698 0.048152
22 27 -0.039204 0.002394 -0.009214
23 27 -0.040580 0.002223 -0.036597
24 27 0.015983 -0.001101 -0.002427
25 27 0.034234 -0.001976 0.025138
26 27 0.004648 -0.000205 0.012717
27 27 -0.022505 0.001257 -0.011030
28 27 -0.021666 0.001113 -0.017386
29 27 -0.005319 0.000173 -0.007784
30 27 0.007778 -0.000521 0.003378
31 27 0.011457 -0.000678 0.008202
32 27 0.009095 -0.000517 0.007492
33 27 0.005358 -0.000297 0.004801
34 27 0.002568 -0.000140 0.002449
35 27 0.001045 -0.000056 0.001048
36 27 0.000370 -0.000020 0.000388
37 27 0.000116 -0.000006 0.000126
38 27 0.000033 -0.000002 0.000037
39 27 0.000008 -0.000000 0.000010
40 27 0.000002 -0.000000 0.000002
41 27 0.000000 -0.000000 0.000000
42 27 0.000000 -0.000000 0.000000
43 27 0.000000 -0.000000 0.000000
44 27 0.000000 -0.000000 0.000000
45 27 0.000000 -0.000000 0.000000
46 27 0.000000 -0.000000 0.000000
47 27 0.000000 -0.000000 0.000000
48 27 0.000000 -0.000000 0.000000
49 27 0.000000 0.000000 0.000000

0 28 0.000000 0.000000 0.000000
1 28 0.019567 -0.010922 -0.031315
2 28 0.081462 -0.059423 -0.011790
3 28 0.154630 -0.102463 0.040020
4 28 0.106707 -0.066391 0.065363
5 28 -0.081524 0.019200 -0.009910
6 28 -0.167921 0.050982 -0.097886
7 28 -0.020192 0.006134 -0.051103
8 28 0.143460 -0.036450 0.072902
9 28 0.056858 -0.014816 0.078248
10 28 -0.116313 0.018991 -0.047409
11 28 -0.074634 0.012169 -0.076468
12 28 0.078732 -0.008429 0.024836
13 28 0.088202 -0.009468 0.076263
14 28 -0.061673 0.005507 -0.005656
15 28 -0.093012 0.007341 -0.077985
16 28 0.063336 -0.007142 0.004304
17 28 0.084043 -0.007295 0.076370
18 28 -0.061930 0.006160 -0.007040
19 28 -0.069536 0.005797 -0.065042
20 28 0.048590 -0.004677 0.006520
21 28 0.055942 -0.004786 0.051301
22 28 -0.029870 0.002531 0.000220
23 28 -0.046996 0.003691 -0.037481
24 28 0.007860 -0.000836 -0.009212
25 28 0.035630 -0.002895 0.023546
26 28 0.010650 -0.000798 0.016537
27 28 -0.019877 0.001545 -0.007943
28 28 -0.023458 0.001713 -0.017721
29 28 -0.008210 0.000484 -0.009824
30 28 0.006206 -0.000600 0.001843
31 28 0.011369 -0.000943 0.007809
32 28 0.009673 -0.000771 0.007792
33 28 0.005949 -0.000464 0.005241
34 28 0.002946 -0.000226 0.002769
35 28 0.001232 -0.000093 0.001220
36 28 0.000447 -0.000034 0.000463
37 28 0.000143 -0.000011 0.000154
38 28 0.000041 -0.000003 0.000046
39 28 0.000011 -0.000001 0.000012
40 28 0.000003 -0.000000 0.000003
41 28 0.000001 -0.000000 0.000001
42 28 0.000000 -0.000000 0.000000
43 28 0.000000 -0.000000 0.000000
44 28 0.000000 -0.000000 0.000000
45 28 0.000000 -0.000000 0.000000
46 28 0.000000 -0.000000 0.000000
47 28 0.000000 -0.000000 0.000000
48 28 0.000000 -0.000000 0.000000
49 28 0.000000 0.000000 0.000000

0 29 0.000000 0.000000 0.000000
1 29 0.035648 -0.031834 -0.003395
2 29 0.073125 -0.066242 0.010239
3 29 0.072919 -0.070380 0.029525
4 29 -0.009748 -0.014002 0.018569
5 29 -0.141237 0.056950 -0.043215
6 29 -0.140607 0.060805 -0.084462
7 29 0.026099 -0.003990 -0.015855
8 29 0.144625 -0.043219 0.079401
9 29 0.045310 -0.013212 0.065561
10 29 -0.120829 0.027067 -0.053053
11 29 -0.065991 0.016873 -0.074610
12 29 0.092911 -0.019567 0.030604
13 29 0.086526 -0.020972 0.075774
14 29 -0.068246 0.010277 -0.006930
15 29 -0.101115 0.017102 -0.078541
16 29 0.057283 -0.007533 -0.002330
17 29 0.096022 -0.013171 0.077866
18 29 -0.051177 0.005782 0.003203
19 29 -0.080679 0.009267 -0.067006
20 29 0.038361 -0.004488 -0.003350
21 29 0.064060 -0.007145 0.052488
22 29 -0.021057 0.002161 0.008076
23 29 -0.051161 0.005214 -0.037109
24 29 0.000577 -0.000236 -0.014734
25 29 0.035846 -0.003734 0.021491
26 29 0.015590 -0.001569 0.019369
27 29 -0.017157 0.001687 -0.005094
28 29 -0.024598 0.002325 -0.017643
29 29 -0.010650 0.000886 -0.011435
30 29 0.004709 -0.000609 0.000455
31 29 0.011163 -0.001188 0.007355
32 29 0.010118 -0.001035 0.007979
33 29 0.006457 -0.000648 0.005599
34 29 0.003287 -0.000326 0.003048
35 29 0.001406 -0.000138 0.001375
36 29 0.000521 -0.000051 0.000533
37 29 0.000170 -0.000016 0.000181
38 29 0.000049 -0.000005 0.000055
39 29 0.000013 -0.000001 0.000015
40 29 0.000003 -0.000000 0.000004
41 29 0.000001 -0.000000 0.000001
42 29 0.000000 -0.000000 0.000000
43 29 0.000000 -0.000000 0.000000
44 29 0.000000 -0.000000 0.000000
45 29 0.000000 -0.000000 0.000000
46 29 0.000000 -0.000000 0.000000
47 29 0.000000 -0.000000 0.000000
48 29 0.000000 -0.000000 0.000000
49 29 0.000000 0.000000 0.000000

0 30 0.000000 0.000000 0.000000
1 30 0.011967 -0.019265 0.008740
2 30 0.012442 -0.027942 0.011421
3 30 -0.022683 -0.006287 0.007912
4 30 -0.087912 0.043191 -0.014376
5 30 -0.136752 0.077151 -0.050878
6 30 -0.060980 0.041817 -0.049254
7 30 0.089688 -0.030390 0.023011
8 30 0.144819 -0.055885 0.081191
9 30 0.013958 -0.012421 0.041960
10 30 -0.131838 0.033501 -0.065747
11 30 -0.052743 0.013640 -0.065717
12 30 0.088885 -0.024130 0.036593
13 30 0.071702 -0.015186 0.068106
14 30 -0.060711 0.016199 -0.007361
15 30 -0.092779 0.016576 -0.072343
16 30 0.050126 -0.011265 -0.006170
17 30 0.097569 -0.016288 0.075141
18 30 -0.043435 0.006800 0.009554
19 30 -0.086594 0.012518 -0.066823
20 30 0.030543 -0.004365 -0.010275
21 30 0.069399 -0.009575 0.052558
22 30 -0.013876 0.001555 0.013970
23 30 -0.053816 0.006729 -0.036262
24 30 -0.005378 0.000571 -0.018924
25 30 0.035509 -0.004484 0.019493
26 30 0.019456 -0.002439 0.021375
27 30 -0.014699 0.001718 -0.002702
28 30 -0.025293 0.002925 -0.017362
29 30 -0.012606 0.001343 -0.012643
30 30 0.003402 -0.000565 -0.000709
31 30 0.010913 -0.001411 0.006911
32 30 0.010447 -0.001303 0.008080
33 30 0.006872 -0.000843 0.005871
34 30 0.003576 -0.000434 0.003273
35 30 0.001557 -0.000188 0.001505
36 30 0.000586 -0.000070 0.000592
37 30 0.000194 -0.000023 0.000204
38 30 0.000057 -0.000007 0.000062
39 30 0.000015 -0.000002 0.000017
40 30 0.000004 -0.000000 0.000004
41 30 0.000001 -0.000000 0.000001
42 30 0.000000 -0.000000 0.000000
43 30 0.000000 -0.000000 0.000000
44 30 0.000000 -0.000000 0.000000
45 30 0.000000 -0.000000 0.000000
46 30 0.000000 -0.000000 0.000000
47 30 0.000000 -0.000000 0.000000
48 30 0.000000 -0.000000 0.000000
49 30 0.000000 0.000000 0.000000

0 31 0.000000 0.000000 0.000000
1 31 -0.013347 0.002474 0.003873
2 31 -0.033363 0.013438 0.000361
3 31 -0.064158 0.037303 -0.008928
4 31 -0.086901 0.060822 -0.024849
5 31 -0.064690 0.052204 -0.032491
6 31 0.031565 -0.004501 -0.007703
7 31 0.128215 -0.060354 0.048731
8 31 0.102806 -0.055705 0.065515
9 31 -0.046190 0.007523 0.004904
10 31 -0.139598 0.046438 -0.075503
11 31 -0.032062 0.014735 -0.049832
12 31 0.101911 -0.024494 0.047497
13 31 0.075821 -0.019504 0.066552
14 31 -0.061125 0.011082 -0.011464
15 31 -0.098286 0.018351 -0.073198
16 31 0.044583 -0.008725 -0.007674
17 31 0.101551 -0.018260 0.075187
18 31 -0.037615 0.006180 0.013316
19 31 -0.090837 0.015018 -0.067030
20 31 0.025165 -0.004000 -0.014684
21 31 0.073114 -0.011807 0.052593
22 31 -0.008783 0.000874 0.017944
23 31 -0.055690 0.008194 -0.035594
24 31 -0.009775 0.001453 -0.021870
25 31 0.035155 -0.005177 0.017945
26 31 0.022322 -0.003341 0.022749
27 31 -0.012768 0.001691 -0.000902
28 31 -0.025739 0.003507 -0.017060
29 31 -0.014078 0.001822 -0.013496
30 31 0.002375 -0.000493 -0.001595
31 31 0.010690 -0.001620 0.006536
32 31 0.010684 -0.001569 0.008122
33 31 0.007189 -0.001042 0.006058
34 31 0.003801 -0.000546 0.003436
35 31 0.001677 -0.000240 0.001602
36 31 0.000637 -0.000091 0.000638
37 31 0.000213 -0.000030 0.000222
38 31 0.000063 -0.000009 0.000068
39 31 0.000017 -0.000002 0.000019
40 31 0.000004 -0.000001 0.000005
41 31 0.000001 -0.000000 0.000001
42 31 0.000000 -0.000000 0.000000
43 31 0.000000 -0.000000 0.000000
44 31 0.000000 -0.000000 0.000000
45 31 0.000000 -0.000000 0.000000
46 31 0.000000 -0.000000 0.000000
47 31 0.000000 -0.000000 0.000000
48 31 0.000000 -0.000000 0.000000
49 31 0.000000 0.000000 0.000000

0 32 0.000000 0.000000 0.000000
1 32 -0.017857 0.012836 -0.006294
2 32 -0.032393 0.026561 -0.009360
3 32 -0.041188 0.037233 -0.013441
4 32 -0.025198 0.033452 -0.016520
5 32 0.023107 0.001349 -0.004831
6 32 0.090853 -0.046032 0.020426
7 32 0.115006 -0.067604 0.050973
8 32 0.028072 -0.028293 0.031287
9 32 -0.092415 0.035410 -0.029001
10 32 -0.119671 0.050284 -0.071695
11 32 0.014005 0.002961 -0.024016
12 32 0.124558 -0.040332 0.063995
13 32 0.051904 -0.024751 0.056189
14 32 -0.089039 0.020896 -0.029722
15 32 -0.093299 0.027072 -0.071942
16 32 0.058831 -0.011434 0.002257
17 32 0.103878 -0.024139 0.076499
18 32 -0.041274 0.006439 0.010571
19 32 -0.094488 0.018581 -0.068528
20 32 0.024374 -0.003765 -0.015538
21 32 0.076247 -0.014208 0.053446
22 32 -0.006400 0.000279 0.019837
23 32 -0.057440 0.009699 -0.035633
24 32 -0.012457 0.002294 -0.023648
25 32 0.035210 -0.005883 0.017136
26 32 0.024277 -0.004224 0.023657
27 32 -0.011558 0.001673 0.000219
28 32 -0.026099 0.004081 -0.016874
29 32 -0.015080 0.002292 -0.014038
30 32 0.001693 -0.000422 -0.002172
31 32 0.010548 -0.001824 0.006274
32 32 0.010848 -0.001829 0.008128
33 32 0.007404 -0.001236 0.006164
34 32 0.003953 -0.000656 0.003534
35 32 0.001758 -0.000291 0.001661
36 32 0.000673 -0.000111 0.000666
37 32 0.000226 -0.000037 0.000233
38 32 0.000068 -0.000011 0.000072
39 32 0.000018 -0.000003 0.000020
40 32 0.000004 -0.000001 0.000005
41 32 0.000001 -0.000000 0.000001
42 32 0.000000 -0.000000 0.000000
43 32 0.000000 -0.000000 0.000000
44 32 0.000000 -0.000000 0.000000
45 32 0.000000 -0.000000 0.000000
46 32 0.000000 -0.000000 0.000000
47 32 0.000000 -0.000000 0.000000
48 32 0.000000 -0.000000 0.000000
49 32 0.000000 0.000000 0.000000

0 33 0.000000 0.000000 0.000000
1 33 -0.003117 0.006923 -0.009646
2 33 0.000948 0.009764 -0.009293
3 33 0.011492 0.005227 -0.007145
4 33 0.041606 -0.013639 -0.000852
5 33 0.072779 -0.041783 0.013652
6 33 0.091255 -0.061699 0.026794
7 33 0.051558 -0.045971 0.030415
8 33 -0.047272 0.009540 -0.006838
9 33 -0.111366 0.051492 -0.046856
10 33 -0.079047 0.039580 -0.054332
11 33 0.062619 -0.018802 0.007631
12 33 0.116435 -0.047925 0.071007
13 33 0.005221 -0.008840 0.031635
14 33 -0.098556 0.034369 -0.044742
15 33 -0.064544 0.022322 -0.059044
16 33 0.072782 -0.020941 0.015095
17 33 0.093501 -0.025989 0.072537
18 33 -0.050849 0.010573 0.003041
19 33 -0.093665 0.021690 -0.069002
20 33 0.028631 -0.004977 -0.012643
21 33 0.078243 -0.016730 0.054824
22 33 -0.007256 0.000198 0.019438
23 33 -0.059295 0.011341 -0.036568
24 33 -0.013237 0.002942 -0.024245
25 33 0.035946 -0.006698 0.017243
26 33 0.025358 -0.005044 0.024190
27 33 -0.011207 0.001737 0.000605
28 33 -0.026480 0.004666 -0.016895
29 33 -0.015616 0.002725 -0.014301
30 33 0.001401 -0.000382 -0.002419
31 33 0.010526 -0.002035 0.006156
32 33 0.010953 -0.002081 0.008114
33 33 0.007516 -0.001420 0.006192
34 33 0.004027 -0.000759 0.003563
35 33 0.001795 -0.000338 0.001679
36 33 0.000688 -0.000129 0.000674
37 33 0.000232 -0.000044 0.000236
38 33 0.000069 -0.000013 0.000073
39 33 0.000019 -0.000004 0.000020
40 33 0.000005 -0.000001 0.000005
41 33 0.000001 -0.000000 0.000001
42 33 0.000000 -0.000000 0.000000
43 33 0.000000 -0.000000 0.000000
44 33 0.000000 -0.000000 0.000000
45 33 0.000000 -0.000000 0.000000
46 33 0.000000 -0.000000 0.000000
47 33 0.000000 -0.000000 0.000000
48 33 0.000000 -0.000000 0.000000
49 33 0.000000 0.000000 0.000000

0 34 0.000000 0.000000 0.000000
1 34 0.010691 -0.005035 -0.003987
2 34 0.024576 -0.013208 -0.001933
3 34 0.038374 -0.024583 0.002121
4 34 0.054039 -0.039951 0.008493
5 34 0.052250 -0.047406 0.014873
6 34 0.027840 -0.037856 0.013548
7 34 -0.034769 0.000507 -0.000008
8 34 -0.097464 0.045211 -0.031776
9 34 -0.096716 0.055969 -0.044795
10 34 -0.015967 0.018998 -0.023825
11 34 0.101341 -0.038450 0.036746
12 34 0.091477 -0.041899 0.063693
13 34 -0.026910 0.005806 0.006172
14 34 -0.093948 0.033320 -0.051500
15 34 -0.043803 0.013585 -0.046112
16 34 0.078741 -0.024009 0.025224
17 34 0.081956 -0.023492 0.067876
18 34 -0.060451 0.014345 -0.005927
19 34 -0.089904 0.022920 -0.069013
20 34 0.036255 -0.007219 -0.006963
21 34 0.078848 -0.018881 0.056563
22 34 -0.011313 0.000869 0.016788
23 34 -0.061191 0.013092 -0.038383
24 34 -0.011954 0.003231 -0.023596
25 34 0.037469 -0.007698 0.018336
26 34 0.025528 -0.005745 0.024355
27 34 -0.011803 0.001960 0.000212
28 34 -0.026927 0.005276 -0.017156
29 34 -0.015676 0.003093 -0.014291
30 34 0.001527 -0.000404 -0.002325
31 34 0.010642 -0.002266 0.006193
32 34 0.011003 -0.002323 0.008085
33 34 0.007521 -0.001585 0.006142
34 34 0.004019 -0.000847 0.003523
35 34 0.001787 -0.000377 0.001656
36 34 0.000684 -0.000144 0.000663
37 34 0.000230 -0.000048 0.000232
38 34 0.000069 -0.000015 0.000072
39 34 0.000019 -0.000004 0.000020
40 34 0.000005 -0.000001 0.000005
41 34 0.000001 -0.000000 0.000001
42 34 0.000000 -0.000000 0.000000
43 34 0.000000 -0.000000 0.000000
44 34 0.000000 -0.000000 0.000000
45 34 0.000000 -0.000000 0.000000
46 34 0.000000 -0.000000 0.000000
47 34 0.000000 -0.000000 0.000000
48 34 0.000000 -0.000000 0.000000
49 34 0.000000 0.000000 0.000000

0 35 0.000000 0.000000 0.000000
1 35 0.008886 -0.008727 0.002601
2 35 0.016481 -0.017003 0.003567
3 35 0.018561 -0.023246 0.005604
4 35 0.012274 -0.023720 0.005834
5 35 -0.009075 -0.012717 0.004227
6 35 -0.044613 0.011761 -0.006048
7 35 -0.079827 0.043539 -0.019265
8 35 -0.086066 0.057412 -0.033110
9 35 -0.029754 0.034673 -0.022205
10 35 0.060591 -0.017895 0.012592
11 35 0.116083 -0.055436 0.050826
12 35 0.051771 -0.032863 0.043093
13 35 -0.065509 0.017049 -0.020063
14 35 -0.100334 0.037202 -0.058245
15 35 -0.019237 0.011738 -0.030677
16 35 0.097279 -0.028714 0.041168
17 35 0.069254 -0.024013 0.062532
18 35 -0.077233 0.018619 -0.020078
19 35 -0.084301 0.024379 -0.068883
20 35 0.048595 -0.010349 0.002533
21 35 0.078054 -0.020885 0.058580
22 35 -0.018896 0.002401 0.011534
23 35 -0.062918 0.014955 -0.040961
24 35 -0.008371 0.003008 -0.021497
25 35 0.039730 -0.008946 0.020405
26 35 0.024647 -0.006256 0.024053
27 35 -0.013393 0.002415 -0.000993
28 35 -0.027405 0.005919 -0.017636
29 35 -0.015222 0.003361 -0.013983
30 35 0.002082 -0.000518 -0.001886
31 35 0.010891 -0.002527 0.006378
32 35 0.010991 -0.002550 0.008037
33 35 0.007418 -0.001725 0.006013
34 35 0.003927 -0.000915 0.003413
35 35 0.001734 -0.000405 0.001591
36 35 0.000659 -0.000154 0.000633
37 35 0.000220 -0.000052 0.000220
38 35 0.000066 -0.000015 0.000068
39 35 0.000018 -0.000004 0.000019
40 35 0.000004 -0.000001 0.000005
41 35 0.000001 -0.000000 0.000001
42 35 0.000000 -0.000000 0.000000
43 35 0.000000 -0.000000 0.000000
44 35 0.000000 -0.000000 0.000000
45 35 0.000000 -0.000000 0.000000
46 35 0.000000 -0.000000 0.000000
47 35 0.000000 -0.000000 0.000000
48 35 0.000000 -0.000000 0.000000
49 35 0.000000 0.000000 0.000000

0 36 0.000000 0.000000 0.000000
1 36 -0.001994 -0.002423 0.003247
2 36 -0.005033 -0.003002 0.002627
3 36 -0.014899 0.000346 0.001840
4 36 -0.027521 0.009649 -0.002212
5 36 -0.045948 0.024081 -0.005935
6 36 -0.059825 0.040736 -0.015595
7 36 -0.052068 0.045447 -0.016933
8 36 -0.019434 0.029140 -0.015555
9 36 0.051820 -0.012529 0.008202
10 36 0.095876 -0.052019 0.034014
11 36 0.080250 -0.052807 0.040515
12 36 -0.015430 -0.008188 0.011336
13 36 -0.108466 0.040759 -0.045554
14 36 -0.080248 0.042685 -0.053205
15 36 0.035015 -0.003208 -0.001004
16 36 0.112551 -0.042000 0.056657
17 36 0.035829 -0.019746 0.045884
18 36 -0.099447 0.028442 -0.038969
19 36 -0.069076 0.024576 -0.063603
20 36 0.066370 -0.016141 0.016670
21 36 0.073355 -0.022521 0.059069
22 36 -0.030528 0.005345 0.003058
23 36 -0.063595 0.016875 -0.043688
24 36 -0.002117 0.002031 -0.017562
25 36 0.042444 -0.010471 0.023287
26 36 0.022460 -0.006467 0.023066
27 36 -0.015959 0.003171 -0.003022
28 36 -0.027798 0.006581 -0.018244
29 36 -0.014198 0.003487 -0.013326
30 36 0.003056 -0.000750 -0.001109
31 36 0.011244 -0.002821 0.006687
32 36 0.010901 -0.002758 0.007953
33 36 0.007202 -0.001833 0.005802
34 36 0.003755 -0.000960 0.003239
35 36 0.001638 -0.000420 0.001490
36 36 0.000616 -0.000159 0.000587
37 36 0.000204 -0.000053 0.000202
38 36 0.000060 -0.000016 0.000062
39 36 0.000016 -0.000004 0.000017
40 36 0.000004 -0.000001 0.000004
41 36 0.000001 -0.000000 0.000001
42 36 0.000000 -0.000000 0.000000
43 36 0.000000 -0.000000 0.000000
44 36 0.000000 -0.000000 0.000000
45 36 0.000000 -0.000000 0.000000
46 36 0.000000 -0.000000 0.000000
47 36 0.000000 -0.000000 0.000000
48 36 0.000000 -0.000000 0.000000
49 36 0.000000 0.000000 0.000000

0 37 0.000000 0.000000 0.000000
1 37 -0.008270 0.004508 -0.000862
2 37 -0.014677 0.009410 -0.001667
3 37 -0.025836 0.016907 -0.003684
4 37 -0.028862 0.023694 -0.006475
5 37 -0.033536 0.029617 -0.008173
6 37 -0.019469 0.027422 -0.010624
7 37 0.007170 0.011354 -0.002417
8 37 0.043811 -0.015083 0.004355
9 37 0.083462 -0.047045 0.025914
10 37 0.063969 -0.050391 0.028548
11 37 0.011140 -0.020882 0.014132
12 37 -0.076584 0.028728 -0.019139
13 37 -0.106358 0.055923 -0.054142
14 37 -0.014200 0.022712 -0.025637
15 37 0.083317 -0.031612 0.030267
16 37 0.091774 -0.044954 0.054492
17 37 -0.012100 -0.002529 0.018803
18 37 -0.109378 0.038427 -0.052870
19 37 -0.040517 0.018635 -0.049886
20 37 0.084039 -0.024237 0.032454
21 37 0.061478 -0.022074 0.055508
22 37 -0.045197 0.010086 -0.008325
23 37 -0.061588 0.018373 -0.045361
24 37 0.006958 -0.000002 -0.011483
25 37 0.044971 -0.012192 0.026564
26 37 0.018636 -0.006212 0.021084
27 37 -0.019372 0.004276 -0.005827
28 37 -0.027896 0.007217 -0.018817
29 37 -0.012533 0.003421 -0.012250
30 37 0.004410 -0.001120 -0.000019
31 37 0.011648 -0.003145 0.007074
32 37 0.010706 -0.002934 0.007811
33 37 0.006870 -0.001900 0.005508
34 37 0.003509 -0.000976 0.003005
35 37 0.001505 -0.000421 0.001358
36 37 0.000558 -0.000157 0.000527
37 37 0.000183 -0.000051 0.000179
38 37 0.000053 -0.000015 0.000054
39 37 0.000014 -0.000004 0.000015
40 37 0.000003 -0.000001 0.000004
41 37 0.000001 -0.000000 0.000001
42 37 0.000000 -0.000000 0.000000
43 37 0.000000 -0.000000 0.000000
44 37 0.000000 -0.000000 0.000000
45 37 0.000000 -0.000000 0.000000
46 37 0.000000 -0.000000 0.000000
47 37 0.000000 -0.000000 0.000000
48 37 0.000000 -0.000000 0.000000
49 37 0.000000 0.000000 0.000000

0 38 0.000000 0.000000 0.000000
1 38 -0.005076 0.005324 -0.004532
2 38 -0.006846 0.009305 -0.004366
3 38 -0.010124 0.013551 -0.005698
4 38 -0.001641 0.012142 -0.004461
5 38 0.004315 0.008704 -0.003800
6 38 0.028975 -0.005299 0.000566
7 38 0.045246 -0.022002 0.008958
8 38 0.062283 -0.038552 0.013577
9 38 0.054810 -0.043223 0.022655
10 38 0.002917 -0.017610 0.006833
11 38 -0.044478 0.017206 -0.010118
12 38 -0.092605 0.049850 -0.034238
13 38 -0.052948 0.040319 -0.038656
14 38 0.050506 -0.013125 0.009375
15 38 0.087315 -0.045038 0.042676
16 38 0.048237 -0.028686 0.036449
17 38 -0.048295 0.016528 -0.005637
18 38 -0.101451 0.040123 -0.057008
19 38 -0.006045 0.007299 -0.030834
20 38 0.095690 -0.031407 0.046249
21 38 0.041970 -0.018315 0.046929
22 38 -0.060499 0.016081 -0.021386
23 38 -0.055315 0.018698 -0.044700
24 38 0.018483 -0.003249 -0.003245
25 38 0.046362 -0.013863 0.029576
26 38 0.012892 -0.005297 0.017784
27 38 -0.023344 0.005730 -0.009252
28 38 -0.027411 0.007743 -0.019125
29 38 -0.010173 0.003107 -0.010687
30 38 0.006063 -0.001633 0.001333
31 38 0.012025 -0.003483 0.007477
32 38 0.010376 -0.003066 0.007582
33 38 0.006424 -0.001920 0.005129
34 38 0.003197 -0.000963 0.002720
35 38 0.001344 -0.000407 0.001203
36 38 0.000490 -0.000149 0.000458
37 38 0.000158 -0.000048 0.000153
38 38 0.000045 -0.000014 0.000046
39 38 0.000012 -0.000004 0.000012
40 38 0.000003 -0.000001 0.000003
41 38 0.000001 -0.000000 0.000001
42 38 0.000000 -0.000000 0.000000
43 38 0.000000 -0.000000 0.000000
44 38 0.000000 -0.000000 0.000000
45 38 0.000000 -0.000000 0.000000
46 38 0.000000 -0.000000 0.000000
47 38 0.000000 -0.000000 0.000000
48 38 0.000000 -0.000000 0.000000
49 38 0.000000 0.000000 0.000000

0 39 0.000000 0.000000 0.000000
1 39 0.002811 0.000758 -0.004275
2 39 0.007664 -0.000009 -0.003245
3 39 0.012903 -0.001796 -0.003256
4 39 0.024461 -0.008373 0.000420
5 39 0.031585 -0.014991 0.001628
6 39 0.046334 -0.026930 0.007573
7 39 0.041151 -0.030936 0.009709
8 39 0.034583 -0.030385 0.009618
9 39 -0.002067 -0.012066 0.005831
10 39 -0.045360 0.018551 -0.013404
11 39 -0.064789 0.039342 -0.021430
12 39 -0.063904 0.044922 -0.030193
13 39 0.013589 0.008070 -0.009736
14 39 0.079766 -0.035749 0.032504
15 39 0.064464 -0.037187 0.036752
16 39 0.011098 -0.009320 0.016398
17 39 -0.070588 0.027754 -0.023404
18 39 -0.084346 0.036050 -0.054673
19 39 0.030330 -0.005372 -0.008494
20 39 0.099921 -0.036216 0.056746
21 39 0.015329 -0.011394 0.032851
22 39 -0.074028 0.022500 -0.034787
23 39 -0.043464 0.017200 -0.040436
24 39 0.031584 -0.007658 0.006853
25 39 0.045447 -0.015100 0.031442
26 39 0.005093 -0.003533 0.012911
27 39 -0.027388 0.007458 -0.012995
28 39 -0.026006 0.008031 -0.018885
29 39 -0.007114 0.002493 -0.008597
30 39 0.007888 -0.002278 0.002856
31 39 0.012281 -0.003809 0.007815
32 39 0.009883 -0.003136 0.007240
33 39 0.005872 -0.001888 0.004672
34 39 0.002836 -0.000920 0.002398
35 39 0.001163 -0.000380 0.001034
36 39 0.000416 -0.000137 0.000385
37 39 0.000132 -0.000043 0.000127
38 39 0.000037 -0.000012 0.000037
39 39 0.000010 -0.000003 0.000010
40 39 0.000002 -0.000001 0.000002
41 39 0.000000 -0.000000 0.000001
42 39 0.000000 -0.000000 0.000000
43 39 0.000000 -0.000000 0.000000
44 39 0.000000 -0.000000 0.000000
45 39 0.000000 -0.000000 0.000000
46 39 0.000000 -0.000000 0.000000
47 39 0.000000 -0.000000 0.000000
48 39 0.000000 -0.000000 0.000000
49 39 0.000000 0.000000 0.000000

0 40 0.000000 0.000000 0.000000
1 40 0.006550 -0.003980 -0.000857
2 40 0.012739 -0.008299 0.000103
3 40 0.019007 -0.013131 0.000529
4 40 0.023694 -0.018304 0.003281
5 40 0.023529 -0.021132 0.003031
6 40 0.020232 -0.022173 0.005663
7 40 0.001005 -0.012946 0.001518
8 40 -0.016745 -0.000184 -0.001830
9 40 -0.049942 0.023865 -0.010889
10 40 -0.059659 0.040146 -0.021026
11 40 -0.045765 0.040217 -0.017616
12 40 -0.006154 0.021343 -0.011496
13 40 0.067304 -0.021800 0.017908
14 40 0.080686 -0.040906 0.038375
15 40 0.035953 -0.023259 0.022165
16 40 -0.024220 0.006702 -0.002890
17 40 -0.088372 0.037589 -0.037955
18 40 -0.053400 0.029599 -0.043931
19 40 0.071262 -0.020441 0.018611
20 40 0.092432 -0.038458 0.060844
21 40 -0.019124 -0.000687 0.011999
22 40 -0.082183 0.028594 -0.046197
23 40 -0.024645 0.013106 -0.031060
24 40 0.044619 -0.012996 0.017945
25 40 0.040854 -0.015357 0.031031
26 40 -0.004572 -0.000780 0.006405
27 40 -0.030784 0.009282 -0.016561
28 40 -0.023353 0.007919 -0.017798
29 40 -0.003439 0.001548 -0.006004
30 40 0.009705 -0.003016 0.004419
31 40 0.012316 -0.004085 0.008006
32 40 0.009210 -0.003130 0.006764
33 40 0.005229 -0.001803 0.004147
34 40 0.002442 -0.000850 0.002052
35 40 0.000975 -0.000342 0.000860
36 40 0.000341 -0.000120 0.000313
37 40 0.000106 -0.000037 0.000101
38 40 0.000029 -0.000010 0.000029
39 40 0.000007 -0.000003 0.000008
40 40 0.000002 -0.000001 0.000002
41 40 0.000000 -0.000000 0.000000
42 40 0.000000 -0.000000 0.000000
43 40 0.000000 -0.000000 0.000000
44 40 0.000000 -0.000000 0.000000
45 40 0.000000 -0.000000 0.000000
46 40 0.000000 -0.000000 0.000000
47 40 0.000000 -0.000000 0.000000
48 40 0.000000 -0.000000 0.000000
49 40 0.000000 0.000000 0.000000

0 41 0.000000 0.000000 0.000000
1 41 0.001985 -0.003948 0.001781
2 41 0.002244 -0.007024 0.001941
3 41 0.001839 -0.009428 0.001679
4 41 -0.003610 -0.008803 0.001719
5 41 -0.011450 -0.005330 -0.000409
6 41 -0.024474 0.002730 -0.001737
7 41 -0.040527 0.015760 -0.007666
8 41 -0.049675 0.027900 -0.010420
9 41 -0.055091 0.039530 -0.015879
10 41 -0.030155 0.033934 -0.013486
11 41 0.005610 0.016153 -0.002614
12 41 0.053577 -0.013749 0.010484
13 41 0.087291 -0.041715 0.031183
14 41 0.052238 -0.033048 0.027032
15 41 -0.007440 -0.003162 0.001226
16 41 -0.063790 0.028805 -0.022822
17 41 -0.083790 0.046493 -0.042812
18 41 0.004799 0.013404 -0.017837
19 41 0.107144 -0.038641 0.045723
20 41 0.063027 -0.033570 0.051539
21 41 -0.057600 0.014997 -0.014257
22 41 -0.078192 0.032302 -0.050890
23 41 0.001371 0.005431 -0.015697
24 41 0.054521 -0.018505 0.028029
25 41 0.031340 -0.013890 0.027168
26 41 -0.015298 0.002948 -0.001348
27 41 -0.032599 0.010882 -0.019253
28 41 -0.019242 0.007233 -0.015635
29 41 0.000634 0.000284 -0.003037
30 41 0.011292 -0.003779 0.005853
31 41 0.012044 -0.004267 0.007972
32 41 0.008359 -0.003035 0.006153
33 41 0.004523 -0.001666 0.003574
34 41 0.002037 -0.000758 0.001702
35 41 0.000790 -0.000296 0.000691
36 41 0.000269 -0.000101 0.000245
37 41 0.000082 -0.000031 0.000077
38 41 0.000022 -0.000008 0.000022
39 41 0.000006 -0.000002 0.000006
40 41 0.000001 -0.000000 0.000001
41 41 0.000000 -0.000000 0.000000
42 41 0.000000 -0.000000 0.000000
43 41 0.000000 -0.000000 0.000000
44 41 0.000000 -0.000000 0.000000
45 41 0.000000 -0.000000 0.000000
46 41 0.000000 -0.000000 0.000000
47 41 0.000000 -0.000000 0.000000
48 41 0.000000 -0.000000 0.000000
49 41 0.000000 0.000000 0.000000

0 42 0.000000 0.000000 0.000000
1 42 -0.004543 0.000421 0.000963
2 42 -0.010341 0.001825 0.000485
3 42 -0.016187 0.003957 -0.000372
4 42 -0.024929 0.008687 -0.001922
5 42 -0.031857 0.014000 -0.004153
6 42 -0.039441 0.021132 -0.006265
7 42 -0.039871 0.025851 -0.009174
8 42 -0.031587 0.025618 -0.008358
9 42 -0.012680 0.017945 -0.007123
10 42 0.022012 -0.002438 0.001909
11 42 0.049547 -0.023874 0.011668
12 42 0.068108 -0.042668 0.019685
13 42 0.048895 -0.040007 0.021779
14 42 -0.011661 -0.007496 0.001532
15 42 -0.060247 0.027319 -0.021653
16 42 -0.078732 0.049402 -0.033635
17 42 -0.033265 0.037671 -0.027081
18 42 0.075537 -0.016323 0.018438
19 42 0.111652 -0.049379 0.058311
20 42 0.010004 -0.014703 0.025686
21 42 -0.085631 0.032982 -0.037816
22 42 -0.055176 0.029786 -0.043575
23 42 0.030981 -0.005755 0.003932
24 42 0.057142 -0.022429 0.034073
25 42 0.016765 -0.009972 0.019347
26 42 -0.025420 0.007297 -0.009289
27 42 -0.031876 0.011806 -0.020302
28 42 -0.013722 0.005852 -0.012352
29 42 0.004740 -0.001216 0.000055
30 42 0.012420 -0.004471 0.006976
31 42 0.011410 -0.004313 0.007664
32 42 0.007355 -0.002845 0.005422
33 42 0.003788 -0.001486 0.002982
34 42 0.001643 -0.000651 0.001364
35 42 0.000618 -0.000246 0.000536
36 42 0.000205 -0.000082 0.000185
37 42 0.000061 -0.000025 0.000057
38 42 0.000016 -0.000007 0.000016
39 42 0.000004 -0.000002 0.000004
40 42 0.000001 -0.000000 0.000001
41 42 0.000000 -0.000000 0.000000
42 42 0.000000 -0.000000 0.000000
43 42 0.000000 -0.000000 0.000000
44 42 0.000000 -0.000000 0.000000
45 42 0.000000 -0.000000 0.000000
46 42 0.000000 -0.000000 0.000000
47 42 0.000000 -0.000000 0.000000
48 42 0.000000 -0.000000 0.000000
49 42 0.000000 0.000000 0.000000

0 43 0.000000 0.000000 0.000000
1 43 -0.004253 0.003767 -0.001896
2 43 -0.008448 0.007679 -0.002267
3 43 -0.011346 0.011131 -0.002654
4 43 -0.013509 0.014420 -0.003462
5 43 -0.011532 0.015338 -0.003686
6 43 -0.007030 0.014144 -0.003554
7 43 0.004901 0.007157 -0.002101
8 43 0.019784 -0.004426 0.001569
9 43 0.037482 -0.021077 0.005746
10 43 0.050188 -0.038340 0.012234
11 43 0.044052 -0.045740 0.013561
12 43 0.020276 -0.039788 0.010021
13 43 -0.029471 -0.011589 -0.002578
14 43 -0.076627 0.025592 -0.023538
15 43 -0.082906 0.046280 -0.032624
16 43 -0.044876 0.041229 -0.024887
17 43 0.039678 0.002222 0.002833
18 43 0.110483 -0.044068 0.042968
19 43 0.067542 -0.037671 0.044690
20 43 -0.047407 0.016479 -0.008134
21 43 -0.084831 0.044973 -0.047183
22 43 -0.013691 0.018591 -0.023284
23 43 0.056306 -0.017588 0.022879
24 43 0.049623 -0.022283 0.033536
25 43 -0.000760 -0.003449 0.008588
26 43 -0.032573 0.011471 -0.015772
27 43 -0.027985 0.011591 -0.019130
28 43 -0.007202 0.003787 -0.008179
29 43 0.008420 -0.002787 0.002937
30 43 0.012904 -0.004984 0.007637
31 43 0.010417 -0.004193 0.007076
32 43 0.006251 -0.002570 0.004610
33 43 0.003062 -0.001276 0.002401
34 43 0.001278 -0.000537 0.001054
35 43 0.000466 -0.000197 0.000401
36 43 0.000151 -0.000064 0.000135
37 43 0.000044 -0.000019 0.000041
38 43 0.000012 -0.000005 0.000011
39 43 0.000003 -0.000001 0.000003
40 43 0.000001 -0.000000 0.000001
41 43 0.000000 -0.000000 0.000000
42 43 0.000000 -0.000000 0.000000
43 43 0.000000 -0.000000 0.000000
44 43 0.000000 -0.000000 0.000000
45 43 0.000000 -0.000000 0.000000
46 43 0.000000 -0.000000 0.000000
47 43 0.000000 -0.000000 0.000000
48 43 0.000000 -0.000000 0.000000
49 43 0.000000 0.000000 0.000000

0 44 0.000000 0.000000 0.000000
1 44 0.001167 0.002337 -0.003383
2 44 0.003091 0.004187 -0.003277
3 44 0.006642 0.004890 -0.002778
4 44 0.012155 0.003973 -0.002113
5 44 0.020538 0.000366 -0.000474
6 44 0.030169 -0.005644 0.001555
7 44 0.041190 -0.014874 0.004743
8 44 0.047605 -0.024215 0.007934
9 44 0.047500 -0.032136 0.010127
10 44 0.033034 -0.032602 0.010159
11 44 0.002969 -0.022014 0.004200
12 44 -0.035440 -0.001822 -0.005415
13 44 -0.073051 0.024363 -0.018813
14 44 -0.080262 0.038025 -0.027769
15 44 -0.046049 0.027677 -0.021021
16 44 0.014523 -0.002860 -0.001956
17 44 0.074878 -0.040995 0.024057
18 44 0.073289 -0.049118 0.036930
19 44 -0.011072 -0.005144 0.009304
20 44 -0.082146 0.044362 -0.034651
21 44 -0.051200 0.042314 -0.037649
22 44 0.033511 0.001497 0.003304
23 44 0.068803 -0.024675 0.035053
24 44 0.033301 -0.016155 0.026352
25 44 -0.016654 0.004859 -0.002349
26 44 -0.034326 0.014473 -0.019024
27 44 -0.020895 0.010017 -0.015592
28 44 -0.000378 0.001264 -0.003583
29 44 0.011247 -0.004203 0.005280
30 44 0.012667 -0.005226 0.007763
31 44 0.009130 -0.003903 0.006250
32 44 0.005116 -0.002229 0.003770
33 44 0.002386 -0.001052 0.001862
34 44 0.000958 -0.000426 0.000784
35 44 0.000338 -0.000151 0.000289
36 44 0.000106 -0.000048 0.000094
37 44 0.000030 -0.000014 0.000028
38 44 0.000008 -0.000004 0.000007
39 44 0.000002 -0.000001 0.000002
40 44 0.000000 -0.000000 0.000000
41 44 0.000000 -0.000000 0.000000
42 44 0.000000 -0.000000 0.000000
43 44 0.000000 -0.000000 0.000000
44 44 0.000000 -0.000000 0.000000
45 44 0.000000 -0.000000 0.000000
46 44 0.000000 -0.000000 0.000000
47 44 0.000000 -0.000000 0.000000
48 44 0.000000 -0.000000 0.000000
49 44 0.000000 0.000000 0.000000

0 45 0.000000 0.000000 0.000000
1 45 0.003206 -0.002061 -0.001555
2 45 0.006737 -0.004412 -0.001311
3 45 0.010636 -0.007176 -0.000725
4 45 0.014934 -0.010441 0.000049
5 45 0.018991 -0.013848 0.001257
6 45 0.021609 -0.016545 0.002326
7 45 0.021519 -0.017454 0.003448
8 45 0.015854 -0.014198 0.003395
9 45 0.004828 -0.006090 0.002040
10 45 -0.012826 0.008404 -0.001443
11 45 -0.030857 0.025595 -0.006977
12 45 -0.041698 0.039442 -0.011580
13 45 -0.036810 0.041725 -0.013574
14 45 -0.007357 0.022849 -0.007452
15 45 0.032933 -0.011730 0.006716
16 45 0.060611 -0.046023 0.020223
17 45 0.051705 -0.058714 0.024677
18 45 -0.010696 -0.029240 0.007774
19 45 -0.083504 0.024367 -0.027431
20 45 -0.084304 0.048206 -0.044274
21 45 -0.006479 0.022212 -0.017844
22 45 0.063975 -0.014832 0.023406
23 45 0.062824 -0.022659 0.035822
24 45 0.013500 -0.004282 0.015075
25 45 -0.025507 0.013399 -0.010039
26 45 -0.028993 0.015698 -0.017789
27 45 -0.011079 0.007384 -0.009964
28 45 0.006107 -0.001257 0.000954
29 45 0.013027 -0.005212 0.006911
30 45 0.011796 -0.005136 0.007402
31 45 0.007678 -0.003461 0.005282
32 45 0.004028 -0.001851 0.002963
33 45 0.001789 -0.000832 0.001389
34 45 0.000691 -0.000324 0.000562
35 45 0.000236 -0.000111 0.000200
36 45 0.000072 -0.000034 0.000064
37 45 0.000020 -0.000010 0.000018
38 45 0.000005 -0.000002 0.000005
39 45 0.000001 -0.000001 0.000001
40 45 0.000000 -0.000000 0.000000
41 45 0.000000 -0.000000 0.000000
42 45 0.000000 -0.000000 0.000000
43 45 0.000000 -0.000000 0.000000
44 45 0.000000 -0.000000 0.000000
45 45 0.000000 -0.000000 0.000000
46 45 0.000000 -0.000000 0.000000
47 45 0.000000 -0.000000 0.000000
48 45 0.000000 -0.000000 0.000000
49 45 0.000000 0.000000 0.000000

0 46 0.000000 0.000000 0.000000
1 46 0.001440 -0.003791 0.001595
2 46 0.002364 -0.007464 0.001656
3 46 0.002045 -0.010695 0.001726
4 46 -0.000017 -0.013139 0.001633
5 46 -0.004740 -0.013932 0.001239
6 46 -0.012390 -0.012269 0.000139
7 46 -0.023021 -0.007101 -0.001703
8 46 -0.035459 0.002149 -0.004722
9 46 -0.046351 0.014606 -0.008212
10 46 -0.051678 0.028336 -0.011641
11 46 -0.044289 0.037924 -0.012959
12 46 -0.020993 0.038331 -0.009819
13 46 0.017446 0.025098 -0.001319
14 46 0.060805 -0.000850 0.012606
15 46 0.085363 -0.027601 0.025409
16 46 0.072186 -0.040926 0.028013
17 46 0.016066 -0.029356 0.014889
18 46 -0.060610 0.004555 -0.013657
19 46 -0.098268 0.030879 -0.039193
20 46 -0.057983 0.021289 -0.034525
21 46 0.018778 -0.010545 -0.001575
22 46 0.056725 -0.026611 0.025381
23 46 0.034951 -0.013358 0.022799
24 46 -0.006135 0.009640 0.001942
25 46 -0.025107 0.020313 -0.012911
26 46 -0.016749 0.015375 -0.012154
27 46 0.000807 0.004621 -0.002793
28 46 0.012130 -0.003101 0.005239
29 46 0.014049 -0.005552 0.007978
30 46 0.010620 -0.004683 0.006779
31 46 0.006263 -0.002899 0.004322
32 46 0.003075 -0.001462 0.002255
33 46 0.001299 -0.000628 0.001003
34 46 0.000483 -0.000236 0.000389
35 46 0.000160 -0.000079 0.000134
36 46 0.000048 -0.000024 0.000041
37 46 0.000013 -0.000006 0.000012
38 46 0.000003 -0.000002 0.000003
39 46 0.000001 -0.000000 0.000001
40 46 0.000000 -0.000000 0.000000
41 46 0.000000 -0.000000 0.000000
42 46 0.000000 -0.000000 0.000000
43 46 0.000000 -0.000000 0.000000
44 46 0.000000 -0.000000 0.000000
45 46 0.000000 -0.000000 0.000000
46 46 0.000000 -0.000000 0.000000
47 46 0.000000 -0.000000 0.000000
48 46 0.000000 -0.000000 0.000000
49 46 0.000000 0.000000 0.000000

0 47 0.000000 0.000000 0.000000
1 47 0.000239 0.000179 0.001128
2 47 0.000025 0.000546 0.001105
3 47 -0.001168 0.001333 0.001002
4 47 -0.003672 0.002644 0.000735
5 47 -0.007919 0.004662 0.000165
6 47 -0.013717 0.007175 -0.000844
7 47 -0.020669 0.009908 -0.002309
8 47 -0.027222 0.011892 -0.004218
9 47 -0.031115 0.011862 -0.006004
10 47 -0.029634 0.008430 -0.007144
11 47 -0.019931 0.000383 -0.006390
12 47 -0.002515 -0.011005 -0.003091
13 47 0.019344 -0.022582 0.002571
14 47 0.036826 -0.027813 0.009165
15 47 0.038711 -0.019783 0.012467
16 47 0.021125 0.001538 0.009327
17 47 -0.010262 0.028051 -0.000401
18 47 -0.035721 0.042195 -0.012465
19 47 -0.030200 0.026280 -0.015747
20 47 0.002919 -0.012325 -0.003976
21 47 0.026900 -0.040232 0.010979
22 47 0.016544 -0.034363 0.011923
23 47 -0.012606 -0.005876 -0.001333
24 47 -0.029097 0.017927 -0.013644
25 47 -0.021508 0.022821 -0.014010
26 47 -0.001978 0.013927 -0.004932
27 47 0.013334 0.002899 0.004725
28 47 0.018129 -0.003492 0.009365
29 47 0.015218 -0.004917 0.009019
30 47 0.009812 -0.003799 0.006348
31 47 0.005226 -0.002221 0.003615
32 47 0.002384 -0.001071 0.001743
33 47 0.000952 -0.000444 0.000730
34 47 0.000338 -0.000161 0.000270
35 47 0.000108 -0.000052 0.000090
36 47 0.000031 -0.000015 0.000027
37 47 0.000008 -0.000004 0.000007
38 47 0.000002 -0.000001 0.000002
39 47 0.000000 -0.000000 0.000000
40 47 0.000000 -0.000000 0.000000
41 47 0.000000 -0.000000 0.000000
42 47 0.000000 -0.000000 0.000000
43 47 0.000000 -0.000000 0.000000
44 47 0.000000 -0.000000 0.000000
45 47 0.000000 -0.000000 0.000000
46 47 0.000000 -0.000000 0.000000
47 47 0.000000 -0.000000 0.000000
48 47 0.000000 -0.000000 0.000000
49 47 0.000000 0.000000 0.000000

0 48 0.000000 0.000000 0.000000
1 48 -0.002796 0.003347 -0.002268
2 48 -0.005259 0.006904 -0.002409
3 48 -0.006997 0.010808 -0.002663
4 48 -0.007451 0.014963 -0.002920
5 48 -0.006003 0.019036 -0.003058
6 48 -0.001852 0.022168 -0.002816
7 48 0.005429 0.023199 -0.001950
8 48 0.015980 0.020456 -0.000164
9 48 0.028469 0.012567 0.002664
10 48 0.040238 -0.001072 0.006199
11 48 0.046629 -0.019063 0.009661
12 48 0.041921 -0.036837 0.011200
13 48 0.022443 -0.047574 0.008936
14 48 -0.011237 -0.043309 0.001403
15 48 -0.048894 -0.020566 -0.010653
16 48 -0.071904 0.014298 -0.022020
17 48 -0.062687 0.045529 -0.025354
18 48 -0.015572 0.052576 -0.014421
19 48 0.047379 0.026175 0.009550
20 48 0.079676 -0.015248 0.030824
21 48 0.053159 -0.038887 0.029821
22 48 -0.008292 -0.030728 0.005836
23 48 -0.053696 -0.005808 -0.020424
24 48 -0.055773 0.013009 -0.029163
25 48 -0.026918 0.016487 -0.019006
26 48 0.004731 0.009965 -0.002315
27 48 0.021801 0.002266 0.009361
28 48 0.023596 -0.002051 0.012724
29 48 0.017528 -0.003001 0.010551
30 48 0.010357 -0.002304 0.006732
31 48 0.005148 -0.001330 0.003558
32 48 0.002218 -0.000633 0.001615
33 48 0.000843 -0.000259 0.000643
34 48 0.000287 -0.000093 0.000228
35 48 0.000088 -0.000030 0.000072
36 48 0.000024 -0.000009 0.000021
37 48 0.000006 -0.000002 0.000006
38 48 0.000001 -0.000001 0.000001
39 48 0.000000 -0.000000 0.000000
40 48 0.000000 -0.000000 0.000000
41 48 0.000000 -0.000000 0.000000
42 48 0.000000 -0.000000 0.000000
43 48 0.000000 -0.000000 0.000000
44 48 0.000000 -0.000000 0.000000
45 48 0.000000 -0.000000 0.000000
46 48 0.000000 -0.000000 0.000000
47 48 0.000000 -0.000000 0.000000
48 48 0.000000 -0.000000 0.000000
49 48 0.000000 0.000000 0.000000

0 49 0.000000 0.000000 0.000000
1 49 0.000000 0.000000 0.000000
2 49 0.000000 0.000000 0.000000
3 49 0.000000 0.000000 0.000000
4 49 0.000000 0.000000 0.000000
5 49 0.000000 0.000000 0.000000
6 49 0.000000 0.000000 0.000000
7 49 0.000000 0.000000 0.000000
8 49 0.000000 0.000000 0.000000
9 49 0.000000 0.000000 0.000000
10 49 0.000000 0.000000 0.000000
11 49 0.000000 0.000000 0.000000
12 49 0.000000 0.000000 0.000000
13 49 0.000000 0.000000 0.000000
14 49 0.000000 0.000000 0.000000
15 49 0.000000 0.000000 0.000000
16 49 0.000000 0.000000 0.000000
17 49 0.000000 0.000000 0.000000
18 49 0.000000 0.000000 0.000000
19 49 0.000000 0.000000 0.000000
20 49 0.000000 0.000000 0.000000
21 49 0.000000 0.000000 0.000000
22 49 0.000000 0.000000 0.000000
23 49 0.000000 0.000000 0.000000
24 49 0.000000 0.000000 0.000000
25 49 0.000000 0.000000 0.000000
26 49 0.000000 0.000000 0.000000
27 49 0.000000 0.000000 0.000000
28 49 0.000000 0.000000 0.000000
29 49 0.000000 0.000000 0.000000
30 49 0.000000 0.000000 0.000000
31 49 0.000000 0.000000 0.000000
32 49 0.000000 0.000000 0.000000
33 49 0.000000 0.000000 0.000000
34 49 0.000000 0.000000 0.000000
35 49 0.000000 0.000000 0.000000
36 49 0.000000 0.000000 0.000000
37 49 0.000000 0.000000 0.000000
38 49 0.000000 0.000000 0.000000
39 49 0.000000 0.000000 0.000000
40 49 0.000000 0.000000 0.000000
41 49 0.000000 0.000000 0.000000
42 49 0.000000 0.000000 0.000000
43 49 0.000000 0.000000 0.000000
44 49 0.000000 0.000000 0.000000
45 49 0.000000 0.000000 0.000000
46 49 0.000000 0.000000 0.000000
47 49 0.000000 0.000000 0.000000
48 49 0.000000 0.000000 0.000000
49 49 0.000000 0.000000 0.000000

