#:x y Ey Bx Bz
0 0 0.000000 0.000000 0.000000
1 0 0.000000 0.000000 0.000000
2 0 0.000000 0.000000 0.000000
3 0 0.000000 0.000000 0.000000
4 0 0.000000 0.000000 0.000000
5 0 0.000000 0.000000 0.000000
6 0 0.000000 0.000000 0.000000
7 0 0.000000 0.000000 0.000000
8 0 0.000000 0.000000 0.000000
9 0 0.000000 0.000000 0.000000
10 0 0.000000 0.000000 0.000000
11 0 0.000000 0.000000 0.000000
12 0 0.000000 0.000000 0.000000
13 0 0.000000 0.000000 0.000000
14 0 0.000000 0.000000 0.000000
15 0 0.000000 0.000000 0.000000
16 0 0.000000 0.000000 0.000000
17 0 0.000000 0.000000 0.000000
18 0 0.000000 0.000000 0.000000
19 0 0.000000 0.000000 0.000000
20 0 0.000000 0.000000 0.000000
21 0 0.000000 0.000000 0.000000
22 0 0.000000 0.000000 0.000000
23 0 0.000000 0.000000 0.000000
24 0 0.000000 0.000000 0.000000
25 0 0.000000 0.000000 0.000000
26 0 0.000000 0.000000 0.000000
27 0 0.000000 0.000000 0.000000
28 0 0.000000 0.000000 0.000000
29 0 0.000000 0.000000 0.000000
30 0 0.000000 0.000000 0.000000
31 0 0.000000 0.000000 0.000000
32 0 0.000000 0.000000 0.000000
33 0 0.000000 0.000000 0.000000
34 0 0.000000 0.000000 0.000000
35 0 0.000000 0.000000 0.000000
36 0 0.000000 0.000000 0.000000
37 0 0.000000 0.000000 0.000000
38 0 0.000000 0.000000 0.000000
39 0 0.000000 0.000000 0.000000
40 0 0.000000 0.000000 0.000000
41 0 0.000000 0.000000 0.000000
42 0 0.000000 0.000000 0.000000
43 0 0.000000 0.000000 0.000000
44 0 0.000000 0.000000 0.000000
45 0 0.000000 0.000000 0.000000
46 0 0.000000 0.000000 0.000000
47 0 0.000000 0.000000 0.000000
48 0 0.000000 0.000000 0.000000
49 0 0.000000 0.000000 0.000000

0 1 0.000000 0.000000 0.000000
1 1 0.000357 0.000276 -0.000276
2 1 0.000690 0.000518 -0.000242
3 1 0.000973 0.000697 -0.000179
4 1 0.001178 0.000791 -0.000094
5 1 0.001280 0.000794 -0.000003
6 1 0.001262 0.000714 0.000080
7 1 0.001129 0.000576 0.000138
8 1 0.000908 0.000414 0.000162
9 1 0.000648 0.000263 0.000151
10 1 0.000406 0.000146 0.000117
11 1 0.000222 0.000071 0.000075
12 1 0.000105 0.000030 0.000041
13 1 0.000043 0.000011 0.000019
14 1 0.000015 0.000004 0.000007
15 1 0.000005 0.000001 0.000003
16 1 0.000001 0.000000 0.000001
17 1 0.000000 0.000000 0.000000
18 1 0.000000 0.000000 0.000000
19 1 0.000000 0.000000 0.000000
20 1 0.000000 0.000000 0.000000
21 1 0.000000 0.000000 0.000000
22 1 0.000000 0.000000 0.000000
23 1 0.000000 0.000000 0.000000
24 1 0.000000 0.000000 0.000000
25 1 0.000000 0.000000 0.000000
26 1 0.000000 0.000000 0.000000
27 1 0.000000 0.000000 0.000000
28 1 0.000000 0.000000 0.000000
29 1 0.000000 0.000000 0.000000
30 1 0.000000 0.000000 0.000000
31 1 0.000000 0.000000 0.000000
32 1 0.000000 0.000000 0.000000
33 1 0.000000 0.000000 0.000000
34 1 0.000000 0.000000 0.000000
35 1 0.000000 0.000000 0.000000
36 1 0.000000 0.000000 0.000000
37 1 0.000000 0.000000 0.000000
38 1 0.000000 0.000000 0.000000
39 1 0.000000 0.000000 0.000000
40 1 0.000000 0.000000 0.000000
41 1 0.000000 0.000000 0.000000
42 1 0.000000 0.000000 0.000000
43 1 0.000000 0.000000 0.000000
44 1 0.000000 0.000000 0.000000
45 1 0.000000 0.000000 0.000000
46 1 0.000000 0.000000 0.000000
47 1 0.000000 0.000000 0.000000
48 1 0.000000 0.000000 0.000000
49 1 0.000000 0.000000 0.000000

0 2 0.000000 0.000000 0.000000
1 2 0.000718 0.000507 -0.000855
2 2 0.001434 0.000981 -0.000782
3 2 0.002131 0.001384 -0.000639
4 2 0.002770 0.001680 -0.000432
5 2 0.003280 0.001835 -0.000178
6 2 0.003576 0.001827 0.000092
7 2 0.003580 0.001656 0.000335
8 2 0.003260 0.001357 0.000505
9 2 0.002662 0.000993 0.000567
10 2 0.001920 0.000640 0.000518
11 2 0.001207 0.000360 0.000392
12 2 0.000656 0.000176 0.000249
13 2 0.000307 0.000074 0.000133
14 2 0.000124 0.000027 0.000060
15 2 0.000044 0.000009 0.000023
16 2 0.000013 0.000002 0.000008
17 2 0.000004 0.000001 0.000002
18 2 0.000001 0.000000 0.000001
19 2 0.000000 0.000000 0.000000
20 2 0.000000 0.000000 0.000000
21 2 0.000000 0.000000 0.000000
22 2 0.000000 0.000000 0.000000
23 2 0.000000 0.000000 0.000000
24 2 0.000000 0.000000 0.000000
25 2 0.000000 0.000000 0.000000
26 2 0.000000 0.000000 0.000000
27 2 0.000000 0.000000 0.000000
28 2 0.000000 0.000000 0.000000
29 2 0.000000 0.000000 0.000000
30 2 0.000000 0.000000 0.000000
31 2 0.000000 0.000000 0.000000
32 2 0.000000 0.000000 0.000000
33 2 0.000000 0.000000 0.000000
34 2 0.000000 0.000000 0.000000
35 2 0.000000 0.000000 0.000000
36 2 0.000000 0.000000 0.000000
37 2 0.000000 0.000000 0.000000
38 2 0.000000 0.000000 0.000000
39 2 0.000000 0.000000 0.000000
40 2 0.000000 0.000000 0.000000
41 2 0.000000 0.000000 0.000000
42 2 0.000000 0.000000 0.000000
43 2 0.000000 0.000000 0.000000
44 2 0.000000 0.000000 0.000000
45 2 0.000000 0.000000 0.000000
46 2 0.000000 0.000000 0.000000
47 2 0.000000 0.000000 0.000000
48 2 0.000000 0.000000 0.000000
49 2 0.000000 0.000000 0.000000

0 3 0.000000 0.000000 0.000000
1 3 0.000374 0.000614 -0.001613
2 3 0.000862 0.001248 -0.001559
3 3 0.001557 0.001907 -0.001436
4 3 0.002506 0.002566 -0.001219
5 3 0.003679 0.003166 -0.000880
6 3 0.004946 0.003613 -0.000414
7 3 0.006067 0.003798 0.000150
8 3 0.006736 0.003640 0.000727
9 3 0.006689 0.003134 0.001193
10 3 0.005846 0.002384 0.001416
11 3 0.004425 0.001580 0.001339
12 3 0.002869 0.000904 0.001035
13 3 0.001587 0.000445 0.000662
14 3 0.000750 0.000189 0.000353
15 3 0.000304 0.000069 0.000159
16 3 0.000106 0.000022 0.000061
17 3 0.000032 0.000006 0.000020
18 3 0.000009 0.000001 0.000006
19 3 0.000002 0.000000 0.000001
20 3 0.000000 0.000000 0.000000
21 3 0.000000 0.000000 0.000000
22 3 0.000000 0.000000 0.000000
23 3 0.000000 0.000000 0.000000
24 3 0.000000 0.000000 0.000000
25 3 0.000000 0.000000 0.000000
26 3 0.000000 0.000000 0.000000
27 3 0.000000 0.000000 0.000000
28 3 0.000000 0.000000 0.000000
29 3 0.000000 0.000000 0.000000
30 3 0.000000 0.000000 0.000000
31 3 0.000000 0.000000 0.000000
32 3 0.000000 0.000000 0.000000
33 3 0.000000 0.000000 0.000000
34 3 0.000000 0.000000 0.000000
35 3 0.000000 0.000000 0.000000
36 3 0.000000 0.000000 0.000000
37 3 0.000000 0.000000 0.000000
38 3 0.000000 0.000000 0.000000
39 3 0.000000 0.000000 0.000000
40 3 0.000000 0.000000 0.000000
41 3 0.000000 0.000000 0.000000
42 3 0.000000 0.000000 0.000000
43 3 0.000000 0.000000 0.000000
44 3 0.000000 0.000000 0.000000
45 3 0.000000 0.000000 0.000000
46 3 0.000000 0.000000 0.000000
47 3 0.000000 0.000000 0.000000
48 3 0.000000 0.000000 0.000000
49 3 0.000000 0.000000 0.000000

0 4 0.000000 0.000000 0.000000
1 4 -0.001206 -0.000085 -0.001602
2 4 -0.002252 -0.000051 -0.001691
3 4 -0.002954 0.000215 -0.001842
4 4 -0.003089 0.000803 -0.001996
5 4 -0.002423 0.001748 -0.002060
6 4 -0.000784 0.002992 -0.001912
7 4 0.001815 0.004346 -0.001429
8 4 0.005021 0.005493 -0.000553
9 4 0.008100 0.006065 0.000630
10 4 0.010073 0.005805 0.001845
11 4 0.010164 0.004758 0.002670
12 4 0.008426 0.003311 0.002794
13 4 0.005776 0.001951 0.002278
14 4 0.003301 0.000976 0.001495
15 4 0.001588 0.000417 0.000807
16 4 0.000650 0.000153 0.000364
17 4 0.000228 0.000049 0.000139
18 4 0.000070 0.000014 0.000046
19 4 0.000018 0.000003 0.000013
20 4 0.000004 0.000001 0.000003
21 4 0.000001 0.000000 0.000001
22 4 0.000000 0.000000 0.000000
23 4 0.000000 0.000000 0.000000
24 4 0.000000 0.000000 0.000000
25 4 0.000000 0.000000 0.000000
26 4 0.000000 0.000000 0.000000
27 4 0.000000 0.000000 0.000000
28 4 0.000000 0.000000 0.000000
29 4 0.000000 0.000000 0.000000
30 4 0.000000 0.000000 0.000000
31 4 0.000000 0.000000 0.000000
32 4 0.000000 0.000000 0.000000
33 4 0.000000 0.000000 0.000000
34 4 0.000000 0.000000 0.000000
35 4 0.000000 0.000000 0.000000
36 4 0.000000 0.000000 0.000000
37 4 0.000000 0.000000 0.000000
38 4 0.000000 0.000000 0.000000
39 4 0.000000 0.000000 0.000000
40 4 0.000000 0.000000 0.000000
41 4 0.000000 0.000000 0.000000
42 4 0.000000 0.000000 0.000000
43 4 0.000000 0.000000 0.000000
44 4 0.000000 0.000000 0.000000
45 4 0.000000 0.000000 0.000000
46 4 0.000000 0.000000 0.000000
47 4 0.000000 0.000000 0.000000
48 4 0.000000 0.000000 0.000000
49 4 0.000000 0.000000 0.000000

0 5 0.000000 0.000000 0.000000
1 5 -0.001729 -0.001259 -0.000103
2 5 -0.003633 -0.002472 -0.000269
3 5 -0.005812 -0.003551 -0.000622
4 5 -0.008222 -0.004331 -0.001189
5 5 -0.010557 -0.004560 -0.001965
6 5 -0.012217 -0.003943 -0.002856
7 5 -0.012314 -0.002249 -0.003642
8 5 -0.009939 0.000483 -0.003926
9 5 -0.004736 0.003783 -0.003286
10 5 0.002555 0.006716 -0.001484
11 5 0.009650 0.008193 0.001176
12 5 0.013633 0.007717 0.003617
13 5 0.013274 0.005827 0.004698
14 5 0.009917 0.003602 0.004216
15 5 0.005945 0.001852 0.002899
16 5 0.002938 0.000803 0.001600
17 5 0.001220 0.000298 0.000729
18 5 0.000432 0.000095 0.000280
19 5 0.000132 0.000026 0.000092
20 5 0.000035 0.000006 0.000026
21 5 0.000008 0.000001 0.000006
22 5 0.000002 0.000000 0.000001
23 5 0.000000 0.000000 0.000000
24 5 0.000000 0.000000 0.000000
25 5 0.000000 0.000000 0.000000
26 5 0.000000 0.000000 0.000000
27 5 0.000000 0.000000 0.000000
28 5 0.000000 0.000000 0.000000
29 5 0.000000 0.000000 0.000000
30 5 0.000000 0.000000 0.000000
31 5 0.000000 0.000000 0.000000
32 5 0.000000 0.000000 0.000000
33 5 0.000000 0.000000 0.000000
34 5 0.000000 0.000000 0.000000
35 5 0.000000 0.000000 0.000000
36 5 0.000000 0.000000 0.000000
37 5 0.000000 0.000000 0.000000
38 5 0.000000 0.000000 0.000000
39 5 0.000000 0.000000 0.000000
40 5 0.000000 0.000000 0.000000
41 5 0.000000 0.000000 0.000000
42 5 0.000000 0.000000 0.000000
43 5 0.000000 0.000000 0.000000
44 5 0.000000 0.000000 0.000000
45 5 0.000000 0.000000 0.000000
46 5 0.000000 0.000000 0.000000
47 5 0.000000 0.000000 0.000000
48 5 0.000000 0.000000 0.000000
49 5 0.000000 0.000000 0.000000

0 6 0.000000 0.000000 0.000000
1 6 0.001593 -0.000331 0.000575
2 6 0.002822 -0.000926 0.000706
3 6 0.003247 -0.002012 0.000901
4 6 0.002352 -0.003749 0.001029
5 6 -0.000439 -0.006100 0.000854
6 6 -0.005392 -0.008730 0.000106
7 6 -0.012237 -0.010889 -0.001464
8 6 -0.019369 -0.011443 -0.003847
9 6 -0.023951 -0.009354 -0.006416
10 6 -0.022637 -0.004295 -0.008001
11 6 -0.013361 0.002440 -0.006978
12 6 0.000936 0.007980 -0.002720
13 6 0.012885 0.010006 0.002744
14 6 0.017193 0.008624 0.006269
15 6 0.014610 0.005715 0.006602
16 6 0.009340 0.003055 0.004862
17 6 0.004779 0.001355 0.002773
18 6 0.002023 0.000508 0.001284
19 6 0.000725 0.000164 0.000496
20 6 0.000223 0.000046 0.000163
21 6 0.000060 0.000011 0.000046
22 6 0.000014 0.000002 0.000012
23 6 0.000003 0.000000 0.000003
24 6 0.000001 0.000000 0.000000
25 6 0.000000 0.000000 0.000000
26 6 0.000000 0.000000 0.000000
27 6 0.000000 0.000000 0.000000
28 6 0.000000 0.000000 0.000000
29 6 0.000000 0.000000 0.000000
30 6 0.000000 0.000000 0.000000
31 6 0.000000 0.000000 0.000000
32 6 0.000000 0.000000 0.000000
33 6 0.000000 0.000000 0.000000
34 6 0.000000 0.000000 0.000000
35 6 0.000000 0.000000 0.000000
36 6 0.000000 0.000000 0.000000
37 6 0.000000 0.000000 0.000000
38 6 0.000000 0.000000 0.000000
39 6 0.000000 0.000000 0.000000
40 6 0.000000 0.000000 0.000000
41 6 0.000000 0.000000 0.000000
42 6 0.000000 0.000000 0.000000
43 6 0.000000 0.000000 0.000000
44 6 0.000000 0.000000 0.000000
45 6 0.000000 0.000000 0.000000
46 6 0.000000 0.000000 0.000000
47 6 0.000000 0.000000 0.000000
48 6 0.000000 0.000000 0.000000
49 6 0.000000 0.000000 0.000000

0 7 0.000000 0.000000 0.000000
1 7 0.002378 0.002224 -0.001968
2 7 0.005225 0.004382 -0.001697
3 7 0.008813 0.006283 -0.001085
4 7 0.013186 0.007562 -0.000071
5 7 0.017655 0.007550 0.001424
6 7 0.020730 0.005521 0.003125
7 7 0.020102 0.000834 0.004591
8 7 0.012830 -0.006212 0.004626
9 7 -0.001684 -0.013786 0.002075
10 7 -0.020823 -0.018620 -0.003430
11 7 -0.036006 -0.016832 -0.010621
12 7 -0.035195 -0.007869 -0.014543
13 7 -0.016961 0.003163 -0.010677
14 7 0.005377 0.009996 -0.001425
15 7 0.018068 0.010750 0.006365
16 7 0.018633 0.007844 0.008822
17 7 0.012918 0.004406 0.007123
18 7 0.006886 0.002009 0.004232
19 7 0.002983 0.000766 0.001999
20 7 0.001082 0.000249 0.000781
21 7 0.000336 0.000070 0.000258
22 7 0.000090 0.000017 0.000074
23 7 0.000021 0.000004 0.000018
24 7 0.000004 0.000001 0.000004
25 7 0.000001 0.000000 0.000001
26 7 0.000000 0.000000 0.000000
27 7 0.000000 0.000000 0.000000
28 7 0.000000 0.000000 0.000000
29 7 0.000000 0.000000 0.000000
30 7 0.000000 0.000000 0.000000
31 7 0.000000 0.000000 0.000000
32 7 0.000000 0.000000 0.000000
33 7 0.000000 0.000000 0.000000
34 7 0.000000 0.000000 0.000000
35 7 0.000000 0.000000 0.000000
36 7 0.000000 0.000000 0.000000
37 7 0.000000 0.000000 0.000000
38 7 0.000000 0.000000 0.000000
39 7 0.000000 0.000000 0.000000
40 7 0.000000 0.000000 0.000000
41 7 0.000000 0.000000 0.000000
42 7 0.000000 0.000000 0.000000
43 7 0.000000 0.000000 0.000000
44 7 0.000000 0.000000 0.000000
45 7 0.000000 0.000000 0.000000
46 7 0.000000 0.000000 0.000000
47 7 0.000000 0.000000 0.000000
48 7 0.000000 0.000000 0.000000
49 7 0.000000 0.000000 0.000000

0 8 0.000000 0.000000 0.000000
1 8 -0.004100 -0.000234 -0.002210
2 8 -0.007824 0.000076 -0.002576
3 8 -0.010338 0.001449 -0.003176
4 8 -0.010830 0.004357 -0.003854
5 8 -0.007314 0.008973 -0.004086
6 8 0.001065 0.014652 -0.003169
7 8 0.015156 0.019859 -0.000490
8 8 0.031813 0.021254 0.004685
9 8 0.042983 0.015856 0.010375
10 8 0.039884 0.002474 0.013779
11 8 0.013380 -0.015034 0.009924
12 8 -0.027326 -0.025413 -0.004327
13 8 -0.050480 -0.020538 -0.019199
14 8 -0.038465 -0.005750 -0.020680
15 8 -0.007916 0.006936 -0.008859
16 8 0.015020 0.011340 0.004304
17 8 0.020885 0.009404 0.010202
18 8 0.015926 0.005604 0.009239
19 8 0.008871 0.002638 0.005747
20 8 0.003933 0.001024 0.002774
21 8 0.001447 0.000337 0.001095
22 8 0.000453 0.000096 0.000364
23 8 0.000122 0.000024 0.000104
24 8 0.000029 0.000005 0.000026
25 8 0.000006 0.000001 0.000006
26 8 0.000001 0.000000 0.000001
27 8 0.000000 0.000000 0.000000
28 8 0.000000 0.000000 0.000000
29 8 0.000000 0.000000 0.000000
30 8 0.000000 0.000000 0.000000
31 8 0.000000 0.000000 0.000000
32 8 0.000000 0.000000 0.000000
33 8 0.000000 0.000000 0.000000
34 8 0.000000 0.000000 0.000000
35 8 0.000000 0.000000 0.000000
36 8 0.000000 0.000000 0.000000
37 8 0.000000 0.000000 0.000000
38 8 0.000000 0.000000 0.000000
39 8 0.000000 0.000000 0.000000
40 8 0.000000 0.000000 0.000000
41 8 0.000000 0.000000 0.000000
42 8 0.000000 0.000000 0.000000
43 8 0.000000 0.000000 0.000000
44 8 0.000000 0.000000 0.000000
45 8 0.000000 0.000000 0.000000
46 8 0.000000 0.000000 0.000000
47 8 0.000000 0.000000 0.000000
48 8 0.000000 0.000000 0.000000
49 8 0.000000 0.000000 0.000000

0 9 0.000000 0.000000 0.000000
1 9 -0.000919 -0.003368 0.001978
2 9 -0.003075 -0.007057 0.001857
3 9 -0.007536 -0.010949 0.001220
4 9 -0.015050 -0.014811 0.000106
5 9 -0.025867 -0.017059 -0.002540
6 9 -0.036567 -0.015927 -0.005977
7 9 -0.044074 -0.008940 -0.010295
8 9 -0.037236 0.005136 -0.012722
9 9 -0.012257 0.022160 -0.008883
10 9 0.027919 0.034942 0.001617
11 9 0.067487 0.031152 0.019015
12 9 0.063815 0.005925 0.029042
13 9 0.006631 -0.021831 0.013187
14 9 -0.049024 -0.028875 -0.016039
15 9 -0.054675 -0.015238 -0.028606
16 9 -0.022260 0.001869 -0.017390
17 9 0.009388 0.010263 0.000635
18 9 0.021117 0.009999 0.010494
19 9 0.017796 0.006352 0.010805
20 9 0.010332 0.003088 0.007025
21 9 0.004678 0.001222 0.003458
22 9 0.001741 0.000407 0.001378
23 9 0.000549 0.000116 0.000460
24 9 0.000149 0.000029 0.000132
25 9 0.000035 0.000006 0.000033
26 9 0.000007 0.000001 0.000007
27 9 0.000001 0.000000 0.000001
28 9 0.000000 0.000000 0.000000
29 9 0.000000 0.000000 0.000000
30 9 0.000000 0.000000 0.000000
31 9 0.000000 0.000000 0.000000
32 9 0.000000 0.000000 0.000000
33 9 0.000000 0.000000 0.000000
34 9 0.000000 0.000000 0.000000
35 9 0.000000 0.000000 0.000000
36 9 0.000000 0.000000 0.000000
37 9 0.000000 0.000000 0.000000
38 9 0.000000 0.000000 0.000000
39 9 0.000000 0.000000 0.000000
40 9 0.000000 0.000000 0.000000
41 9 0.000000 0.000000 0.000000
42 9 0.000000 0.000000 0.000000
43 9 0.000000 0.000000 0.000000
44 9 0.000000 0.000000 0.000000
45 9 0.000000 0.000000 0.000000
46 9 0.000000 0.000000 0.000000
47 9 0.000000 0.000000 0.000000
48 9 0.000000 0.000000 0.000000
49 9 0.000000 0.000000 0.000000

0 10 0.000000 0.000000 0.000000
1 10 0.007119 0.003428 -0.001266
2 10 0.015086 0.006159 -0.000443
3 10 0.022389 0.007013 0.001258
4 10 0.029745 0.005121 0.003501
5 10 0.031391 -0.001676 0.006420
6 10 0.024455 -0.012529 0.007016
7 10 0.004100 -0.027113 0.005790
8 10 -0.033340 -0.037626 -0.003577
9 10 -0.066116 -0.034980 -0.016525
10 10 -0.079864 -0.014484 -0.026914
11 10 -0.043415 0.022824 -0.026206
12 10 0.046109 0.048290 0.004311
13 10 0.096474 0.032178 0.040736
14 10 0.047335 -0.007386 0.034656
15 10 -0.033574 -0.029002 -0.005860
16 10 -0.060518 -0.021212 -0.031663
17 10 -0.032276 -0.002909 -0.023998
18 10 0.003981 0.008251 -0.003012
19 10 0.020046 0.009642 0.010078
20 10 0.018394 0.006504 0.011656
21 10 0.011019 0.003253 0.007839
22 10 0.005063 0.001308 0.003911
23 10 0.001899 0.000440 0.001567
24 10 0.000601 0.000126 0.000525
25 10 0.000164 0.000032 0.000150
26 10 0.000039 0.000007 0.000038
27 10 0.000008 0.000001 0.000008
28 10 0.000002 0.000000 0.000002
29 10 0.000000 0.000000 0.000000
30 10 0.000000 0.000000 0.000000
31 10 0.000000 0.000000 0.000000
32 10 0.000000 0.000000 0.000000
33 10 0.000000 0.000000 0.000000
34 10 0.000000 0.000000 0.000000
35 10 0.000000 0.000000 0.000000
36 10 0.000000 0.000000 0.000000
37 10 0.000000 0.000000 0.000000
38 10 0.000000 0.000000 0.000000
39 10 0.000000 0.000000 0.000000
40 10 0.000000 0.000000 0.000000
41 10 0.000000 0.000000 0.000000
42 10 0.000000 0.000000 0.000000
43 10 0.000000 0.000000 0.000000
44 10 0.000000 0.000000 0.000000
45 10 0.000000 0.000000 0.000000
46 10 0.000000 0.000000 0.000000
47 10 0.000000 0.000000 0.000000
48 10 0.000000 0.000000 0.000000
49 10 0.000000 0.000000 0.000000

0 11 0.000000 0.000000 0.000000
1 11 -0.005661 0.002220 -0.004909
2 11 -0.010335 0.005833 -0.005649
3 11 -0.009754 0.011317 -0.005687
4 11 -0.005383 0.019590 -0.006244
5 11 0.012650 0.029095 -0.003414
6 11 0.034053 0.035391 0.002107
7 11 0.064462 0.034532 0.010721
8 11 0.077404 0.015393 0.023049
9 11 0.050365 -0.015241 0.020665
10 11 -0.005991 -0.046726 0.007320
11 11 -0.091766 -0.056251 -0.023971
12 11 -0.114288 -0.015447 -0.054398
13 11 -0.007638 0.040155 -0.024938
14 11 0.096155 0.046422 0.038217
15 11 0.071893 0.007564 0.049180
16 11 -0.017291 -0.023258 0.004549
17 11 -0.058094 -0.022110 -0.030795
18 11 -0.035427 -0.005497 -0.026876
19 11 0.001182 0.006345 -0.004976
20 11 0.018742 0.008679 0.009653
21 11 0.017962 0.006112 0.011881
22 11 0.010900 0.003117 0.008097
23 11 0.005031 0.001266 0.004051
24 11 0.001889 0.000428 0.001622
25 11 0.000598 0.000124 0.000542
26 11 0.000163 0.000031 0.000155
27 11 0.000039 0.000007 0.000039
28 11 0.000008 0.000001 0.000008
29 11 0.000002 0.000000 0.000002
30 11 0.000000 0.000000 0.000000
31 11 0.000000 0.000000 0.000000
32 11 0.000000 0.000000 0.000000
33 11 0.000000 0.000000 0.000000
34 11 0.000000 0.000000 0.000000
35 11 0.000000 0.000000 0.000000
36 11 0.000000 0.000000 0.000000
37 11 0.000000 0.000000 0.000000
38 11 0.000000 0.000000 0.000000
39 11 0.000000 0.000000 0.000000
40 11 0.000000 0.000000 0.000000
41 11 0.000000 0.000000 0.000000
42 11 0.000000 0.000000 0.000000
43 11 0.000000 0.000000 0.000000
44 11 0.000000 0.000000 0.000000
45 11 0.000000 0.000000 0.000000
46 11 0.000000 0.000000 0.000000
47 11 0.000000 0.000000 0.000000
48 11 0.000000 0.000000 0.000000
49 11 0.000000 0.000000 0.000000

0 12 0.000000 0.000000 0.000000
1 12 -0.004049 -0.006665 0.002888
2 12 -0.011388 -0.013980 0.002600
3 12 -0.021627 -0.019486 -0.000296
4 12 -0.037183 -0.024292 -0.002312
5 12 -0.055575 -0.020576 -0.010736
6 12 -0.059791 -0.008782 -0.013968
7 12 -0.054213 0.015375 -0.019518
8 12 0.002195 0.045480 -0.009643
9 12 0.062935 0.055028 0.016524
10 12 0.099899 0.039956 0.033663
11 12 0.083957 -0.010359 0.043500
12 12 -0.044340 -0.062661 0.002408
13 12 -0.135471 -0.044806 -0.064124
14 12 -0.045349 0.020060 -0.047408
15 12 0.080069 0.044260 0.029832
16 12 0.073574 0.014133 0.052513
17 12 -0.010944 -0.017051 0.008550
18 12 -0.052797 -0.019356 -0.029104
19 12 -0.032571 -0.005519 -0.026135
20 12 0.001665 0.005169 -0.004548
21 12 0.017859 0.007504 0.009702
22 12 0.016842 0.005355 0.011658
23 12 0.010115 0.002743 0.007837
24 12 0.004630 0.001115 0.003878
25 12 0.001727 0.000377 0.001539
26 12 0.000544 0.000109 0.000510
27 12 0.000148 0.000027 0.000145
28 12 0.000035 0.000006 0.000036
29 12 0.000007 0.000001 0.000008
30 12 0.000001 0.000000 0.000002
31 12 0.000000 0.000000 0.000000
32 12 0.000000 0.000000 0.000000
33 12 0.000000 0.000000 0.000000
34 12 0.000000 0.000000 0.000000
35 12 0.000000 0.000000 0.000000
36 12 0.000000 0.000000 0.000000
37 12 0.000000 0.000000 0.000000
38 12 0.000000 0.000000 0.000000
39 12 0.000000 0.000000 0.000000
40 12 0.000000 0.000000 0.000000
41 12 0.000000 0.000000 0.000000
42 12 0.000000 0.000000 0.000000
43 12 0.000000 0.000000 0.000000
44 12 0.000000 0.000000 0.000000
45 12 0.000000 0.000000 0.000000
46 12 0.000000 0.000000 0.000000
47 12 0.000000 0.000000 0.000000
48 12 0.000000 0.000000 0.000000
49 12 0.000000 0.000000 0.000000

0 13 0.000000 0.000000 0.000000
1 13 0.010917 0.004158 -0.000460
2 13 0.025081 0.006760 0.001466
3 13 0.031187 0.004354 0.004157
4 13 0.040834 -0.002532 0.007686
5 13 0.025848 -0.020402 0.010812
6 13 -0.001087 -0.036561 0.003035
7 13 -0.047806 -0.052441 -0.004754
8 13 -0.099840 -0.040291 -0.033075
9 13 -0.071385 -0.000724 -0.035191
10 13 -0.010562 0.037608 -0.012061
11 13 0.079781 0.061508 0.022788
12 13 0.118961 0.025712 0.063864
13 13 -0.010144 -0.043108 0.022923
14 13 -0.122248 -0.046655 -0.061886
15 13 -0.044771 0.008385 -0.050292
16 13 0.070113 0.034537 0.027660
17 13 0.060490 0.011980 0.048010
18 13 -0.015335 -0.013492 0.004739
19 13 -0.047697 -0.015247 -0.028426
20 13 -0.025926 -0.003847 -0.022795
21 13 0.004567 0.004699 -0.002082
22 13 0.017375 0.006342 0.010219
23 13 0.015274 0.004425 0.011099
24 13 0.008870 0.002237 0.007164
25 13 0.003971 0.000901 0.003455
26 13 0.001458 0.000303 0.001345
27 13 0.000453 0.000087 0.000440
28 13 0.000122 0.000022 0.000124
29 13 0.000029 0.000005 0.000030
30 13 0.000006 0.000001 0.000007
31 13 0.000001 0.000000 0.000001
32 13 0.000000 0.000000 0.000000
33 13 0.000000 0.000000 0.000000
34 13 0.000000 0.000000 0.000000
35 13 0.000000 0.000000 0.000000
36 13 0.000000 0.000000 0.000000
37 13 0.000000 0.000000 0.000000
38 13 0.000000 0.000000 0.000000
39 13 0.000000 0.000000 0.000000
40 13 0.000000 0.000000 0.000000
41 13 0.000000 0.000000 0.000000
42 13 0.000000 0.000000 0.000000
43 13 0.000000 0.000000 0.000000
44 13 0.000000 0.000000 0.000000
45 13 0.000000 0.000000 0.000000
46 13 0.000000 0.000000 0.000000
47 13 0.000000 0.000000 0.000000
48 13 0.000000 0.000000 0.000000
49 13 0.000000 0.000000 0.000000

0 14 0.000000 0.000000 0.000000
1 14 -0.005101 0.005035 -0.007678
2 14 -0.008352 0.012853 -0.009185
3 14 0.000790 0.022037 -0.006249
4 14 0.013271 0.034193 -0.006399
5 14 0.052547 0.041858 0.006144
6 14 0.070094 0.033204 0.017076
7 14 0.082250 0.010191 0.027602
8 14 0.020396 -0.035610 0.023133
9 14 -0.074578 -0.052503 -0.023989
10 14 -0.092378 -0.030796 -0.045933
11 14 -0.046006 0.010347 -0.036424
12 14 0.071140 0.049908 0.016467
13 14 0.110809 0.027664 0.070988
14 14 -0.022841 -0.030270 0.018469
15 14 -0.107120 -0.033365 -0.062692
16 14 -0.019716 0.008908 -0.037590
17 14 0.068533 0.025398 0.033445
18 14 0.041156 0.005965 0.039336
19 14 -0.024772 -0.012024 -0.003965
20 14 -0.042254 -0.011106 -0.028067
21 14 -0.017313 -0.001606 -0.017680
22 14 0.008437 0.004542 0.001508
23 14 0.016852 0.005239 0.010823
24 14 0.013371 0.003466 0.010217
25 14 0.007371 0.001699 0.006201
26 14 0.003189 0.000671 0.002877
27 14 0.001141 0.000222 0.001089
28 14 0.000348 0.000063 0.000349
29 14 0.000092 0.000016 0.000096
30 14 0.000022 0.000003 0.000023
31 14 0.000004 0.000001 0.000005
32 14 0.000001 0.000000 0.000001
33 14 0.000000 0.000000 0.000000
34 14 0.000000 0.000000 0.000000
35 14 0.000000 0.000000 0.000000
36 14 0.000000 0.000000 0.000000
37 14 0.000000 0.000000 0.000000
38 14 0.000000 0.000000 0.000000
39 14 0.000000 0.000000 0.000000
40 14 0.000000 0.000000 0.000000
41 14 0.000000 0.000000 0.000000
42 14 0.000000 0.000000 0.000000
43 14 0.000000 0.000000 0.000000
44 14 0.000000 0.000000 0.000000
45 14 0.000000 0.000000 0.000000
46 14 0.000000 0.000000 0.000000
47 14 0.000000 0.000000 0.000000
48 14 0.000000 0.000000 0.000000
49 14 0.000000 0.000000 0.000000

0 15 0.000000 0.000000 0.000000
1 15 -0.009415 -0.008558 0.001899
2 15 -0.024579 -0.017450 0.000358
3 15 -0.040238 -0.019901 -0.005626
4 15 -0.059492 -0.017609 -0.011186
5 15 -0.061139 0.003576 -0.022897
6 15 -0.020419 0.032170 -0.015028
7 15 0.045680 0.054890 0.002451
8 15 0.117987 0.046773 0.043621
9 15 0.072615 -0.008126 0.049905
10 15 -0.047937 -0.046303 -0.004196
11 15 -0.118471 -0.035636 -0.056365
12 15 -0.051899 0.011015 -0.053614
13 15 0.097737 0.043518 0.030551
14 15 0.093279 0.013534 0.075183
15 15 -0.054892 -0.029077 -0.003225
16 15 -0.089985 -0.019643 -0.064506
17 15 0.011334 0.013060 -0.016907
18 15 0.064811 0.017848 0.040023
19 15 0.018919 0.000066 0.027003
20 15 -0.033274 -0.010813 -0.013692
21 15 -0.034789 -0.007265 -0.026215
22 15 -0.007994 0.000424 -0.011331
23 15 0.011960 0.004327 0.005237
24 15 0.015848 0.004176 0.011063
25 15 0.011216 0.002568 0.009009
26 15 0.005798 0.001205 0.005077
27 15 0.002400 0.000461 0.002243
28 15 0.000831 0.000149 0.000819
29 15 0.000247 0.000042 0.000255
30 15 0.000064 0.000010 0.000069
31 15 0.000015 0.000002 0.000016
32 15 0.000003 0.000000 0.000003
33 15 0.000001 0.000000 0.000001
34 15 0.000000 0.000000 0.000000
35 15 0.000000 0.000000 0.000000
36 15 0.000000 0.000000 0.000000
37 15 0.000000 0.000000 0.000000
38 15 0.000000 0.000000 0.000000
39 15 0.000000 0.000000 0.000000
40 15 0.000000 0.000000 0.000000
41 15 0.000000 0.000000 0.000000
42 15 0.000000 0.000000 0.000000
43 15 0.000000 0.000000 0.000000
44 15 0.000000 0.000000 0.000000
45 15 0.000000 0.000000 0.000000
46 15 0.000000 0.000000 0.000000
47 15 0.000000 0.000000 0.000000
48 15 0.000000 0.000000 0.000000
49 15 0.000000 0.000000 0.000000

0 16 0.000000 0.000000 0.000000
1 16 0.015272 0.001287 0.002495
2 16 0.028376 -0.001261 0.005939
3 16 0.029282 -0.012913 0.009157
4 16 0.010507 -0.031455 0.011206
5 16 -0.044621 -0.051829 -0.002193
6 16 -0.102425 -0.046490 -0.028511
7 16 -0.108567 -0.007527 -0.049732
8 16 -0.006073 0.046887 -0.025254
9 16 0.114244 0.062730 0.043136
10 16 0.113459 0.013700 0.068945
11 16 -0.023438 -0.044478 0.015919
12 16 -0.139046 -0.041025 -0.070381
13 16 -0.037183 0.016501 -0.056902
14 16 0.116301 0.039751 0.052824
15 16 0.055341 0.001311 0.064849
16 16 -0.079043 -0.026385 -0.029790
17 16 -0.058282 -0.007840 -0.055716
18 16 0.038228 0.014588 0.006899
19 16 0.051508 0.010505 0.040265
20 16 -0.003685 -0.004112 0.011363
21 16 -0.036947 -0.008847 -0.021177
22 16 -0.024739 -0.003847 -0.021689
23 16 0.000821 0.001854 -0.004456
24 16 0.014228 0.003873 0.008268
25 16 0.014163 0.003160 0.010648
26 16 0.008938 0.001789 0.007532
27 16 0.004303 0.000795 0.003916
28 16 0.001692 0.000292 0.001635
29 16 0.000563 0.000092 0.000572
30 16 0.000162 0.000025 0.000172
31 16 0.000041 0.000006 0.000045
32 16 0.000009 0.000001 0.000011
33 16 0.000002 0.000000 0.000002
34 16 0.000000 0.000000 0.000000
35 16 0.000000 0.000000 0.000000
36 16 0.000000 0.000000 0.000000
37 16 0.000000 0.000000 0.000000
38 16 0.000000 0.000000 0.000000
39 16 0.000000 0.000000 0.000000
40 16 0.000000 0.000000 0.000000
41 16 0.000000 0.000000 0.000000
42 16 0.000000 0.000000 0.000000
43 16 0.000000 0.000000 0.000000
44 16 0.000000 0.000000 0.000000
45 16 0.000000 0.000000 0.000000
46 16 0.000000 0.000000 0.000000
47 16 0.000000 0.000000 0.000000
48 16 0.000000 0.000000 0.000000
49 16 0.000000 0.000000 0.000000

0 17 0.000000 0.000000 0.000000
1 17 0.001194 0.013443 -0.014002
2 17 0.014042 0.028307 -0.011547
3 17 0.040966 0.042748 -0.005464
4 17 0.090048 0.043949 0.013760
5 17 0.105597 0.016990 0.035792
6 17 0.054055 -0.034133 0.034172
7 17 -0.078928 -0.069578 -0.013058
8 17 -0.143029 -0.041478 -0.073853
9 17 -0.038673 0.021561 -0.043966
10 17 0.090400 0.053965 0.036698
11 17 0.103883 0.023160 0.074103
12 17 -0.042289 -0.032653 0.008554
13 17 -0.121111 -0.029699 -0.080228
14 17 0.020788 0.019148 -0.026720
15 17 0.108094 0.025460 0.070728
16 17 -0.004435 -0.008853 0.031400
17 17 -0.083057 -0.018220 -0.050501
18 17 -0.015021 0.002016 -0.032639
19 17 0.052393 0.012531 0.027095
20 17 0.028778 0.003685 0.031248
21 17 -0.022162 -0.006058 -0.004782
22 17 -0.034036 -0.006162 -0.024026
23 17 -0.013115 -0.001105 -0.014625
24 17 0.007903 0.002556 0.001926
25 17 0.014807 0.003186 0.010031
26 17 0.011878 0.002236 0.009527
27 17 0.006712 0.001161 0.005919
28 17 0.002999 0.000486 0.002833
29 17 0.001115 0.000171 0.001113
30 17 0.000355 0.000052 0.000371
31 17 0.000099 0.000014 0.000107
32 17 0.000024 0.000003 0.000027
33 17 0.000005 0.000001 0.000006
34 17 0.000001 0.000000 0.000001
35 17 0.000000 0.000000 0.000000
36 17 0.000000 0.000000 0.000000
37 17 0.000000 0.000000 0.000000
38 17 0.000000 0.000000 0.000000
39 17 0.000000 0.000000 0.000000
40 17 0.000000 0.000000 0.000000
41 17 0.000000 0.000000 0.000000
42 17 0.000000 0.000000 0.000000
43 17 0.000000 0.000000 0.000000
44 17 0.000000 0.000000 0.000000
45 17 0.000000 0.000000 0.000000
46 17 0.000000 0.000000 0.000000
47 17 0.000000 0.000000 0.000000
48 17 0.000000 0.000000 0.000000
49 17 0.000000 0.000000 0.000000

0 18 0.000000 0.000000 0.000000
1 18 -0.027045 -0.011748 -0.002493
2 18 -0.056703 -0.016018 -0.009845
3 18 -0.082352 -0.004572 -0.022295
4 18 -0.060440 0.033488 -0.034117
5 18 0.038930 0.070630 -0.004460
6 18 0.135249 0.066235 0.048875
7 18 0.111766 0.006556 0.073218
8 18 -0.060663 -0.051883 -0.002595
9 18 -0.131539 -0.035172 -0.081548
10 18 -0.012064 0.016401 -0.040690
11 18 0.116161 0.033315 0.054492
12 18 0.059014 0.001584 0.069520
13 18 -0.104799 -0.027552 -0.035328
14 18 -0.074044 -0.005848 -0.076803
15 18 0.083963 0.022485 0.024933
16 18 0.067889 0.008378 0.068013
17 18 -0.056220 -0.014166 -0.012233
18 18 -0.059227 -0.008153 -0.052259
19 18 0.024790 0.007490 -0.002031
20 18 0.047575 0.007953 0.035507
21 18 0.002279 -0.001285 0.014645
22 18 -0.031979 -0.005829 -0.017107
23 18 -0.025076 -0.003321 -0.021317
24 18 -0.001894 0.000719 -0.006318
25 18 0.012340 0.002591 0.006778
26 18 0.013751 0.002381 0.010323
27 18 0.009273 0.001461 0.007872
28 18 0.004719 0.000695 0.004341
29 18 0.001955 0.000273 0.001912
30 18 0.000685 0.000091 0.000705
31 18 0.000208 0.000026 0.000223
32 18 0.000055 0.000007 0.000062
33 18 0.000013 0.000002 0.000015
34 18 0.000003 0.000000 0.000003
35 18 0.000001 0.000000 0.000001
36 18 0.000000 0.000000 0.000000
37 18 0.000000 0.000000 0.000000
38 18 0.000000 0.000000 0.000000
39 18 0.000000 0.000000 0.000000
40 18 0.000000 0.000000 0.000000
41 18 0.000000 0.000000 0.000000
42 18 0.000000 0.000000 0.000000
43 18 0.000000 0.000000 0.000000
44 18 0.000000 0.000000 0.000000
45 18 0.000000 0.000000 0.000000
46 18 0.000000 0.000000 0.000000
47 18 0.000000 0.000000 0.000000
48 18 0.000000 0.000000 0.000000
49 18 0.000000 0.000000 0.000000

0 19 0.000000 0.000000 0.000000
1 19 0.024151 -0.007021 0.009937
2 19 0.028380 -0.027136 0.016201
3 19 -0.020747 -0.057683 0.013381
4 19 -0.119542 -0.068229 -0.027952
5 19 -0.146008 -0.022178 -0.070385
6 19 -0.016600 0.045811 -0.038377
7 19 0.144351 0.061823 0.061902
8 19 0.097425 0.007523 0.086192
9 19 -0.081789 -0.042934 -0.016916
10 19 -0.126170 -0.021520 -0.085999
11 19 0.026296 0.028849 -0.021522
12 19 0.133214 0.027758 0.082040
13 19 -0.007138 -0.014995 0.040188
14 19 -0.122065 -0.022730 -0.075220
15 19 0.004471 0.008635 -0.038033
16 19 0.098085 0.017103 0.062760
17 19 0.001223 -0.003545 0.033237
18 19 -0.072653 -0.011425 -0.043778
19 19 -0.014708 0.000343 -0.030603
20 19 0.045810 0.007713 0.023580
21 19 0.025985 0.002770 0.028648
22 19 -0.019692 -0.003627 -0.003859
23 19 -0.031286 -0.004124 -0.022201
24 19 -0.012721 -0.000968 -0.014111
25 19 0.006888 0.001576 0.001387
26 19 0.013875 0.002163 0.009455
27 19 0.011506 0.001600 0.009331
28 19 0.006702 0.000869 0.005982
29 19 0.003089 0.000380 0.002955
30 19 0.001186 0.000139 0.001199
31 19 0.000391 0.000044 0.000414
32 19 0.000113 0.000012 0.000124
33 19 0.000029 0.000003 0.000033
34 19 0.000007 0.000001 0.000008
35 19 0.000001 0.000000 0.000002
36 19 0.000000 0.000000 0.000000
37 19 0.000000 0.000000 0.000000
38 19 0.000000 0.000000 0.000000
39 19 0.000000 0.000000 0.000000
40 19 0.000000 0.000000 0.000000
41 19 0.000000 0.000000 0.000000
42 19 0.000000 0.000000 0.000000
43 19 0.000000 0.000000 0.000000
44 19 0.000000 0.000000 0.000000
45 19 0.000000 0.000000 0.000000
46 19 0.000000 0.000000 0.000000
47 19 0.000000 0.000000 0.000000
48 19 0.000000 0.000000 0.000000
49 19 0.000000 0.000000 0.000000

0 20 0.000000 0.000000 0.000000
1 20 0.025000 0.034315 -0.029208
2 20 0.085921 0.058391 -0.008721
3 20 0.153521 0.037588 0.044010
4 20 0.081489 -0.029528 0.058923
5 20 -0.099307 -0.073961 -0.020660
6 20 -0.174005 -0.037785 -0.100435
7 20 -0.000939 0.035480 -0.043553
8 20 0.147887 0.046099 0.084958
9 20 0.040884 -0.000098 0.065124
10 20 -0.103408 -0.028888 -0.048333
11 20 -0.063703 -0.009576 -0.071327
12 20 0.092655 0.020423 0.030657
13 20 0.071905 0.009437 0.079245
14 20 -0.092497 -0.015467 -0.027330
15 20 -0.065192 -0.005673 -0.073135
16 20 0.078102 0.012701 0.025664
17 20 0.053689 0.005023 0.060287
18 20 -0.054816 -0.008180 -0.015799
19 20 -0.047580 -0.004465 -0.045907
20 20 0.027015 0.004602 0.002409
21 20 0.040860 0.004590 0.032625
22 20 -0.001796 -0.000963 0.010829
23 20 -0.030289 -0.003589 -0.017256
24 20 -0.021982 -0.002002 -0.019412
25 20 -0.000601 0.000487 -0.005023
26 20 0.011977 0.001652 0.006892
27 20 0.012953 0.001531 0.009925
28 20 0.008714 0.000955 0.007519
29 20 0.004465 0.000464 0.004168
30 20 0.001873 0.000186 0.001857
31 20 0.000667 0.000064 0.000696
32 20 0.000206 0.000019 0.000225
33 20 0.000056 0.000005 0.000064
34 20 0.000014 0.000001 0.000016
35 20 0.000003 0.000000 0.000004
36 20 0.000001 0.000000 0.000001
37 20 0.000000 0.000000 0.000000
38 20 0.000000 0.000000 0.000000
39 20 0.000000 0.000000 0.000000
40 20 0.000000 0.000000 0.000000
41 20 0.000000 0.000000 0.000000
42 20 0.000000 0.000000 0.000000
43 20 0.000000 0.000000 0.000000
44 20 0.000000 0.000000 0.000000
45 20 0.000000 0.000000 0.000000
46 20 0.000000 0.000000 0.000000
47 20 0.000000 0.000000 0.000000
48 20 0.000000 0.000000 0.000000
49 20 0.000000 0.000000 0.000000

0 21 0.000000 0.000000 0.000000
1 21 -0.082307 -0.002282 -0.031926
2 21 -0.107107 0.039036 -0.062223
3 21 0.039795 0.095562 -0.026036
4 21 0.199015 0.081537 0.087354
5 21 0.109974 -0.000373 0.097410
6 21 -0.115533 -0.051197 -0.034672
7 21 -0.127538 -0.021782 -0.107581
8 21 0.075764 0.027027 0.006384
9 21 0.119692 0.017120 0.096432
10 21 -0.048170 -0.016514 0.014159
11 21 -0.126603 -0.011583 -0.084198
12 21 0.029110 0.014571 -0.026769
13 21 0.125554 0.013491 0.084475
14 21 -0.028536 -0.009303 0.028344
15 21 -0.108257 -0.010953 -0.076946
16 21 0.027464 0.006259 -0.020206
17 21 0.083995 0.008407 0.063021
18 21 -0.017740 -0.003174 0.017483
19 21 -0.063738 -0.005796 -0.044732
20 21 -0.000157 0.001108 -0.019414
21 21 0.043743 0.004265 0.026699
22 21 0.016313 0.001004 0.022621
23 21 -0.022937 -0.002307 -0.008246
24 21 -0.027824 -0.002226 -0.021154
25 21 -0.008760 -0.000356 -0.011170
26 21 0.008247 0.001011 0.003010
27 21 0.013308 0.001270 0.009471
28 21 0.010495 0.000918 0.008718
29 21 0.005983 0.000496 0.005440
30 21 0.002732 0.000217 0.002655
31 21 0.001047 0.000081 0.001074
32 21 0.000346 0.000026 0.000372
33 21 0.000100 0.000007 0.000112
34 21 0.000026 0.000002 0.000030
35 21 0.000006 0.000000 0.000007
36 21 0.000001 0.000000 0.000002
37 21 0.000000 0.000000 0.000000
38 21 0.000000 0.000000 0.000000
39 21 0.000000 0.000000 0.000000
40 21 0.000000 0.000000 0.000000
41 21 0.000000 0.000000 0.000000
42 21 0.000000 0.000000 0.000000
43 21 0.000000 0.000000 0.000000
44 21 0.000000 0.000000 0.000000
45 21 0.000000 0.000000 0.000000
46 21 0.000000 0.000000 0.000000
47 21 0.000000 0.000000 0.000000
48 21 0.000000 0.000000 0.000000
49 21 0.000000 0.000000 0.000000

0 22 0.000000 0.000000 0.000000
1 22 -0.005213 -0.061593 0.046129
2 22 -0.189329 -0.088368 -0.030489
3 22 -0.218760 -0.019052 -0.124731
4 22 0.031654 0.059589 -0.023131
5 22 0.185888 0.052551 0.122255
6 22 0.015328 -0.008527 0.071508
7 22 -0.161011 -0.025340 -0.088367
8 22 -0.025902 0.005924 -0.065541
9 22 0.123740 0.022935 0.070636
10 22 0.040446 0.005013 0.065654
11 22 -0.102576 -0.015783 -0.047716
12 22 -0.046778 -0.006042 -0.067653
13 22 0.106453 0.011328 0.047816
14 22 0.037608 0.003409 0.067081
15 22 -0.103835 -0.008083 -0.049510
16 22 -0.026561 -0.000768 -0.054666
17 22 0.084848 0.006449 0.044498
18 22 0.022054 0.000785 0.043495
19 22 -0.061458 -0.004309 -0.030439
20 22 -0.026562 -0.001110 -0.035329
21 22 0.035901 0.002725 0.014085
22 22 0.030457 0.001772 0.029060
23 22 -0.011515 -0.000968 0.002344
24 22 -0.029519 -0.001798 -0.019347
25 22 -0.016269 -0.000763 -0.016017
26 22 0.003214 0.000427 -0.001582
27 22 0.012480 0.000885 0.008001
28 22 0.011829 0.000756 0.009410
29 22 0.007515 0.000454 0.006644
30 22 0.003725 0.000216 0.003543
31 22 0.001530 0.000086 0.001541
32 22 0.000538 0.000029 0.000569
33 22 0.000165 0.000009 0.000182
34 22 0.000045 0.000002 0.000051
35 22 0.000011 0.000001 0.000013
36 22 0.000002 0.000000 0.000003
37 22 0.000000 0.000000 0.000001
38 22 0.000000 0.000000 0.000000
39 22 0.000000 0.000000 0.000000
40 22 0.000000 0.000000 0.000000
41 22 0.000000 0.000000 0.000000
42 22 0.000000 0.000000 0.000000
43 22 0.000000 0.000000 0.000000
44 22 0.000000 0.000000 0.000000
45 22 0.000000 0.000000 0.000000
46 22 0.000000 0.000000 0.000000
47 22 0.000000 0.000000 0.000000
48 22 0.000000 0.000000 0.000000
49 22 0.000000 0.000000 0.000000

0 23 0.000000 0.000000 0.000000
1 23 0.297973 0.065515 -0.018344
2 23 0.111601 -0.040837 0.112687
3 23 -0.207519 -0.068311 -0.091372
4 23 -0.131856 -0.008952 -0.132572
5 23 0.134514 0.031347 0.051109
6 23 0.117987 0.014466 0.122501
7 23 -0.106741 -0.014266 -0.024367
8 23 -0.097185 -0.008082 -0.098747
9 23 0.093244 0.008314 0.024311
10 23 0.093197 0.001194 0.089433
11 23 -0.081469 -0.007186 -0.010731
12 23 -0.101993 0.000254 -0.086252
13 23 0.078051 0.007914 0.009509
14 23 0.092599 0.002392 0.086373
15 23 -0.076769 -0.005520 -0.013309
16 23 -0.072229 -0.002430 -0.073211
17 23 0.064655 0.003693 0.016093
18 23 0.054800 0.002073 0.057674
19 23 -0.045282 -0.002118 -0.009545
20 23 -0.046440 -0.001607 -0.042820
21 23 0.021027 0.001106 -0.001121
22 23 0.038607 0.001470 0.029786
23 23 0.001349 -0.000083 0.012291
24 23 -0.027363 -0.001042 -0.014788
25 23 -0.022179 -0.000709 -0.018999
26 23 -0.002437 0.000046 -0.006234
27 23 0.010584 0.000474 0.005720
28 23 0.012581 0.000492 0.009522
29 23 0.008935 0.000329 0.007669
30 23 0.004794 0.000170 0.004460
31 23 0.002100 0.000072 0.002078
32 23 0.000781 0.000026 0.000813
33 23 0.000252 0.000008 0.000275
34 23 0.000072 0.000002 0.000081
35 23 0.000018 0.000001 0.000021
36 23 0.000004 0.000000 0.000005
37 23 0.000001 0.000000 0.000001
38 23 0.000000 0.000000 0.000000
39 23 0.000000 0.000000 0.000000
40 23 0.000000 0.000000 0.000000
41 23 0.000000 0.000000 0.000000
42 23 0.000000 0.000000 0.000000
43 23 0.000000 0.000000 0.000000
44 23 0.000000 0.000000 0.000000
45 23 0.000000 0.000000 0.000000
46 23 0.000000 0.000000 0.000000
47 23 0.000000 0.000000 0.000000
48 23 0.000000 0.000000 0.000000
49 23 0.000000 0.000000 0.000000

0 24 0.000000 0.000000 0.000000
1 24 0.264752 0.320977 0.591377
2 24 0.308885 0.087927 0.383010
3 24 -0.074059 -0.000514 0.060893
4 24 -0.186445 -0.010828 -0.137391
5 24 0.055890 0.004914 -0.017907
6 24 0.158623 0.005318 0.125403
7 24 -0.053529 -0.003270 0.029167
8 24 -0.137297 -0.002683 -0.101246
9 24 0.037213 0.002528 -0.018986
10 24 0.110965 0.007306 0.084664
11 24 -0.020781 0.002897 0.028611
12 24 -0.108635 -0.004972 -0.074278
13 24 0.025238 -0.002732 -0.028740
14 24 0.108900 0.002086 0.078645
15 24 -0.035441 0.000619 0.022031
16 24 -0.095058 -0.001045 -0.072454
17 24 0.033811 0.000426 -0.012756
18 24 0.074121 0.000902 0.059169
19 24 -0.022128 -0.000362 0.011735
20 24 -0.057372 -0.000695 -0.042255
21 24 0.003375 0.000137 -0.015446
22 24 0.040674 0.000536 0.025870
23 24 0.013467 0.000135 0.020144
24 24 -0.022312 -0.000292 -0.008619
25 24 -0.026042 -0.000294 -0.020034
26 24 -0.008054 -0.000057 -0.010419
27 24 0.007882 0.000127 0.002932
28 24 0.012721 0.000168 0.009081
29 24 0.010145 0.000126 0.008440
30 24 0.005874 0.000070 0.005344
31 24 0.002733 0.000032 0.002655
32 24 0.001070 0.000012 0.001097
33 24 0.000362 0.000004 0.000388
34 24 0.000108 0.000001 0.000120
35 24 0.000029 0.000000 0.000033
36 24 0.000007 0.000000 0.000008
37 24 0.000001 0.000000 0.000002
38 24 0.000000 0.000000 0.000000
39 24 0.000000 0.000000 0.000000
40 24 0.000000 0.000000 0.000000
41 24 0.000000 0.000000 0.000000
42 24 0.000000 0.000000 0.000000
43 24 0.000000 0.000000 0.000000
44 24 0.000000 0.000000 0.000000
45 24 0.000000 0.000000 0.000000
46 24 0.000000 0.000000 0.000000
47 24 0.000000 0.000000 0.000000
48 24 0.000000 0.000000 0.000000
49 24 0.000000 0.000000 0.000000

0 25 0.000000 0.000000 0.000000
1 25 0.235676 -0.316002 -0.135863
2 25 0.286019 -0.106536 0.164718
3 25 -0.041169 -0.011702 0.042648
4 25 -0.207674 0.011242 -0.137858
5 25 0.004661 -0.000978 -0.054154
6 25 0.165040 -0.006331 0.110210
7 25 0.001900 0.002672 0.062594
8 25 -0.140026 0.004446 -0.086266
9 25 -0.001088 0.000100 -0.049541
10 25 0.127413 -0.005417 0.075431
11 25 0.017926 -0.005655 0.055199
12 25 -0.124747 0.001767 -0.064130
13 25 -0.022692 0.003695 -0.057443
14 25 0.119392 -0.000591 0.066200
15 25 0.009404 -0.000933 0.051241
16 25 -0.104153 0.000841 -0.062305
17 25 -0.000692 -0.000100 -0.037588
18 25 0.081368 -0.001008 0.052015
19 25 0.002720 0.000051 0.029926
20 25 -0.060008 0.000758 -0.035914
21 25 -0.013801 0.000094 -0.026932
22 25 0.037832 -0.000514 0.019019
23 25 0.023493 -0.000273 0.025344
24 25 -0.015557 0.000210 -0.001946
25 25 -0.027868 0.000324 -0.019402
26 25 -0.013141 0.000123 -0.013816
27 25 0.004704 -0.000088 -0.000043
28 25 0.012308 -0.000165 0.008190
29 25 0.011086 -0.000139 0.008929
30 25 0.006905 -0.000083 0.006143
31 25 0.003395 -0.000040 0.003240
32 25 0.001393 -0.000016 0.001405
33 25 0.000491 -0.000006 0.000519
34 25 0.000152 -0.000002 0.000167
35 25 0.000042 -0.000000 0.000048
36 25 0.000010 -0.000000 0.000012
37 25 0.000002 -0.000000 0.000003
38 25 0.000000 -0.000000 0.000001
39 25 0.000000 -0.000000 0.000000
40 25 0.000000 -0.000000 0.000000
41 25 0.000000 -0.000000 0.000000
42 25 0.000000 -0.000000 0.000000
43 25 0.000000 -0.000000 0.000000
44 25 0.000000 -0.000000 0.000000
45 25 0.000000 -0.000000 0.000000
46 25 0.000000 -0.000000 0.000000
47 25 0.000000 -0.000000 0.000000
48 25 0.000000 -0.000000 0.000000
49 25 0.000000 0.000000 0.000000

0 26 0.000000 0.000000 0.000000
1 26 0.155606 -0.168824 -0.014174
2 26 0.152271 -0.096577 0.082403
3 26 -0.098396 0.015474 -0.003966
4 26 -0.210394 0.041786 -0.130869
5 26 -0.005443 -0.001619 -0.053216
6 26 0.169867 -0.025010 0.101525
7 26 0.032651 -0.007316 0.077528
8 26 -0.144864 0.011034 -0.076231
9 26 -0.033023 0.000283 -0.066578
10 26 0.111054 -0.010756 0.060769
11 26 0.036690 0.001925 0.064416
12 26 -0.103617 0.010978 -0.044649
13 26 -0.044195 0.000044 -0.066920
14 26 0.107933 -0.008839 0.046666
15 26 0.038640 -0.001661 0.066060
16 26 -0.100297 0.005432 -0.046686
17 26 -0.029073 0.001084 -0.053933
18 26 0.079580 -0.003621 0.040308
19 26 0.024709 -0.000949 0.042983
20 26 -0.056637 0.002239 -0.026557
21 26 -0.028434 0.000930 -0.034863
22 26 0.031826 -0.001324 0.010946
23 26 0.030905 -0.001132 0.028021
24 26 -0.008211 0.000348 0.004384
25 26 -0.027989 0.000992 -0.017584
26 26 -0.017408 0.000540 -0.016310
27 26 0.001375 -0.000140 -0.002932
28 26 0.011467 -0.000468 0.006997
29 26 0.011745 -0.000444 0.009150
30 26 0.007839 -0.000286 0.006821
31 26 0.004054 -0.000144 0.003800
32 26 0.001733 -0.000061 0.001722
33 26 0.000634 -0.000022 0.000661
34 26 0.000202 -0.000007 0.000220
35 26 0.000057 -0.000002 0.000065
36 26 0.000015 -0.000000 0.000017
37 26 0.000003 -0.000000 0.000004
38 26 0.000001 -0.000000 0.000001
39 26 0.000000 -0.000000 0.000000
40 26 0.000000 -0.000000 0.000000
41 26 0.000000 -0.000000 0.000000
42 26 0.000000 -0.000000 0.000000
43 26 0.000000 -0.000000 0.000000
44 26 0.000000 -0.000000 0.000000
45 26 0.000000 -0.000000 0.000000
46 26 0.000000 -0.000000 0.000000
47 26 0.000000 -0.000000 0.000000
48 26 0.000000 -0.000000 0.000000
49 26 0.000000 0.000000 0.000000

0 27 0.000000 0.000000 0.000000
1 27 0.050264 -0.067911 0.022615
2 27 -0.002433 -0.018187 0.033346
3 27 -0.163376 0.066134 -0.038154
4 27 -0.184223 0.064194 -0.106530
5 27 0.024156 -0.005521 -0.024491
6 27 0.170335 -0.041339 0.102281
7 27 0.030296 -0.007656 0.071288
8 27 -0.144309 0.024084 -0.072467
9 27 -0.048205 0.007773 -0.072635
10 27 0.111688 -0.012162 0.051888
11 27 0.069628 -0.007984 0.075111
12 27 -0.089997 0.004820 -0.029392
13 27 -0.078156 0.004134 -0.078118
14 27 0.089407 -0.006545 0.026920
15 27 0.067554 -0.003663 0.077037
16 27 -0.087312 0.006468 -0.029031
17 27 -0.052768 0.002889 -0.064597
18 27 0.071398 -0.005314 0.026780
19 27 0.042497 -0.002719 0.051362
20 27 -0.049565 0.003275 -0.016282
21 27 -0.039778 0.002332 -0.039560
22 27 0.024309 -0.001716 0.002941
23 27 0.035818 -0.002228 0.028717
24 27 -0.001124 0.000118 0.009861
25 27 -0.026905 0.001595 -0.015105
26 27 -0.020761 0.001123 -0.017954
27 27 -0.001832 -0.000029 -0.005537
28 27 0.010359 -0.000712 0.005662
29 27 0.012148 -0.000767 0.009149
30 27 0.008647 -0.000527 0.007363
31 27 0.004676 -0.000279 0.004309
32 27 0.002072 -0.000122 0.002029
33 27 0.000782 -0.000045 0.000804
34 27 0.000257 -0.000015 0.000276
35 27 0.000075 -0.000004 0.000083
36 27 0.000019 -0.000001 0.000022
37 27 0.000005 -0.000000 0.000005
38 27 0.000001 -0.000000 0.000001
39 27 0.000000 -0.000000 0.000000
40 27 0.000000 -0.000000 0.000000
41 27 0.000000 -0.000000 0.000000
42 27 0.000000 -0.000000 0.000000
43 27 0.000000 -0.000000 0.000000
44 27 0.000000 -0.000000 0.000000
45 27 0.000000 -0.000000 0.000000
46 27 0.000000 -0.000000 0.000000
47 27 0.000000 -0.000000 0.000000
48 27 0.000000 -0.000000 0.000000
49 27 0.000000 0.000000 0.000000

0 28 0.000000 0.000000 0.000000
1 28 -0.022421 0.001070 0.011492
2 28 -0.084759 0.048099 -0.003144
3 28 -0.153777 0.089391 -0.047257
4 28 -0.096618 0.052734 -0.065704
5 28 0.093876 -0.030957 0.017525
6 28 0.168409 -0.057542 0.099630
7 28 0.016697 -0.008590 0.050344
8 28 -0.143975 0.029248 -0.075385
9 28 -0.046732 0.008716 -0.071323
10 28 0.116678 -0.024592 0.053217
11 28 0.064426 -0.015529 0.074460
12 28 -0.096776 0.016131 -0.029127
13 28 -0.085062 0.014729 -0.079084
14 28 0.086790 -0.011255 0.019392
15 28 0.084484 -0.011260 0.081412
16 28 -0.078784 0.007917 -0.017234
17 28 -0.070366 0.007072 -0.070661
18 28 0.062543 -0.006222 0.015241
19 28 0.056083 -0.005353 0.056274
20 28 -0.041420 0.003696 -0.006919
21 28 -0.048063 0.004086 -0.041908
22 28 0.016674 -0.001656 -0.004135
23 28 0.038747 -0.003394 0.028153
24 28 0.005158 -0.000418 0.014274
25 28 -0.025153 0.002075 -0.012441
26 28 -0.023256 0.001802 -0.018910
27 28 -0.004716 0.000221 -0.007742
28 28 0.009150 -0.000888 0.004332
29 28 0.012348 -0.001091 0.008994
30 28 0.009315 -0.000796 0.007769
31 28 0.005236 -0.000439 0.004746
32 28 0.002392 -0.000198 0.002308
33 28 0.000926 -0.000076 0.000940
34 28 0.000311 -0.000025 0.000330
35 28 0.000092 -0.000007 0.000102
36 28 0.000025 -0.000002 0.000028
37 28 0.000006 -0.000000 0.000007
38 28 0.000001 -0.000000 0.000002
39 28 0.000000 -0.000000 0.000000
40 28 0.000000 -0.000000 0.000000
41 28 0.000000 -0.000000 0.000000
42 28 0.000000 -0.000000 0.000000
43 28 0.000000 -0.000000 0.000000
44 28 0.000000 -0.000000 0.000000
45 28 0.000000 -0.000000 0.000000
46 28 0.000000 -0.000000 0.000000
47 28 0.000000 -0.000000 0.000000
48 28 0.000000 -0.000000 0.000000
49 28 0.000000 0.000000 0.000000

0 29 0.000000 0.000000 0.000000
1 29 -0.036221 0.025764 -0.009787
2 29 -0.069843 0.055849 -0.020761
3 29 -0.069198 0.056706 -0.034310
4 29 0.020054 -0.000598 -0.019831
5 29 0.144489 -0.068960 0.047788
6 29 0.132093 -0.064569 0.080333
7 29 -0.034016 0.000944 0.015173
8 29 -0.157838 0.042972 -0.085278
9 29 -0.034078 0.011340 -0.059140
10 29 0.115360 -0.027171 0.059047
11 29 0.058507 -0.010431 0.068171
12 29 -0.080771 0.018742 -0.026060
13 29 -0.079924 0.010684 -0.073369
14 29 0.072539 -0.015524 0.011229
15 29 0.087917 -0.012749 0.079098
16 29 -0.068588 0.010498 -0.007828
17 29 -0.079681 0.010299 -0.072145
18 29 0.054281 -0.007263 0.006221
19 29 0.065178 -0.008164 0.058466
20 29 -0.033952 0.003801 0.000618
21 29 -0.053768 0.005988 -0.042766
22 29 0.009918 -0.001263 -0.009831
23 29 0.040341 -0.004538 0.027013
24 29 0.010342 -0.001164 0.017618
25 29 -0.023225 0.002428 -0.009971
26 29 -0.025036 0.002523 -0.019385
27 29 -0.007148 0.000573 -0.009500
28 29 0.007992 -0.001000 0.003132
29 29 0.012412 -0.001404 0.008759
30 29 0.009844 -0.001081 0.008052
31 29 0.005713 -0.000618 0.005098
32 29 0.002675 -0.000286 0.002545
33 29 0.001057 -0.000112 0.001060
34 29 0.000362 -0.000038 0.000379
35 29 0.000109 -0.000011 0.000119
36 29 0.000029 -0.000003 0.000033
37 29 0.000007 -0.000001 0.000008
38 29 0.000002 -0.000000 0.000002
39 29 0.000000 -0.000000 0.000000
40 29 0.000000 -0.000000 0.000000
41 29 0.000000 -0.000000 0.000000
42 29 0.000000 -0.000000 0.000000
43 29 0.000000 -0.000000 0.000000
44 29 0.000000 -0.000000 0.000000
45 29 0.000000 -0.000000 0.000000
46 29 0.000000 -0.000000 0.000000
47 29 0.000000 -0.000000 0.000000
48 29 0.000000 -0.000000 0.000000
49 29 0.000000 0.000000 0.000000

0 30 0.000000 0.000000 0.000000
1 30 -0.011512 0.015214 -0.017757
2 30 -0.009435 0.019859 -0.018683
3 30 0.024620 -0.002499 -0.012080
4 30 0.091718 -0.052494 0.012313
5 30 0.131591 -0.079976 0.050383
6 30 0.053033 -0.041198 0.044033
7 30 -0.096361 0.032162 -0.024964
8 30 -0.143446 0.055715 -0.084067
9 30 0.005637 0.004639 -0.032816
10 30 0.131130 -0.035903 0.069701
11 30 0.057257 -0.018919 0.062558
12 30 -0.089220 0.015423 -0.032547
13 30 -0.091290 0.017367 -0.075482
14 30 0.068094 -0.011351 0.009455
15 30 0.097625 -0.016367 0.081038
16 30 -0.061049 0.009283 -0.002176
17 30 -0.087618 0.013231 -0.073875
18 30 0.047700 -0.007288 -0.000053
19 30 0.071646 -0.010790 0.059788
20 30 -0.028091 0.003597 0.006057
21 30 -0.057733 0.007865 -0.043071
22 30 0.004618 -0.000676 -0.014027
23 30 0.041248 -0.005627 0.025879
24 30 0.014328 -0.002019 0.020010
25 30 -0.021526 0.002690 -0.007966
26 30 -0.026283 0.003252 -0.019585
27 30 -0.009056 0.000982 -0.010807
28 30 0.007013 -0.001069 0.002155
29 30 0.012409 -0.001705 0.008511
30 30 0.010242 -0.001372 0.008233
31 30 0.006090 -0.000806 0.005358
32 30 0.002905 -0.000381 0.002728
33 30 0.001166 -0.000152 0.001154
34 30 0.000404 -0.000052 0.000419
35 30 0.000124 -0.000016 0.000133
36 30 0.000034 -0.000004 0.000038
37 30 0.000008 -0.000001 0.000009
38 30 0.000002 -0.000000 0.000002
39 30 0.000000 -0.000000 0.000000
40 30 0.000000 -0.000000 0.000000
41 30 0.000000 -0.000000 0.000000
42 30 0.000000 -0.000000 0.000000
43 30 0.000000 -0.000000 0.000000
44 30 0.000000 -0.000000 0.000000
45 30 0.000000 -0.000000 0.000000
46 30 0.000000 -0.000000 0.000000
47 30 0.000000 -0.000000 0.000000
48 30 0.000000 -0.000000 0.000000
49 30 0.000000 0.000000 0.000000

0 31 0.000000 0.000000 0.000000
1 31 0.014807 -0.005671 -0.009783
2 31 0.035351 -0.018755 -0.006014
3 31 0.067278 -0.043791 0.006144
4 31 0.086158 -0.065863 0.020966
5 31 0.063819 -0.054457 0.031002
6 31 -0.037914 0.002588 0.002700
7 31 -0.125289 0.057479 -0.049976
8 31 -0.096691 0.046467 -0.063639
9 31 0.053941 -0.015624 -0.000541
10 31 0.135107 -0.049219 0.078198
11 31 0.018658 -0.015652 0.043765
12 31 -0.114176 0.031654 -0.050557
13 31 -0.074179 0.024746 -0.068160
14 31 0.086041 -0.019129 0.021453
15 31 0.096627 -0.023948 0.079951
16 31 -0.066622 0.011337 -0.005726
17 31 -0.092077 0.018014 -0.075238
18 31 0.046973 -0.007705 -0.001398
19 31 0.076294 -0.013832 0.061126
20 31 -0.025214 0.003384 0.008789
21 31 -0.060741 0.009805 -0.043564
22 31 0.001230 -0.000050 -0.016642
23 31 0.042036 -0.006704 0.025207
24 31 0.017094 -0.002896 0.021586
25 31 -0.020368 0.002923 -0.006614
26 31 -0.027166 0.003975 -0.019686
27 31 -0.010404 0.001405 -0.011683
28 31 0.006315 -0.001121 0.001467
29 31 0.012400 -0.001996 0.008307
30 31 0.010522 -0.001661 0.008331
31 31 0.006360 -0.000994 0.005522
32 31 0.003070 -0.000477 0.002848
33 31 0.001244 -0.000193 0.001217
34 31 0.000435 -0.000067 0.000446
35 31 0.000134 -0.000021 0.000143
36 31 0.000037 -0.000006 0.000041
37 31 0.000009 -0.000001 0.000010
38 31 0.000002 -0.000000 0.000002
39 31 0.000000 -0.000000 0.000000
40 31 0.000000 -0.000000 0.000000
41 31 0.000000 -0.000000 0.000000
42 31 0.000000 -0.000000 0.000000
43 31 0.000000 -0.000000 0.000000
44 31 0.000000 -0.000000 0.000000
45 31 0.000000 -0.000000 0.000000
46 31 0.000000 -0.000000 0.000000
47 31 0.000000 -0.000000 0.000000
48 31 0.000000 -0.000000 0.000000
49 31 0.000000 0.000000 0.000000

0 32 0.000000 0.000000 0.000000
1 32 0.017408 -0.014913 0.002169
2 32 0.031966 -0.029642 0.004606
3 32 0.038821 -0.041101 0.011217
4 32 0.019765 -0.034950 0.011039
5 32 -0.027107 -0.003456 0.003976
6 32 -0.101130 0.046444 -0.026854
7 32 -0.109581 0.063200 -0.049258
8 32 -0.032986 0.024797 -0.030955
9 32 0.097886 -0.036244 0.030373
10 32 0.114217 -0.049333 0.075053
11 32 -0.026675 0.003382 0.014340
12 32 -0.109458 0.039738 -0.060347
13 32 -0.040273 0.013510 -0.049931
14 32 0.090826 -0.028482 0.031400
15 32 0.080247 -0.022310 0.071662
16 32 -0.073376 0.016982 -0.012368
17 32 -0.088696 0.020490 -0.073654
18 32 0.050725 -0.009937 0.001218
19 32 0.078006 -0.016612 0.061938
20 32 -0.025840 0.003799 0.008678
21 32 -0.062959 0.011801 -0.044460
22 32 0.000091 0.000378 -0.017613
23 32 0.043062 -0.007841 0.025265
24 32 0.018621 -0.003705 0.022438
25 32 -0.019972 0.003208 -0.006035
26 32 -0.027809 0.004690 -0.019808
27 32 -0.011167 0.001800 -0.012145
28 32 0.005967 -0.001187 0.001111
29 32 0.012431 -0.002285 0.008188
30 32 0.010694 -0.001939 0.008361
31 32 0.006514 -0.001175 0.005589
32 32 0.003162 -0.000568 0.002900
33 32 0.001287 -0.000231 0.001245
34 32 0.000452 -0.000081 0.000458
35 32 0.000140 -0.000025 0.000147
36 32 0.000038 -0.000007 0.000042
37 32 0.000009 -0.000002 0.000011
38 32 0.000002 -0.000000 0.000002
39 32 0.000000 -0.000000 0.000001
40 32 0.000000 -0.000000 0.000000
41 32 0.000000 -0.000000 0.000000
42 32 0.000000 -0.000000 0.000000
43 32 0.000000 -0.000000 0.000000
44 32 0.000000 -0.000000 0.000000
45 32 0.000000 -0.000000 0.000000
46 32 0.000000 -0.000000 0.000000
47 32 0.000000 -0.000000 0.000000
48 32 0.000000 -0.000000 0.000000
49 32 0.000000 0.000000 0.000000

0 33 0.000000 0.000000 0.000000
1 33 0.001124 -0.006904 0.005591
2 33 -0.002620 -0.010168 0.004958
3 33 -0.016949 -0.004235 0.003913
4 33 -0.044695 0.014586 -0.003970
5 33 -0.076463 0.042804 -0.014868
6 33 -0.091674 0.062073 -0.031318
7 33 -0.041802 0.040996 -0.026491
8 33 0.048434 -0.011228 0.005950
9 33 0.125802 -0.057593 0.050564
10 33 0.072183 -0.040672 0.054866
11 33 -0.064226 0.017671 -0.015826
12 33 -0.103201 0.037052 -0.063171
13 33 -0.021295 0.007157 -0.033873
14 33 0.094185 -0.028051 0.040388
15 33 0.069772 -0.019670 0.065397
16 33 -0.080156 0.019345 -0.020659
17 33 -0.083945 0.021070 -0.072315
18 33 0.057261 -0.012329 0.006733
19 33 0.077678 -0.018638 0.062791
20 33 -0.029738 0.004876 0.005934
21 33 -0.064489 0.013728 -0.045888
22 33 0.001363 0.000415 -0.016910
23 33 0.044488 -0.009094 0.026179
24 33 0.018854 -0.004354 0.022586
25 33 -0.020472 0.003629 -0.006299
26 33 -0.028270 0.005398 -0.020010
27 33 -0.011321 0.002122 -0.012197
28 33 0.006015 -0.001303 0.001109
29 33 0.012525 -0.002580 0.008172
30 33 0.010762 -0.002202 0.008330
31 33 0.006547 -0.001337 0.005560
32 33 0.003174 -0.000648 0.002881
33 33 0.001291 -0.000263 0.001236
34 33 0.000453 -0.000092 0.000454
35 33 0.000140 -0.000029 0.000146
36 33 0.000038 -0.000008 0.000041
37 33 0.000009 -0.000002 0.000011
38 33 0.000002 -0.000000 0.000002
39 33 0.000000 -0.000000 0.000001
40 33 0.000000 -0.000000 0.000000
41 33 0.000000 -0.000000 0.000000
42 33 0.000000 -0.000000 0.000000
43 33 0.000000 -0.000000 0.000000
44 33 0.000000 -0.000000 0.000000
45 33 0.000000 -0.000000 0.000000
46 33 0.000000 -0.000000 0.000000
47 33 0.000000 -0.000000 0.000000
48 33 0.000000 -0.000000 0.000000
49 33 0.000000 0.000000 0.000000

0 34 0.000000 0.000000 0.000000
1 34 -0.010846 0.005054 0.000312
2 34 -0.024214 0.012568 -0.001807
3 34 -0.037737 0.024311 -0.004964
4 34 -0.051087 0.037403 -0.011512
5 34 -0.047529 0.044507 -0.015618
6 34 -0.019932 0.030806 -0.014574
7 34 0.043522 -0.008184 0.002524
8 34 0.100523 -0.051823 0.031543
9 34 0.097456 -0.062114 0.045381
10 34 0.000990 -0.016262 0.019738
11 34 -0.106483 0.037566 -0.042372
12 34 -0.094720 0.042417 -0.060227
13 34 0.018209 0.002151 -0.009989
14 34 0.114392 -0.036884 0.056328
15 34 0.049810 -0.021133 0.054528
16 34 -0.099423 0.025076 -0.036882
17 34 -0.075296 0.023073 -0.069554
18 34 0.070451 -0.016000 0.017565
19 34 0.075090 -0.020700 0.063407
20 34 -0.037765 0.006850 -0.000133
21 34 -0.065188 0.015671 -0.047759
22 34 0.005353 -0.000123 -0.014286
23 34 0.046288 -0.010520 0.027952
24 34 0.017648 -0.004743 0.021936
25 34 -0.021924 0.004266 -0.007443
26 34 -0.028523 0.006091 -0.020276
27 34 -0.010829 0.002326 -0.011822
28 34 0.006473 -0.001499 0.001467
29 34 0.012682 -0.002887 0.008258
30 34 0.010720 -0.002442 0.008237
31 34 0.006457 -0.001473 0.005435
32 34 0.003107 -0.000710 0.002793
33 34 0.001256 -0.000288 0.001190
34 34 0.000438 -0.000101 0.000434
35 34 0.000134 -0.000031 0.000139
36 34 0.000037 -0.000008 0.000039
37 34 0.000009 -0.000002 0.000010
38 34 0.000002 -0.000000 0.000002
39 34 0.000000 -0.000000 0.000000
40 34 0.000000 -0.000000 0.000000
41 34 0.000000 -0.000000 0.000000
42 34 0.000000 -0.000000 0.000000
43 34 0.000000 -0.000000 0.000000
44 34 0.000000 -0.000000 0.000000
45 34 0.000000 -0.000000 0.000000
46 34 0.000000 -0.000000 0.000000
47 34 0.000000 -0.000000 0.000000
48 34 0.000000 -0.000000 0.000000
49 34 0.000000 0.000000 0.000000

0 35 0.000000 0.000000 0.000000
1 35 -0.008073 0.007652 -0.005171
2 35 -0.015768 0.015281 -0.006762
3 35 -0.015520 0.019788 -0.006767
4 35 -0.011434 0.019752 -0.008806
5 35 0.014372 0.007073 -0.003651
6 35 0.042873 -0.017210 0.004189
7 35 0.081132 -0.046866 0.019490
8 35 0.076903 -0.058329 0.031605
9 35 0.019188 -0.029735 0.017401
10 35 -0.068402 0.023600 -0.014304
11 35 -0.118538 0.057208 -0.054486
12 35 -0.040973 0.033332 -0.038703
13 35 0.079201 -0.023840 0.024597
14 35 0.110343 -0.049034 0.062286
15 35 0.001477 -0.009793 0.028203
16 35 -0.116977 0.037442 -0.054269
17 35 -0.050886 0.020975 -0.057914
18 35 0.088202 -0.023447 0.032838
19 35 0.065934 -0.021709 0.060742
20 35 -0.050120 0.010641 -0.009912
21 35 -0.063719 0.017451 -0.049085
22 35 0.012406 -0.001578 -0.009366
23 35 0.048064 -0.012128 0.030316
24 35 0.014744 -0.004725 0.020261
25 35 -0.024273 0.005191 -0.009445
26 35 -0.028441 0.006740 -0.020505
27 35 -0.009646 0.002358 -0.010978
28 35 0.007322 -0.001803 0.002168
29 35 0.012873 -0.003208 0.008421
30 35 0.010555 -0.002649 0.008071
31 35 0.006241 -0.001574 0.005213
32 35 0.002962 -0.000750 0.002638
33 35 0.001184 -0.000301 0.001110
34 35 0.000409 -0.000104 0.000401
35 35 0.000124 -0.000032 0.000127
36 35 0.000034 -0.000009 0.000036
37 35 0.000008 -0.000002 0.000009
38 35 0.000002 -0.000000 0.000002
39 35 0.000000 -0.000000 0.000000
40 35 0.000000 -0.000000 0.000000
41 35 0.000000 -0.000000 0.000000
42 35 0.000000 -0.000000 0.000000
43 35 0.000000 -0.000000 0.000000
44 35 0.000000 -0.000000 0.000000
45 35 0.000000 -0.000000 0.000000
46 35 0.000000 -0.000000 0.000000
47 35 0.000000 -0.000000 0.000000
48 35 0.000000 -0.000000 0.000000
49 35 0.000000 0.000000 0.000000

0 36 0.000000 0.000000 0.000000
1 36 0.001777 0.001740 -0.005296
2 36 0.005500 0.002100 -0.005583
3 36 0.014865 -0.002355 -0.002362
4 36 0.026259 -0.010375 -0.001603
5 36 0.047385 -0.026544 0.007356
6 36 0.052567 -0.038867 0.010813
7 36 0.055103 -0.045290 0.018260
8 36 0.007479 -0.024400 0.011561
9 36 -0.047789 0.015709 -0.011165
10 36 -0.091912 0.049599 -0.030675
11 36 -0.075910 0.049403 -0.044263
12 36 0.036521 -0.002486 -0.002327
13 36 0.103606 -0.049229 0.047306
14 36 0.063273 -0.038532 0.045360
15 36 -0.046515 0.013623 -0.002179
16 36 -0.111487 0.043395 -0.060350
17 36 -0.014748 0.010271 -0.038008
18 36 0.100917 -0.031682 0.046973
19 36 0.047939 -0.019191 0.052705
20 36 -0.064291 0.016195 -0.022088
21 36 -0.058242 0.018263 -0.048433
22 36 0.022301 -0.004246 -0.002082
23 36 0.048993 -0.013746 0.032684
24 36 0.009880 -0.004101 0.017280
25 36 -0.027301 0.006436 -0.012178
26 36 -0.027805 0.007281 -0.020517
27 36 -0.007732 0.002163 -0.009619
28 36 0.008504 -0.002231 0.003168
29 36 0.013045 -0.003533 0.008613
30 36 0.010248 -0.002811 0.007812
31 36 0.005903 -0.001632 0.004897
32 36 0.002747 -0.000764 0.002426
33 36 0.001080 -0.000302 0.001004
34 36 0.000368 -0.000103 0.000357
35 36 0.000111 -0.000031 0.000112
36 36 0.000030 -0.000008 0.000031
37 36 0.000007 -0.000002 0.000008
38 36 0.000002 -0.000000 0.000002
39 36 0.000000 -0.000000 0.000000
40 36 0.000000 -0.000000 0.000000
41 36 0.000000 -0.000000 0.000000
42 36 0.000000 -0.000000 0.000000
43 36 0.000000 -0.000000 0.000000
44 36 0.000000 -0.000000 0.000000
45 36 0.000000 -0.000000 0.000000
46 36 0.000000 -0.000000 0.000000
47 36 0.000000 -0.000000 0.000000
48 36 0.000000 -0.000000 0.000000
49 36 0.000000 0.000000 0.000000

0 37 0.000000 0.000000 0.000000
1 37 0.007690 -0.004542 -0.001109
2 37 0.017138 -0.010272 -0.000598
3 37 0.024491 -0.017112 0.002605
4 37 0.032028 -0.024404 0.003410
5 37 0.033351 -0.030423 0.009150
6 37 0.018895 -0.026133 0.005487
7 37 -0.001471 -0.014041 0.005660
8 37 -0.051063 0.017415 -0.010370
9 37 -0.069091 0.040768 -0.023464
10 37 -0.068357 0.046161 -0.027243
11 37 -0.007389 0.017145 -0.018448
12 37 0.084231 -0.036092 0.028424
13 37 0.079284 -0.047583 0.045380
14 37 0.011949 -0.013091 0.018934
15 37 -0.069999 0.029008 -0.022320
16 37 -0.091216 0.038196 -0.056543
17 37 0.020815 -0.003184 -0.015976
18 37 0.105247 -0.036713 0.057369
19 37 0.023053 -0.013061 0.039648
20 37 -0.077393 0.022324 -0.035027
21 37 -0.047586 0.017350 -0.044669
22 37 0.034215 -0.008118 0.007277
23 37 0.048014 -0.015033 0.034261
24 37 0.002912 -0.002679 0.012747
25 37 -0.030596 0.007962 -0.015382
26 37 -0.026324 0.007607 -0.020061
27 37 -0.005081 0.001686 -0.007712
28 37 0.009911 -0.002781 0.004388
29 37 0.013120 -0.003843 0.008767
30 37 0.009778 -0.002914 0.007442
31 37 0.005449 -0.001641 0.004494
32 37 0.002474 -0.000750 0.002167
33 37 0.000953 -0.000291 0.000877
34 37 0.000319 -0.000098 0.000307
35 37 0.000095 -0.000029 0.000094
36 37 0.000025 -0.000008 0.000026
37 37 0.000006 -0.000002 0.000006
38 37 0.000001 -0.000000 0.000001
39 37 0.000000 -0.000000 0.000000
40 37 0.000000 -0.000000 0.000000
41 37 0.000000 -0.000000 0.000000
42 37 0.000000 -0.000000 0.000000
43 37 0.000000 -0.000000 0.000000
44 37 0.000000 -0.000000 0.000000
45 37 0.000000 -0.000000 0.000000
46 37 0.000000 -0.000000 0.000000
47 37 0.000000 -0.000000 0.000000
48 37 0.000000 -0.000000 0.000000
49 37 0.000000 0.000000 0.000000

0 38 0.000000 0.000000 0.000000
1 38 0.004495 -0.005208 0.002561
2 38 0.009638 -0.010606 0.002910
3 38 0.007925 -0.013071 0.003599
4 38 0.006281 -0.014097 0.002929
5 38 -0.008186 -0.007989 0.002778
6 38 -0.025752 0.004344 -0.003955
7 38 -0.046669 0.021092 -0.007015
8 38 -0.066325 0.040451 -0.019811
9 38 -0.046115 0.038374 -0.017782
10 38 -0.015534 0.021780 -0.010796
11 38 0.054236 -0.018478 0.009617
12 38 0.090616 -0.048888 0.040510
13 38 0.038496 -0.029853 0.027334
14 38 -0.025224 0.006396 -0.003848
15 38 -0.083618 0.035265 -0.034799
16 38 -0.066138 0.030769 -0.047804
17 38 0.057976 -0.016276 0.008663
18 38 0.101738 -0.039421 0.063628
19 38 -0.008948 -0.004009 0.020674
20 38 -0.087189 0.028381 -0.047327
21 38 -0.030546 0.014193 -0.036442
22 38 0.046895 -0.013031 0.018141
23 38 0.043858 -0.015539 0.034009
24 38 -0.006085 -0.000299 0.006528
25 38 -0.033523 0.009641 -0.018621
26 38 -0.023682 0.007574 -0.018849
27 38 -0.001760 0.000886 -0.005272
28 38 0.011380 -0.003429 0.005704
29 38 0.013009 -0.004109 0.008804
30 38 0.009130 -0.002942 0.006943
31 38 0.004894 -0.001596 0.004014
32 38 0.002158 -0.000710 0.001876
33 38 0.000812 -0.000269 0.000741
34 38 0.000267 -0.000089 0.000254
35 38 0.000078 -0.000026 0.000077
36 38 0.000020 -0.000007 0.000021
37 38 0.000005 -0.000002 0.000005
38 38 0.000001 -0.000000 0.000001
39 38 0.000000 -0.000000 0.000000
40 38 0.000000 -0.000000 0.000000
41 38 0.000000 -0.000000 0.000000
42 38 0.000000 -0.000000 0.000000
43 38 0.000000 -0.000000 0.000000
44 38 0.000000 -0.000000 0.000000
45 38 0.000000 -0.000000 0.000000
46 38 0.000000 -0.000000 0.000000
47 38 0.000000 -0.000000 0.000000
48 38 0.000000 -0.000000 0.000000
49 38 0.000000 0.000000 0.000000

0 39 0.000000 0.000000 0.000000
1 39 -0.003575 -0.000134 0.001796
2 39 -0.006987 0.000154 0.001593
3 39 -0.015685 0.004026 0.000070
4 39 -0.022357 0.008774 -0.001490
5 39 -0.036709 0.019200 -0.004756
6 39 -0.041820 0.027793 -0.009035
7 39 -0.045084 0.035383 -0.010422
8 39 -0.029337 0.032528 -0.013024
9 39 0.008936 0.011994 -0.001290
10 39 0.044354 -0.013683 0.008766
11 39 0.084489 -0.044534 0.026514
12 39 0.060212 -0.043027 0.031726
13 39 -0.010257 -0.007871 0.002603
14 39 -0.061857 0.023907 -0.022883
15 39 -0.088638 0.042120 -0.041333
16 39 -0.020855 0.019018 -0.028198
17 39 0.097958 -0.033807 0.036665
18 39 0.080644 -0.038626 0.059694
19 39 -0.049061 0.009791 -0.005605
20 39 -0.088268 0.033400 -0.055288
21 39 -0.005737 0.007743 -0.022114
22 39 0.057873 -0.018597 0.028993
23 39 0.035050 -0.014591 0.030610
24 39 -0.016566 0.003116 -0.001190
25 39 -0.035189 0.011213 -0.021230
26 39 -0.019623 0.007010 -0.016615
27 39 0.002047 -0.000243 -0.002403
28 39 0.012701 -0.004120 0.006954
29 39 0.012624 -0.004290 0.008648
30 39 0.008304 -0.002882 0.006311
31 39 0.004264 -0.001499 0.003478
32 39 0.001819 -0.000645 0.001569
33 39 0.000667 -0.000238 0.000602
34 39 0.000214 -0.000077 0.000202
35 39 0.000061 -0.000022 0.000060
36 39 0.000016 -0.000006 0.000016
37 39 0.000004 -0.000001 0.000004
38 39 0.000001 -0.000000 0.000001
39 39 0.000000 -0.000000 0.000000
40 39 0.000000 -0.000000 0.000000
41 39 0.000000 -0.000000 0.000000
42 39 0.000000 -0.000000 0.000000
43 39 0.000000 -0.000000 0.000000
44 39 0.000000 -0.000000 0.000000
45 39 0.000000 -0.000000 0.000000
46 39 0.000000 -0.000000 0.000000
47 39 0.000000 -0.000000 0.000000
48 39 0.000000 -0.000000 0.000000
49 39 0.000000 0.000000 0.000000

0 40 0.000000 0.000000 0.000000
1 40 -0.006614 0.004698 -0.002187
2 40 -0.012542 0.009449 -0.002476
3 40 -0.018997 0.015318 -0.004060
4 40 -0.021202 0.019813 -0.004650
5 40 -0.022754 0.024508 -0.006581
6 40 -0.011900 0.022301 -0.005805
7 40 0.001984 0.015968 -0.003436
8 40 0.031211 -0.002051 0.001846
9 40 0.057552 -0.024232 0.013236
10 40 0.068727 -0.040803 0.018252
11 40 0.058735 -0.045023 0.022708
12 40 -0.003405 -0.015712 0.007270
13 40 -0.062063 0.022054 -0.021069
14 40 -0.082123 0.042805 -0.033314
15 40 -0.054980 0.038467 -0.031639
16 40 0.048407 -0.008370 0.005083
17 40 0.116436 -0.051622 0.056155
18 40 0.030103 -0.026031 0.037567
19 40 -0.087535 0.028477 -0.034172
20 40 -0.071729 0.033558 -0.052527
21 40 0.025098 -0.003031 -0.002031
22 40 0.062687 -0.023476 0.036716
23 40 0.020664 -0.011314 0.023012
24 40 -0.027121 0.007373 -0.009553
25 40 -0.034553 0.012248 -0.022380
26 40 -0.014101 0.005758 -0.013238
27 40 0.005999 -0.001643 0.000664
28 40 0.013638 -0.004767 0.007947
29 40 0.011904 -0.004343 0.008240
30 40 0.007323 -0.002728 0.005559
31 40 0.003591 -0.001355 0.002914
32 40 0.001479 -0.000563 0.001266
33 40 0.000527 -0.000202 0.000472
34 40 0.000165 -0.000063 0.000154
35 40 0.000046 -0.000018 0.000045
36 40 0.000012 -0.000004 0.000012
37 40 0.000003 -0.000001 0.000003
38 40 0.000001 -0.000000 0.000001
39 40 0.000000 -0.000000 0.000000
40 40 0.000000 -0.000000 0.000000
41 40 0.000000 -0.000000 0.000000
42 40 0.000000 -0.000000 0.000000
43 40 0.000000 -0.000000 0.000000
44 40 0.000000 -0.000000 0.000000
45 40 0.000000 -0.000000 0.000000
46 40 0.000000 -0.000000 0.000000
47 40 0.000000 -0.000000 0.000000
48 40 0.000000 -0.000000 0.000000
49 40 0.000000 0.000000 0.000000

0 41 0.000000 0.000000 0.000000
1 41 -0.001340 0.003590 -0.004453
2 41 -0.001655 0.006588 -0.004289
3 41 0.000276 0.008265 -0.004445
4 41 0.005904 0.007315 -0.003259
5 41 0.014843 0.003408 -0.002364
6 41 0.029821 -0.006028 0.001461
7 41 0.042891 -0.017310 0.005069
8 41 0.056787 -0.031855 0.010545
9 41 0.052581 -0.038014 0.014127
10 41 0.031631 -0.032560 0.010563
11 41 -0.009582 -0.010648 0.002795
12 41 -0.063472 0.026171 -0.017122
13 41 -0.078485 0.047251 -0.030417
14 41 -0.049780 0.042219 -0.024270
15 41 0.019726 0.008525 -0.003374
16 41 0.101957 -0.042955 0.035885
17 41 0.084365 -0.051298 0.050893
18 41 -0.038685 0.002579 0.000956
19 41 -0.102807 0.044217 -0.052282
20 41 -0.033899 0.023824 -0.035296
21 41 0.053900 -0.016709 0.019136
22 41 0.056497 -0.025114 0.037604
23 41 0.001764 -0.005206 0.011508
24 41 -0.035425 0.011756 -0.016958
25 41 -0.030795 0.012211 -0.021349
26 41 -0.007451 0.003770 -0.008887
27 41 0.009626 -0.003171 0.003585
28 41 0.013979 -0.005261 0.008509
29 41 0.010838 -0.004236 0.007562
30 41 0.006233 -0.002485 0.004724
31 41 0.002916 -0.001177 0.002352
32 41 0.001157 -0.000471 0.000983
33 41 0.000400 -0.000164 0.000355
34 41 0.000122 -0.000050 0.000113
35 41 0.000033 -0.000014 0.000032
36 41 0.000008 -0.000003 0.000008
37 41 0.000002 -0.000001 0.000002
38 41 0.000000 -0.000000 0.000000
39 41 0.000000 -0.000000 0.000000
40 41 0.000000 -0.000000 0.000000
41 41 0.000000 -0.000000 0.000000
42 41 0.000000 -0.000000 0.000000
43 41 0.000000 -0.000000 0.000000
44 41 0.000000 -0.000000 0.000000
45 41 0.000000 -0.000000 0.000000
46 41 0.000000 -0.000000 0.000000
47 41 0.000000 -0.000000 0.000000
48 41 0.000000 -0.000000 0.000000
49 41 0.000000 0.000000 0.000000

0 42 0.000000 0.000000 0.000000
1 42 0.004495 -0.001579 -0.002606
2 42 0.009354 -0.003675 -0.002130
3 42 0.015587 -0.007173 -0.001334
4 42 0.022172 -0.011895 0.000338
5 42 0.029029 -0.018016 0.001970
6 42 0.033643 -0.024229 0.004678
7 42 0.031828 -0.027468 0.005694
8 42 0.022595 -0.025924 0.006222
9 42 -0.001483 -0.013159 0.002203
10 42 -0.030151 0.007162 -0.005568
11 42 -0.059150 0.032932 -0.014732
12 42 -0.067559 0.050349 -0.023761
13 42 -0.033315 0.040919 -0.017984
14 42 0.023962 0.009912 0.000995
15 42 0.083128 -0.032236 0.024873
16 42 0.094814 -0.055372 0.042575
17 42 0.010532 -0.022063 0.021103
18 42 -0.089137 0.035372 -0.031869
19 42 -0.079291 0.045031 -0.049117
20 42 0.015217 0.004008 -0.008055
21 42 0.069031 -0.028241 0.033826
22 42 0.037865 -0.021076 0.029920
23 42 -0.017874 0.003029 -0.001651
24 42 -0.038981 0.015053 -0.021543
25 42 -0.023823 0.010692 -0.017915
26 42 -0.000430 0.001197 -0.004060
27 42 0.012420 -0.004606 0.005973
28 42 0.013603 -0.005501 0.008533
29 42 0.009475 -0.003958 0.006646
30 42 0.005103 -0.002170 0.003858
31 42 0.002276 -0.000979 0.001824
32 42 0.000870 -0.000377 0.000733
33 42 0.000291 -0.000127 0.000256
34 42 0.000087 -0.000038 0.000079
35 42 0.000023 -0.000010 0.000022
36 42 0.000006 -0.000002 0.000005
37 42 0.000001 -0.000001 0.000001
38 42 0.000000 -0.000000 0.000000
39 42 0.000000 -0.000000 0.000000
40 42 0.000000 -0.000000 0.000000
41 42 0.000000 -0.000000 0.000000
42 42 0.000000 -0.000000 0.000000
43 42 0.000000 -0.000000 0.000000
44 42 0.000000 -0.000000 0.000000
45 42 0.000000 -0.000000 0.000000
46 42 0.000000 -0.000000 0.000000
47 42 0.000000 -0.000000 0.000000
48 42 0.000000 -0.000000 0.000000
49 42 0.000000 0.000000 0.000000

0 43 0.000000 0.000000 0.000000
1 43 0.003550 -0.004230 0.000725
2 43 0.006505 -0.008301 0.000969
3 43 0.008764 -0.012276 0.001394
4 43 0.008623 -0.015108 0.001853
5 43 0.005959 -0.016413 0.001904
6 43 -0.001654 -0.014097 0.001439
7 43 -0.013961 -0.007217 -0.000823
8 43 -0.030151 0.004923 -0.004071
9 43 -0.047446 0.021637 -0.009696
10 43 -0.055055 0.036120 -0.014317
11 43 -0.048042 0.043174 -0.015986
12 43 -0.015521 0.032266 -0.011172
13 43 0.035291 0.002974 0.004459
14 43 0.075701 -0.029147 0.021661
15 43 0.083126 -0.047494 0.031387
16 43 0.032032 -0.029703 0.022446
17 43 -0.056786 0.021164 -0.012908
18 43 -0.089509 0.051813 -0.042584
19 43 -0.024549 0.026823 -0.026096
20 43 0.055715 -0.018087 0.017953
21 43 0.063333 -0.031534 0.036510
22 43 0.011324 -0.011152 0.015771
23 43 -0.032925 0.011296 -0.012951
24 43 -0.036339 0.016049 -0.022074
25 43 -0.014539 0.007679 -0.012577
26 43 0.005958 -0.001588 0.000528
27 43 0.013995 -0.005705 0.007520
28 43 0.012523 -0.005425 0.008016
29 43 0.007921 -0.003525 0.005573
30 43 0.004006 -0.001811 0.003017
31 43 0.001705 -0.000778 0.001357
32 43 0.000628 -0.000289 0.000524
33 43 0.000204 -0.000094 0.000177
34 43 0.000059 -0.000027 0.000053
35 43 0.000015 -0.000007 0.000014
36 43 0.000004 -0.000002 0.000004
37 43 0.000001 -0.000000 0.000001
38 43 0.000000 -0.000000 0.000000
39 43 0.000000 -0.000000 0.000000
40 43 0.000000 -0.000000 0.000000
41 43 0.000000 -0.000000 0.000000
42 43 0.000000 -0.000000 0.000000
43 43 0.000000 -0.000000 0.000000
44 43 0.000000 -0.000000 0.000000
45 43 0.000000 -0.000000 0.000000
46 43 0.000000 -0.000000 0.000000
47 43 0.000000 -0.000000 0.000000
48 43 0.000000 -0.000000 0.000000
49 43 0.000000 0.000000 0.000000

0 44 0.000000 0.000000 0.000000
1 44 -0.001216 -0.001727 0.001742
2 44 -0.003240 -0.002933 0.001584
3 44 -0.006545 -0.003234 0.001243
4 44 -0.012083 -0.001804 0.000451
5 44 -0.019445 0.001495 -0.000863
6 44 -0.028905 0.007380 -0.002923
7 44 -0.037796 0.014729 -0.005711
8 44 -0.043783 0.022326 -0.008430
9 44 -0.041927 0.026683 -0.010593
10 44 -0.027479 0.023386 -0.009499
11 44 -0.001182 0.010677 -0.004680
12 44 0.033947 -0.011815 0.004816
13 44 0.060095 -0.033665 0.016146
14 44 0.058444 -0.040672 0.020587
15 44 0.023346 -0.024463 0.013692
16 44 -0.036672 0.014681 -0.006479
17 44 -0.075337 0.049343 -0.029806
18 44 -0.042502 0.041984 -0.028681
19 44 0.033959 -0.000564 0.003460
20 44 0.071692 -0.031035 0.032371
21 44 0.040296 -0.023787 0.027738
22 44 -0.013947 0.001920 0.000467
23 44 -0.038942 0.017061 -0.019243
24 44 -0.027887 0.014220 -0.018550
25 44 -0.004577 0.003682 -0.006399
26 44 0.010802 -0.004092 0.004203
27 44 0.014216 -0.006281 0.008101
28 44 0.010888 -0.005031 0.007060
29 44 0.006317 -0.002985 0.004447
30 44 0.003010 -0.001441 0.002257
31 44 0.001224 -0.000591 0.000967
32 44 0.000434 -0.000211 0.000359
33 44 0.000137 -0.000067 0.000118
34 44 0.000039 -0.000019 0.000034
35 44 0.000010 -0.000005 0.000009
36 44 0.000002 -0.000001 0.000002
37 44 0.000000 -0.000000 0.000000
38 44 0.000000 -0.000000 0.000000
39 44 0.000000 -0.000000 0.000000
40 44 0.000000 -0.000000 0.000000
41 44 0.000000 -0.000000 0.000000
42 44 0.000000 -0.000000 0.000000
43 44 0.000000 -0.000000 0.000000
44 44 0.000000 -0.000000 0.000000
45 44 0.000000 -0.000000 0.000000
46 44 0.000000 -0.000000 0.000000
47 44 0.000000 -0.000000 0.000000
48 44 0.000000 -0.000000 0.000000
49 44 0.000000 0.000000 0.000000

0 45 0.000000 0.000000 0.000000
1 45 -0.002888 0.002390 -0.000405
2 45 -0.005944 0.005013 -0.000633
3 45 -0.009156 0.007973 -0.001056
4 45 -0.012425 0.011285 -0.001754
5 45 -0.014974 0.014438 -0.002544
6 45 -0.016090 0.016802 -0.003395
7 45 -0.013857 0.016698 -0.003829
8 45 -0.007445 0.012846 -0.003380
9 45 0.004388 0.003439 -0.001557
10 45 0.019705 -0.011185 0.002236
11 45 0.033465 -0.027934 0.006810
12 45 0.038630 -0.040959 0.010815
13 45 0.025105 -0.040465 0.010423
14 45 -0.007298 -0.021923 0.002375
15 45 -0.046459 0.010071 -0.011282
16 45 -0.069972 0.040478 -0.024882
17 45 -0.048703 0.044446 -0.026041
18 45 0.014766 0.014286 -0.005088
19 45 0.066899 -0.021062 0.023516
20 45 0.060938 -0.028025 0.031787
21 45 0.012193 -0.007512 0.013504
22 45 -0.028612 0.014054 -0.010250
23 45 -0.034185 0.018877 -0.019067
24 45 -0.015484 0.010164 -0.012047
25 45 0.004447 -0.000385 -0.000512
26 45 0.013661 -0.005857 0.006598
27 45 0.013266 -0.006260 0.007822
28 45 0.008952 -0.004383 0.005849
29 45 0.004803 -0.002398 0.003377
30 45 0.002163 -0.001093 0.001613
31 45 0.000842 -0.000428 0.000660
32 45 0.000288 -0.000147 0.000236
33 45 0.000088 -0.000045 0.000075
34 45 0.000024 -0.000012 0.000021
35 45 0.000006 -0.000003 0.000006
36 45 0.000001 -0.000001 0.000001
37 45 0.000000 -0.000000 0.000000
38 45 0.000000 -0.000000 0.000000
39 45 0.000000 -0.000000 0.000000
40 45 0.000000 -0.000000 0.000000
41 45 0.000000 -0.000000 0.000000
42 45 0.000000 -0.000000 0.000000
43 45 0.000000 -0.000000 0.000000
44 45 0.000000 -0.000000 0.000000
45 45 0.000000 -0.000000 0.000000
46 45 0.000000 -0.000000 0.000000
47 45 0.000000 -0.000000 0.000000
48 45 0.000000 -0.000000 0.000000
49 45 0.000000 0.000000 0.000000

0 46 0.000000 0.000000 0.000000
1 46 -0.001452 0.003098 -0.002925
2 46 -0.002385 0.006060 -0.002984
3 46 -0.002247 0.008670 -0.003024
4 46 -0.000406 0.010526 -0.002956
5 46 0.003778 0.011013 -0.002521
6 46 0.010677 0.009397 -0.001556
7 46 0.020322 0.004842 0.000280
8 46 0.031308 -0.002794 0.002973
9 46 0.041293 -0.013039 0.006321
10 46 0.045530 -0.023319 0.009452
11 46 0.039138 -0.029858 0.010597
12 46 0.018596 -0.028179 0.008102
13 46 -0.015086 -0.015327 0.000276
14 46 -0.050605 0.005037 -0.011509
15 46 -0.070909 0.023655 -0.022068
16 46 -0.059711 0.028136 -0.024661
17 46 -0.013755 0.010899 -0.013057
18 46 0.039259 -0.015938 0.009055
19 46 0.057315 -0.026952 0.024103
20 46 0.030286 -0.012588 0.018616
21 46 -0.009957 0.010708 -0.000043
22 46 -0.028594 0.022181 -0.013562
23 46 -0.020058 0.017333 -0.013105
24 46 -0.001216 0.005535 -0.003989
25 46 0.011846 -0.003448 0.004485
26 46 0.014865 -0.006551 0.007858
27 46 0.011655 -0.005670 0.007020
28 46 0.007031 -0.003572 0.004613
29 46 0.003503 -0.001821 0.002456
30 46 0.001493 -0.000787 0.001107
31 46 0.000556 -0.000296 0.000433
32 46 0.000184 -0.000098 0.000149
33 46 0.000054 -0.000029 0.000046
34 46 0.000015 -0.000008 0.000013
35 46 0.000004 -0.000002 0.000003
36 46 0.000001 -0.000000 0.000001
37 46 0.000000 -0.000000 0.000000
38 46 0.000000 -0.000000 0.000000
39 46 0.000000 -0.000000 0.000000
40 46 0.000000 -0.000000 0.000000
41 46 0.000000 -0.000000 0.000000
42 46 0.000000 -0.000000 0.000000
43 46 0.000000 -0.000000 0.000000
44 46 0.000000 -0.000000 0.000000
45 46 0.000000 -0.000000 0.000000
46 46 0.000000 -0.000000 0.000000
47 46 0.000000 -0.000000 0.000000
48 46 0.000000 -0.000000 0.000000
49 46 0.000000 0.000000 0.000000

0 47 0.000000 0.000000 0.000000
1 47 -0.000127 -0.000484 -0.002150
2 47 0.000119 -0.001163 -0.002119
3 47 0.001081 -0.002201 -0.002014
4 47 0.003099 -0.003758 -0.001768
5 47 0.006340 -0.005851 -0.001264
6 47 0.010748 -0.008347 -0.000440
7 47 0.015792 -0.010778 0.000782
8 47 0.020253 -0.012230 0.002229
9 47 0.022426 -0.011523 0.003617
10 47 0.020008 -0.007199 0.004281
11 47 0.011707 0.001215 0.003461
12 47 -0.002110 0.012707 0.000719
13 47 -0.017702 0.023522 -0.003802
14 47 -0.027672 0.027303 -0.008186
15 47 -0.025412 0.018950 -0.009653
16 47 -0.008918 -0.001871 -0.006080
17 47 0.013751 -0.026375 0.002256
18 47 0.024139 -0.037438 0.009516
19 47 0.011022 -0.024759 0.007812
20 47 -0.013740 0.001874 -0.002611
21 47 -0.027293 0.021952 -0.012073
22 47 -0.020195 0.024468 -0.012350
23 47 -0.001947 0.014273 -0.004617
24 47 0.013046 0.002379 0.004136
25 47 0.018221 -0.004476 0.008728
26 47 0.015648 -0.005920 0.008698
27 47 0.010279 -0.004543 0.006285
28 47 0.005554 -0.002657 0.003652
29 47 0.002559 -0.001284 0.001788
30 47 0.001028 -0.000531 0.000756
31 47 0.000365 -0.000193 0.000282
32 47 0.000116 -0.000062 0.000093
33 47 0.000033 -0.000018 0.000028
34 47 0.000009 -0.000005 0.000007
35 47 0.000002 -0.000001 0.000002
36 47 0.000000 -0.000000 0.000000
37 47 0.000000 -0.000000 0.000000
38 47 0.000000 -0.000000 0.000000
39 47 0.000000 -0.000000 0.000000
40 47 0.000000 -0.000000 0.000000
41 47 0.000000 -0.000000 0.000000
42 47 0.000000 -0.000000 0.000000
43 47 0.000000 -0.000000 0.000000
44 47 0.000000 -0.000000 0.000000
45 47 0.000000 -0.000000 0.000000
46 47 0.000000 -0.000000 0.000000
47 47 0.000000 -0.000000 0.000000
48 47 0.000000 -0.000000 0.000000
49 47 0.000000 0.000000 0.000000

0 48 0.000000 0.000000 0.000000
1 48 0.002418 -0.002755 0.000630
2 48 0.004564 -0.005694 0.000771
3 48 0.006088 -0.008917 0.001017
4 48 0.006554 -0.012383 0.001294
5 48 0.005366 -0.015762 0.001467
6 48 0.001936 -0.018419 0.001336
7 48 -0.004252 -0.019306 0.000660
8 48 -0.013166 -0.017146 -0.000824
9 48 -0.023863 -0.010769 -0.003194
10 48 -0.034025 0.000272 -0.006277
11 48 -0.039703 0.014644 -0.009251
12 48 -0.036444 0.028862 -0.010735
13 48 -0.020765 0.037184 -0.009006
14 48 0.006312 0.033760 -0.002768
15 48 0.036522 0.016613 0.007041
16 48 0.055881 -0.009405 0.016639
17 48 0.049937 -0.031666 0.019983
18 48 0.015677 -0.036098 0.011869
19 48 -0.028598 -0.020197 -0.005464
20 48 -0.054296 0.003043 -0.020899
21 48 -0.047643 0.017549 -0.023868
22 48 -0.019573 0.017883 -0.014104
23 48 0.008480 0.009795 -0.000178
24 48 0.023060 0.001495 0.009437
25 48 0.023898 -0.002909 0.012097
26 48 0.017626 -0.003687 0.009991
27 48 0.010430 -0.002744 0.006415
28 48 0.005201 -0.001564 0.003418
29 48 0.002245 -0.000739 0.001561
30 48 0.000853 -0.000300 0.000624
31 48 0.000289 -0.000107 0.000221
32 48 0.000088 -0.000034 0.000070
33 48 0.000024 -0.000010 0.000020
34 48 0.000006 -0.000002 0.000005
35 48 0.000001 -0.000001 0.000001
36 48 0.000000 -0.000000 0.000000
37 48 0.000000 -0.000000 0.000000
38 48 0.000000 -0.000000 0.000000
39 48 0.000000 -0.000000 0.000000
40 48 0.000000 -0.000000 0.000000
41 48 0.000000 -0.000000 0.000000
42 48 0.000000 -0.000000 0.000000
43 48 0.000000 -0.000000 0.000000
44 48 0.000000 -0.000000 0.000000
45 48 0.000000 -0.000000 0.000000
46 48 0.000000 -0.000000 0.000000
47 48 0.000000 -0.000000 0.000000
48 48 0.000000 -0.000000 0.000000
49 48 0.000000 0.000000 0.000000

0 49 0.000000 0.000000 0.000000
1 49 0.000000 0.000000 0.000000
2 49 0.000000 0.000000 0.000000
3 49 0.000000 0.000000 0.000000
4 49 0.000000 0.000000 0.000000
5 49 0.000000 0.000000 0.000000
6 49 0.000000 0.000000 0.000000
7 49 0.000000 0.000000 0.000000
8 49 0.000000 0.000000 0.000000
9 49 0.000000 0.000000 0.000000
10 49 0.000000 0.000000 0.000000
11 49 0.000000 0.000000 0.000000
12 49 0.000000 0.000000 0.000000
13 49 0.000000 0.000000 0.000000
14 49 0.000000 0.000000 0.000000
15 49 0.000000 0.000000 0.000000
16 49 0.000000 0.000000 0.000000
17 49 0.000000 0.000000 0.000000
18 49 0.000000 0.000000 0.000000
19 49 0.000000 0.000000 0.000000
20 49 0.000000 0.000000 0.000000
21 49 0.000000 0.000000 0.000000
22 49 0.000000 0.000000 0.000000
23 49 0.000000 0.000000 0.000000
24 49 0.000000 0.000000 0.000000
25 49 0.000000 0.000000 0.000000
26 49 0.000000 0.000000 0.000000
27 49 0.000000 0.000000 0.000000
28 49 0.000000 0.000000 0.000000
29 49 0.000000 0.000000 0.000000
30 49 0.000000 0.000000 0.000000
31 49 0.000000 0.000000 0.000000
32 49 0.000000 0.000000 0.000000
33 49 0.000000 0.000000 0.000000
34 49 0.000000 0.000000 0.000000
35 49 0.000000 0.000000 0.000000
36 49 0.000000 0.000000 0.000000
37 49 0.000000 0.000000 0.000000
38 49 0.000000 0.000000 0.000000
39 49 0.000000 0.000000 0.000000
40 49 0.000000 0.000000 0.000000
41 49 0.000000 0.000000 0.000000
42 49 0.000000 0.000000 0.000000
43 49 0.000000 0.000000 0.000000
44 49 0.000000 0.000000 0.000000
45 49 0.000000 0.000000 0.000000
46 49 0.000000 0.000000 0.000000
47 49 0.000000 0.000000 0.000000
48 49 0.000000 0.000000 0.000000
49 49 0.000000 0.000000 0.000000

