#:x y Ey Bx Bz
0 0 0.000000 0.000000 0.000000
1 0 0.000000 0.000000 0.000000
2 0 0.000000 0.000000 0.000000
3 0 0.000000 0.000000 0.000000
4 0 0.000000 0.000000 0.000000
5 0 0.000000 0.000000 0.000000
6 0 0.000000 0.000000 0.000000
7 0 0.000000 0.000000 0.000000
8 0 0.000000 0.000000 0.000000
9 0 0.000000 0.000000 0.000000
10 0 0.000000 0.000000 0.000000
11 0 0.000000 0.000000 0.000000
12 0 0.000000 0.000000 0.000000
13 0 0.000000 0.000000 0.000000
14 0 0.000000 0.000000 0.000000
15 0 0.000000 0.000000 0.000000
16 0 0.000000 0.000000 0.000000
17 0 0.000000 0.000000 0.000000
18 0 0.000000 0.000000 0.000000
19 0 0.000000 0.000000 0.000000
20 0 0.000000 0.000000 0.000000
21 0 0.000000 0.000000 0.000000
22 0 0.000000 0.000000 0.000000
23 0 0.000000 0.000000 0.000000
24 0 0.000000 0.000000 0.000000
25 0 0.000000 0.000000 0.000000
26 0 0.000000 0.000000 0.000000
27 0 0.000000 0.000000 0.000000
28 0 0.000000 0.000000 0.000000
29 0 0.000000 0.000000 0.000000
30 0 0.000000 0.000000 0.000000
31 0 0.000000 0.000000 0.000000
32 0 0.000000 0.000000 0.000000
33 0 0.000000 0.000000 0.000000
34 0 0.000000 0.000000 0.000000
35 0 0.000000 0.000000 0.000000
36 0 0.000000 0.000000 0.000000
37 0 0.000000 0.000000 0.000000
38 0 0.000000 0.000000 0.000000
39 0 0.000000 0.000000 0.000000
40 0 0.000000 0.000000 0.000000
41 0 0.000000 0.000000 0.000000
42 0 0.000000 0.000000 0.000000
43 0 0.000000 0.000000 0.000000
44 0 0.000000 0.000000 0.000000
45 0 0.000000 0.000000 0.000000
46 0 0.000000 0.000000 0.000000
47 0 0.000000 0.000000 0.000000
48 0 0.000000 0.000000 0.000000
49 0 0.000000 0.000000 0.000000

0 1 0.000000 0.000000 0.000000
1 1 0.000406 0.000347 -0.000347
2 1 0.000791 0.000656 -0.000309
3 1 0.001130 0.000891 -0.000235
4 1 0.001395 0.001027 -0.000135
5 1 0.001551 0.001050 -0.000023
6 1 0.001574 0.000967 0.000083
7 1 0.001454 0.000802 0.000165
8 1 0.001213 0.000596 0.000206
9 1 0.000903 0.000393 0.000203
10 1 0.000592 0.000228 0.000165
11 1 0.000339 0.000115 0.000112
12 1 0.000168 0.000051 0.000064
13 1 0.000072 0.000020 0.000031
14 1 0.000027 0.000007 0.000013
15 1 0.000009 0.000002 0.000005
16 1 0.000002 0.000000 0.000001
17 1 0.000001 0.000000 0.000000
18 1 0.000000 0.000000 0.000000
19 1 0.000000 0.000000 0.000000
20 1 0.000000 0.000000 0.000000
21 1 0.000000 0.000000 0.000000
22 1 0.000000 0.000000 0.000000
23 1 0.000000 0.000000 0.000000
24 1 0.000000 0.000000 0.000000
25 1 0.000000 0.000000 0.000000
26 1 0.000000 0.000000 0.000000
27 1 0.000000 0.000000 0.000000
28 1 0.000000 0.000000 0.000000
29 1 0.000000 0.000000 0.000000
30 1 0.000000 0.000000 0.000000
31 1 0.000000 0.000000 0.000000
32 1 0.000000 0.000000 0.000000
33 1 0.000000 0.000000 0.000000
34 1 0.000000 0.000000 0.000000
35 1 0.000000 0.000000 0.000000
36 1 0.000000 0.000000 0.000000
37 1 0.000000 0.000000 0.000000
38 1 0.000000 0.000000 0.000000
39 1 0.000000 0.000000 0.000000
40 1 0.000000 0.000000 0.000000
41 1 0.000000 0.000000 0.000000
42 1 0.000000 0.000000 0.000000
43 1 0.000000 0.000000 0.000000
44 1 0.000000 0.000000 0.000000
45 1 0.000000 0.000000 0.000000
46 1 0.000000 0.000000 0.000000
47 1 0.000000 0.000000 0.000000
48 1 0.000000 0.000000 0.000000
49 1 0.000000 0.000000 0.000000

0 2 0.000000 0.000000 0.000000
1 2 0.000706 0.000570 -0.000998
2 2 0.001430 0.001109 -0.000925
3 2 0.002173 0.001584 -0.000778
4 2 0.002902 0.001955 -0.000559
5 2 0.003549 0.002181 -0.000280
6 2 0.004009 0.002227 0.000033
7 2 0.004172 0.002082 0.000335
8 2 0.003962 0.001766 0.000570
9 2 0.003386 0.001344 0.000687
10 2 0.002564 0.000906 0.000666
11 2 0.001696 0.000534 0.000535
12 2 0.000971 0.000274 0.000359
13 2 0.000479 0.000122 0.000203
14 2 0.000204 0.000047 0.000097
15 2 0.000075 0.000016 0.000039
16 2 0.000024 0.000005 0.000014
17 2 0.000007 0.000001 0.000004
18 2 0.000002 0.000000 0.000001
19 2 0.000000 0.000000 0.000000
20 2 0.000000 0.000000 0.000000
21 2 0.000000 0.000000 0.000000
22 2 0.000000 0.000000 0.000000
23 2 0.000000 0.000000 0.000000
24 2 0.000000 0.000000 0.000000
25 2 0.000000 0.000000 0.000000
26 2 0.000000 0.000000 0.000000
27 2 0.000000 0.000000 0.000000
28 2 0.000000 0.000000 0.000000
29 2 0.000000 0.000000 0.000000
30 2 0.000000 0.000000 0.000000
31 2 0.000000 0.000000 0.000000
32 2 0.000000 0.000000 0.000000
33 2 0.000000 0.000000 0.000000
34 2 0.000000 0.000000 0.000000
35 2 0.000000 0.000000 0.000000
36 2 0.000000 0.000000 0.000000
37 2 0.000000 0.000000 0.000000
38 2 0.000000 0.000000 0.000000
39 2 0.000000 0.000000 0.000000
40 2 0.000000 0.000000 0.000000
41 2 0.000000 0.000000 0.000000
42 2 0.000000 0.000000 0.000000
43 2 0.000000 0.000000 0.000000
44 2 0.000000 0.000000 0.000000
45 2 0.000000 0.000000 0.000000
46 2 0.000000 0.000000 0.000000
47 2 0.000000 0.000000 0.000000
48 2 0.000000 0.000000 0.000000
49 2 0.000000 0.000000 0.000000

0 3 0.000000 0.000000 0.000000
1 3 0.000108 0.000548 -0.001688
2 3 0.000355 0.001135 -0.001657
3 3 0.000863 0.001784 -0.001575
4 3 0.001715 0.002487 -0.001408
5 3 0.002923 0.003192 -0.001115
6 3 0.004386 0.003800 -0.000668
7 3 0.005868 0.004177 -0.000074
8 3 0.007012 0.004194 0.000594
9 3 0.007445 0.003795 0.001202
10 3 0.006936 0.003041 0.001584
11 3 0.005588 0.002126 0.001623
12 3 0.003852 0.001284 0.001346
13 3 0.002260 0.000666 0.000918
14 3 0.001130 0.000298 0.000520
15 3 0.000484 0.000115 0.000248
16 3 0.000179 0.000038 0.000100
17 3 0.000057 0.000011 0.000035
18 3 0.000016 0.000003 0.000010
19 3 0.000004 0.000001 0.000003
20 3 0.000001 0.000000 0.000001
21 3 0.000000 0.000000 0.000000
22 3 0.000000 0.000000 0.000000
23 3 0.000000 0.000000 0.000000
24 3 0.000000 0.000000 0.000000
25 3 0.000000 0.000000 0.000000
26 3 0.000000 0.000000 0.000000
27 3 0.000000 0.000000 0.000000
28 3 0.000000 0.000000 0.000000
29 3 0.000000 0.000000 0.000000
30 3 0.000000 0.000000 0.000000
31 3 0.000000 0.000000 0.000000
32 3 0.000000 0.000000 0.000000
33 3 0.000000 0.000000 0.000000
34 3 0.000000 0.000000 0.000000
35 3 0.000000 0.000000 0.000000
36 3 0.000000 0.000000 0.000000
37 3 0.000000 0.000000 0.000000
38 3 0.000000 0.000000 0.000000
39 3 0.000000 0.000000 0.000000
40 3 0.000000 0.000000 0.000000
41 3 0.000000 0.000000 0.000000
42 3 0.000000 0.000000 0.000000
43 3 0.000000 0.000000 0.000000
44 3 0.000000 0.000000 0.000000
45 3 0.000000 0.000000 0.000000
46 3 0.000000 0.000000 0.000000
47 3 0.000000 0.000000 0.000000
48 3 0.000000 0.000000 0.000000
49 3 0.000000 0.000000 0.000000

0 4 0.000000 0.000000 0.000000
1 4 -0.001521 -0.000348 -0.001361
2 4 -0.002924 -0.000572 -0.001482
3 4 -0.004048 -0.000548 -0.001701
4 4 -0.004669 -0.000157 -0.001969
5 4 -0.004500 0.000679 -0.002193
6 4 -0.003261 0.001958 -0.002239
7 4 -0.000801 0.003536 -0.001949
8 4 0.002693 0.005095 -0.001194
9 4 0.006560 0.006196 0.000014
10 4 0.009705 0.006432 0.001450
11 4 0.010976 0.005673 0.002652
12 4 0.009956 0.004225 0.003141
13 4 0.007372 0.002654 0.002808
14 4 0.004514 0.001410 0.001990
15 4 0.002313 0.000638 0.001150
16 4 0.001003 0.000247 0.000552
17 4 0.000373 0.000083 0.000224
18 4 0.000120 0.000024 0.000077
19 4 0.000033 0.000006 0.000023
20 4 0.000008 0.000001 0.000006
21 4 0.000002 0.000000 0.000001
22 4 0.000000 0.000000 0.000000
23 4 0.000000 0.000000 0.000000
24 4 0.000000 0.000000 0.000000
25 4 0.000000 0.000000 0.000000
26 4 0.000000 0.000000 0.000000
27 4 0.000000 0.000000 0.000000
28 4 0.000000 0.000000 0.000000
29 4 0.000000 0.000000 0.000000
30 4 0.000000 0.000000 0.000000
31 4 0.000000 0.000000 0.000000
32 4 0.000000 0.000000 0.000000
33 4 0.000000 0.000000 0.000000
34 4 0.000000 0.000000 0.000000
35 4 0.000000 0.000000 0.000000
36 4 0.000000 0.000000 0.000000
37 4 0.000000 0.000000 0.000000
38 4 0.000000 0.000000 0.000000
39 4 0.000000 0.000000 0.000000
40 4 0.000000 0.000000 0.000000
41 4 0.000000 0.000000 0.000000
42 4 0.000000 0.000000 0.000000
43 4 0.000000 0.000000 0.000000
44 4 0.000000 0.000000 0.000000
45 4 0.000000 0.000000 0.000000
46 4 0.000000 0.000000 0.000000
47 4 0.000000 0.000000 0.000000
48 4 0.000000 0.000000 0.000000
49 4 0.000000 0.000000 0.000000

0 5 0.000000 0.000000 0.000000
1 5 -0.001289 -0.001300 0.000243
2 5 -0.002838 -0.002614 0.000112
3 5 -0.004847 -0.003904 -0.000186
4 5 -0.007389 -0.005042 -0.000707
5 5 -0.010278 -0.005771 -0.001498
6 5 -0.012976 -0.005734 -0.002524
7 5 -0.014537 -0.004552 -0.003623
8 5 -0.013728 -0.002043 -0.004402
9 5 -0.009642 0.001524 -0.004327
10 5 -0.002357 0.005286 -0.002942
11 5 0.006230 0.007927 -0.000243
12 5 0.012664 0.008453 0.002820
13 5 0.014426 0.007008 0.004770
14 5 0.011971 0.004682 0.004887
15 5 0.007796 0.002579 0.003694
16 5 0.004135 0.001190 0.002202
17 5 0.001829 0.000467 0.001073
18 5 0.000687 0.000158 0.000438
19 5 0.000222 0.000046 0.000152
20 5 0.000062 0.000012 0.000045
21 5 0.000015 0.000003 0.000012
22 5 0.000003 0.000001 0.000003
23 5 0.000001 0.000000 0.000001
24 5 0.000000 0.000000 0.000000
25 5 0.000000 0.000000 0.000000
26 5 0.000000 0.000000 0.000000
27 5 0.000000 0.000000 0.000000
28 5 0.000000 0.000000 0.000000
29 5 0.000000 0.000000 0.000000
30 5 0.000000 0.000000 0.000000
31 5 0.000000 0.000000 0.000000
32 5 0.000000 0.000000 0.000000
33 5 0.000000 0.000000 0.000000
34 5 0.000000 0.000000 0.000000
35 5 0.000000 0.000000 0.000000
36 5 0.000000 0.000000 0.000000
37 5 0.000000 0.000000 0.000000
38 5 0.000000 0.000000 0.000000
39 5 0.000000 0.000000 0.000000
40 5 0.000000 0.000000 0.000000
41 5 0.000000 0.000000 0.000000
42 5 0.000000 0.000000 0.000000
43 5 0.000000 0.000000 0.000000
44 5 0.000000 0.000000 0.000000
45 5 0.000000 0.000000 0.000000
46 5 0.000000 0.000000 0.000000
47 5 0.000000 0.000000 0.000000
48 5 0.000000 0.000000 0.000000
49 5 0.000000 0.000000 0.000000

0 6 0.000000 0.000000 0.000000
1 6 0.002303 0.000245 0.000256
2 6 0.004350 0.000206 0.000460
3 6 0.005761 -0.000394 0.000815
4 6 0.006015 -0.001801 0.001209
5 6 0.004360 -0.004132 0.001412
6 6 0.000178 -0.007213 0.001096
7 6 -0.006801 -0.010429 -0.000095
8 6 -0.015594 -0.012571 -0.002421
9 6 -0.023473 -0.012216 -0.005499
10 6 -0.026516 -0.008351 -0.008264
11 6 -0.020804 -0.001478 -0.008833
12 6 -0.006838 0.005634 -0.005579
13 6 0.008250 0.009698 0.000354
14 6 0.016640 0.009668 0.005408
15 6 0.016560 0.007078 0.007119
16 6 0.011731 0.004096 0.005916
17 6 0.006504 0.001945 0.003685
18 6 0.002949 0.000776 0.001835
19 6 0.001122 0.000264 0.000756
20 6 0.000365 0.000078 0.000264
21 6 0.000103 0.000020 0.000079
22 6 0.000025 0.000005 0.000021
23 6 0.000006 0.000001 0.000005
24 6 0.000001 0.000000 0.000001
25 6 0.000000 0.000000 0.000000
26 6 0.000000 0.000000 0.000000
27 6 0.000000 0.000000 0.000000
28 6 0.000000 0.000000 0.000000
29 6 0.000000 0.000000 0.000000
30 6 0.000000 0.000000 0.000000
31 6 0.000000 0.000000 0.000000
32 6 0.000000 0.000000 0.000000
33 6 0.000000 0.000000 0.000000
34 6 0.000000 0.000000 0.000000
35 6 0.000000 0.000000 0.000000
36 6 0.000000 0.000000 0.000000
37 6 0.000000 0.000000 0.000000
38 6 0.000000 0.000000 0.000000
39 6 0.000000 0.000000 0.000000
40 6 0.000000 0.000000 0.000000
41 6 0.000000 0.000000 0.000000
42 6 0.000000 0.000000 0.000000
43 6 0.000000 0.000000 0.000000
44 6 0.000000 0.000000 0.000000
45 6 0.000000 0.000000 0.000000
46 6 0.000000 0.000000 0.000000
47 6 0.000000 0.000000 0.000000
48 6 0.000000 0.000000 0.000000
49 6 0.000000 0.000000 0.000000

0 7 0.000000 0.000000 0.000000
1 7 0.001318 0.002239 -0.002444
2 7 0.003247 0.004557 -0.002267
3 7 0.006292 0.006893 -0.001803
4 7 0.010740 0.008996 -0.000945
5 7 0.016369 0.010209 0.000530
6 7 0.021856 0.009631 0.002510
7 7 0.025014 0.006215 0.004717
8 7 0.021984 -0.000527 0.006080
9 7 0.010262 -0.009428 0.004978
10 7 -0.009648 -0.017481 0.000398
11 7 -0.031222 -0.019873 -0.007584
12 7 -0.040096 -0.013540 -0.014705
13 7 -0.027797 -0.001880 -0.014324
14 7 -0.003909 0.007743 -0.005893
15 7 0.014469 0.011051 0.003827
16 7 0.019657 0.009224 0.008709
17 7 0.015534 0.005689 0.008266
18 7 0.009073 0.002797 0.005439
19 7 0.004230 0.001138 0.002780
20 7 0.001636 0.000393 0.001161
21 7 0.000538 0.000117 0.000407
22 7 0.000153 0.000030 0.000123
23 7 0.000038 0.000007 0.000032
24 7 0.000008 0.000001 0.000007
25 7 0.000002 0.000000 0.000001
26 7 0.000000 0.000000 0.000000
27 7 0.000000 0.000000 0.000000
28 7 0.000000 0.000000 0.000000
29 7 0.000000 0.000000 0.000000
30 7 0.000000 0.000000 0.000000
31 7 0.000000 0.000000 0.000000
32 7 0.000000 0.000000 0.000000
33 7 0.000000 0.000000 0.000000
34 7 0.000000 0.000000 0.000000
35 7 0.000000 0.000000 0.000000
36 7 0.000000 0.000000 0.000000
37 7 0.000000 0.000000 0.000000
38 7 0.000000 0.000000 0.000000
39 7 0.000000 0.000000 0.000000
40 7 0.000000 0.000000 0.000000
41 7 0.000000 0.000000 0.000000
42 7 0.000000 0.000000 0.000000
43 7 0.000000 0.000000 0.000000
44 7 0.000000 0.000000 0.000000
45 7 0.000000 0.000000 0.000000
46 7 0.000000 0.000000 0.000000
47 7 0.000000 0.000000 0.000000
48 7 0.000000 0.000000 0.000000
49 7 0.000000 0.000000 0.000000

0 8 0.000000 0.000000 0.000000
1 8 -0.004744 -0.001317 -0.001390
2 8 -0.009455 -0.002138 -0.001831
3 8 -0.013534 -0.001878 -0.002673
4 8 -0.016359 0.000043 -0.003756
5 8 -0.015810 0.004236 -0.004789
6 8 -0.010118 0.010494 -0.004845
7 8 0.002561 0.017887 -0.003308
8 8 0.021865 0.023220 0.001354
9 8 0.040384 0.022400 0.008141
10 8 0.048578 0.012381 0.014399
11 8 0.032851 -0.006114 0.015225
12 8 -0.008460 -0.022859 0.003815
13 8 -0.045777 -0.025074 -0.014568
14 8 -0.048196 -0.012662 -0.023083
15 8 -0.020869 0.002459 -0.014969
16 8 0.007878 0.010413 -0.000283
17 8 0.020320 0.010474 0.009029
18 8 0.018365 0.006975 0.010230
19 8 0.011344 0.003566 0.007158
20 8 0.005443 0.001484 0.003761
21 8 0.002140 0.000519 0.001592
22 8 0.000710 0.000156 0.000563
23 8 0.000203 0.000041 0.000170
24 8 0.000051 0.000009 0.000045
25 8 0.000011 0.000002 0.000010
26 8 0.000002 0.000000 0.000002
27 8 0.000000 0.000000 0.000000
28 8 0.000000 0.000000 0.000000
29 8 0.000000 0.000000 0.000000
30 8 0.000000 0.000000 0.000000
31 8 0.000000 0.000000 0.000000
32 8 0.000000 0.000000 0.000000
33 8 0.000000 0.000000 0.000000
34 8 0.000000 0.000000 0.000000
35 8 0.000000 0.000000 0.000000
36 8 0.000000 0.000000 0.000000
37 8 0.000000 0.000000 0.000000
38 8 0.000000 0.000000 0.000000
39 8 0.000000 0.000000 0.000000
40 8 0.000000 0.000000 0.000000
41 8 0.000000 0.000000 0.000000
42 8 0.000000 0.000000 0.000000
43 8 0.000000 0.000000 0.000000
44 8 0.000000 0.000000 0.000000
45 8 0.000000 0.000000 0.000000
46 8 0.000000 0.000000 0.000000
47 8 0.000000 0.000000 0.000000
48 8 0.000000 0.000000 0.000000
49 8 0.000000 0.000000 0.000000

0 9 0.000000 0.000000 0.000000
1 9 0.001443 -0.002603 0.002162
2 9 0.001772 -0.005781 0.002288
3 9 -0.000630 -0.009749 0.002112
4 9 -0.006388 -0.014549 0.001609
5 9 -0.017525 -0.019071 -0.000377
6 9 -0.031109 -0.021217 -0.003837
7 9 -0.045495 -0.018267 -0.008794
8 9 -0.049697 -0.006684 -0.014090
9 9 -0.033886 0.011632 -0.013878
10 9 0.002793 0.030811 -0.006418
11 9 0.053915 0.038080 0.011101
12 9 0.077041 0.020380 0.029777
13 9 0.035855 -0.011349 0.024624
14 9 -0.031335 -0.029041 -0.004908
15 9 -0.058918 -0.021999 -0.027476
16 9 -0.036353 -0.004159 -0.023873
17 9 -0.000543 0.008076 -0.005695
18 9 0.018869 0.010549 0.008148
19 9 0.019776 0.007642 0.011469
20 9 0.012879 0.004066 0.008518
21 9 0.006337 0.001729 0.004589
22 9 0.002526 0.000613 0.001965
23 9 0.000845 0.000185 0.000699
24 9 0.000243 0.000049 0.000212
25 9 0.000061 0.000011 0.000056
26 9 0.000013 0.000002 0.000013
27 9 0.000003 0.000000 0.000003
28 9 0.000000 0.000000 0.000000
29 9 0.000000 0.000000 0.000000
30 9 0.000000 0.000000 0.000000
31 9 0.000000 0.000000 0.000000
32 9 0.000000 0.000000 0.000000
33 9 0.000000 0.000000 0.000000
34 9 0.000000 0.000000 0.000000
35 9 0.000000 0.000000 0.000000
36 9 0.000000 0.000000 0.000000
37 9 0.000000 0.000000 0.000000
38 9 0.000000 0.000000 0.000000
39 9 0.000000 0.000000 0.000000
40 9 0.000000 0.000000 0.000000
41 9 0.000000 0.000000 0.000000
42 9 0.000000 0.000000 0.000000
43 9 0.000000 0.000000 0.000000
44 9 0.000000 0.000000 0.000000
45 9 0.000000 0.000000 0.000000
46 9 0.000000 0.000000 0.000000
47 9 0.000000 0.000000 0.000000
48 9 0.000000 0.000000 0.000000
49 9 0.000000 0.000000 0.000000

0 10 0.000000 0.000000 0.000000
1 10 0.005920 0.004563 -0.002689
2 10 0.013157 0.008822 -0.002036
3 10 0.021377 0.011616 -0.000203
4 10 0.031018 0.012347 0.002030
5 10 0.038861 0.008107 0.006091
6 10 0.038595 -0.001416 0.008403
7 10 0.027171 -0.017194 0.009861
8 10 -0.007888 -0.034355 0.003911
9 10 -0.049964 -0.041425 -0.009970
10 10 -0.082415 -0.031015 -0.024165
11 10 -0.075219 0.003358 -0.033496
12 10 0.005386 0.042104 -0.013594
13 10 0.089287 0.044302 0.030663
14 10 0.076229 0.008348 0.044484
15 10 -0.006336 -0.023934 0.010322
16 10 -0.058055 -0.026045 -0.026274
17 10 -0.045171 -0.009256 -0.029647
18 10 -0.007179 0.005274 -0.010263
19 10 0.016657 0.009696 0.006865
20 10 0.019892 0.007607 0.011987
21 10 0.013473 0.004190 0.009314
22 10 0.006744 0.001815 0.005102
23 10 0.002711 0.000650 0.002200
24 10 0.000912 0.000198 0.000784
25 10 0.000263 0.000052 0.000238
26 10 0.000066 0.000012 0.000062
27 10 0.000015 0.000002 0.000014
28 10 0.000003 0.000000 0.000003
29 10 0.000001 0.000000 0.000001
30 10 0.000000 0.000000 0.000000
31 10 0.000000 0.000000 0.000000
32 10 0.000000 0.000000 0.000000
33 10 0.000000 0.000000 0.000000
34 10 0.000000 0.000000 0.000000
35 10 0.000000 0.000000 0.000000
36 10 0.000000 0.000000 0.000000
37 10 0.000000 0.000000 0.000000
38 10 0.000000 0.000000 0.000000
39 10 0.000000 0.000000 0.000000
40 10 0.000000 0.000000 0.000000
41 10 0.000000 0.000000 0.000000
42 10 0.000000 0.000000 0.000000
43 10 0.000000 0.000000 0.000000
44 10 0.000000 0.000000 0.000000
45 10 0.000000 0.000000 0.000000
46 10 0.000000 0.000000 0.000000
47 10 0.000000 0.000000 0.000000
48 10 0.000000 0.000000 0.000000
49 10 0.000000 0.000000 0.000000

0 11 0.000000 0.000000 0.000000
1 11 -0.007913 -0.000097 -0.003777
2 11 -0.015945 0.001135 -0.004715
3 11 -0.019059 0.005091 -0.005803
4 11 -0.020062 0.012310 -0.007118
5 11 -0.007061 0.023853 -0.007020
6 11 0.014022 0.034483 -0.002173
7 11 0.047487 0.041990 0.004639
8 11 0.080370 0.032452 0.020461
9 11 0.073439 0.004825 0.026073
10 11 0.032731 -0.031441 0.018591
11 11 -0.054855 -0.059560 -0.006816
12 11 -0.125051 -0.039382 -0.049894
13 11 -0.059359 0.020770 -0.046268
14 11 0.069387 0.050407 0.017458
15 11 0.092972 0.023210 0.054032
16 11 0.012412 -0.015106 0.022386
17 11 -0.051526 -0.024694 -0.022635
18 11 -0.046355 -0.011146 -0.031410
19 11 -0.009701 0.003250 -0.012298
20 11 0.015071 0.008449 0.006141
21 11 0.019170 0.007010 0.012037
22 11 0.013177 0.003948 0.009510
23 11 0.006626 0.001730 0.005225
24 11 0.002666 0.000624 0.002250
25 11 0.000896 0.000191 0.000800
26 11 0.000258 0.000051 0.000242
27 11 0.000065 0.000012 0.000063
28 11 0.000014 0.000002 0.000015
29 11 0.000003 0.000000 0.000003
30 11 0.000000 0.000000 0.000001
31 11 0.000000 0.000000 0.000000
32 11 0.000000 0.000000 0.000000
33 11 0.000000 0.000000 0.000000
34 11 0.000000 0.000000 0.000000
35 11 0.000000 0.000000 0.000000
36 11 0.000000 0.000000 0.000000
37 11 0.000000 0.000000 0.000000
38 11 0.000000 0.000000 0.000000
39 11 0.000000 0.000000 0.000000
40 11 0.000000 0.000000 0.000000
41 11 0.000000 0.000000 0.000000
42 11 0.000000 0.000000 0.000000
43 11 0.000000 0.000000 0.000000
44 11 0.000000 0.000000 0.000000
45 11 0.000000 0.000000 0.000000
46 11 0.000000 0.000000 0.000000
47 11 0.000000 0.000000 0.000000
48 11 0.000000 0.000000 0.000000
49 11 0.000000 0.000000 0.000000

0 12 0.000000 0.000000 0.000000
1 12 -0.000177 -0.005892 0.003698
2 12 -0.002530 -0.013068 0.004068
3 12 -0.011504 -0.020000 0.001751
4 12 -0.023966 -0.027716 0.000799
5 12 -0.049198 -0.030279 -0.007058
6 12 -0.061994 -0.023545 -0.013124
7 12 -0.073087 -0.004965 -0.020634
8 12 -0.035979 0.029845 -0.020925
9 12 0.032717 0.052928 0.004376
10 12 0.085419 0.053390 0.026271
11 12 0.109048 0.017403 0.046688
12 12 0.014138 -0.046519 0.028067
13 12 -0.120890 -0.060028 -0.045897
14 12 -0.090928 -0.002887 -0.065432
15 12 0.047126 0.041680 0.004748
16 12 0.088186 0.026366 0.053812
17 12 0.015897 -0.008934 0.025453
18 12 -0.046158 -0.020645 -0.020734
19 12 -0.042146 -0.010093 -0.030180
20 12 -0.008012 0.002488 -0.011395
21 12 0.014683 0.007242 0.006464
22 12 0.018015 0.006088 0.011862
23 12 0.012192 0.003441 0.009182
24 12 0.006063 0.001508 0.004975
25 12 0.002419 0.000543 0.002119
26 12 0.000807 0.000166 0.000747
27 12 0.000231 0.000044 0.000224
28 12 0.000058 0.000010 0.000058
29 12 0.000013 0.000002 0.000013
30 12 0.000003 0.000000 0.000003
31 12 0.000000 0.000000 0.000000
32 12 0.000000 0.000000 0.000000
33 12 0.000000 0.000000 0.000000
34 12 0.000000 0.000000 0.000000
35 12 0.000000 0.000000 0.000000
36 12 0.000000 0.000000 0.000000
37 12 0.000000 0.000000 0.000000
38 12 0.000000 0.000000 0.000000
39 12 0.000000 0.000000 0.000000
40 12 0.000000 0.000000 0.000000
41 12 0.000000 0.000000 0.000000
42 12 0.000000 0.000000 0.000000
43 12 0.000000 0.000000 0.000000
44 12 0.000000 0.000000 0.000000
45 12 0.000000 0.000000 0.000000
46 12 0.000000 0.000000 0.000000
47 12 0.000000 0.000000 0.000000
48 12 0.000000 0.000000 0.000000
49 12 0.000000 0.000000 0.000000

0 13 0.000000 0.000000 0.000000
1 13 0.009870 0.006377 -0.002643
2 13 0.023588 0.012282 -0.001367
3 13 0.033716 0.012893 0.002935
4 13 0.047119 0.010428 0.005756
5 13 0.046903 -0.005393 0.013809
6 13 0.023479 -0.024380 0.008422
7 13 -0.013872 -0.047385 0.004590
8 13 -0.085573 -0.053063 -0.022668
9 13 -0.090431 -0.021545 -0.040882
10 13 -0.041823 0.018412 -0.024226
11 13 0.041134 0.055655 0.004720
12 13 0.123167 0.046676 0.056027
13 13 0.044589 -0.020959 0.048744
14 13 -0.102660 -0.052919 -0.039465
15 13 -0.082308 -0.009995 -0.065787
16 13 0.043206 0.030922 0.004683
17 13 0.074301 0.020899 0.049935
18 13 0.006725 -0.007328 0.019904
19 13 -0.043885 -0.016357 -0.021953
20 13 -0.034984 -0.007430 -0.027149
21 13 -0.003480 0.002675 -0.008180
22 13 0.015162 0.006214 0.007657
23 13 0.016583 0.005042 0.011519
24 13 0.010741 0.002798 0.008444
25 13 0.005201 0.001212 0.004435
26 13 0.002036 0.000433 0.001848
27 13 0.000670 0.000131 0.000641
28 13 0.000190 0.000035 0.000190
29 13 0.000047 0.000008 0.000049
30 13 0.000010 0.000002 0.000011
31 13 0.000002 0.000000 0.000002
32 13 0.000000 0.000000 0.000000
33 13 0.000000 0.000000 0.000000
34 13 0.000000 0.000000 0.000000
35 13 0.000000 0.000000 0.000000
36 13 0.000000 0.000000 0.000000
37 13 0.000000 0.000000 0.000000
38 13 0.000000 0.000000 0.000000
39 13 0.000000 0.000000 0.000000
40 13 0.000000 0.000000 0.000000
41 13 0.000000 0.000000 0.000000
42 13 0.000000 0.000000 0.000000
43 13 0.000000 0.000000 0.000000
44 13 0.000000 0.000000 0.000000
45 13 0.000000 0.000000 0.000000
46 13 0.000000 0.000000 0.000000
47 13 0.000000 0.000000 0.000000
48 13 0.000000 0.000000 0.000000
49 13 0.000000 0.000000 0.000000

0 14 0.000000 0.000000 0.000000
1 14 -0.008589 0.002041 -0.006658
2 14 -0.018100 0.006465 -0.008535
3 14 -0.013024 0.015452 -0.008077
4 14 -0.007615 0.027423 -0.008895
5 14 0.030671 0.042987 -0.001712
6 14 0.061310 0.042527 0.013567
7 14 0.088306 0.029416 0.025171
8 14 0.061071 -0.014416 0.035504
9 14 -0.043143 -0.049333 -0.004994
10 14 -0.093206 -0.040907 -0.042373
11 14 -0.072922 -0.007081 -0.045698
12 14 0.031739 0.039502 -0.006962
13 14 0.118995 0.040908 0.063054
14 14 0.024709 -0.014306 0.045199
15 14 -0.099726 -0.038328 -0.045836
16 14 -0.054449 -0.003677 -0.055071
17 14 0.052452 0.024244 0.015795
18 14 0.057391 0.012852 0.044811
19 14 -0.007949 -0.008201 0.009221
20 14 -0.042316 -0.012560 -0.024570
21 14 -0.026080 -0.004373 -0.022668
22 14 0.002215 0.003197 -0.003642
23 14 0.015756 0.005293 0.009140
24 14 0.014849 0.003992 0.010913
25 14 0.009020 0.002133 0.007401
26 14 0.004196 0.000901 0.003713
27 14 0.001596 0.000316 0.001499
28 14 0.000514 0.000095 0.000507
29 14 0.000143 0.000025 0.000148
30 14 0.000035 0.000006 0.000038
31 14 0.000008 0.000001 0.000008
32 14 0.000001 0.000000 0.000002
33 14 0.000000 0.000000 0.000000
34 14 0.000000 0.000000 0.000000
35 14 0.000000 0.000000 0.000000
36 14 0.000000 0.000000 0.000000
37 14 0.000000 0.000000 0.000000
38 14 0.000000 0.000000 0.000000
39 14 0.000000 0.000000 0.000000
40 14 0.000000 0.000000 0.000000
41 14 0.000000 0.000000 0.000000
42 14 0.000000 0.000000 0.000000
43 14 0.000000 0.000000 0.000000
44 14 0.000000 0.000000 0.000000
45 14 0.000000 0.000000 0.000000
46 14 0.000000 0.000000 0.000000
47 14 0.000000 0.000000 0.000000
48 14 0.000000 0.000000 0.000000
49 14 0.000000 0.000000 0.000000

0 15 0.000000 0.000000 0.000000
1 15 -0.005255 -0.008723 0.003782
2 15 -0.015231 -0.018745 0.003390
3 15 -0.033329 -0.025343 -0.002494
4 15 -0.054787 -0.027984 -0.007336
5 15 -0.075714 -0.014786 -0.022567
6 15 -0.050306 0.015825 -0.023172
7 15 0.008153 0.046365 -0.010769
8 15 0.101551 0.058156 0.029159
9 15 0.107322 0.015026 0.058979
10 15 -0.002688 -0.037249 0.019915
11 15 -0.108496 -0.044746 -0.042259
12 15 -0.093045 -0.005712 -0.066928
13 15 0.058451 0.039266 0.000624
14 15 0.118147 0.027248 0.076075
15 15 -0.012764 -0.020111 0.026409
16 15 -0.097965 -0.026750 -0.057487
17 15 -0.020336 0.004836 -0.037171
18 15 0.060172 0.019332 0.029328
19 15 0.036720 0.005439 0.036182
20 15 -0.022254 -0.009004 -0.003253
21 15 -0.038414 -0.009007 -0.025912
22 15 -0.016060 -0.001618 -0.016690
23 15 0.007659 0.003567 0.001246
24 15 0.015787 0.004376 0.010286
25 15 0.012787 0.003008 0.009936
26 15 0.007199 0.001525 0.006161
27 15 0.003185 0.000622 0.002922
28 15 0.001167 0.000212 0.001133
29 15 0.000365 0.000062 0.000372
30 15 0.000099 0.000016 0.000106
31 15 0.000024 0.000004 0.000026
32 15 0.000005 0.000001 0.000006
33 15 0.000001 0.000000 0.000001
34 15 0.000000 0.000000 0.000000
35 15 0.000000 0.000000 0.000000
36 15 0.000000 0.000000 0.000000
37 15 0.000000 0.000000 0.000000
38 15 0.000000 0.000000 0.000000
39 15 0.000000 0.000000 0.000000
40 15 0.000000 0.000000 0.000000
41 15 0.000000 0.000000 0.000000
42 15 0.000000 0.000000 0.000000
43 15 0.000000 0.000000 0.000000
44 15 0.000000 0.000000 0.000000
45 15 0.000000 0.000000 0.000000
46 15 0.000000 0.000000 0.000000
47 15 0.000000 0.000000 0.000000
48 15 0.000000 0.000000 0.000000
49 15 0.000000 0.000000 0.000000

0 16 0.000000 0.000000 0.000000
1 16 0.016941 0.005393 -0.000559
2 16 0.034452 0.007460 0.003318
3 16 0.044144 -0.000391 0.008976
4 16 0.037896 -0.018396 0.014961
5 16 -0.009267 -0.045611 0.008833
6 16 -0.080691 -0.056914 -0.016950
7 16 -0.125150 -0.030871 -0.048503
8 16 -0.058739 0.025362 -0.045753
9 16 0.077211 0.064115 0.019073
10 16 0.130595 0.036929 0.069102
11 16 0.033035 -0.027466 0.043298
12 16 -0.120011 -0.050225 -0.047259
13 16 -0.087773 -0.002626 -0.077274
14 16 0.086242 0.039382 0.022127
15 16 0.091534 0.014933 0.077041
16 16 -0.050762 -0.022601 -0.002914
17 16 -0.078384 -0.015430 -0.059868
18 16 0.014950 0.010199 -0.012403
19 16 0.057219 0.013462 0.037609
20 16 0.012718 -0.000398 0.022401
21 16 -0.032107 -0.008553 -0.014525
22 16 -0.030796 -0.005583 -0.024131
23 16 -0.005877 0.000487 -0.009568
24 16 0.011796 0.003561 0.005586
25 16 0.014897 0.003436 0.010661
26 16 0.010471 0.002137 0.008578
27 16 0.005434 0.001018 0.004843
28 16 0.002271 0.000397 0.002157
29 16 0.000797 0.000131 0.000798
30 16 0.000241 0.000038 0.000252
31 16 0.000064 0.000009 0.000070
32 16 0.000015 0.000002 0.000017
33 16 0.000003 0.000000 0.000004
34 16 0.000001 0.000000 0.000001
35 16 0.000000 0.000000 0.000000
36 16 0.000000 0.000000 0.000000
37 16 0.000000 0.000000 0.000000
38 16 0.000000 0.000000 0.000000
39 16 0.000000 0.000000 0.000000
40 16 0.000000 0.000000 0.000000
41 16 0.000000 0.000000 0.000000
42 16 0.000000 0.000000 0.000000
43 16 0.000000 0.000000 0.000000
44 16 0.000000 0.000000 0.000000
45 16 0.000000 0.000000 0.000000
46 16 0.000000 0.000000 0.000000
47 16 0.000000 0.000000 0.000000
48 16 0.000000 0.000000 0.000000
49 16 0.000000 0.000000 0.000000

0 17 0.000000 0.000000 0.000000
1 17 -0.007672 0.010293 -0.014241
2 17 -0.003363 0.024225 -0.014116
3 17 0.016375 0.042112 -0.010849
4 17 0.070196 0.054379 0.003943
5 17 0.113145 0.039963 0.032682
6 17 0.095799 -0.007183 0.044480
7 17 -0.022344 -0.060334 0.013539
8 17 -0.138927 -0.058336 -0.061033
9 17 -0.082383 -0.001616 -0.064837
10 17 0.054381 0.045926 0.010883
11 17 0.115725 0.037329 0.071407
12 17 0.006089 -0.017109 0.037789
13 17 -0.121331 -0.036367 -0.064464
14 17 -0.027321 0.006057 -0.055100
15 17 0.105324 0.028772 0.053267
16 17 0.034224 0.000412 0.053906
17 17 -0.076474 -0.019154 -0.034777
18 17 -0.040634 -0.003978 -0.046246
19 17 0.041819 0.011566 0.013612
20 17 0.041426 0.006897 0.035971
21 17 -0.010225 -0.004069 0.005406
22 17 -0.034780 -0.006810 -0.021652
23 17 -0.020035 -0.002552 -0.018810
24 17 0.003109 0.001777 -0.002278
25 17 0.013991 0.003168 0.008650
26 17 0.013087 0.002518 0.010113
27 17 0.008080 0.001417 0.006952
28 17 0.003859 0.000631 0.003575
29 17 0.001517 0.000234 0.001490
30 17 0.000507 0.000074 0.000523
31 17 0.000148 0.000021 0.000159
32 17 0.000038 0.000005 0.000042
33 17 0.000009 0.000001 0.000010
34 17 0.000002 0.000000 0.000002
35 17 0.000000 0.000000 0.000000
36 17 0.000000 0.000000 0.000000
37 17 0.000000 0.000000 0.000000
38 17 0.000000 0.000000 0.000000
39 17 0.000000 0.000000 0.000000
40 17 0.000000 0.000000 0.000000
41 17 0.000000 0.000000 0.000000
42 17 0.000000 0.000000 0.000000
43 17 0.000000 0.000000 0.000000
44 17 0.000000 0.000000 0.000000
45 17 0.000000 0.000000 0.000000
46 17 0.000000 0.000000 0.000000
47 17 0.000000 0.000000 0.000000
48 17 0.000000 0.000000 0.000000
49 17 0.000000 0.000000 0.000000

0 18 0.000000 0.000000 0.000000
1 18 -0.020873 -0.015622 0.002916
2 18 -0.051582 -0.026686 -0.003914
3 18 -0.087165 -0.024317 -0.017166
4 18 -0.096343 0.007361 -0.038499
5 18 -0.013834 0.055787 -0.024334
6 18 0.104602 0.074125 0.029612
7 18 0.141554 0.033377 0.077915
8 18 -0.003456 -0.036230 0.031891
9 18 -0.131826 -0.045003 -0.067372
10 18 -0.059289 0.003112 -0.064585
11 18 0.093499 0.033403 0.028847
12 18 0.098655 0.012169 0.080949
13 18 -0.068943 -0.024246 -0.002565
14 18 -0.107573 -0.015193 -0.082954
15 18 0.048974 0.018213 -0.006668
16 18 0.092141 0.015111 0.071228
17 18 -0.027894 -0.010115 0.012589
18 18 -0.072178 -0.011871 -0.051658
19 18 0.003380 0.004084 -0.018834
20 18 0.049886 0.009183 0.030950
21 18 0.016484 0.001216 0.023704
22 18 -0.026345 -0.005269 -0.010256
23 18 -0.029691 -0.004330 -0.022698
24 18 -0.008123 -0.000282 -0.010955
25 18 0.009623 0.002260 0.003931
26 18 0.014120 0.002514 0.010041
27 18 0.010640 0.001699 0.008768
28 18 0.005834 0.000867 0.005251
29 18 0.002565 0.000360 0.002465
30 18 0.000946 0.000127 0.000959
31 18 0.000301 0.000038 0.000319
32 18 0.000084 0.000010 0.000092
33 18 0.000021 0.000002 0.000024
34 18 0.000005 0.000001 0.000005
35 18 0.000001 0.000000 0.000001
36 18 0.000000 0.000000 0.000000
37 18 0.000000 0.000000 0.000000
38 18 0.000000 0.000000 0.000000
39 18 0.000000 0.000000 0.000000
40 18 0.000000 0.000000 0.000000
41 18 0.000000 0.000000 0.000000
42 18 0.000000 0.000000 0.000000
43 18 0.000000 0.000000 0.000000
44 18 0.000000 0.000000 0.000000
45 18 0.000000 0.000000 0.000000
46 18 0.000000 0.000000 0.000000
47 18 0.000000 0.000000 0.000000
48 18 0.000000 0.000000 0.000000
49 18 0.000000 0.000000 0.000000

0 19 0.000000 0.000000 0.000000
1 19 0.032983 0.001984 0.005107
2 19 0.053053 -0.011144 0.015356
3 19 0.024607 -0.044399 0.023206
4 19 -0.079446 -0.072869 -0.008193
5 19 -0.156480 -0.048613 -0.065092
6 19 -0.077931 0.021570 -0.064259
7 19 0.107244 0.062383 0.029712
8 19 0.135445 0.027699 0.095577
9 19 -0.030238 -0.032927 0.018927
10 19 -0.133810 -0.034896 -0.077123
11 19 -0.028767 0.015409 -0.052015
12 19 0.124474 0.034670 0.060656
13 19 0.045888 -0.002634 0.068259
14 19 -0.113559 -0.025628 -0.052235
15 19 -0.040643 -0.000265 -0.063341
16 19 0.092420 0.018292 0.044037
17 19 0.034966 0.002278 0.052610
18 19 -0.066042 -0.011521 -0.029003
19 19 -0.036652 -0.003275 -0.042192
20 19 0.036437 0.006898 0.011476
21 19 0.036888 0.004670 0.032613
22 19 -0.009095 -0.002297 0.005276
23 19 -0.031768 -0.004443 -0.019882
24 19 -0.018882 -0.001887 -0.017824
25 19 0.002434 0.001029 -0.002535
26 19 0.012991 0.002114 0.008057
27 19 0.012553 0.001773 0.009804
28 19 0.007973 0.001043 0.006943
29 19 0.003920 0.000485 0.003677
30 19 0.001589 0.000187 0.001580
31 19 0.000549 0.000062 0.000573
32 19 0.000165 0.000018 0.000180
33 19 0.000044 0.000005 0.000050
34 19 0.000010 0.000001 0.000012
35 19 0.000002 0.000000 0.000003
36 19 0.000000 0.000000 0.000001
37 19 0.000000 0.000000 0.000000
38 19 0.000000 0.000000 0.000000
39 19 0.000000 0.000000 0.000000
40 19 0.000000 0.000000 0.000000
41 19 0.000000 0.000000 0.000000
42 19 0.000000 0.000000 0.000000
43 19 0.000000 0.000000 0.000000
44 19 0.000000 0.000000 0.000000
45 19 0.000000 0.000000 0.000000
46 19 0.000000 0.000000 0.000000
47 19 0.000000 0.000000 0.000000
48 19 0.000000 0.000000 0.000000
49 19 0.000000 0.000000 0.000000

0 20 0.000000 0.000000 0.000000
1 20 0.005679 0.032718 -0.034208
2 20 0.054992 0.064965 -0.020905
3 20 0.149261 0.063371 0.030490
4 20 0.136172 0.002659 0.073329
5 20 -0.034048 -0.062526 0.015500
6 20 -0.174616 -0.057000 -0.085495
7 20 -0.068532 0.013843 -0.078166
8 20 0.126730 0.048587 0.055193
9 20 0.084481 0.014127 0.086525
10 20 -0.076973 -0.022808 -0.019474
11 20 -0.093172 -0.016563 -0.079268
12 20 0.059256 0.014059 -0.000614
13 20 0.102584 0.014640 0.083395
14 20 -0.058058 -0.011255 0.005550
15 20 -0.095581 -0.010582 -0.078596
16 20 0.049405 0.009837 -0.002995
17 20 0.077251 0.008768 0.065170
18 20 -0.032408 -0.005935 0.005902
19 20 -0.061176 -0.006651 -0.047354
20 20 0.009425 0.002717 -0.012510
21 20 0.044610 0.005384 0.029856
22 20 0.010774 0.000497 0.019360
23 20 -0.026088 -0.003294 -0.011557
24 20 -0.026533 -0.002621 -0.021074
25 20 -0.006166 -0.000120 -0.009299
26 20 0.009661 0.001449 0.004377
27 20 0.013361 0.001611 0.009730
28 20 0.009980 0.001103 0.008367
29 20 0.005491 0.000573 0.005017
30 20 0.002438 0.000243 0.002376
31 20 0.000912 0.000088 0.000937
32 20 0.000295 0.000027 0.000317
33 20 0.000084 0.000008 0.000094
34 20 0.000021 0.000002 0.000025
35 20 0.000005 0.000000 0.000006
36 20 0.000001 0.000000 0.000001
37 20 0.000000 0.000000 0.000000
38 20 0.000000 0.000000 0.000000
39 20 0.000000 0.000000 0.000000
40 20 0.000000 0.000000 0.000000
41 20 0.000000 0.000000 0.000000
42 20 0.000000 0.000000 0.000000
43 20 0.000000 0.000000 0.000000
44 20 0.000000 0.000000 0.000000
45 20 0.000000 0.000000 0.000000
46 20 0.000000 0.000000 0.000000
47 20 0.000000 0.000000 0.000000
48 20 0.000000 0.000000 0.000000
49 20 0.000000 0.000000 0.000000

0 21 0.000000 0.000000 0.000000
1 21 -0.082273 -0.019879 -0.015464
2 21 -0.145840 0.006616 -0.057263
3 21 -0.041664 0.073668 -0.055416
4 21 0.161325 0.094106 0.055510
5 21 0.161537 0.028431 0.115218
6 21 -0.056948 -0.039380 0.010430
7 21 -0.152602 -0.033583 -0.105180
8 21 0.022631 0.016834 -0.034277
9 21 0.135167 0.024162 0.087647
10 21 0.004634 -0.010753 0.047732
11 21 -0.129848 -0.018269 -0.068512
12 21 -0.025963 0.008542 -0.057912
13 21 0.125261 0.018085 0.065186
14 21 0.022253 -0.003399 0.059162
15 21 -0.111556 -0.013488 -0.061002
16 21 -0.013218 0.001870 -0.047351
17 21 0.088226 0.009756 0.051715
18 21 0.012015 -0.000240 0.037830
19 21 -0.064299 -0.006308 -0.035532
20 21 -0.020298 -0.000808 -0.032130
21 21 0.039121 0.004091 0.017919
22 21 0.027578 0.002112 0.028107
23 21 -0.014741 -0.001676 -0.000396
24 21 -0.029627 -0.002484 -0.020177
25 21 -0.014552 -0.000875 -0.014982
26 21 0.004586 0.000728 -0.000392
27 21 0.012830 0.001259 0.008459
28 21 0.011564 0.001022 0.009281
29 21 0.007142 0.000595 0.006342
30 21 0.003466 0.000276 0.003305
31 21 0.001398 0.000108 0.001411
32 21 0.000484 0.000036 0.000512
33 21 0.000146 0.000011 0.000161
34 21 0.000039 0.000003 0.000045
35 21 0.000009 0.000001 0.000011
36 21 0.000002 0.000000 0.000003
37 21 0.000000 0.000000 0.000001
38 21 0.000000 0.000000 0.000000
39 21 0.000000 0.000000 0.000000
40 21 0.000000 0.000000 0.000000
41 21 0.000000 0.000000 0.000000
42 21 0.000000 0.000000 0.000000
43 21 0.000000 0.000000 0.000000
44 21 0.000000 0.000000 0.000000
45 21 0.000000 0.000000 0.000000
46 21 0.000000 0.000000 0.000000
47 21 0.000000 0.000000 0.000000
48 21 0.000000 0.000000 0.000000
49 21 0.000000 0.000000 0.000000

0 22 0.000000 0.000000 0.000000
1 22 0.055800 -0.046181 0.047171
2 22 -0.116766 -0.097065 0.006334
3 22 -0.242548 -0.054472 -0.118845
4 22 -0.051238 0.033654 -0.073214
5 22 0.169774 0.057421 0.091409
6 22 0.082231 0.005928 0.105620
7 22 -0.140123 -0.027022 -0.053099
8 22 -0.080930 -0.003783 -0.092563
9 22 0.102164 0.020649 0.040708
10 22 0.076623 0.012175 0.082312
11 22 -0.077439 -0.010329 -0.019111
12 22 -0.080987 -0.010205 -0.078812
13 22 0.081120 0.007567 0.017170
14 22 0.076801 0.006480 0.080850
15 22 -0.083868 -0.006539 -0.021221
16 22 -0.063094 -0.003436 -0.070121
17 22 0.070481 0.005773 0.022216
18 22 0.049683 0.002792 0.056054
19 22 -0.049381 -0.003740 -0.013737
20 22 -0.043820 -0.002362 -0.042309
21 22 0.024088 0.002081 0.001592
22 22 0.037870 0.002348 0.030149
23 22 -0.000825 -0.000323 0.010738
24 22 -0.028057 -0.001776 -0.015746
25 22 -0.021385 -0.001106 -0.018667
26 22 -0.001479 0.000153 -0.005478
27 22 0.010987 0.000815 0.006148
28 22 0.012515 0.000809 0.009540
29 22 0.008718 0.000529 0.007507
30 22 0.004614 0.000268 0.004301
31 22 0.001999 0.000112 0.001980
32 22 0.000736 0.000040 0.000767
33 22 0.000236 0.000013 0.000257
34 22 0.000067 0.000003 0.000075
35 22 0.000017 0.000001 0.000020
36 22 0.000004 0.000000 0.000005
37 22 0.000001 0.000000 0.000001
38 22 0.000000 0.000000 0.000000
39 22 0.000000 0.000000 0.000000
40 22 0.000000 0.000000 0.000000
41 22 0.000000 0.000000 0.000000
42 22 0.000000 0.000000 0.000000
43 22 0.000000 0.000000 0.000000
44 22 0.000000 0.000000 0.000000
45 22 0.000000 0.000000 0.000000
46 22 0.000000 0.000000 0.000000
47 22 0.000000 0.000000 0.000000
48 22 0.000000 0.000000 0.000000
49 22 0.000000 0.000000 0.000000

0 23 0.000000 0.000000 0.000000
1 23 0.289624 0.113950 -0.077938
2 23 0.215841 0.004836 0.149961
3 23 -0.135140 -0.061305 -0.027548
4 23 -0.184373 -0.025076 -0.147705
5 23 0.075573 0.024295 -0.002165
6 23 0.153558 0.021617 0.125807
7 23 -0.056518 -0.007590 0.020579
8 23 -0.128479 -0.011333 -0.100658
9 23 0.050356 0.006530 -0.013774
10 23 0.120412 0.004509 0.089442
11 23 -0.034574 -0.007992 0.024202
12 23 -0.124663 -0.003947 -0.082148
13 23 0.030053 0.007301 -0.026500
14 23 0.116373 0.005551 0.083464
15 23 -0.037008 -0.004101 0.020564
16 23 -0.096079 -0.004257 -0.074119
17 23 0.035443 0.002528 -0.011284
18 23 0.073592 0.003096 0.059645
19 23 -0.023684 -0.001298 0.010471
20 23 -0.057055 -0.002131 -0.042588
21 23 0.004531 0.000494 -0.014614
22 23 0.040786 0.001617 0.026270
23 23 0.012777 0.000351 0.019743
24 23 -0.022722 -0.000903 -0.009046
25 23 -0.025891 -0.000868 -0.020036
26 23 -0.007721 -0.000146 -0.010182
27 23 0.008075 0.000393 0.003116
28 23 0.012736 0.000505 0.009123
29 23 0.010081 0.000373 0.008398
30 23 0.005808 0.000206 0.005288
31 23 0.002692 0.000092 0.002617
32 23 0.001051 0.000035 0.001077
33 23 0.000355 0.000012 0.000380
34 23 0.000105 0.000003 0.000118
35 23 0.000028 0.000001 0.000032
36 23 0.000007 0.000000 0.000008
37 23 0.000001 0.000000 0.000002
38 23 0.000000 0.000000 0.000000
39 23 0.000000 0.000000 0.000000
40 23 0.000000 0.000000 0.000000
41 23 0.000000 0.000000 0.000000
42 23 0.000000 0.000000 0.000000
43 23 0.000000 0.000000 0.000000
44 23 0.000000 0.000000 0.000000
45 23 0.000000 0.000000 0.000000
46 23 0.000000 0.000000 0.000000
47 23 0.000000 0.000000 0.000000
48 23 0.000000 0.000000 0.000000
49 23 0.000000 0.000000 0.000000

0 24 0.000000 0.000000 0.000000
1 24 0.049518 0.316002 0.468103
2 24 0.318337 0.106536 0.374184
3 24 0.017537 0.011702 0.137482
4 24 -0.196867 -0.011242 -0.114914
5 24 -0.013385 0.000978 -0.066374
6 24 0.166862 0.006331 0.104857
7 24 0.011045 -0.002672 0.071597
8 24 -0.145982 -0.004446 -0.084492
9 24 -0.012227 -0.000100 -0.053888
10 24 0.112613 0.005417 0.069914
11 24 0.019362 0.005655 0.054961
12 24 -0.107699 -0.001767 -0.056708
13 24 -0.018776 -0.003695 -0.055514
14 24 0.112832 0.000591 0.061913
15 24 0.008385 0.000933 0.050899
16 24 -0.103185 -0.000841 -0.060531
17 24 -0.002124 0.000100 -0.038530
18 24 0.081363 0.001008 0.051107
19 24 0.004389 -0.000051 0.030985
20 24 -0.059810 -0.000758 -0.035207
21 24 -0.014952 -0.000094 -0.027596
22 24 0.037393 0.000514 0.018411
23 24 0.024069 0.000273 0.025586
24 24 -0.015014 -0.000210 -0.001463
25 24 -0.027891 -0.000324 -0.019288
26 24 -0.013460 -0.000123 -0.014017
27 24 0.004464 0.000088 -0.000255
28 24 0.012252 0.000165 0.008114
29 24 0.011137 0.000139 0.008956
30 24 0.006973 0.000083 0.006198
31 24 0.003442 0.000040 0.003283
32 24 0.001417 0.000016 0.001429
33 24 0.000501 0.000006 0.000530
34 24 0.000155 0.000002 0.000171
35 24 0.000043 0.000000 0.000049
36 24 0.000011 0.000000 0.000013
37 24 0.000002 0.000000 0.000003
38 24 0.000000 0.000000 0.000001
39 24 0.000000 0.000000 0.000000
40 24 0.000000 0.000000 0.000000
41 24 0.000000 0.000000 0.000000
42 24 0.000000 0.000000 0.000000
43 24 0.000000 0.000000 0.000000
44 24 0.000000 0.000000 0.000000
45 24 0.000000 0.000000 0.000000
46 24 0.000000 0.000000 0.000000
47 24 0.000000 0.000000 0.000000
48 24 0.000000 0.000000 0.000000
49 24 0.000000 0.000000 0.000000

0 25 0.000000 0.000000 0.000000
1 25 0.144596 -0.278770 -0.182998
2 25 0.311213 -0.113000 0.154649
3 25 0.059456 -0.023444 0.108086
4 25 -0.197766 0.009081 -0.104557
5 25 -0.066941 0.002631 -0.096621
6 25 0.150879 -0.006695 0.078134
7 25 0.059877 0.000843 0.095222
8 25 -0.130088 0.005638 -0.057881
9 25 -0.052730 0.002328 -0.077329
10 25 0.113147 -0.002457 0.049731
11 25 0.066149 -0.005943 0.077097
12 25 -0.102795 -0.001643 -0.035595
13 25 -0.070094 0.002912 -0.077854
14 25 0.101386 0.000721 0.037783
15 25 0.054164 -0.000729 0.073238
16 25 -0.094765 0.000648 -0.039593
17 25 -0.037887 0.000186 -0.058280
18 25 0.076301 -0.001007 0.035603
19 25 0.030063 -0.000283 0.045655
20 25 -0.054278 0.000719 -0.023368
21 25 -0.031505 0.000324 -0.036173
22 25 0.029665 -0.000426 0.008692
23 25 0.032135 -0.000388 0.028212
24 25 -0.006337 0.000101 0.005864
25 25 -0.027674 0.000329 -0.016940
26 25 -0.018259 0.000187 -0.016762
27 25 0.000552 -0.000040 -0.003612
28 25 0.011181 -0.000154 0.006670
29 25 0.011846 -0.000149 0.009174
30 25 0.008044 -0.000097 0.006979
31 25 0.004212 -0.000049 0.003942
32 25 0.001819 -0.000021 0.001806
33 25 0.000671 -0.000008 0.000700
34 25 0.000216 -0.000002 0.000235
35 25 0.000062 -0.000001 0.000070
36 25 0.000016 -0.000000 0.000018
37 25 0.000004 -0.000000 0.000004
38 25 0.000001 -0.000000 0.000001
39 25 0.000000 -0.000000 0.000000
40 25 0.000000 -0.000000 0.000000
41 25 0.000000 -0.000000 0.000000
42 25 0.000000 -0.000000 0.000000
43 25 0.000000 -0.000000 0.000000
44 25 0.000000 -0.000000 0.000000
45 25 0.000000 -0.000000 0.000000
46 25 0.000000 -0.000000 0.000000
47 25 0.000000 -0.000000 0.000000
48 25 0.000000 -0.000000 0.000000
49 25 0.000000 0.000000 0.000000

0 26 0.000000 0.000000 0.000000
1 26 0.143744 -0.166622 -0.045296
2 26 0.211103 -0.128366 0.083070
3 26 -0.003649 -0.016096 0.046167
4 26 -0.206126 0.039261 -0.108470
5 26 -0.076191 0.010681 -0.094206
6 26 0.146413 -0.021212 0.066463
7 26 0.092973 -0.012761 0.104971
8 26 -0.119174 0.008079 -0.040728
9 26 -0.079963 0.004224 -0.088946
10 26 0.091725 -0.011174 0.031954
11 26 0.073434 -0.003967 0.079289
12 26 -0.081128 0.010814 -0.016588
13 26 -0.082649 0.005224 -0.078804
14 26 0.082855 -0.007530 0.016241
15 26 0.078607 -0.004766 0.079918
16 26 -0.079728 0.004325 -0.018899
17 26 -0.063758 0.002847 -0.068177
18 26 0.064488 -0.002965 0.018577
19 26 0.050128 -0.002020 0.053958
20 26 -0.043947 0.001767 -0.010288
21 26 -0.043878 0.001544 -0.040504
22 26 0.019772 -0.000892 -0.001106
23 26 0.036964 -0.001378 0.028205
24 26 0.002181 -0.000027 0.012207
25 26 -0.025804 0.000929 -0.013628
26 26 -0.021938 0.000710 -0.018426
27 26 -0.003313 0.000025 -0.006689
28 26 0.009701 -0.000410 0.004979
29 26 0.012221 -0.000464 0.009094
30 26 0.008977 -0.000327 0.007602
31 26 0.004961 -0.000176 0.004557
32 26 0.002237 -0.000078 0.002186
33 26 0.000857 -0.000029 0.000881
34 26 0.000286 -0.000010 0.000307
35 26 0.000084 -0.000003 0.000094
36 26 0.000022 -0.000001 0.000026
37 26 0.000005 -0.000000 0.000006
38 26 0.000001 -0.000000 0.000001
39 26 0.000000 -0.000000 0.000000
40 26 0.000000 -0.000000 0.000000
41 26 0.000000 -0.000000 0.000000
42 26 0.000000 -0.000000 0.000000
43 26 0.000000 -0.000000 0.000000
44 26 0.000000 -0.000000 0.000000
45 26 0.000000 -0.000000 0.000000
46 26 0.000000 -0.000000 0.000000
47 26 0.000000 -0.000000 0.000000
48 26 0.000000 -0.000000 0.000000
49 26 0.000000 0.000000 0.000000

0 27 0.000000 0.000000 0.000000
1 27 0.072806 -0.086607 0.012563
2 27 0.061105 -0.060894 0.043885
3 27 -0.102737 0.034189 -0.005965
4 27 -0.205036 0.068575 -0.102360
5 27 -0.049730 0.014548 -0.066167
6 27 0.151439 -0.036554 0.073045
7 27 0.089674 -0.020191 0.099296
8 27 -0.118508 0.019057 -0.037546
9 27 -0.095075 0.014125 -0.091856
10 27 0.079673 -0.008169 0.019910
11 27 0.099310 -0.008745 0.083523
12 27 -0.051555 0.003046 0.002533
13 27 -0.103835 0.005033 -0.080487
14 27 0.051799 -0.005235 -0.006592
15 27 0.097185 -0.005874 0.081407
16 27 -0.056746 0.004952 0.001943
17 27 -0.081355 0.005087 -0.071506
18 27 0.048404 -0.003932 0.001947
19 27 0.064059 -0.004245 0.057142
20 27 -0.031488 0.002152 0.002131
21 27 -0.052061 0.003152 -0.041518
22 27 0.009454 -0.000808 -0.009877
23 27 0.039109 -0.002457 0.026415
24 27 0.009805 -0.000543 0.017250
25 27 -0.022931 0.001374 -0.009948
26 27 -0.024528 0.001358 -0.019183
27 27 -0.006869 0.000267 -0.009323
28 27 0.008009 -0.000580 0.003224
29 27 0.012316 -0.000781 0.008791
30 27 0.009750 -0.000593 0.008063
31 27 0.005657 -0.000336 0.005103
32 27 0.002650 -0.000155 0.002549
33 27 0.001048 -0.000060 0.001063
34 27 0.000359 -0.000020 0.000381
35 27 0.000109 -0.000006 0.000120
36 27 0.000029 -0.000002 0.000033
37 27 0.000007 -0.000000 0.000008
38 27 0.000002 -0.000000 0.000002
39 27 0.000000 -0.000000 0.000000
40 27 0.000000 -0.000000 0.000000
41 27 0.000000 -0.000000 0.000000
42 27 0.000000 -0.000000 0.000000
43 27 0.000000 -0.000000 0.000000
44 27 0.000000 -0.000000 0.000000
45 27 0.000000 -0.000000 0.000000
46 27 0.000000 -0.000000 0.000000
47 27 0.000000 -0.000000 0.000000
48 27 0.000000 -0.000000 0.000000
49 27 0.000000 0.000000 0.000000

0 28 0.000000 0.000000 0.000000
1 28 -0.002264 -0.017975 0.015976
2 28 -0.052879 0.018926 0.009324
3 28 -0.145295 0.079183 -0.033453
4 28 -0.149249 0.074418 -0.077136
5 28 0.025067 -0.002235 -0.020574
6 28 0.165856 -0.054148 0.084724
7 28 0.075923 -0.023185 0.080686
8 28 -0.117439 0.024155 -0.043250
9 28 -0.094073 0.018384 -0.090772
10 28 0.086935 -0.017191 0.020535
11 28 0.101975 -0.022506 0.084911
12 28 -0.058298 0.007087 0.003113
13 28 -0.114761 0.018484 -0.081427
14 28 0.043542 -0.004257 -0.014978
15 28 0.111486 -0.013800 0.081873
16 28 -0.040883 0.003509 0.015419
17 28 -0.094356 0.009269 -0.072344
18 28 0.033432 -0.003394 -0.011341
19 28 0.073590 -0.006948 0.057566
20 28 -0.019319 0.001710 0.012582
21 28 -0.057021 0.004886 -0.040579
22 28 -0.000075 -0.000211 -0.017082
23 28 0.039417 -0.003466 0.023739
24 28 0.016180 -0.001348 0.020992
25 28 -0.019670 0.001630 -0.006379
26 28 -0.026205 0.002056 -0.019290
27 28 -0.009951 0.000652 -0.011450
28 28 0.006296 -0.000659 0.001559
29 28 0.012212 -0.001084 0.008355
30 28 0.010361 -0.000883 0.008375
31 28 0.006273 -0.000523 0.005562
32 28 0.003035 -0.000250 0.002877
33 28 0.001234 -0.000100 0.001234
34 28 0.000433 -0.000035 0.000453
35 28 0.000134 -0.000011 0.000146
36 28 0.000037 -0.000003 0.000042
37 28 0.000009 -0.000001 0.000011
38 28 0.000002 -0.000000 0.000002
39 28 0.000000 -0.000000 0.000001
40 28 0.000000 -0.000000 0.000000
41 28 0.000000 -0.000000 0.000000
42 28 0.000000 -0.000000 0.000000
43 28 0.000000 -0.000000 0.000000
44 28 0.000000 -0.000000 0.000000
45 28 0.000000 -0.000000 0.000000
46 28 0.000000 -0.000000 0.000000
47 28 0.000000 -0.000000 0.000000
48 28 0.000000 -0.000000 0.000000
49 28 0.000000 0.000000 0.000000

0 29 0.000000 0.000000 0.000000
1 29 -0.033127 0.018973 -0.002543
2 29 -0.074721 0.052456 -0.014037
3 29 -0.097671 0.071925 -0.034439
4 29 -0.038482 0.033262 -0.037682
5 29 0.106565 -0.045076 0.022901
6 29 0.157910 -0.071322 0.082812
7 29 0.030830 -0.021044 0.048395
8 29 -0.140157 0.034892 -0.060513
9 29 -0.086779 0.023339 -0.083892
10 29 0.089441 -0.021486 0.029159
11 29 0.089688 -0.019125 0.079541
12 29 -0.050167 0.014247 0.001796
13 29 -0.101747 0.017651 -0.073538
14 29 0.033774 -0.009725 -0.019263
15 29 0.109375 -0.017463 0.076022
16 29 -0.029498 0.004957 0.023473
17 29 -0.099424 0.013234 -0.069926
18 29 0.021860 -0.003093 -0.020572
19 29 0.079137 -0.009846 0.056287
20 29 -0.009164 0.000874 0.020444
21 29 -0.059771 0.006638 -0.038803
22 29 -0.008046 0.000735 -0.022568
23 29 0.038756 -0.004353 0.020928
24 29 0.021217 -0.002332 0.023618
25 29 -0.016530 0.001717 -0.003257
26 29 -0.027216 0.002757 -0.019022
27 29 -0.012481 0.001133 -0.013078
28 29 0.004721 -0.000661 0.000104
29 29 0.011999 -0.001364 0.007875
30 29 0.010826 -0.001185 0.008566
31 29 0.006791 -0.000730 0.005924
32 29 0.003374 -0.000358 0.003153
33 29 0.001401 -0.000147 0.001383
34 29 0.000501 -0.000052 0.000518
35 29 0.000158 -0.000016 0.000170
36 29 0.000044 -0.000005 0.000049
37 29 0.000011 -0.000001 0.000013
38 29 0.000003 -0.000000 0.000003
39 29 0.000001 -0.000000 0.000001
40 29 0.000000 -0.000000 0.000000
41 29 0.000000 -0.000000 0.000000
42 29 0.000000 -0.000000 0.000000
43 29 0.000000 -0.000000 0.000000
44 29 0.000000 -0.000000 0.000000
45 29 0.000000 -0.000000 0.000000
46 29 0.000000 -0.000000 0.000000
47 29 0.000000 -0.000000 0.000000
48 29 0.000000 -0.000000 0.000000
49 29 0.000000 0.000000 0.000000

0 30 0.000000 0.000000 0.000000
1 30 -0.020138 0.019536 -0.015454
2 30 -0.030186 0.032917 -0.019098
3 30 -0.008794 0.021959 -0.018891
4 30 0.058548 -0.026454 -0.001106
5 30 0.132863 -0.074971 0.042408
6 30 0.100869 -0.062173 0.059745
7 30 -0.044233 0.006724 0.004914
8 30 -0.151689 0.055058 -0.074650
9 30 -0.052756 0.023122 -0.062633
10 30 0.109376 -0.027565 0.044602
11 30 0.093392 -0.025405 0.077332
12 30 -0.050877 0.007612 -0.003251
13 30 -0.110234 0.019458 -0.075068
14 30 0.023216 -0.004487 -0.022422
15 30 0.113762 -0.018717 0.075132
16 30 -0.018456 0.002972 0.029559
17 30 -0.103227 0.015592 -0.068561
18 30 0.012620 -0.002120 -0.027117
19 30 0.082627 -0.012288 0.054999
20 30 -0.001403 -0.000189 0.026005
21 30 -0.061378 0.008272 -0.037143
22 30 -0.014165 0.001856 -0.026497
23 30 0.037882 -0.005129 0.018553
24 30 0.025004 -0.003397 0.025394
25 30 -0.013898 0.001690 -0.000795
26 30 -0.027821 0.003439 -0.018634
27 30 -0.014438 0.001667 -0.014253
28 30 0.003413 -0.000610 -0.001059
29 30 0.011766 -0.001623 0.007431
30 30 0.011165 -0.001489 0.008667
31 30 0.007200 -0.000946 0.006188
32 30 0.003649 -0.000475 0.003365
33 30 0.001541 -0.000199 0.001502
34 30 0.000559 -0.000072 0.000571
35 30 0.000178 -0.000023 0.000189
36 30 0.000050 -0.000006 0.000056
37 30 0.000013 -0.000002 0.000015
38 30 0.000003 -0.000000 0.000003
39 30 0.000001 -0.000000 0.000001
40 30 0.000000 -0.000000 0.000000
41 30 0.000000 -0.000000 0.000000
42 30 0.000000 -0.000000 0.000000
43 30 0.000000 -0.000000 0.000000
44 30 0.000000 -0.000000 0.000000
45 30 0.000000 -0.000000 0.000000
46 30 0.000000 -0.000000 0.000000
47 30 0.000000 -0.000000 0.000000
48 30 0.000000 -0.000000 0.000000
49 30 0.000000 0.000000 0.000000

0 31 0.000000 0.000000 0.000000
1 31 0.007266 0.001317 -0.012744
2 31 0.021801 -0.005648 -0.010123
3 31 0.055296 -0.028576 -0.000241
4 31 0.089002 -0.060341 0.017190
5 31 0.094712 -0.068265 0.035470
6 31 0.012950 -0.025169 0.023047
7 31 -0.101773 0.041268 -0.032501
8 31 -0.125235 0.057467 -0.069358
9 31 0.000105 0.005715 -0.030668
10 31 0.130967 -0.044073 0.061964
11 31 0.068668 -0.030599 0.067055
12 31 -0.085010 0.018994 -0.023990
13 31 -0.107785 0.031957 -0.076159
14 31 0.041904 -0.006564 -0.010591
15 31 0.119017 -0.027375 0.077834
16 31 -0.021682 0.001704 0.026924
17 31 -0.108354 0.020244 -0.070146
18 31 0.009543 -0.000834 -0.029208
19 31 0.086157 -0.015099 0.055262
20 31 0.003077 -0.001378 0.029090
21 31 -0.062962 0.009932 -0.036458
22 31 -0.018264 0.003029 -0.029036
23 31 0.037437 -0.005873 0.017046
24 31 0.027682 -0.004478 0.026575
25 31 -0.012055 0.001629 0.000878
26 31 -0.028248 0.004106 -0.018326
27 31 -0.015832 0.002212 -0.015035
28 31 0.002469 -0.000540 -0.001877
29 31 0.011587 -0.001869 0.007090
30 31 0.011403 -0.001789 0.008706
31 31 0.007494 -0.001162 0.006354
32 31 0.003849 -0.000593 0.003506
33 31 0.001643 -0.000252 0.001583
34 31 0.000602 -0.000092 0.000608
35 31 0.000193 -0.000029 0.000203
36 31 0.000055 -0.000008 0.000060
37 31 0.000014 -0.000002 0.000016
38 31 0.000003 -0.000000 0.000004
39 31 0.000001 -0.000000 0.000001
40 31 0.000000 -0.000000 0.000000
41 31 0.000000 -0.000000 0.000000
42 31 0.000000 -0.000000 0.000000
43 31 0.000000 -0.000000 0.000000
44 31 0.000000 -0.000000 0.000000
45 31 0.000000 -0.000000 0.000000
46 31 0.000000 -0.000000 0.000000
47 31 0.000000 -0.000000 0.000000
48 31 0.000000 -0.000000 0.000000
49 31 0.000000 0.000000 0.000000

0 32 0.000000 0.000000 0.000000
1 32 0.018598 -0.012885 -0.001313
2 32 0.035681 -0.027609 0.001694
3 32 0.052883 -0.044396 0.009846
4 32 0.045719 -0.048798 0.014850
5 32 0.011303 -0.027820 0.013350
6 32 -0.071545 0.023628 -0.012049
7 32 -0.118356 0.061639 -0.047568
8 32 -0.074965 0.043246 -0.046273
9 32 0.054488 -0.016688 0.004199
10 32 0.130729 -0.052683 0.071787
11 32 0.021192 -0.015687 0.042518
12 32 -0.100586 0.034849 -0.043790
13 32 -0.075795 0.027012 -0.063768
14 32 0.059646 -0.018697 0.005181
15 32 0.106573 -0.030064 0.073777
16 32 -0.032717 0.006644 0.018356
17 32 -0.107606 0.024421 -0.070590
18 32 0.013215 -0.001700 -0.026666
19 32 0.088661 -0.018242 0.056481
20 32 0.003497 -0.001984 0.029448
21 32 -0.064913 0.011802 -0.037036
22 32 -0.020121 0.004049 -0.030223
23 32 0.037849 -0.006716 0.016671
24 32 0.029343 -0.005517 0.027326
25 32 -0.011200 0.001625 0.001684
26 32 -0.028668 0.004778 -0.018241
27 32 -0.016674 0.002733 -0.015473
28 32 0.001957 -0.000488 -0.002316
29 32 0.011520 -0.002117 0.006895
30 32 0.011559 -0.002081 0.008708
31 32 0.007669 -0.001371 0.006426
32 32 0.003965 -0.000706 0.003570
33 32 0.001701 -0.000302 0.001620
34 32 0.000625 -0.000111 0.000625
35 32 0.000201 -0.000036 0.000209
36 32 0.000058 -0.000010 0.000062
37 32 0.000015 -0.000003 0.000016
38 32 0.000003 -0.000001 0.000004
39 32 0.000001 -0.000000 0.000001
40 32 0.000000 -0.000000 0.000000
41 32 0.000000 -0.000000 0.000000
42 32 0.000000 -0.000000 0.000000
43 32 0.000000 -0.000000 0.000000
44 32 0.000000 -0.000000 0.000000
45 32 0.000000 -0.000000 0.000000
46 32 0.000000 -0.000000 0.000000
47 32 0.000000 -0.000000 0.000000
48 32 0.000000 -0.000000 0.000000
49 32 0.000000 0.000000 0.000000

0 33 0.000000 0.000000 0.000000
1 33 0.007169 -0.010399 0.005366
2 33 0.009110 -0.017828 0.005707
3 33 0.002136 -0.018201 0.006779
4 33 -0.024298 -0.003496 0.001579
5 33 -0.060856 0.025251 -0.008514
6 33 -0.099295 0.058047 -0.028276
7 33 -0.077345 0.056306 -0.036465
8 33 0.003449 0.013452 -0.012097
9 33 0.106089 -0.043330 0.035090
10 33 0.108284 -0.052381 0.065590
11 33 -0.022702 0.000588 0.011456
12 33 -0.102894 0.036529 -0.055376
13 33 -0.054675 0.018057 -0.050254
14 33 0.066693 -0.021143 0.017292
15 33 0.096512 -0.027030 0.070279
16 33 -0.041714 0.009857 0.009327
17 33 -0.105056 0.025802 -0.071557
18 33 0.020183 -0.003520 -0.021508
19 33 0.090248 -0.020835 0.058707
20 33 0.000253 -0.001771 0.027417
21 33 -0.067288 0.013813 -0.038938
22 33 -0.019624 0.004711 -0.030080
23 33 0.039323 -0.007766 0.017554
24 33 0.029996 -0.006452 0.027713
25 33 -0.011469 0.001774 0.001566
26 33 -0.029170 0.005478 -0.018451
27 33 -0.016959 0.003193 -0.015587
28 33 0.001921 -0.000491 -0.002358
29 33 0.011597 -0.002379 0.006870
30 33 0.011641 -0.002362 0.008683
31 33 0.007721 -0.001562 0.006403
32 33 0.003990 -0.000806 0.003556
33 33 0.001711 -0.000345 0.001612
34 33 0.000629 -0.000127 0.000621
35 33 0.000202 -0.000041 0.000208
36 33 0.000058 -0.000012 0.000062
37 33 0.000015 -0.000003 0.000016
38 33 0.000003 -0.000001 0.000004
39 33 0.000001 -0.000000 0.000001
40 33 0.000000 -0.000000 0.000000
41 33 0.000000 -0.000000 0.000000
42 33 0.000000 -0.000000 0.000000
43 33 0.000000 -0.000000 0.000000
44 33 0.000000 -0.000000 0.000000
45 33 0.000000 -0.000000 0.000000
46 33 0.000000 -0.000000 0.000000
47 33 0.000000 -0.000000 0.000000
48 33 0.000000 -0.000000 0.000000
49 33 0.000000 0.000000 0.000000

0 34 0.000000 0.000000 0.000000
1 34 -0.007720 0.001451 0.002481
2 34 -0.019212 0.005904 0.000867
3 34 -0.033723 0.016337 -0.002259
4 34 -0.053009 0.032045 -0.008843
5 34 -0.062063 0.047172 -0.016330
6 34 -0.049458 0.046678 -0.020094
7 34 0.006256 0.015990 -0.010167
8 34 0.079814 -0.032408 0.020143
9 34 0.113884 -0.063841 0.045994
10 34 0.049481 -0.037721 0.039031
11 34 -0.075243 0.020810 -0.020877
12 34 -0.111010 0.044052 -0.062580
13 34 -0.025884 0.016728 -0.032574
14 34 0.093575 -0.027345 0.037091
15 34 0.087874 -0.030473 0.067444
16 34 -0.062922 0.013534 -0.007035
17 34 -0.103634 0.029025 -0.074380
18 34 0.033825 -0.005946 -0.011585
19 34 0.091916 -0.023731 0.062480
20 34 -0.007322 -0.000753 0.022438
21 34 -0.070196 0.016091 -0.042275
22 34 -0.016490 0.004873 -0.028394
23 34 0.041929 -0.009127 0.019765
24 34 0.029520 -0.007213 0.027664
25 34 -0.012947 0.002175 0.000471
26 34 -0.029753 0.006221 -0.018956
27 34 -0.016653 0.003552 -0.015360
28 34 0.002383 -0.000589 -0.001993
29 34 0.011822 -0.002670 0.007017
30 34 0.011648 -0.002626 0.008629
31 34 0.007648 -0.001726 0.006288
32 34 0.003923 -0.000887 0.003463
33 34 0.001672 -0.000379 0.001560
34 34 0.000611 -0.000139 0.000598
35 34 0.000196 -0.000044 0.000199
36 34 0.000056 -0.000013 0.000059
37 34 0.000014 -0.000003 0.000016
38 34 0.000003 -0.000001 0.000004
39 34 0.000001 -0.000000 0.000001
40 34 0.000000 -0.000000 0.000000
41 34 0.000000 -0.000000 0.000000
42 34 0.000000 -0.000000 0.000000
43 34 0.000000 -0.000000 0.000000
44 34 0.000000 -0.000000 0.000000
45 34 0.000000 -0.000000 0.000000
46 34 0.000000 -0.000000 0.000000
47 34 0.000000 -0.000000 0.000000
48 34 0.000000 -0.000000 0.000000
49 34 0.000000 0.000000 0.000000

0 35 0.000000 0.000000 0.000000
1 35 -0.009744 0.007582 -0.003557
2 35 -0.020679 0.015969 -0.005223
3 35 -0.024711 0.023429 -0.006817
4 35 -0.027135 0.028067 -0.009623
5 35 -0.008110 0.022360 -0.008812
6 35 0.021484 0.001256 -0.001511
7 35 0.067527 -0.031891 0.011838
8 35 0.092110 -0.058911 0.032451
9 35 0.055233 -0.048674 0.028944
10 35 -0.029502 0.000023 0.003214
11 35 -0.114293 0.048549 -0.044458
12 35 -0.082814 0.047339 -0.054216
13 35 0.038441 -0.002823 0.000562
14 35 0.115635 -0.045680 0.056057
15 35 0.049977 -0.027072 0.049976
16 35 -0.094050 0.026630 -0.030578
17 35 -0.089848 0.031525 -0.071132
18 35 0.056488 -0.012571 0.005020
19 35 0.089779 -0.026906 0.065196
20 35 -0.020609 0.002081 0.013298
21 35 -0.072622 0.018747 -0.046365
22 35 -0.010083 0.004202 -0.024591
23 35 0.045430 -0.010901 0.023184
24 35 0.027602 -0.007680 0.026925
25 35 -0.015657 0.002926 -0.001641
26 35 -0.030304 0.007003 -0.019671
27 35 -0.015689 0.003760 -0.014737
28 35 0.003342 -0.000815 -0.001226
29 35 0.012170 -0.002997 0.007311
30 35 0.011561 -0.002867 0.008534
31 35 0.007443 -0.001856 0.006076
32 35 0.003765 -0.000942 0.003294
33 35 0.001586 -0.000398 0.001466
34 35 0.000574 -0.000145 0.000556
35 35 0.000182 -0.000046 0.000184
36 35 0.000052 -0.000013 0.000054
37 35 0.000013 -0.000003 0.000014
38 35 0.000003 -0.000001 0.000003
39 35 0.000001 -0.000000 0.000001
40 35 0.000000 -0.000000 0.000000
41 35 0.000000 -0.000000 0.000000
42 35 0.000000 -0.000000 0.000000
43 35 0.000000 -0.000000 0.000000
44 35 0.000000 -0.000000 0.000000
45 35 0.000000 -0.000000 0.000000
46 35 0.000000 -0.000000 0.000000
47 35 0.000000 -0.000000 0.000000
48 35 0.000000 -0.000000 0.000000
49 35 0.000000 0.000000 0.000000

0 36 0.000000 0.000000 0.000000
1 36 -0.001387 0.004044 -0.005652
2 36 -0.002380 0.007336 -0.006328
3 36 0.005655 0.005560 -0.004235
4 36 0.013571 0.000304 -0.003882
5 36 0.038736 -0.015445 0.003131
6 36 0.051984 -0.032651 0.009776
7 36 0.067263 -0.047774 0.017753
8 36 0.039454 -0.041326 0.021086
9 36 -0.020828 -0.004895 -0.000111
10 36 -0.078050 0.037117 -0.021851
11 36 -0.100944 0.057080 -0.047463
12 36 -0.009949 0.021381 -0.024813
13 36 0.091236 -0.036196 0.033889
14 36 0.091097 -0.049004 0.053426
15 36 -0.005788 -0.005675 0.019779
16 36 -0.108171 0.039907 -0.047356
17 36 -0.058616 0.025291 -0.057356
18 36 0.079566 -0.022796 0.023840
19 36 0.078915 -0.027559 0.063301
20 36 -0.038344 0.007458 0.000358
21 36 -0.072338 0.021139 -0.049643
22 36 -0.000053 0.002231 -0.018191
23 36 0.049090 -0.013033 0.027346
24 36 0.023804 -0.007645 0.025102
25 36 -0.019489 0.004107 -0.004742
26 36 -0.030587 0.007781 -0.020416
27 36 -0.013981 0.003755 -0.013634
28 36 0.004758 -0.001198 -0.000079
29 36 0.012584 -0.003358 0.007705
30 36 0.011354 -0.003073 0.008372
31 36 0.007107 -0.001940 0.005767
32 36 0.003522 -0.000968 0.003057
33 36 0.001460 -0.000403 0.001337
34 36 0.000522 -0.000145 0.000500
35 36 0.000164 -0.000045 0.000163
36 36 0.000046 -0.000013 0.000047
37 36 0.000011 -0.000003 0.000012
38 36 0.000003 -0.000001 0.000003
39 36 0.000001 -0.000000 0.000001
40 36 0.000000 -0.000000 0.000000
41 36 0.000000 -0.000000 0.000000
42 36 0.000000 -0.000000 0.000000
43 36 0.000000 -0.000000 0.000000
44 36 0.000000 -0.000000 0.000000
45 36 0.000000 -0.000000 0.000000
46 36 0.000000 -0.000000 0.000000
47 36 0.000000 -0.000000 0.000000
48 36 0.000000 -0.000000 0.000000
49 36 0.000000 0.000000 0.000000

0 37 0.000000 0.000000 0.000000
1 37 0.006633 -0.002727 -0.002647
2 37 0.013994 -0.006368 -0.002488
3 37 0.024293 -0.013345 0.001135
4 37 0.031881 -0.020712 0.001903
5 37 0.042958 -0.031499 0.008885
6 37 0.033191 -0.032751 0.008378
7 37 0.022155 -0.027787 0.009734
8 37 -0.026844 -0.000688 -0.000452
9 37 -0.063175 0.031115 -0.019858
10 37 -0.077584 0.048099 -0.027390
11 37 -0.045419 0.035856 -0.030642
12 37 0.057070 -0.017256 0.010100
13 37 0.092919 -0.049973 0.046369
14 37 0.041408 -0.028920 0.032401
15 37 -0.043811 0.016166 -0.005930
16 37 -0.101110 0.041587 -0.052300
17 37 -0.022323 0.012702 -0.038382
18 37 0.095867 -0.031577 0.040483
19 37 0.059552 -0.024233 0.056087
20 37 -0.057570 0.014515 -0.014937
21 37 -0.067448 0.022300 -0.050630
22 37 0.013274 -0.001265 -0.009083
23 37 0.051791 -0.015249 0.031501
24 37 0.017715 -0.006857 0.021768
25 37 -0.024142 0.005741 -0.008681
26 37 -0.030260 0.008460 -0.020915
27 37 -0.011453 0.003466 -0.011961
28 37 0.006545 -0.001751 0.001389
29 37 0.012977 -0.003736 0.008125
30 37 0.010993 -0.003229 0.008110
31 37 0.006638 -0.001972 0.005360
32 37 0.003206 -0.000960 0.002762
33 37 0.001302 -0.000392 0.001182
34 37 0.000457 -0.000138 0.000434
35 37 0.000141 -0.000043 0.000139
36 37 0.000039 -0.000012 0.000040
37 37 0.000010 -0.000003 0.000010
38 37 0.000002 -0.000001 0.000002
39 37 0.000000 -0.000000 0.000000
40 37 0.000000 -0.000000 0.000000
41 37 0.000000 -0.000000 0.000000
42 37 0.000000 -0.000000 0.000000
43 37 0.000000 -0.000000 0.000000
44 37 0.000000 -0.000000 0.000000
45 37 0.000000 -0.000000 0.000000
46 37 0.000000 -0.000000 0.000000
47 37 0.000000 -0.000000 0.000000
48 37 0.000000 -0.000000 0.000000
49 37 0.000000 0.000000 0.000000

0 38 0.000000 0.000000 0.000000
1 38 0.006608 -0.005636 0.001662
2 38 0.013467 -0.011477 0.001881
3 38 0.016347 -0.016344 0.003942
4 38 0.016512 -0.019217 0.003258
5 38 0.009227 -0.018218 0.005671
6 38 -0.010701 -0.007444 -0.000442
7 38 -0.030227 0.007328 -0.002831
8 38 -0.063958 0.032555 -0.015879
9 38 -0.059996 0.041787 -0.021824
10 38 -0.039714 0.034191 -0.016912
11 38 0.020813 0.001453 -0.004337
12 38 0.088467 -0.042179 0.033234
13 38 0.063187 -0.040738 0.037758
14 38 -0.000083 -0.006930 0.008895
15 38 -0.066420 0.027304 -0.023120
16 38 -0.087692 0.037763 -0.051300
17 38 0.016126 -0.000217 -0.016160
18 38 0.106412 -0.038247 0.054875
19 38 0.031848 -0.017709 0.042812
20 38 -0.076375 0.022457 -0.031679
21 38 -0.056247 0.021573 -0.047771
22 38 0.029194 -0.006307 0.002653
23 38 0.052112 -0.017126 0.034616
24 38 0.009045 -0.005059 0.016517
25 38 -0.029070 0.007765 -0.013133
26 38 -0.028899 0.008890 -0.020817
27 38 -0.008080 0.002824 -0.009656
28 38 0.008556 -0.002462 0.003077
29 38 0.013238 -0.004103 0.008479
30 38 0.010446 -0.003314 0.007719
31 38 0.006048 -0.001945 0.004861
32 38 0.002833 -0.000919 0.002423
33 38 0.001122 -0.000367 0.001010
34 38 0.000386 -0.000127 0.000363
35 38 0.000117 -0.000039 0.000114
36 38 0.000032 -0.000011 0.000032
37 38 0.000008 -0.000003 0.000008
38 38 0.000002 -0.000001 0.000002
39 38 0.000000 -0.000000 0.000000
40 38 0.000000 -0.000000 0.000000
41 38 0.000000 -0.000000 0.000000
42 38 0.000000 -0.000000 0.000000
43 38 0.000000 -0.000000 0.000000
44 38 0.000000 -0.000000 0.000000
45 38 0.000000 -0.000000 0.000000
46 38 0.000000 -0.000000 0.000000
47 38 0.000000 -0.000000 0.000000
48 38 0.000000 -0.000000 0.000000
49 38 0.000000 0.000000 0.000000

0 39 0.000000 0.000000 0.000000
1 39 -0.000733 -0.002171 0.002511
2 39 -0.001446 -0.003936 0.002275
3 39 -0.007820 -0.002380 0.001810
4 39 -0.014140 0.001000 -0.000156
5 39 -0.028460 0.010013 -0.001885
6 39 -0.040825 0.021569 -0.008013
7 39 -0.049100 0.032412 -0.009769
8 39 -0.048829 0.039452 -0.016173
9 39 -0.015320 0.025781 -0.008945
10 39 0.020059 0.003130 0.001682
11 39 0.071961 -0.031799 0.018487
12 39 0.081352 -0.048678 0.036582
13 39 0.019292 -0.022560 0.016696
14 39 -0.039990 0.011552 -0.012562
15 39 -0.086010 0.037676 -0.035977
16 39 -0.059020 0.032385 -0.041754
17 39 0.064183 -0.017441 0.012903
18 39 0.104872 -0.043780 0.063157
19 39 -0.008001 -0.006391 0.020336
20 39 -0.090785 0.031022 -0.047447
21 39 -0.036044 0.017845 -0.038620
22 39 0.046066 -0.012861 0.016271
23 39 0.048142 -0.018003 0.035175
24 39 -0.002159 -0.002006 0.009134
25 39 -0.033397 0.009989 -0.017505
26 39 -0.026062 0.008865 -0.019728
27 39 -0.003948 0.001782 -0.006737
28 39 0.010575 -0.003291 0.004823
29 39 0.013247 -0.004413 0.008664
30 39 0.009692 -0.003310 0.007175
31 39 0.005355 -0.001856 0.004286
32 39 0.002423 -0.000848 0.002058
33 39 0.000934 -0.000329 0.000833
34 39 0.000314 -0.000111 0.000292
35 39 0.000093 -0.000033 0.000090
36 39 0.000025 -0.000009 0.000025
37 39 0.000006 -0.000002 0.000006
38 39 0.000001 -0.000000 0.000001
39 39 0.000000 -0.000000 0.000000
40 39 0.000000 -0.000000 0.000000
41 39 0.000000 -0.000000 0.000000
42 39 0.000000 -0.000000 0.000000
43 39 0.000000 -0.000000 0.000000
44 39 0.000000 -0.000000 0.000000
45 39 0.000000 -0.000000 0.000000
46 39 0.000000 -0.000000 0.000000
47 39 0.000000 -0.000000 0.000000
48 39 0.000000 -0.000000 0.000000
49 39 0.000000 0.000000 0.000000

0 40 0.000000 0.000000 0.000000
1 40 -0.006416 0.003521 -0.000864
2 40 -0.012207 0.007230 -0.001290
3 40 -0.020348 0.013083 -0.002769
4 40 -0.024812 0.018400 -0.004209
5 40 -0.030968 0.025650 -0.006271
6 40 -0.026251 0.028085 -0.007975
7 40 -0.016299 0.026185 -0.006213
8 40 0.008099 0.013957 -0.003999
9 40 0.042990 -0.009658 0.007968
10 40 0.064655 -0.031069 0.016017
11 40 0.075546 -0.047669 0.024707
12 40 0.031744 -0.032664 0.019698
13 40 -0.037490 0.005783 -0.009338
14 40 -0.075880 0.034378 -0.029302
15 40 -0.078028 0.044673 -0.037068
16 40 0.002722 0.013116 -0.015595
17 40 0.107471 -0.041171 0.042549
18 40 0.073720 -0.040985 0.054833
19 40 -0.056859 0.012570 -0.010645
20 40 -0.090864 0.037369 -0.055689
21 40 -0.005502 0.009198 -0.021397
22 40 0.059815 -0.020152 0.029198
23 40 0.037871 -0.016810 0.031417
24 40 -0.015012 0.002381 0.000004
25 40 -0.035901 0.012016 -0.020894
26 40 -0.021443 0.008150 -0.017329
27 40 0.000683 0.000346 -0.003356
28 40 0.012328 -0.004154 0.006419
29 40 0.012899 -0.004612 0.008587
30 40 0.008736 -0.003202 0.006476
31 40 0.004593 -0.001708 0.003660
32 40 0.002002 -0.000752 0.001688
33 40 0.000749 -0.000283 0.000662
34 40 0.000245 -0.000093 0.000226
35 40 0.000071 -0.000027 0.000068
36 40 0.000019 -0.000007 0.000018
37 40 0.000004 -0.000002 0.000005
38 40 0.000001 -0.000000 0.000001
39 40 0.000000 -0.000000 0.000000
40 40 0.000000 -0.000000 0.000000
41 40 0.000000 -0.000000 0.000000
42 40 0.000000 -0.000000 0.000000
43 40 0.000000 -0.000000 0.000000
44 40 0.000000 -0.000000 0.000000
45 40 0.000000 -0.000000 0.000000
46 40 0.000000 -0.000000 0.000000
47 40 0.000000 -0.000000 0.000000
48 40 0.000000 -0.000000 0.000000
49 40 0.000000 0.000000 0.000000

0 41 0.000000 0.000000 0.000000
1 41 -0.003797 0.004605 -0.004185
2 41 -0.006363 0.008699 -0.004226
3 41 -0.007727 0.012390 -0.004832
4 41 -0.004331 0.013458 -0.004385
5 41 0.001562 0.012570 -0.004151
6 41 0.016460 0.005186 -0.001534
7 41 0.031968 -0.005472 0.002454
8 41 0.052383 -0.022117 0.007766
9 41 0.061842 -0.036096 0.014968
10 41 0.051648 -0.039165 0.014753
11 41 0.021613 -0.027674 0.011038
12 41 -0.037755 0.007128 -0.006344
13 41 -0.076700 0.039052 -0.027415
14 41 -0.069885 0.047440 -0.030011
15 41 -0.019084 0.028076 -0.017275
16 41 0.075062 -0.023108 0.019439
17 41 0.109445 -0.055919 0.054411
18 41 0.009434 -0.019902 0.025566
19 41 -0.094958 0.035027 -0.039458
20 41 -0.066644 0.035217 -0.049077
21 41 0.030332 -0.004828 0.001576
22 41 0.064230 -0.025778 0.037085
23 41 0.020736 -0.012427 0.022455
24 41 -0.027371 0.007673 -0.009520
25 41 -0.035299 0.013232 -0.022275
26 41 -0.015090 0.006568 -0.013556
27 41 0.005349 -0.001383 0.000169
28 41 0.013530 -0.004931 0.007638
29 41 0.012132 -0.004649 0.008190
30 41 0.007612 -0.002986 0.005645
31 41 0.003801 -0.001512 0.003015
32 41 0.001594 -0.000640 0.001334
33 41 0.000578 -0.000233 0.000506
34 41 0.000184 -0.000075 0.000168
35 41 0.000052 -0.000021 0.000050
36 41 0.000013 -0.000005 0.000013
37 41 0.000003 -0.000001 0.000003
38 41 0.000001 -0.000000 0.000001
39 41 0.000000 -0.000000 0.000000
40 41 0.000000 -0.000000 0.000000
41 41 0.000000 -0.000000 0.000000
42 41 0.000000 -0.000000 0.000000
43 41 0.000000 -0.000000 0.000000
44 41 0.000000 -0.000000 0.000000
45 41 0.000000 -0.000000 0.000000
46 41 0.000000 -0.000000 0.000000
47 41 0.000000 -0.000000 0.000000
48 41 0.000000 -0.000000 0.000000
49 41 0.000000 0.000000 0.000000

0 42 0.000000 0.000000 0.000000
1 42 0.002610 0.000079 -0.003505
2 42 0.006039 -0.000532 -0.003102
3 42 0.011040 -0.002510 -0.002581
4 42 0.018136 -0.006595 -0.000979
5 42 0.026210 -0.012523 0.000598
6 42 0.035400 -0.020792 0.003755
7 42 0.039135 -0.027496 0.006057
8 42 0.037737 -0.031882 0.008069
9 42 0.020243 -0.025824 0.007018
10 42 -0.008385 -0.009197 0.000165
11 42 -0.043334 0.016779 -0.008932
12 42 -0.071306 0.044388 -0.022079
13 42 -0.057713 0.049596 -0.024833
14 42 -0.008569 0.028682 -0.010460
15 42 0.057969 -0.011793 0.013040
16 42 0.104413 -0.051421 0.040237
17 42 0.055694 -0.041846 0.037959
18 42 -0.059014 0.015657 -0.011936
19 42 -0.097480 0.048164 -0.051086
20 42 -0.020178 0.020381 -0.026957
21 42 0.059381 -0.020501 0.023063
22 42 0.054606 -0.026349 0.036153
23 42 -0.000751 -0.004693 0.009497
24 42 -0.036203 0.012731 -0.017322
25 42 -0.030830 0.012988 -0.020947
26 42 -0.007574 0.004129 -0.008739
27 42 0.009458 -0.003192 0.003403
28 42 0.013958 -0.005487 0.008297
29 42 0.010956 -0.004489 0.007472
30 42 0.006384 -0.002672 0.004732
31 42 0.003028 -0.001284 0.002389
32 42 0.001220 -0.000522 0.001014
33 42 0.000428 -0.000184 0.000372
34 42 0.000133 -0.000057 0.000120
35 42 0.000037 -0.000016 0.000035
36 42 0.000009 -0.000004 0.000009
37 42 0.000002 -0.000001 0.000002
38 42 0.000000 -0.000000 0.000000
39 42 0.000000 -0.000000 0.000000
40 42 0.000000 -0.000000 0.000000
41 42 0.000000 -0.000000 0.000000
42 42 0.000000 -0.000000 0.000000
43 42 0.000000 -0.000000 0.000000
44 42 0.000000 -0.000000 0.000000
45 42 0.000000 -0.000000 0.000000
46 42 0.000000 -0.000000 0.000000
47 42 0.000000 -0.000000 0.000000
48 42 0.000000 -0.000000 0.000000
49 42 0.000000 0.000000 0.000000

0 43 0.000000 0.000000 0.000000
1 43 0.004330 -0.004042 0.000015
2 43 0.008389 -0.008208 0.000378
3 43 0.012188 -0.012731 0.000942
4 43 0.014483 -0.017011 0.001881
5 43 0.014532 -0.020463 0.002436
6 43 0.010430 -0.021508 0.002962
7 43 0.000054 -0.017836 0.001638
8 43 -0.015597 -0.008655 -0.000833
9 43 -0.037389 0.008099 -0.006237
10 43 -0.054578 0.026786 -0.012796
11 43 -0.060550 0.042232 -0.017389
12 43 -0.042405 0.043423 -0.017676
13 43 0.005482 0.021575 -0.005703
14 43 0.057820 -0.012293 0.013579
15 43 0.089220 -0.042462 0.029902
16 43 0.066700 -0.044179 0.032665
17 43 -0.020158 -0.001332 0.004856
18 43 -0.089781 0.045714 -0.036040
19 43 -0.057734 0.041409 -0.039088
20 43 0.031230 -0.002909 0.001900
21 43 0.069641 -0.030744 0.034986
22 43 0.032126 -0.019809 0.026173
23 43 -0.021129 0.004862 -0.004102
24 43 -0.038842 0.016022 -0.021392
25 43 -0.022787 0.010937 -0.016937
26 43 0.000080 0.001118 -0.003572
27 43 0.012443 -0.004798 0.005913
28 43 0.013522 -0.005712 0.008310
29 43 0.009457 -0.004132 0.006493
30 43 0.005137 -0.002286 0.003800
31 43 0.002316 -0.001043 0.001817
32 43 0.000897 -0.000407 0.000739
33 43 0.000305 -0.000139 0.000262
34 43 0.000092 -0.000042 0.000082
35 43 0.000025 -0.000011 0.000023
36 43 0.000006 -0.000003 0.000006
37 43 0.000001 -0.000001 0.000001
38 43 0.000000 -0.000000 0.000000
39 43 0.000000 -0.000000 0.000000
40 43 0.000000 -0.000000 0.000000
41 43 0.000000 -0.000000 0.000000
42 43 0.000000 -0.000000 0.000000
43 43 0.000000 -0.000000 0.000000
44 43 0.000000 -0.000000 0.000000
45 43 0.000000 -0.000000 0.000000
46 43 0.000000 -0.000000 0.000000
47 43 0.000000 -0.000000 0.000000
48 43 0.000000 -0.000000 0.000000
49 43 0.000000 0.000000 0.000000

0 44 0.000000 0.000000 0.000000
1 44 0.000873 -0.002837 0.001985
2 44 0.000903 -0.005259 0.001989
3 44 -0.000425 -0.006980 0.001904
4 44 -0.004342 -0.007118 0.001559
5 44 -0.010893 -0.005300 0.000609
6 44 -0.020829 -0.000487 -0.001032
7 44 -0.032660 0.007159 -0.003932
8 44 -0.043827 0.016689 -0.007233
9 44 -0.050292 0.025775 -0.010964
10 44 -0.044454 0.028806 -0.012388
11 44 -0.024468 0.022551 -0.009939
12 44 0.010931 0.003456 -0.002210
13 44 0.049006 -0.022742 0.010917
14 44 0.065976 -0.040548 0.020917
15 44 0.048504 -0.037637 0.020712
16 44 -0.007044 -0.005993 0.005525
17 44 -0.067612 0.038307 -0.022073
18 44 -0.066730 0.051440 -0.035248
19 44 0.003762 0.017774 -0.011832
20 44 0.065982 -0.022942 0.024824
21 44 0.058235 -0.029656 0.034018
22 44 0.004817 -0.007295 0.011315
23 44 -0.034184 0.013499 -0.014244
24 44 -0.034266 0.016410 -0.020761
25 44 -0.012536 0.007324 -0.011061
26 44 0.006722 -0.001948 0.001127
27 44 0.013960 -0.005926 0.007418
28 44 0.012304 -0.005558 0.007726
29 44 0.007781 -0.003613 0.005361
30 44 0.003957 -0.001867 0.002918
31 44 0.001699 -0.000810 0.001324
32 44 0.000633 -0.000304 0.000517
33 44 0.000208 -0.000100 0.000177
34 44 0.000061 -0.000030 0.000054
35 44 0.000016 -0.000008 0.000015
36 44 0.000004 -0.000002 0.000004
37 44 0.000001 -0.000000 0.000001
38 44 0.000000 -0.000000 0.000000
39 44 0.000000 -0.000000 0.000000
40 44 0.000000 -0.000000 0.000000
41 44 0.000000 -0.000000 0.000000
42 44 0.000000 -0.000000 0.000000
43 44 0.000000 -0.000000 0.000000
44 44 0.000000 -0.000000 0.000000
45 44 0.000000 -0.000000 0.000000
46 44 0.000000 -0.000000 0.000000
47 44 0.000000 -0.000000 0.000000
48 44 0.000000 -0.000000 0.000000
49 44 0.000000 0.000000 0.000000

0 45 0.000000 0.000000 0.000000
1 45 -0.002226 0.001638 0.000173
2 45 -0.004821 0.003643 -0.000022
3 45 -0.007904 0.006227 -0.000414
4 45 -0.011708 0.009669 -0.001100
5 45 -0.015562 0.013622 -0.002034
6 45 -0.018990 0.017750 -0.003172
7 45 -0.019949 0.020459 -0.004275
8 45 -0.016907 0.020122 -0.004662
9 45 -0.007816 0.014375 -0.003924
10 45 0.007765 0.001647 -0.000828
11 45 0.025771 -0.016348 0.004058
12 45 0.040188 -0.035419 0.009781
13 45 0.038781 -0.045245 0.013128
14 45 0.014270 -0.036577 0.008855
15 45 -0.026737 -0.008921 -0.003450
16 45 -0.065828 0.027893 -0.020180
17 45 -0.068640 0.048228 -0.030294
18 45 -0.016192 0.030585 -0.017781
19 45 0.051537 -0.008435 0.013089
20 45 0.071407 -0.029034 0.032979
21 45 0.033301 -0.016720 0.023253
22 45 -0.016341 0.007368 -0.002089
23 45 -0.035669 0.018877 -0.017953
24 45 -0.023354 0.013920 -0.015787
25 45 -0.001838 0.003011 -0.004498
26 45 0.011570 -0.004469 0.004755
27 45 0.014033 -0.006399 0.007901
28 45 0.010546 -0.005053 0.006712
29 45 0.006098 -0.002993 0.004206
30 45 0.002915 -0.001451 0.002141
31 45 0.001194 -0.000600 0.000924
32 45 0.000428 -0.000216 0.000347
33 45 0.000136 -0.000069 0.000115
34 45 0.000039 -0.000020 0.000034
35 45 0.000010 -0.000005 0.000009
36 45 0.000002 -0.000001 0.000002
37 45 0.000001 -0.000000 0.000000
38 45 0.000000 -0.000000 0.000000
39 45 0.000000 -0.000000 0.000000
40 45 0.000000 -0.000000 0.000000
41 45 0.000000 -0.000000 0.000000
42 45 0.000000 -0.000000 0.000000
43 45 0.000000 -0.000000 0.000000
44 45 0.000000 -0.000000 0.000000
45 45 0.000000 -0.000000 0.000000
46 45 0.000000 -0.000000 0.000000
47 45 0.000000 -0.000000 0.000000
48 45 0.000000 -0.000000 0.000000
49 45 0.000000 0.000000 0.000000

0 46 0.000000 0.000000 0.000000
1 46 -0.002881 0.003253 -0.002634
2 46 -0.005367 0.006547 -0.002798
3 46 -0.006940 0.009802 -0.003052
4 46 -0.007010 0.012787 -0.003324
5 46 -0.004683 0.014881 -0.003357
6 46 0.000691 0.015331 -0.002936
7 46 0.009883 0.012896 -0.001649
8 46 0.022257 0.006849 0.000776
9 46 0.036259 -0.003217 0.004324
10 46 0.047648 -0.015766 0.008604
11 46 0.050364 -0.027185 0.011876
12 46 0.038758 -0.032498 0.012211
13 46 0.009330 -0.026101 0.007012
14 46 -0.031068 -0.007938 -0.004405
15 46 -0.065700 0.014820 -0.018007
16 46 -0.074065 0.029360 -0.026901
17 46 -0.041335 0.021876 -0.022248
18 46 0.017407 -0.004848 -0.001547
19 46 0.056318 -0.025796 0.020492
20 46 0.045767 -0.020813 0.024022
21 46 0.005137 0.002057 0.008005
22 46 -0.024708 0.019730 -0.009834
23 46 -0.025353 0.020455 -0.014812
24 46 -0.008102 0.009963 -0.007758
25 46 0.008187 -0.000711 0.001873
26 46 0.014691 -0.005893 0.007255
27 46 0.013146 -0.006146 0.007662
28 46 0.008629 -0.004275 0.005538
29 46 0.004587 -0.002340 0.003162
30 46 0.002065 -0.001072 0.001509
31 46 0.000807 -0.000423 0.000620
32 46 0.000279 -0.000147 0.000224
33 46 0.000086 -0.000046 0.000072
34 46 0.000024 -0.000013 0.000021
35 46 0.000006 -0.000003 0.000005
36 46 0.000001 -0.000001 0.000001
37 46 0.000000 -0.000000 0.000000
38 46 0.000000 -0.000000 0.000000
39 46 0.000000 -0.000000 0.000000
40 46 0.000000 -0.000000 0.000000
41 46 0.000000 -0.000000 0.000000
42 46 0.000000 -0.000000 0.000000
43 46 0.000000 -0.000000 0.000000
44 46 0.000000 -0.000000 0.000000
45 46 0.000000 -0.000000 0.000000
46 46 0.000000 -0.000000 0.000000
47 46 0.000000 -0.000000 0.000000
48 46 0.000000 -0.000000 0.000000
49 46 0.000000 0.000000 0.000000

0 47 0.000000 0.000000 0.000000
1 47 -0.001238 0.000066 -0.002124
2 47 -0.002117 -0.000066 -0.002168
3 47 -0.002261 -0.000597 -0.002206
4 47 -0.001263 -0.001736 -0.002172
5 47 0.001257 -0.003646 -0.001912
6 47 0.005477 -0.006336 -0.001321
7 47 0.011283 -0.009596 -0.000227
8 47 0.017709 -0.012631 0.001336
9 47 0.023201 -0.014289 0.003182
10 47 0.025065 -0.012728 0.004765
11 47 0.020827 -0.006516 0.005121
12 47 0.009288 0.004534 0.003482
13 47 -0.007871 0.018115 -0.000684
14 47 -0.023796 0.027982 -0.006192
15 47 -0.029860 0.027007 -0.010106
16 47 -0.019984 0.011158 -0.009379
17 47 0.003341 -0.015358 -0.002278
18 47 0.022938 -0.036092 0.007438
19 47 0.019708 -0.033818 0.010436
20 47 -0.003831 -0.010027 0.002341
21 47 -0.024697 0.015466 -0.009362
22 47 -0.025392 0.025371 -0.013770
23 47 -0.009373 0.018954 -0.008266
24 47 0.008379 0.006609 0.001138
25 47 0.017437 -0.002469 0.007693
26 47 0.017206 -0.005728 0.009213
27 47 0.012332 -0.005116 0.007358
28 47 0.007122 -0.003272 0.004598
29 47 0.003469 -0.001689 0.002387
30 47 0.001463 -0.000739 0.001063
31 47 0.000543 -0.000281 0.000414
32 47 0.000180 -0.000095 0.000143
33 47 0.000054 -0.000029 0.000044
34 47 0.000014 -0.000008 0.000012
35 47 0.000004 -0.000002 0.000003
36 47 0.000001 -0.000000 0.000001
37 47 0.000000 -0.000000 0.000000
38 47 0.000000 -0.000000 0.000000
39 47 0.000000 -0.000000 0.000000
40 47 0.000000 -0.000000 0.000000
41 47 0.000000 -0.000000 0.000000
42 47 0.000000 -0.000000 0.000000
43 47 0.000000 -0.000000 0.000000
44 47 0.000000 -0.000000 0.000000
45 47 0.000000 -0.000000 0.000000
46 47 0.000000 -0.000000 0.000000
47 47 0.000000 -0.000000 0.000000
48 47 0.000000 -0.000000 0.000000
49 47 0.000000 0.000000 0.000000

0 48 0.000000 0.000000 0.000000
1 48 0.003150 -0.002023 0.000146
2 48 0.006159 -0.004358 0.000342
3 48 0.008791 -0.007248 0.000713
4 48 0.010680 -0.010820 0.001201
5 48 0.011215 -0.014940 0.001704
6 48 0.009637 -0.019127 0.002021
7 48 0.005089 -0.022413 0.001898
8 48 -0.003033 -0.023321 0.000959
9 48 -0.014514 -0.020182 -0.001055
10 48 -0.027858 -0.011546 -0.004244
11 48 -0.039410 0.002538 -0.008115
12 48 -0.044028 0.019715 -0.011387
13 48 -0.036191 0.034605 -0.012142
14 48 -0.013274 0.039781 -0.008183
15 48 0.019858 0.029890 0.000999
16 48 0.050212 0.005768 0.012768
17 48 0.059856 -0.022347 0.021172
18 48 0.036829 -0.037550 0.018721
19 48 -0.008995 -0.029859 0.003391
20 48 -0.047700 -0.007050 -0.015760
21 48 -0.055020 0.012960 -0.025199
22 48 -0.032763 0.019047 -0.019718
23 48 -0.001790 0.013365 -0.005788
24 48 0.019125 0.004432 0.006521
25 48 0.024819 -0.001617 0.011929
26 48 0.020423 -0.003603 0.011246
27 48 0.013036 -0.003125 0.007855
28 48 0.006905 -0.001949 0.004464
29 48 0.003138 -0.000984 0.002152
30 48 0.001249 -0.000422 0.000902
31 48 0.000442 -0.000158 0.000334
32 48 0.000140 -0.000052 0.000110
33 48 0.000040 -0.000015 0.000033
34 48 0.000010 -0.000004 0.000009
35 48 0.000002 -0.000001 0.000002
36 48 0.000001 -0.000000 0.000000
37 48 0.000000 -0.000000 0.000000
38 48 0.000000 -0.000000 0.000000
39 48 0.000000 -0.000000 0.000000
40 48 0.000000 -0.000000 0.000000
41 48 0.000000 -0.000000 0.000000
42 48 0.000000 -0.000000 0.000000
43 48 0.000000 -0.000000 0.000000
44 48 0.000000 -0.000000 0.000000
45 48 0.000000 -0.000000 0.000000
46 48 0.000000 -0.000000 0.000000
47 48 0.000000 -0.000000 0.000000
48 48 0.000000 -0.000000 0.000000
49 48 0.000000 0.000000 0.000000

0 49 0.000000 0.000000 0.000000
1 49 0.000000 0.000000 0.000000
2 49 0.000000 0.000000 0.000000
3 49 0.000000 0.000000 0.000000
4 49 0.000000 0.000000 0.000000
5 49 0.000000 0.000000 0.000000
6 49 0.000000 0.000000 0.000000
7 49 0.000000 0.000000 0.000000
8 49 0.000000 0.000000 0.000000
9 49 0.000000 0.000000 0.000000
10 49 0.000000 0.000000 0.000000
11 49 0.000000 0.000000 0.000000
12 49 0.000000 0.000000 0.000000
13 49 0.000000 0.000000 0.000000
14 49 0.000000 0.000000 0.000000
15 49 0.000000 0.000000 0.000000
16 49 0.000000 0.000000 0.000000
17 49 0.000000 0.000000 0.000000
18 49 0.000000 0.000000 0.000000
19 49 0.000000 0.000000 0.000000
20 49 0.000000 0.000000 0.000000
21 49 0.000000 0.000000 0.000000
22 49 0.000000 0.000000 0.000000
23 49 0.000000 0.000000 0.000000
24 49 0.000000 0.000000 0.000000
25 49 0.000000 0.000000 0.000000
26 49 0.000000 0.000000 0.000000
27 49 0.000000 0.000000 0.000000
28 49 0.000000 0.000000 0.000000
29 49 0.000000 0.000000 0.000000
30 49 0.000000 0.000000 0.000000
31 49 0.000000 0.000000 0.000000
32 49 0.000000 0.000000 0.000000
33 49 0.000000 0.000000 0.000000
34 49 0.000000 0.000000 0.000000
35 49 0.000000 0.000000 0.000000
36 49 0.000000 0.000000 0.000000
37 49 0.000000 0.000000 0.000000
38 49 0.000000 0.000000 0.000000
39 49 0.000000 0.000000 0.000000
40 49 0.000000 0.000000 0.000000
41 49 0.000000 0.000000 0.000000
42 49 0.000000 0.000000 0.000000
43 49 0.000000 0.000000 0.000000
44 49 0.000000 0.000000 0.000000
45 49 0.000000 0.000000 0.000000
46 49 0.000000 0.000000 0.000000
47 49 0.000000 0.000000 0.000000
48 49 0.000000 0.000000 0.000000
49 49 0.000000 0.000000 0.000000

