#:x y Ey Bx Bz
0 0 0.000000 0.000000 0.000000
1 0 0.000000 0.000000 0.000000
2 0 0.000000 0.000000 0.000000
3 0 0.000000 0.000000 0.000000
4 0 0.000000 0.000000 0.000000
5 0 0.000000 0.000000 0.000000
6 0 0.000000 0.000000 0.000000
7 0 0.000000 0.000000 0.000000
8 0 0.000000 0.000000 0.000000
9 0 0.000000 0.000000 0.000000
10 0 0.000000 0.000000 0.000000
11 0 0.000000 0.000000 0.000000
12 0 0.000000 0.000000 0.000000
13 0 0.000000 0.000000 0.000000
14 0 0.000000 0.000000 0.000000
15 0 0.000000 0.000000 0.000000
16 0 0.000000 0.000000 0.000000
17 0 0.000000 0.000000 0.000000
18 0 0.000000 0.000000 0.000000
19 0 0.000000 0.000000 0.000000
20 0 0.000000 0.000000 0.000000
21 0 0.000000 0.000000 0.000000
22 0 0.000000 0.000000 0.000000
23 0 0.000000 0.000000 0.000000
24 0 0.000000 0.000000 0.000000
25 0 0.000000 0.000000 0.000000
26 0 0.000000 0.000000 0.000000
27 0 0.000000 0.000000 0.000000
28 0 0.000000 0.000000 0.000000
29 0 0.000000 0.000000 0.000000
30 0 0.000000 0.000000 0.000000
31 0 0.000000 0.000000 0.000000
32 0 0.000000 0.000000 0.000000
33 0 0.000000 0.000000 0.000000
34 0 0.000000 0.000000 0.000000
35 0 0.000000 0.000000 0.000000
36 0 0.000000 0.000000 0.000000
37 0 0.000000 0.000000 0.000000
38 0 0.000000 0.000000 0.000000
39 0 0.000000 0.000000 0.000000
40 0 0.000000 0.000000 0.000000
41 0 0.000000 0.000000 0.000000
42 0 0.000000 0.000000 0.000000
43 0 0.000000 0.000000 0.000000
44 0 0.000000 0.000000 0.000000
45 0 0.000000 0.000000 0.000000
46 0 0.000000 0.000000 0.000000
47 0 0.000000 0.000000 0.000000
48 0 0.000000 0.000000 0.000000
49 0 0.000000 0.000000 0.000000

0 1 0.000000 0.000000 0.000000
1 1 0.000437 0.000705 -0.000705
2 1 0.000899 0.001365 -0.000660
3 1 0.001395 0.001932 -0.000567
4 1 0.001912 0.002359 -0.000426
5 1 0.002403 0.002599 -0.000240
6 1 0.002795 0.002623 -0.000024
7 1 0.002997 0.002427 0.000196
8 1 0.002940 0.002048 0.000379
9 1 0.002607 0.001561 0.000487
10 1 0.002059 0.001062 0.000499
11 1 0.001431 0.000638 0.000423
12 1 0.000866 0.000337 0.000302
13 1 0.000454 0.000155 0.000182
14 1 0.000206 0.000062 0.000093
15 1 0.000081 0.000022 0.000040
16 1 0.000028 0.000007 0.000015
17 1 0.000008 0.000002 0.000005
18 1 0.000002 0.000000 0.000001
19 1 0.000001 0.000000 0.000000
20 1 0.000000 0.000000 0.000000
21 1 0.000000 0.000000 0.000000
22 1 0.000000 0.000000 0.000000
23 1 0.000000 0.000000 0.000000
24 1 0.000000 0.000000 0.000000
25 1 0.000000 0.000000 0.000000
26 1 0.000000 0.000000 0.000000
27 1 0.000000 0.000000 0.000000
28 1 0.000000 0.000000 0.000000
29 1 0.000000 0.000000 0.000000
30 1 0.000000 0.000000 0.000000
31 1 0.000000 0.000000 0.000000
32 1 0.000000 0.000000 0.000000
33 1 0.000000 0.000000 0.000000
34 1 0.000000 0.000000 0.000000
35 1 0.000000 0.000000 0.000000
36 1 0.000000 0.000000 0.000000
37 1 0.000000 0.000000 0.000000
38 1 0.000000 0.000000 0.000000
39 1 0.000000 0.000000 0.000000
40 1 0.000000 0.000000 0.000000
41 1 0.000000 0.000000 0.000000
42 1 0.000000 0.000000 0.000000
43 1 0.000000 0.000000 0.000000
44 1 0.000000 0.000000 0.000000
45 1 0.000000 0.000000 0.000000
46 1 0.000000 0.000000 0.000000
47 1 0.000000 0.000000 0.000000
48 1 0.000000 0.000000 0.000000
49 1 0.000000 0.000000 0.000000

0 2 0.000000 0.000000 0.000000
1 2 0.000133 0.000657 -0.001450
2 2 0.000385 0.001326 -0.001421
3 2 0.000858 0.002005 -0.001346
4 2 0.001616 0.002675 -0.001199
5 2 0.002659 0.003283 -0.000947
6 2 0.003893 0.003753 -0.000572
7 2 0.005124 0.003991 -0.000083
8 2 0.006068 0.003918 0.000464
9 2 0.006438 0.003508 0.000964
10 2 0.006058 0.002822 0.001294
11 2 0.004992 0.002009 0.001362
12 2 0.003560 0.001252 0.001172
13 2 0.002184 0.000678 0.000838
14 2 0.001150 0.000318 0.000502
15 2 0.000521 0.000130 0.000254
16 2 0.000204 0.000046 0.000109
17 2 0.000070 0.000014 0.000041
18 2 0.000021 0.000004 0.000013
19 2 0.000005 0.000001 0.000004
20 2 0.000001 0.000000 0.000001
21 2 0.000000 0.000000 0.000000
22 2 0.000000 0.000000 0.000000
23 2 0.000000 0.000000 0.000000
24 2 0.000000 0.000000 0.000000
25 2 0.000000 0.000000 0.000000
26 2 0.000000 0.000000 0.000000
27 2 0.000000 0.000000 0.000000
28 2 0.000000 0.000000 0.000000
29 2 0.000000 0.000000 0.000000
30 2 0.000000 0.000000 0.000000
31 2 0.000000 0.000000 0.000000
32 2 0.000000 0.000000 0.000000
33 2 0.000000 0.000000 0.000000
34 2 0.000000 0.000000 0.000000
35 2 0.000000 0.000000 0.000000
36 2 0.000000 0.000000 0.000000
37 2 0.000000 0.000000 0.000000
38 2 0.000000 0.000000 0.000000
39 2 0.000000 0.000000 0.000000
40 2 0.000000 0.000000 0.000000
41 2 0.000000 0.000000 0.000000
42 2 0.000000 0.000000 0.000000
43 2 0.000000 0.000000 0.000000
44 2 0.000000 0.000000 0.000000
45 2 0.000000 0.000000 0.000000
46 2 0.000000 0.000000 0.000000
47 2 0.000000 0.000000 0.000000
48 2 0.000000 0.000000 0.000000
49 2 0.000000 0.000000 0.000000

0 3 0.000000 0.000000 0.000000
1 3 -0.001248 -0.000103 -0.001373
2 3 -0.002364 -0.000110 -0.001465
3 3 -0.003189 0.000075 -0.001625
4 3 -0.003532 0.000532 -0.001808
5 3 -0.003177 0.001312 -0.001935
6 3 -0.001941 0.002394 -0.001901
7 3 0.000234 0.003656 -0.001591
8 3 0.003151 0.004855 -0.000924
9 3 0.006269 0.005668 0.000077
10 3 0.008768 0.005803 0.001235
11 3 0.009809 0.005158 0.002219
12 3 0.009037 0.003941 0.002676
13 3 0.006920 0.002573 0.002481
14 3 0.004434 0.001435 0.001847
15 3 0.002396 0.000685 0.001129
16 3 0.001102 0.000282 0.000576
17 3 0.000435 0.000101 0.000249
18 3 0.000149 0.000031 0.000092
19 3 0.000045 0.000009 0.000030
20 3 0.000012 0.000002 0.000008
21 3 0.000003 0.000000 0.000002
22 3 0.000001 0.000000 0.000000
23 3 0.000000 0.000000 0.000000
24 3 0.000000 0.000000 0.000000
25 3 0.000000 0.000000 0.000000
26 3 0.000000 0.000000 0.000000
27 3 0.000000 0.000000 0.000000
28 3 0.000000 0.000000 0.000000
29 3 0.000000 0.000000 0.000000
30 3 0.000000 0.000000 0.000000
31 3 0.000000 0.000000 0.000000
32 3 0.000000 0.000000 0.000000
33 3 0.000000 0.000000 0.000000
34 3 0.000000 0.000000 0.000000
35 3 0.000000 0.000000 0.000000
36 3 0.000000 0.000000 0.000000
37 3 0.000000 0.000000 0.000000
38 3 0.000000 0.000000 0.000000
39 3 0.000000 0.000000 0.000000
40 3 0.000000 0.000000 0.000000
41 3 0.000000 0.000000 0.000000
42 3 0.000000 0.000000 0.000000
43 3 0.000000 0.000000 0.000000
44 3 0.000000 0.000000 0.000000
45 3 0.000000 0.000000 0.000000
46 3 0.000000 0.000000 0.000000
47 3 0.000000 0.000000 0.000000
48 3 0.000000 0.000000 0.000000
49 3 0.000000 0.000000 0.000000

0 4 0.000000 0.000000 0.000000
1 4 -0.001483 -0.001127 0.000003
2 4 -0.003131 -0.002235 -0.000134
3 4 -0.005055 -0.003266 -0.000429
4 4 -0.007249 -0.004097 -0.000909
5 4 -0.009512 -0.004519 -0.001584
6 4 -0.011375 -0.004267 -0.002400
7 4 -0.012122 -0.003091 -0.003202
8 4 -0.010896 -0.000906 -0.003693
9 4 -0.007133 0.002034 -0.003486
10 4 -0.001054 0.005059 -0.002290
11 4 0.005921 0.007209 -0.000138
12 4 0.011311 0.007714 0.002325
13 4 0.013094 0.006582 0.004036
14 4 0.011305 0.004594 0.004333
15 4 0.007749 0.002666 0.003464
16 4 0.004354 0.001304 0.002197
17 4 0.002048 0.000544 0.001142
18 4 0.000820 0.000196 0.000498
19 4 0.000282 0.000061 0.000185
20 4 0.000085 0.000017 0.000059
21 4 0.000022 0.000004 0.000017
22 4 0.000005 0.000001 0.000004
23 4 0.000001 0.000000 0.000001
24 4 0.000000 0.000000 0.000000
25 4 0.000000 0.000000 0.000000
26 4 0.000000 0.000000 0.000000
27 4 0.000000 0.000000 0.000000
28 4 0.000000 0.000000 0.000000
29 4 0.000000 0.000000 0.000000
30 4 0.000000 0.000000 0.000000
31 4 0.000000 0.000000 0.000000
32 4 0.000000 0.000000 0.000000
33 4 0.000000 0.000000 0.000000
34 4 0.000000 0.000000 0.000000
35 4 0.000000 0.000000 0.000000
36 4 0.000000 0.000000 0.000000
37 4 0.000000 0.000000 0.000000
38 4 0.000000 0.000000 0.000000
39 4 0.000000 0.000000 0.000000
40 4 0.000000 0.000000 0.000000
41 4 0.000000 0.000000 0.000000
42 4 0.000000 0.000000 0.000000
43 4 0.000000 0.000000 0.000000
44 4 0.000000 0.000000 0.000000
45 4 0.000000 0.000000 0.000000
46 4 0.000000 0.000000 0.000000
47 4 0.000000 0.000000 0.000000
48 4 0.000000 0.000000 0.000000
49 4 0.000000 0.000000 0.000000

0 5 0.000000 0.000000 0.000000
1 5 0.001566 -0.000157 0.000457
2 5 0.002846 -0.000542 0.000581
3 5 0.003481 -0.001368 0.000782
4 5 0.003043 -0.002788 0.000950
5 5 0.001019 -0.004832 0.000912
6 5 -0.002943 -0.007280 0.000421
7 5 -0.008775 -0.009594 -0.000739
8 5 -0.015544 -0.010858 -0.002673
9 5 -0.021068 -0.010055 -0.005041
10 5 -0.022501 -0.006578 -0.006984
11 5 -0.017349 -0.000873 -0.007238
12 5 -0.005930 0.005087 -0.004712
13 5 0.006839 0.008780 -0.000014
14 5 0.014771 0.009106 0.004364
15 5 0.015613 0.007022 0.006260
16 5 0.011774 0.004308 0.005590
17 5 0.006961 0.002176 0.003735
18 5 0.003370 0.000925 0.001994
19 5 0.001371 0.000337 0.000881
20 5 0.000477 0.000106 0.000329
21 5 0.000144 0.000029 0.000106
22 5 0.000038 0.000007 0.000030
23 5 0.000009 0.000002 0.000007
24 5 0.000002 0.000000 0.000002
25 5 0.000000 0.000000 0.000000
26 5 0.000000 0.000000 0.000000
27 5 0.000000 0.000000 0.000000
28 5 0.000000 0.000000 0.000000
29 5 0.000000 0.000000 0.000000
30 5 0.000000 0.000000 0.000000
31 5 0.000000 0.000000 0.000000
32 5 0.000000 0.000000 0.000000
33 5 0.000000 0.000000 0.000000
34 5 0.000000 0.000000 0.000000
35 5 0.000000 0.000000 0.000000
36 5 0.000000 0.000000 0.000000
37 5 0.000000 0.000000 0.000000
38 5 0.000000 0.000000 0.000000
39 5 0.000000 0.000000 0.000000
40 5 0.000000 0.000000 0.000000
41 5 0.000000 0.000000 0.000000
42 5 0.000000 0.000000 0.000000
43 5 0.000000 0.000000 0.000000
44 5 0.000000 0.000000 0.000000
45 5 0.000000 0.000000 0.000000
46 5 0.000000 0.000000 0.000000
47 5 0.000000 0.000000 0.000000
48 5 0.000000 0.000000 0.000000
49 5 0.000000 0.000000 0.000000

0 6 0.000000 0.000000 0.000000
1 6 0.001948 0.001997 -0.001853
2 6 0.004298 0.003963 -0.001641
3 6 0.007368 0.005768 -0.001151
4 6 0.011178 0.007131 -0.000326
5 6 0.015387 0.007536 0.000912
6 6 0.018778 0.006314 0.002436
7 6 0.019608 0.002868 0.003873
8 6 0.015373 -0.002934 0.004482
9 6 0.004541 -0.009977 0.003107
10 6 -0.011611 -0.015859 -0.000815
11 6 -0.028011 -0.017272 -0.006855
12 6 -0.034942 -0.012022 -0.012246
13 6 -0.025586 -0.002224 -0.012366
14 6 -0.005584 0.006556 -0.006002
15 6 0.011705 0.010284 0.002363
16 6 0.018240 0.009218 0.007425
17 6 0.015686 0.006086 0.007829
18 6 0.009872 0.003201 0.005598
19 6 0.004944 0.001393 0.003088
20 6 0.002051 0.000514 0.001387
21 6 0.000722 0.000164 0.000523
22 6 0.000220 0.000045 0.000169
23 6 0.000058 0.000011 0.000047
24 6 0.000014 0.000002 0.000012
25 6 0.000003 0.000000 0.000003
26 6 0.000001 0.000000 0.000000
27 6 0.000000 0.000000 0.000000
28 6 0.000000 0.000000 0.000000
29 6 0.000000 0.000000 0.000000
30 6 0.000000 0.000000 0.000000
31 6 0.000000 0.000000 0.000000
32 6 0.000000 0.000000 0.000000
33 6 0.000000 0.000000 0.000000
34 6 0.000000 0.000000 0.000000
35 6 0.000000 0.000000 0.000000
36 6 0.000000 0.000000 0.000000
37 6 0.000000 0.000000 0.000000
38 6 0.000000 0.000000 0.000000
39 6 0.000000 0.000000 0.000000
40 6 0.000000 0.000000 0.000000
41 6 0.000000 0.000000 0.000000
42 6 0.000000 0.000000 0.000000
43 6 0.000000 0.000000 0.000000
44 6 0.000000 0.000000 0.000000
45 6 0.000000 0.000000 0.000000
46 6 0.000000 0.000000 0.000000
47 6 0.000000 0.000000 0.000000
48 6 0.000000 0.000000 0.000000
49 6 0.000000 0.000000 0.000000

0 7 0.000000 0.000000 0.000000
1 7 -0.003736 -0.000374 -0.001869
2 7 -0.007181 -0.000311 -0.002173
3 7 -0.009747 0.000667 -0.002742
4 7 -0.010657 0.002926 -0.003348
5 7 -0.008579 0.006760 -0.003763
6 7 -0.002157 0.011777 -0.003260
7 7 0.008973 0.016905 -0.001421
8 7 0.023882 0.019797 0.002437
9 7 0.036651 0.017442 0.007628
10 7 0.039657 0.008193 0.011665
11 7 0.025140 -0.006755 0.011373
12 7 -0.007725 -0.020362 0.002747
13 7 -0.039402 -0.023000 -0.011599
14 7 -0.044889 -0.013102 -0.019900
15 7 -0.023386 0.000684 -0.014881
16 7 0.003574 0.009241 -0.002439
17 7 0.018083 0.010465 0.007116
18 7 0.018566 0.007582 0.009643
19 7 0.012546 0.004180 0.007476
20 7 0.006513 0.001869 0.004277
21 7 0.002757 0.000701 0.001957
22 7 0.000983 0.000225 0.000745
23 7 0.000301 0.000063 0.000242
24 7 0.000081 0.000015 0.000068
25 7 0.000019 0.000003 0.000017
26 7 0.000004 0.000001 0.000004
27 7 0.000001 0.000000 0.000001
28 7 0.000000 0.000000 0.000000
29 7 0.000000 0.000000 0.000000
30 7 0.000000 0.000000 0.000000
31 7 0.000000 0.000000 0.000000
32 7 0.000000 0.000000 0.000000
33 7 0.000000 0.000000 0.000000
34 7 0.000000 0.000000 0.000000
35 7 0.000000 0.000000 0.000000
36 7 0.000000 0.000000 0.000000
37 7 0.000000 0.000000 0.000000
38 7 0.000000 0.000000 0.000000
39 7 0.000000 0.000000 0.000000
40 7 0.000000 0.000000 0.000000
41 7 0.000000 0.000000 0.000000
42 7 0.000000 0.000000 0.000000
43 7 0.000000 0.000000 0.000000
44 7 0.000000 0.000000 0.000000
45 7 0.000000 0.000000 0.000000
46 7 0.000000 0.000000 0.000000
47 7 0.000000 0.000000 0.000000
48 7 0.000000 0.000000 0.000000
49 7 0.000000 0.000000 0.000000

0 8 0.000000 0.000000 0.000000
1 8 -0.000608 -0.002908 0.001786
2 8 -0.002113 -0.006077 0.001686
3 8 -0.005787 -0.009572 0.001265
4 8 -0.011812 -0.013063 0.000326
5 8 -0.021060 -0.015692 -0.001549
6 8 -0.031082 -0.015625 -0.004611
7 8 -0.039019 -0.011206 -0.008065
8 8 -0.038319 -0.000546 -0.011205
9 8 -0.021295 0.014506 -0.009978
10 8 0.010133 0.028359 -0.002789
11 8 0.048202 0.032413 0.010222
12 8 0.066140 0.017914 0.023820
13 8 0.035452 -0.008848 0.021498
14 8 -0.022515 -0.026449 -0.001201
15 8 -0.054125 -0.022841 -0.022790
16 8 -0.040202 -0.006912 -0.023760
17 8 -0.007043 0.006230 -0.008928
18 8 0.015435 0.010422 0.005355
19 8 0.019912 0.008430 0.010671
20 8 0.014479 0.004888 0.009025
21 8 0.007778 0.002247 0.005350
22 8 0.003355 0.000857 0.002490
23 8 0.001209 0.000278 0.000957
24 8 0.000373 0.000078 0.000312
25 8 0.000100 0.000019 0.000088
26 8 0.000024 0.000004 0.000022
27 8 0.000005 0.000001 0.000005
28 8 0.000001 0.000000 0.000001
29 8 0.000000 0.000000 0.000000
30 8 0.000000 0.000000 0.000000
31 8 0.000000 0.000000 0.000000
32 8 0.000000 0.000000 0.000000
33 8 0.000000 0.000000 0.000000
34 8 0.000000 0.000000 0.000000
35 8 0.000000 0.000000 0.000000
36 8 0.000000 0.000000 0.000000
37 8 0.000000 0.000000 0.000000
38 8 0.000000 0.000000 0.000000
39 8 0.000000 0.000000 0.000000
40 8 0.000000 0.000000 0.000000
41 8 0.000000 0.000000 0.000000
42 8 0.000000 0.000000 0.000000
43 8 0.000000 0.000000 0.000000
44 8 0.000000 0.000000 0.000000
45 8 0.000000 0.000000 0.000000
46 8 0.000000 0.000000 0.000000
47 8 0.000000 0.000000 0.000000
48 8 0.000000 0.000000 0.000000
49 8 0.000000 0.000000 0.000000

0 9 0.000000 0.000000 0.000000
1 9 0.006299 0.003125 -0.001218
2 9 0.012969 0.005738 -0.000626
3 9 0.020027 0.006822 0.000916
4 9 0.026080 0.005695 0.002658
5 9 0.029807 0.000730 0.005265
6 9 0.025018 -0.008341 0.006465
7 9 0.011146 -0.020526 0.005708
8 9 -0.018063 -0.032382 0.000511
9 9 -0.051780 -0.034831 -0.010935
10 9 -0.071413 -0.022716 -0.021190
11 9 -0.060359 0.005604 -0.025713
12 9 0.002596 0.037301 -0.011465
13 9 0.076167 0.041994 0.022943
14 9 0.077327 0.012412 0.039973
15 9 0.007604 -0.020026 0.015970
16 9 -0.050604 -0.027160 -0.019410
17 9 -0.050335 -0.013123 -0.029597
18 9 -0.016111 0.002613 -0.014876
19 9 0.011891 0.009354 0.003035
20 9 0.019897 0.008510 0.010956
21 9 0.015417 0.005176 0.010023
22 9 0.008510 0.002439 0.006112
23 9 0.003722 0.000943 0.002881
24 9 0.001352 0.000309 0.001114
25 9 0.000419 0.000088 0.000364
26 9 0.000113 0.000022 0.000103
27 9 0.000027 0.000005 0.000026
28 9 0.000006 0.000001 0.000006
29 9 0.000001 0.000000 0.000001
30 9 0.000000 0.000000 0.000000
31 9 0.000000 0.000000 0.000000
32 9 0.000000 0.000000 0.000000
33 9 0.000000 0.000000 0.000000
34 9 0.000000 0.000000 0.000000
35 9 0.000000 0.000000 0.000000
36 9 0.000000 0.000000 0.000000
37 9 0.000000 0.000000 0.000000
38 9 0.000000 0.000000 0.000000
39 9 0.000000 0.000000 0.000000
40 9 0.000000 0.000000 0.000000
41 9 0.000000 0.000000 0.000000
42 9 0.000000 0.000000 0.000000
43 9 0.000000 0.000000 0.000000
44 9 0.000000 0.000000 0.000000
45 9 0.000000 0.000000 0.000000
46 9 0.000000 0.000000 0.000000
47 9 0.000000 0.000000 0.000000
48 9 0.000000 0.000000 0.000000
49 9 0.000000 0.000000 0.000000

0 10 0.000000 0.000000 0.000000
1 10 -0.005121 0.001854 -0.004332
2 10 -0.009571 0.004589 -0.004694
3 10 -0.009838 0.009471 -0.005378
4 10 -0.006382 0.016041 -0.005122
5 10 0.006127 0.024943 -0.004383
6 10 0.026614 0.031519 0.000847
7 10 0.049931 0.033255 0.006746
8 10 0.071605 0.022313 0.017296
9 10 0.059965 -0.003437 0.021558
10 10 0.017649 -0.032871 0.012171
11 10 -0.050867 -0.053025 -0.007770
12 10 -0.110313 -0.037302 -0.039779
13 10 -0.067822 0.014648 -0.043721
14 10 0.049626 0.048579 0.005811
15 10 0.096084 0.030070 0.048423
16 10 0.033063 -0.009002 0.031304
17 10 -0.040749 -0.025631 -0.013022
18 10 -0.052554 -0.015850 -0.031501
19 10 -0.020688 -0.000072 -0.018344
20 10 0.009287 0.007910 0.001372
21 10 0.019135 0.007966 0.010864
22 10 0.015401 0.005027 0.010432
23 10 0.008624 0.002412 0.006454
24 10 0.003795 0.000943 0.003057
25 10 0.001382 0.000311 0.001182
26 10 0.000429 0.000089 0.000387
27 10 0.000116 0.000022 0.000109
28 10 0.000028 0.000005 0.000027
29 10 0.000006 0.000001 0.000006
30 10 0.000001 0.000000 0.000001
31 10 0.000000 0.000000 0.000000
32 10 0.000000 0.000000 0.000000
33 10 0.000000 0.000000 0.000000
34 10 0.000000 0.000000 0.000000
35 10 0.000000 0.000000 0.000000
36 10 0.000000 0.000000 0.000000
37 10 0.000000 0.000000 0.000000
38 10 0.000000 0.000000 0.000000
39 10 0.000000 0.000000 0.000000
40 10 0.000000 0.000000 0.000000
41 10 0.000000 0.000000 0.000000
42 10 0.000000 0.000000 0.000000
43 10 0.000000 0.000000 0.000000
44 10 0.000000 0.000000 0.000000
45 10 0.000000 0.000000 0.000000
46 10 0.000000 0.000000 0.000000
47 10 0.000000 0.000000 0.000000
48 10 0.000000 0.000000 0.000000
49 10 0.000000 0.000000 0.000000

0 11 0.000000 0.000000 0.000000
1 11 -0.003870 -0.005967 0.002659
2 11 -0.008593 -0.012194 0.002422
3 11 -0.019372 -0.017846 0.000328
4 11 -0.030067 -0.021789 -0.001871
5 11 -0.048932 -0.021543 -0.007131
6 11 -0.055814 -0.011763 -0.013031
7 11 -0.054225 0.005562 -0.015242
8 11 -0.022882 0.033533 -0.015011
9 11 0.040466 0.051856 0.005564
10 11 0.083502 0.046876 0.025614
11 11 0.097582 0.014678 0.038131
12 11 0.026946 -0.041181 0.027970
13 11 -0.102597 -0.062290 -0.031110
14 11 -0.110812 -0.014371 -0.065598
15 11 0.016683 0.038620 -0.013859
16 11 0.092451 0.035440 0.047088
17 11 0.042178 -0.000915 0.038095
18 11 -0.033315 -0.021242 -0.008814
19 11 -0.049474 -0.015140 -0.030819
20 11 -0.020253 -0.001075 -0.018688
21 11 0.008597 0.006663 0.001157
22 11 0.018189 0.007068 0.010774
23 11 0.014645 0.004535 0.010343
24 11 0.008175 0.002191 0.006366
25 11 0.003583 0.000859 0.002997
26 11 0.001300 0.000284 0.001153
27 11 0.000403 0.000081 0.000375
28 11 0.000108 0.000020 0.000105
29 11 0.000026 0.000004 0.000026
30 11 0.000005 0.000001 0.000006
31 11 0.000001 0.000000 0.000001
32 11 0.000000 0.000000 0.000000
33 11 0.000000 0.000000 0.000000
34 11 0.000000 0.000000 0.000000
35 11 0.000000 0.000000 0.000000
36 11 0.000000 0.000000 0.000000
37 11 0.000000 0.000000 0.000000
38 11 0.000000 0.000000 0.000000
39 11 0.000000 0.000000 0.000000
40 11 0.000000 0.000000 0.000000
41 11 0.000000 0.000000 0.000000
42 11 0.000000 0.000000 0.000000
43 11 0.000000 0.000000 0.000000
44 11 0.000000 0.000000 0.000000
45 11 0.000000 0.000000 0.000000
46 11 0.000000 0.000000 0.000000
47 11 0.000000 0.000000 0.000000
48 11 0.000000 0.000000 0.000000
49 11 0.000000 0.000000 0.000000

0 12 0.000000 0.000000 0.000000
1 12 0.010235 0.003721 -0.000288
2 12 0.021076 0.006702 0.000386
3 12 0.030536 0.004905 0.004281
4 12 0.034967 -0.000013 0.005185
5 12 0.033498 -0.013867 0.010496
6 12 0.005655 -0.030623 0.005102
7 12 -0.024669 -0.045048 -0.001135
8 12 -0.080008 -0.047991 -0.018336
9 12 -0.090247 -0.018139 -0.036958
10 12 -0.040337 0.020975 -0.022107
11 12 0.029501 0.054201 0.002089
12 12 0.114517 0.052935 0.043363
13 12 0.079807 -0.008953 0.056686
14 12 -0.074279 -0.057328 -0.015580
15 12 -0.112166 -0.026591 -0.070094
16 12 0.005492 0.026245 -0.020903
17 12 0.081157 0.030696 0.043699
18 12 0.035888 0.001073 0.035908
19 12 -0.032005 -0.017050 -0.009464
20 12 -0.044039 -0.012400 -0.029182
21 12 -0.016037 -0.000633 -0.016380
22 12 0.009650 0.005807 0.002416
23 12 0.017264 0.006043 0.010815
24 12 0.013373 0.003842 0.009861
25 12 0.007304 0.001844 0.005913
26 12 0.003153 0.000719 0.002734
27 12 0.001131 0.000237 0.001037
28 12 0.000347 0.000067 0.000334
29 12 0.000093 0.000017 0.000093
30 12 0.000022 0.000004 0.000023
31 12 0.000005 0.000001 0.000005
32 12 0.000001 0.000000 0.000001
33 12 0.000000 0.000000 0.000000
34 12 0.000000 0.000000 0.000000
35 12 0.000000 0.000000 0.000000
36 12 0.000000 0.000000 0.000000
37 12 0.000000 0.000000 0.000000
38 12 0.000000 0.000000 0.000000
39 12 0.000000 0.000000 0.000000
40 12 0.000000 0.000000 0.000000
41 12 0.000000 0.000000 0.000000
42 12 0.000000 0.000000 0.000000
43 12 0.000000 0.000000 0.000000
44 12 0.000000 0.000000 0.000000
45 12 0.000000 0.000000 0.000000
46 12 0.000000 0.000000 0.000000
47 12 0.000000 0.000000 0.000000
48 12 0.000000 0.000000 0.000000
49 12 0.000000 0.000000 0.000000

0 13 0.000000 0.000000 0.000000
1 13 -0.004449 0.004517 -0.006851
2 13 -0.009479 0.009962 -0.007228
3 13 -0.001734 0.019545 -0.007194
4 13 0.006812 0.028204 -0.004360
5 13 0.035900 0.039607 -0.000613
6 13 0.063361 0.035735 0.014543
7 13 0.073643 0.021414 0.019250
8 13 0.059379 -0.014081 0.028227
9 13 -0.031178 -0.049585 0.000594
10 13 -0.085952 -0.045061 -0.036613
11 13 -0.078613 -0.016184 -0.040756
12 13 -0.008900 0.031558 -0.021382
13 13 0.105249 0.053437 0.041750
14 13 0.078113 0.004607 0.064066
15 13 -0.069176 -0.042699 -0.015210
16 13 -0.092757 -0.021207 -0.065926
17 13 0.016692 0.020323 -0.012965
18 13 0.070698 0.022491 0.042794
19 13 0.021045 -0.001145 0.027751
20 13 -0.034698 -0.013989 -0.013932
21 13 -0.037340 -0.008993 -0.026976
22 13 -0.009685 0.000528 -0.012242
23 13 0.011584 0.005216 0.004604
24 13 0.016240 0.005007 0.010848
25 13 0.011750 0.003076 0.009058
26 13 0.006177 0.001446 0.005195
27 13 0.002597 0.000556 0.002332
28 13 0.000914 0.000181 0.000865
29 13 0.000276 0.000051 0.000274
30 13 0.000073 0.000013 0.000075
31 13 0.000017 0.000003 0.000018
32 13 0.000004 0.000001 0.000004
33 13 0.000001 0.000000 0.000001
34 13 0.000000 0.000000 0.000000
35 13 0.000000 0.000000 0.000000
36 13 0.000000 0.000000 0.000000
37 13 0.000000 0.000000 0.000000
38 13 0.000000 0.000000 0.000000
39 13 0.000000 0.000000 0.000000
40 13 0.000000 0.000000 0.000000
41 13 0.000000 0.000000 0.000000
42 13 0.000000 0.000000 0.000000
43 13 0.000000 0.000000 0.000000
44 13 0.000000 0.000000 0.000000
45 13 0.000000 0.000000 0.000000
46 13 0.000000 0.000000 0.000000
47 13 0.000000 0.000000 0.000000
48 13 0.000000 0.000000 0.000000
49 13 0.000000 0.000000 0.000000

0 14 0.000000 0.000000 0.000000
1 14 -0.008630 -0.007790 0.001829
2 14 -0.017669 -0.015433 0.001420
3 14 -0.036160 -0.019937 -0.004239
4 14 -0.046672 -0.018504 -0.007502
5 14 -0.063085 -0.007418 -0.017516
6 14 -0.035574 0.019746 -0.018114
7 14 0.008900 0.042115 -0.005175
8 14 0.080591 0.054900 0.018294
9 14 0.106146 0.022345 0.051261
10 14 0.015170 -0.028411 0.025098
11 14 -0.078227 -0.043918 -0.026716
12 14 -0.100851 -0.022212 -0.057031
13 14 -0.000932 0.025540 -0.028831
14 14 0.114804 0.041333 0.053700
15 14 0.050303 -0.002367 0.057947
16 14 -0.082570 -0.033376 -0.030200
17 14 -0.066745 -0.010090 -0.058140
18 14 0.035578 0.018769 0.003133
19 14 0.058769 0.014528 0.041922
20 14 0.003219 -0.004358 0.016102
21 14 -0.037251 -0.011438 -0.019367
22 14 -0.029181 -0.005646 -0.023565
23 14 -0.002593 0.001742 -0.007038
24 14 0.013434 0.004670 0.006988
25 14 0.014898 0.004002 0.010624
26 14 0.009901 0.002331 0.007980
27 14 0.004948 0.001059 0.004319
28 14 0.002008 0.000397 0.001864
29 14 0.000688 0.000127 0.000672
30 14 0.000203 0.000035 0.000208
31 14 0.000053 0.000009 0.000056
32 14 0.000012 0.000002 0.000013
33 14 0.000003 0.000000 0.000003
34 14 0.000000 0.000000 0.000001
35 14 0.000000 0.000000 0.000000
36 14 0.000000 0.000000 0.000000
37 14 0.000000 0.000000 0.000000
38 14 0.000000 0.000000 0.000000
39 14 0.000000 0.000000 0.000000
40 14 0.000000 0.000000 0.000000
41 14 0.000000 0.000000 0.000000
42 14 0.000000 0.000000 0.000000
43 14 0.000000 0.000000 0.000000
44 14 0.000000 0.000000 0.000000
45 14 0.000000 0.000000 0.000000
46 14 0.000000 0.000000 0.000000
47 14 0.000000 0.000000 0.000000
48 14 0.000000 0.000000 0.000000
49 14 0.000000 0.000000 0.000000

0 15 0.000000 0.000000 0.000000
1 15 0.012843 0.001544 0.002011
2 15 0.024979 0.000956 0.003816
3 15 0.028356 -0.007810 0.008226
4 15 0.018171 -0.021575 0.008365
5 15 -0.016799 -0.041358 0.005550
6 15 -0.073782 -0.048616 -0.016358
7 15 -0.101821 -0.026966 -0.035721
8 15 -0.065893 0.017451 -0.040460
9 15 0.054372 0.059675 0.003926
10 15 0.127266 0.043401 0.059567
11 15 0.062024 -0.015309 0.050673
12 15 -0.081026 -0.049227 -0.018589
13 15 -0.123040 -0.021331 -0.076711
14 15 0.023510 0.031549 -0.022326
15 15 0.119972 0.032201 0.070194
16 15 0.011960 -0.011736 0.040313
17 15 -0.089289 -0.025983 -0.047059
18 15 -0.033595 -0.000324 -0.042991
19 15 0.050012 0.016755 0.020205
20 15 0.041288 0.007386 0.036581
21 15 -0.013867 -0.006607 0.002720
22 15 -0.036523 -0.008731 -0.023056
23 15 -0.019545 -0.002694 -0.018392
24 15 0.004080 0.002607 -0.001518
25 15 0.014478 0.004029 0.008909
26 15 0.013120 0.003053 0.009956
27 15 0.007955 0.001665 0.006698
28 15 0.003748 0.000724 0.003393
29 15 0.001457 0.000263 0.001397
30 15 0.000483 0.000082 0.000486
31 15 0.000139 0.000022 0.000146
32 15 0.000035 0.000005 0.000039
33 15 0.000008 0.000001 0.000009
34 15 0.000002 0.000000 0.000002
35 15 0.000000 0.000000 0.000000
36 15 0.000000 0.000000 0.000000
37 15 0.000000 0.000000 0.000000
38 15 0.000000 0.000000 0.000000
39 15 0.000000 0.000000 0.000000
40 15 0.000000 0.000000 0.000000
41 15 0.000000 0.000000 0.000000
42 15 0.000000 0.000000 0.000000
43 15 0.000000 0.000000 0.000000
44 15 0.000000 0.000000 0.000000
45 15 0.000000 0.000000 0.000000
46 15 0.000000 0.000000 0.000000
47 15 0.000000 0.000000 0.000000
48 15 0.000000 0.000000 0.000000
49 15 0.000000 0.000000 0.000000

0 16 0.000000 0.000000 0.000000
1 16 0.000408 0.010520 -0.011078
2 16 0.008043 0.022314 -0.010405
3 16 0.028412 0.035115 -0.005251
4 16 0.063365 0.040914 0.004602
5 16 0.095296 0.028624 0.024834
6 16 0.077704 -0.009796 0.033459
7 16 -0.007510 -0.054235 0.014326
8 16 -0.120280 -0.061191 -0.040690
9 16 -0.111569 -0.013703 -0.067615
10 16 0.013893 0.044598 -0.013314
11 16 0.116512 0.052254 0.056065
12 16 0.073886 -0.001325 0.063601
13 16 -0.088283 -0.045306 -0.024327
14 16 -0.101594 -0.015917 -0.081025
15 16 0.061103 0.030657 0.004328
16 16 0.094335 0.018965 0.073607
17 16 -0.033405 -0.016492 0.008648
18 16 -0.076894 -0.015984 -0.054637
19 16 0.003657 0.006547 -0.019047
20 16 0.053150 0.012616 0.032258
21 16 0.018697 0.001380 0.024987
22 16 -0.026665 -0.007223 -0.009922
23 16 -0.031225 -0.005793 -0.023217
24 16 -0.009259 -0.000371 -0.011665
25 16 0.009348 0.002964 0.003495
26 16 0.014353 0.003272 0.009919
27 16 0.010961 0.002198 0.008805
28 16 0.006057 0.001116 0.005317
29 16 0.002677 0.000461 0.002510
30 16 0.000992 0.000161 0.000980
31 16 0.000316 0.000049 0.000327
32 16 0.000088 0.000013 0.000095
33 16 0.000022 0.000003 0.000024
34 16 0.000005 0.000001 0.000006
35 16 0.000001 0.000000 0.000001
36 16 0.000000 0.000000 0.000000
37 16 0.000000 0.000000 0.000000
38 16 0.000000 0.000000 0.000000
39 16 0.000000 0.000000 0.000000
40 16 0.000000 0.000000 0.000000
41 16 0.000000 0.000000 0.000000
42 16 0.000000 0.000000 0.000000
43 16 0.000000 0.000000 0.000000
44 16 0.000000 0.000000 0.000000
45 16 0.000000 0.000000 0.000000
46 16 0.000000 0.000000 0.000000
47 16 0.000000 0.000000 0.000000
48 16 0.000000 0.000000 0.000000
49 16 0.000000 0.000000 0.000000

0 17 0.000000 0.000000 0.000000
1 17 -0.020145 -0.009937 -0.001223
2 17 -0.046003 -0.015427 -0.006442
3 17 -0.065401 -0.010059 -0.014692
4 17 -0.070886 0.014195 -0.026643
5 17 -0.008806 0.052258 -0.019615
6 17 0.083663 0.070427 0.018808
7 17 0.138827 0.042247 0.059549
8 17 0.049766 -0.025563 0.049674
9 17 -0.104267 -0.056207 -0.038714
10 17 -0.100406 -0.020788 -0.073825
11 17 0.026632 0.026394 -0.011641
12 17 0.112830 0.033666 0.064854
13 17 0.020142 -0.007017 0.048789
14 17 -0.114564 -0.030207 -0.055172
15 17 -0.038307 0.001578 -0.059997
16 17 0.096096 0.024746 0.043793
17 17 0.042630 0.002955 0.055986
18 17 -0.066988 -0.016496 -0.026488
19 17 -0.045191 -0.005382 -0.046272
20 17 0.033795 0.009528 0.007449
21 17 0.042169 0.007163 0.034243
22 17 -0.004419 -0.002709 0.009023
23 17 -0.032174 -0.006263 -0.018751
24 17 -0.021894 -0.002981 -0.019341
25 17 0.000245 0.001153 -0.004360
26 17 0.012538 0.002832 0.007239
27 17 0.013066 0.002464 0.009851
28 17 0.008612 0.001477 0.007284
29 17 0.004344 0.000696 0.003967
30 17 0.001797 0.000272 0.001741
31 17 0.000632 0.000091 0.000643
32 17 0.000193 0.000027 0.000205
33 17 0.000052 0.000007 0.000057
34 17 0.000012 0.000002 0.000014
35 17 0.000003 0.000000 0.000003
36 17 0.000001 0.000000 0.000001
37 17 0.000000 0.000000 0.000000
38 17 0.000000 0.000000 0.000000
39 17 0.000000 0.000000 0.000000
40 17 0.000000 0.000000 0.000000
41 17 0.000000 0.000000 0.000000
42 17 0.000000 0.000000 0.000000
43 17 0.000000 0.000000 0.000000
44 17 0.000000 0.000000 0.000000
45 17 0.000000 0.000000 0.000000
46 17 0.000000 0.000000 0.000000
47 17 0.000000 0.000000 0.000000
48 17 0.000000 0.000000 0.000000
49 17 0.000000 0.000000 0.000000

0 18 0.000000 0.000000 0.000000
1 18 0.019664 -0.004529 0.007335
2 18 0.027410 -0.017956 0.012157
3 18 0.005021 -0.041478 0.012710
4 18 -0.064307 -0.063511 -0.003513
5 18 -0.134553 -0.049016 -0.046525
6 18 -0.096317 0.008823 -0.057525
7 18 0.048081 0.059606 -0.002267
8 18 0.146983 0.049184 0.077909
9 18 0.038703 -0.015693 0.056970
10 18 -0.115842 -0.042810 -0.047480
11 18 -0.091072 -0.003634 -0.076225
12 18 0.074331 0.033513 0.010467
13 18 0.115989 0.016016 0.084824
14 18 -0.050277 -0.022733 0.010518
15 18 -0.111231 -0.017377 -0.080604
16 18 0.034396 0.014989 -0.015452
17 18 0.090423 0.015332 0.066335
18 18 -0.017506 -0.007528 0.018296
19 18 -0.069055 -0.011371 -0.046788
20 18 -0.003461 0.002443 -0.022163
21 18 0.046036 0.008365 0.026646
22 18 0.020032 0.001951 0.024754
23 18 -0.022042 -0.004422 -0.006827
24 18 -0.029444 -0.004279 -0.021540
25 18 -0.010543 -0.000734 -0.012334
26 18 0.007534 0.001856 0.002191
27 18 0.013464 0.002352 0.009250
28 18 0.010919 0.001701 0.008826
29 18 0.006324 0.000917 0.005605
30 18 0.002920 0.000400 0.002767
31 18 0.001129 0.000148 0.001129
32 18 0.000376 0.000047 0.000393
33 18 0.000110 0.000013 0.000120
34 18 0.000028 0.000003 0.000032
35 18 0.000007 0.000001 0.000008
36 18 0.000001 0.000000 0.000002
37 18 0.000000 0.000000 0.000000
38 18 0.000000 0.000000 0.000000
39 18 0.000000 0.000000 0.000000
40 18 0.000000 0.000000 0.000000
41 18 0.000000 0.000000 0.000000
42 18 0.000000 0.000000 0.000000
43 18 0.000000 0.000000 0.000000
44 18 0.000000 0.000000 0.000000
45 18 0.000000 0.000000 0.000000
46 18 0.000000 0.000000 0.000000
47 18 0.000000 0.000000 0.000000
48 18 0.000000 0.000000 0.000000
49 18 0.000000 0.000000 0.000000

0 19 0.000000 0.000000 0.000000
1 19 0.015115 0.024481 -0.021079
2 19 0.051030 0.046450 -0.011361
3 19 0.110316 0.047537 0.016101
4 19 0.120970 0.006802 0.051087
5 19 0.006199 -0.053352 0.027678
6 19 -0.140144 -0.066987 -0.051537
7 19 -0.127893 -0.008849 -0.089284
8 19 0.064300 0.049034 0.000245
9 19 0.137615 0.036837 0.090823
10 19 0.005066 -0.017121 0.037387
11 19 -0.114717 -0.036171 -0.062129
12 19 -0.044859 0.001387 -0.060171
13 19 0.107215 0.029910 0.047968
14 19 0.050837 0.003916 0.069765
15 19 -0.102294 -0.021086 -0.043412
16 19 -0.044300 -0.002624 -0.063039
17 19 0.083965 0.015487 0.037019
18 19 0.038660 0.003215 0.052154
19 19 -0.059039 -0.009919 -0.023345
20 19 -0.039008 -0.003749 -0.041452
21 19 0.030728 0.005781 0.007217
22 19 0.037146 0.004669 0.031066
23 19 -0.004833 -0.001585 0.007843
24 19 -0.029649 -0.004077 -0.017567
25 19 -0.020211 -0.002080 -0.018111
26 19 0.000161 0.000668 -0.004173
27 19 0.011739 0.001888 0.006844
28 19 0.012458 0.001715 0.009508
29 19 0.008376 0.001065 0.007173
30 19 0.004320 0.000520 0.003994
31 19 0.001831 0.000210 0.001796
32 19 0.000661 0.000073 0.000681
33 19 0.000208 0.000022 0.000224
34 19 0.000058 0.000006 0.000065
35 19 0.000014 0.000001 0.000017
36 19 0.000003 0.000000 0.000004
37 19 0.000001 0.000000 0.000001
38 19 0.000000 0.000000 0.000000
39 19 0.000000 0.000000 0.000000
40 19 0.000000 0.000000 0.000000
41 19 0.000000 0.000000 0.000000
42 19 0.000000 0.000000 0.000000
43 19 0.000000 0.000000 0.000000
44 19 0.000000 0.000000 0.000000
45 19 0.000000 0.000000 0.000000
46 19 0.000000 0.000000 0.000000
47 19 0.000000 0.000000 0.000000
48 19 0.000000 0.000000 0.000000
49 19 0.000000 0.000000 0.000000

0 20 0.000000 0.000000 0.000000
1 20 -0.051918 -0.007513 -0.016589
2 20 -0.091106 0.008879 -0.034936
3 20 -0.047248 0.057741 -0.044618
4 20 0.109701 0.089968 0.016729
5 20 0.177748 0.047994 0.092607
6 20 0.036889 -0.029746 0.055471
7 20 -0.145794 -0.056568 -0.064913
8 20 -0.088303 -0.005439 -0.089322
9 20 0.102203 0.034967 0.035755
10 20 0.088506 0.013307 0.085556
11 20 -0.071601 -0.016043 -0.008822
12 20 -0.101842 -0.010094 -0.080091
13 20 0.056546 0.013698 -0.006238
14 20 0.108364 0.011375 0.083364
15 20 -0.051207 -0.011278 0.009867
16 20 -0.096078 -0.009896 -0.076020
17 20 0.041404 0.008727 -0.007257
18 20 0.075821 0.008433 0.061509
19 20 -0.025561 -0.004846 0.009474
20 20 -0.059250 -0.006336 -0.043968
21 20 0.004415 0.001935 -0.015001
22 20 0.042084 0.004959 0.026759
23 20 0.013694 0.000868 0.020329
24 20 -0.022850 -0.002845 -0.008890
25 20 -0.026504 -0.002588 -0.020256
26 20 -0.008160 -0.000366 -0.010470
27 20 0.007980 0.001218 0.002945
28 20 0.012835 0.001509 0.009072
29 20 0.010207 0.001095 0.008404
30 20 0.005893 0.000597 0.005304
31 20 0.002733 0.000265 0.002626
32 20 0.001067 0.000100 0.001081
33 20 0.000360 0.000033 0.000381
34 20 0.000107 0.000009 0.000118
35 20 0.000028 0.000002 0.000032
36 20 0.000007 0.000001 0.000008
37 20 0.000001 0.000000 0.000002
38 20 0.000000 0.000000 0.000000
39 20 0.000000 0.000000 0.000000
40 20 0.000000 0.000000 0.000000
41 20 0.000000 0.000000 0.000000
42 20 0.000000 0.000000 0.000000
43 20 0.000000 0.000000 0.000000
44 20 0.000000 0.000000 0.000000
45 20 0.000000 0.000000 0.000000
46 20 0.000000 0.000000 0.000000
47 20 0.000000 0.000000 0.000000
48 20 0.000000 0.000000 0.000000
49 20 0.000000 0.000000 0.000000

0 21 0.000000 0.000000 0.000000
1 21 0.019819 -0.032784 0.026579
2 21 -0.065597 -0.076145 0.016263
3 21 -0.198012 -0.064898 -0.064637
4 21 -0.134346 0.014237 -0.093796
5 21 0.094878 0.071880 0.021354
6 21 0.162385 0.039742 0.115782
7 21 -0.032961 -0.020854 0.032219
8 21 -0.146756 -0.026449 -0.095226
9 21 0.005696 0.013349 -0.042145
10 21 0.127157 0.025465 0.076180
11 21 0.026669 -0.006350 0.055014
12 21 -0.116265 -0.022414 -0.057979
13 21 -0.037405 0.002017 -0.062346
14 21 0.113337 0.017948 0.057069
15 21 0.026208 0.000119 0.059611
16 21 -0.103337 -0.011988 -0.054939
17 21 -0.016507 0.000490 -0.047232
18 21 0.082323 0.008570 0.046546
19 21 0.015557 0.000311 0.038009
20 21 -0.059587 -0.005608 -0.031311
21 21 -0.022948 -0.001110 -0.032233
22 21 0.035061 0.003573 0.014543
23 21 0.028557 0.002164 0.027416
24 21 -0.011263 -0.001315 0.001897
25 21 -0.028329 -0.002323 -0.018518
26 21 -0.015918 -0.000990 -0.015472
27 21 0.002710 0.000539 -0.001811
28 21 0.011889 0.001142 0.007498
29 21 0.011549 0.000990 0.009081
30 21 0.007496 0.000605 0.006552
31 21 0.003797 0.000293 0.003570
32 21 0.001596 0.000119 0.001588
33 21 0.000575 0.000042 0.000600
34 21 0.000181 0.000013 0.000197
35 21 0.000051 0.000003 0.000057
36 21 0.000013 0.000001 0.000015
37 21 0.000003 0.000000 0.000003
38 21 0.000001 0.000000 0.000001
39 21 0.000000 0.000000 0.000000
40 21 0.000000 0.000000 0.000000
41 21 0.000000 0.000000 0.000000
42 21 0.000000 0.000000 0.000000
43 21 0.000000 0.000000 0.000000
44 21 0.000000 0.000000 0.000000
45 21 0.000000 0.000000 0.000000
46 21 0.000000 0.000000 0.000000
47 21 0.000000 0.000000 0.000000
48 21 0.000000 0.000000 0.000000
49 21 0.000000 0.000000 0.000000

0 22 0.000000 0.000000 0.000000
1 22 0.143744 0.067911 -0.045296
2 22 0.211103 0.018187 0.083070
3 22 -0.003649 -0.066134 0.046167
4 22 -0.206126 -0.064194 -0.108470
5 22 -0.076191 0.005521 -0.094206
6 22 0.146413 0.041339 0.066463
7 22 0.092973 0.007656 0.104971
8 22 -0.119174 -0.024084 -0.040728
9 22 -0.079963 -0.007773 -0.088946
10 22 0.091725 0.012162 0.031954
11 22 0.073434 0.007984 0.079289
12 22 -0.081128 -0.004820 -0.016588
13 22 -0.082649 -0.004134 -0.078804
14 22 0.082855 0.006545 0.016241
15 22 0.078607 0.003663 0.079918
16 22 -0.079728 -0.006468 -0.018899
17 22 -0.063758 -0.002889 -0.068177
18 22 0.064488 0.005314 0.018577
19 22 0.050128 0.002719 0.053958
20 22 -0.043947 -0.003275 -0.010288
21 22 -0.043878 -0.002332 -0.040504
22 22 0.019772 0.001716 -0.001106
23 22 0.036964 0.002228 0.028205
24 22 0.002181 -0.000118 0.012207
25 22 -0.025804 -0.001595 -0.013628
26 22 -0.021938 -0.001123 -0.018426
27 22 -0.003313 0.000029 -0.006689
28 22 0.009701 0.000712 0.004979
29 22 0.012221 0.000767 0.009094
30 22 0.008977 0.000527 0.007602
31 22 0.004961 0.000279 0.004557
32 22 0.002237 0.000122 0.002186
33 22 0.000857 0.000045 0.000881
34 22 0.000286 0.000015 0.000307
35 22 0.000084 0.000004 0.000094
36 22 0.000022 0.000001 0.000026
37 22 0.000005 0.000000 0.000006
38 22 0.000001 0.000000 0.000001
39 22 0.000000 0.000000 0.000000
40 22 0.000000 0.000000 0.000000
41 22 0.000000 0.000000 0.000000
42 22 0.000000 0.000000 0.000000
43 22 0.000000 0.000000 0.000000
44 22 0.000000 0.000000 0.000000
45 22 0.000000 0.000000 0.000000
46 22 0.000000 0.000000 0.000000
47 22 0.000000 0.000000 0.000000
48 22 0.000000 0.000000 0.000000
49 22 0.000000 0.000000 0.000000

0 23 0.000000 0.000000 0.000000
1 23 -0.088015 0.144016 -0.218060
2 23 0.218501 0.143643 0.069971
3 23 0.218417 0.046984 0.185777
4 23 -0.089683 -0.029271 0.008281
5 23 -0.167869 -0.020985 -0.128480
6 23 0.058089 0.014588 -0.013631
7 23 0.141517 0.015945 0.114303
8 23 -0.053834 -0.004239 0.021886
9 23 -0.125118 -0.007500 -0.093527
10 23 0.035698 0.008943 -0.018827
11 23 0.118512 0.009579 0.082311
12 23 -0.016375 -0.007375 0.031278
13 23 -0.117656 -0.009397 -0.076477
14 23 0.020859 0.004201 -0.030458
15 23 0.109008 0.006915 0.078054
16 23 -0.032104 -0.002246 0.021929
17 23 -0.091209 -0.004075 -0.069542
18 23 0.030675 0.001792 -0.012938
19 23 0.070676 0.002806 0.055815
20 23 -0.019088 -0.001000 0.012333
21 23 -0.054824 -0.001962 -0.039555
22 23 0.000929 0.000321 -0.016119
23 23 0.038401 0.001472 0.023615
24 23 0.014868 0.000422 0.020214
25 23 -0.019905 -0.000775 -0.006834
26 23 -0.025593 -0.000839 -0.019136
27 23 -0.009319 -0.000204 -0.011048
28 23 0.006543 0.000325 0.001847
29 23 0.012155 0.000468 0.008446
30 23 0.010209 0.000365 0.008354
31 23 0.006148 0.000211 0.005515
32 23 0.002965 0.000098 0.002843
33 23 0.001203 0.000039 0.001216
34 23 0.000422 0.000013 0.000446
35 23 0.000130 0.000004 0.000143
36 23 0.000036 0.000001 0.000041
37 23 0.000009 0.000000 0.000010
38 23 0.000002 0.000000 0.000002
39 23 0.000000 0.000000 0.000001
40 23 0.000000 0.000000 0.000000
41 23 0.000000 0.000000 0.000000
42 23 0.000000 0.000000 0.000000
43 23 0.000000 0.000000 0.000000
44 23 0.000000 0.000000 0.000000
45 23 0.000000 0.000000 0.000000
46 23 0.000000 0.000000 0.000000
47 23 0.000000 0.000000 0.000000
48 23 0.000000 0.000000 0.000000
49 23 0.000000 0.000000 0.000000

0 24 0.000000 0.000000 0.000000
1 24 -0.563432 0.051602 -0.038159
2 24 -0.052252 0.058395 0.001875
3 24 0.231993 0.039535 0.204653
4 24 0.014348 0.005516 0.103920
5 24 -0.175857 -0.006502 -0.100825
6 24 -0.019310 0.002160 -0.067484
7 24 0.156310 0.007435 0.092343
8 24 0.019780 -0.001477 0.069868
9 24 -0.130651 -0.004788 -0.075960
10 24 -0.011800 -0.002586 -0.053192
11 24 0.111063 -0.001381 0.064543
12 24 0.017338 0.001852 0.055023
13 24 -0.114026 0.002418 -0.056787
14 24 -0.020290 0.000576 -0.056319
15 24 0.113679 0.000062 0.060937
16 24 0.011517 -0.000703 0.050917
17 24 -0.099392 -0.001061 -0.057363
18 24 -0.005626 0.000345 -0.038721
19 24 0.077007 0.001040 0.047120
20 24 0.007712 -0.000025 0.031351
21 24 -0.056054 -0.000709 -0.031724
22 24 -0.017397 -0.000128 -0.027850
23 24 0.034043 0.000456 0.015536
24 24 0.025068 0.000277 0.025100
25 24 -0.011989 -0.000167 0.000565
26 24 -0.026809 -0.000304 -0.017862
27 24 -0.014691 -0.000136 -0.014470
28 24 0.002790 0.000065 -0.001526
29 24 0.011397 0.000150 0.007239
30 24 0.011108 0.000134 0.008759
31 24 0.007285 0.000084 0.006377
32 24 0.003744 0.000042 0.003522
33 24 0.001601 0.000018 0.001593
34 24 0.000588 0.000006 0.000614
35 24 0.000189 0.000002 0.000206
36 24 0.000054 0.000001 0.000061
37 24 0.000014 0.000000 0.000016
38 24 0.000003 0.000000 0.000004
39 24 0.000001 0.000000 0.000001
40 24 0.000000 0.000000 0.000000
41 24 0.000000 0.000000 0.000000
42 24 0.000000 0.000000 0.000000
43 24 0.000000 0.000000 0.000000
44 24 0.000000 0.000000 0.000000
45 24 0.000000 0.000000 0.000000
46 24 0.000000 0.000000 0.000000
47 24 0.000000 0.000000 0.000000
48 24 0.000000 0.000000 0.000000
49 24 0.000000 0.000000 0.000000

0 25 0.000000 0.000000 0.000000
1 25 -0.267248 0.022515 -0.161887
2 25 -0.006847 -0.024948 -0.052899
3 25 0.245174 -0.035603 0.158460
4 25 0.072797 -0.010197 0.122043
5 25 -0.165635 0.005453 -0.078433
6 25 -0.069073 0.000483 -0.093824
7 25 0.139284 -0.008216 0.065917
8 25 0.058447 -0.002127 0.091085
9 25 -0.122910 0.004009 -0.052010
10 25 -0.060290 0.002179 -0.075132
11 25 0.095373 0.002316 0.039833
12 25 0.069637 0.000832 0.075253
13 25 -0.087842 -0.001906 -0.027777
14 25 -0.066991 -0.001762 -0.075210
15 25 0.093193 -0.000767 0.033149
16 25 0.051732 0.000526 0.070056
17 25 -0.088812 0.001340 -0.035996
18 25 -0.038135 0.000107 -0.056242
19 25 0.070981 -0.001074 0.031775
20 25 0.031501 -0.000318 0.044454
21 25 -0.049671 0.000656 -0.019945
22 25 -0.032591 0.000338 -0.035263
23 25 0.025818 -0.000363 0.005949
24 25 0.032040 -0.000375 0.026906
25 25 -0.003374 0.000063 0.007539
26 25 -0.025926 0.000300 -0.015134
27 25 -0.019053 0.000192 -0.016787
28 25 -0.001175 -0.000018 -0.004812
29 25 0.010080 -0.000136 0.005636
30 25 0.011647 -0.000142 0.008822
31 25 0.008311 -0.000097 0.007097
32 25 0.004534 -0.000051 0.004185
33 25 0.002035 -0.000023 0.001993
34 25 0.000780 -0.000008 0.000802
35 25 0.000261 -0.000003 0.000280
36 25 0.000077 -0.000001 0.000086
37 25 0.000021 -0.000000 0.000024
38 25 0.000005 -0.000000 0.000006
39 25 0.000001 -0.000000 0.000001
40 25 0.000000 -0.000000 0.000000
41 25 0.000000 -0.000000 0.000000
42 25 0.000000 -0.000000 0.000000
43 25 0.000000 -0.000000 0.000000
44 25 0.000000 -0.000000 0.000000
45 25 0.000000 -0.000000 0.000000
46 25 0.000000 -0.000000 0.000000
47 25 0.000000 -0.000000 0.000000
48 25 0.000000 -0.000000 0.000000
49 25 0.000000 0.000000 0.000000

0 26 0.000000 0.000000 0.000000
1 26 -0.063885 -0.001730 -0.106708
2 26 0.102928 -0.081296 -0.025413
3 26 0.242505 -0.092199 0.118959
4 26 0.061217 -0.025508 0.089828
5 26 -0.169724 0.024500 -0.080755
6 26 -0.090558 0.010931 -0.099568
7 26 0.123728 -0.013191 0.048368
8 26 0.092591 -0.006845 0.100907
9 26 -0.103835 0.008880 -0.031463
10 26 -0.078752 0.006156 -0.084932
11 26 0.089041 -0.010013 0.024870
12 26 0.084588 -0.010069 0.080455
13 26 -0.079406 0.005624 -0.011974
14 26 -0.092105 0.007591 -0.081347
15 26 0.077398 -0.003658 0.012361
16 26 0.081189 -0.004500 0.079190
17 26 -0.072963 0.002864 -0.015251
18 26 -0.063866 0.002462 -0.065975
19 26 0.058291 -0.002432 0.014846
20 26 0.050208 -0.001853 0.051770
21 26 -0.038781 0.001502 -0.007066
22 26 -0.043683 0.001472 -0.038649
23 26 0.015724 -0.000711 -0.003550
24 26 0.035867 -0.001288 0.026239
25 26 0.004912 -0.000119 0.013453
26 26 -0.023512 0.000823 -0.011566
27 26 -0.022271 0.000703 -0.018042
28 26 -0.005026 0.000086 -0.007770
29 26 0.008385 -0.000351 0.003822
30 26 0.011847 -0.000436 0.008594
31 26 0.009187 -0.000323 0.007651
32 26 0.005298 -0.000181 0.004798
33 26 0.002484 -0.000083 0.002395
34 26 0.000988 -0.000033 0.001003
35 26 0.000342 -0.000011 0.000362
36 26 0.000105 -0.000003 0.000115
37 26 0.000029 -0.000001 0.000033
38 26 0.000007 -0.000000 0.000008
39 26 0.000002 -0.000000 0.000002
40 26 0.000000 -0.000000 0.000000
41 26 0.000000 -0.000000 0.000000
42 26 0.000000 -0.000000 0.000000
43 26 0.000000 -0.000000 0.000000
44 26 0.000000 -0.000000 0.000000
45 26 0.000000 -0.000000 0.000000
46 26 0.000000 -0.000000 0.000000
47 26 0.000000 -0.000000 0.000000
48 26 0.000000 -0.000000 0.000000
49 26 0.000000 0.000000 0.000000

0 27 0.000000 0.000000 0.000000
1 27 0.040862 -0.045489 -0.048442
2 27 0.147635 -0.111598 0.007333
3 27 0.179035 -0.101254 0.080700
4 27 -0.007257 -0.011190 0.036022
5 27 -0.179299 0.045296 -0.091054
6 27 -0.081261 0.017824 -0.087929
7 27 0.129024 -0.026115 0.049450
8 27 0.103522 -0.020880 0.101899
9 27 -0.099108 0.011355 -0.024413
10 27 -0.095590 0.009546 -0.088140
11 27 0.062480 -0.009322 0.010180
12 27 0.090432 -0.005319 0.077342
13 27 -0.046850 0.008484 0.007023
14 27 -0.097599 0.005935 -0.076258
15 27 0.050510 -0.007345 -0.008259
16 27 0.094372 -0.006881 0.077967
17 27 -0.052572 0.004790 0.003909
18 27 -0.079760 0.005267 -0.068272
19 27 0.042683 -0.003318 -0.001000
20 27 0.062904 -0.004061 0.054130
21 27 -0.026188 0.001721 0.004951
22 27 -0.050742 0.002961 -0.038909
23 27 0.005400 -0.000529 -0.011942
24 27 0.037134 -0.002249 0.023930
25 27 0.012222 -0.000659 0.018054
26 27 -0.020199 0.001178 -0.007718
27 27 -0.024411 0.001313 -0.018426
28 27 -0.008527 0.000357 -0.010263
29 27 0.006506 -0.000474 0.001971
30 27 0.011770 -0.000724 0.008152
31 27 0.009896 -0.000581 0.008040
32 27 0.006003 -0.000344 0.005338
33 27 0.002927 -0.000165 0.002779
34 27 0.001203 -0.000067 0.001204
35 27 0.000428 -0.000023 0.000448
36 27 0.000135 -0.000007 0.000146
37 27 0.000038 -0.000002 0.000043
38 27 0.000010 -0.000001 0.000011
39 27 0.000002 -0.000000 0.000003
40 27 0.000000 -0.000000 0.000001
41 27 0.000000 -0.000000 0.000000
42 27 0.000000 -0.000000 0.000000
43 27 0.000000 -0.000000 0.000000
44 27 0.000000 -0.000000 0.000000
45 27 0.000000 -0.000000 0.000000
46 27 0.000000 -0.000000 0.000000
47 27 0.000000 -0.000000 0.000000
48 27 0.000000 -0.000000 0.000000
49 27 0.000000 0.000000 0.000000

0 28 0.000000 0.000000 0.000000
1 28 0.052040 -0.052727 -0.003887
2 28 0.096270 -0.089072 0.022324
3 28 0.055109 -0.054014 0.039362
4 28 -0.096851 0.031723 -0.012457
5 28 -0.181730 0.066832 -0.091754
6 28 -0.043009 0.017130 -0.057835
7 28 0.136925 -0.038216 0.062739
8 28 0.091438 -0.022882 0.091665
9 28 -0.100564 0.019780 -0.026550
10 28 -0.102668 0.020006 -0.089069
11 28 0.065030 -0.007797 0.006368
12 28 0.110800 -0.017781 0.081736
13 28 -0.035129 0.000588 0.016110
14 28 -0.115481 0.012407 -0.077927
15 28 0.029097 -0.002412 -0.023063
16 28 0.107744 -0.010474 0.077257
17 28 -0.032219 0.003103 0.019721
18 28 -0.090795 0.008063 -0.067794
19 28 0.026690 -0.002853 -0.014573
20 28 0.070994 -0.006358 0.053591
21 28 -0.013767 0.001232 0.015179
22 28 -0.054621 0.004498 -0.037265
23 28 -0.004083 0.000120 -0.018792
24 28 0.036656 -0.003110 0.020814
25 28 0.018266 -0.001457 0.021383
26 28 -0.016568 0.001337 -0.004027
27 28 -0.025666 0.001952 -0.018198
28 28 -0.011539 0.000760 -0.012249
29 28 0.004624 -0.000503 0.000228
30 28 0.011501 -0.000991 0.007586
31 28 0.010442 -0.000859 0.008284
32 28 0.006627 -0.000533 0.005790
33 28 0.003342 -0.000265 0.003126
34 28 0.001412 -0.000110 0.001395
35 28 0.000515 -0.000040 0.000533
36 28 0.000165 -0.000013 0.000178
37 28 0.000047 -0.000004 0.000053
38 28 0.000012 -0.000001 0.000014
39 28 0.000003 -0.000000 0.000003
40 28 0.000001 -0.000000 0.000001
41 28 0.000000 -0.000000 0.000000
42 28 0.000000 -0.000000 0.000000
43 28 0.000000 -0.000000 0.000000
44 28 0.000000 -0.000000 0.000000
45 28 0.000000 -0.000000 0.000000
46 28 0.000000 -0.000000 0.000000
47 28 0.000000 -0.000000 0.000000
48 28 0.000000 -0.000000 0.000000
49 28 0.000000 0.000000 0.000000

0 29 0.000000 0.000000 0.000000
1 29 0.014678 -0.025712 0.011417
2 29 0.005851 -0.027641 0.015406
3 29 -0.054052 0.017002 0.002950
4 29 -0.139017 0.072765 -0.037828
5 29 -0.129280 0.068785 -0.070798
6 29 0.031833 -0.003633 -0.013161
7 29 0.152467 -0.052842 0.075961
8 29 0.074786 -0.026000 0.073920
9 29 -0.109541 0.024069 -0.038218
10 29 -0.095059 0.022251 -0.086830
11 29 0.074012 -0.018359 0.013439
12 29 0.098394 -0.024274 0.078496
13 29 -0.042730 0.009407 0.011615
14 29 -0.111413 0.021370 -0.073819
15 29 0.025366 -0.004692 -0.025916
16 29 0.112034 -0.017275 0.074110
17 29 -0.020621 0.002290 0.028149
18 29 -0.097331 0.012116 -0.065905
19 29 0.014143 -0.001785 -0.024169
20 29 0.075972 -0.008901 0.051845
21 29 -0.003141 0.000198 0.023032
22 29 -0.056479 0.005994 -0.034890
23 29 -0.012085 0.001117 -0.024023
24 29 0.035283 -0.003820 0.017603
25 29 0.023015 -0.002412 0.023653
26 29 -0.013092 0.001321 -0.000794
27 29 -0.026295 0.002577 -0.017634
28 29 -0.014007 0.001253 -0.013750
29 29 0.002892 -0.000453 -0.001299
30 29 0.011133 -0.001230 0.006989
31 29 0.010846 -0.001146 0.008411
32 29 0.007154 -0.000740 0.006148
33 29 0.003710 -0.000379 0.003421
34 29 0.001604 -0.000162 0.001564
35 29 0.000597 -0.000060 0.000610
36 29 0.000195 -0.000019 0.000208
37 29 0.000057 -0.000006 0.000063
38 29 0.000015 -0.000001 0.000017
39 29 0.000004 -0.000000 0.000004
40 29 0.000001 -0.000000 0.000001
41 29 0.000000 -0.000000 0.000000
42 29 0.000000 -0.000000 0.000000
43 29 0.000000 -0.000000 0.000000
44 29 0.000000 -0.000000 0.000000
45 29 0.000000 -0.000000 0.000000
46 29 0.000000 -0.000000 0.000000
47 29 0.000000 -0.000000 0.000000
48 29 0.000000 -0.000000 0.000000
49 29 0.000000 0.000000 0.000000

0 30 0.000000 0.000000 0.000000
1 30 -0.017629 0.004597 0.003885
2 30 -0.046587 0.022903 -0.001134
3 30 -0.084119 0.054676 -0.016842
4 30 -0.098177 0.069730 -0.035889
5 30 -0.028067 0.028987 -0.032002
6 30 0.103356 -0.043157 0.026761
7 30 0.143632 -0.067068 0.075745
8 30 0.021573 -0.019348 0.041736
9 30 -0.135292 0.037808 -0.058508
10 30 -0.082431 0.025462 -0.077380
11 30 0.078595 -0.019103 0.024190
12 30 0.092839 -0.020153 0.074670
13 30 -0.032565 0.009342 0.010345
14 30 -0.103858 0.017955 -0.068696
15 30 0.014481 -0.005928 -0.029389
16 30 0.109313 -0.018480 0.069329
17 30 -0.010719 0.002378 0.033822
18 30 -0.099302 0.014887 -0.063072
19 30 0.004824 -0.000945 -0.030631
20 30 0.078617 -0.011259 0.049794
21 30 0.005015 -0.000993 0.028589
22 30 -0.057277 0.007404 -0.032620
23 30 -0.018326 0.002290 -0.027787
24 30 0.033743 -0.004405 0.014824
25 30 0.026594 -0.003440 0.025141
26 30 -0.010121 0.001185 0.001803
27 30 -0.026563 0.003171 -0.016980
28 30 -0.015932 0.001794 -0.014831
29 30 0.001429 -0.000346 -0.002539
30 30 0.010758 -0.001443 0.006438
31 30 0.011133 -0.001433 0.008459
32 30 0.007575 -0.000958 0.006411
33 30 0.004016 -0.000502 0.003654
34 30 0.001768 -0.000219 0.001702
35 30 0.000668 -0.000082 0.000674
36 30 0.000221 -0.000027 0.000233
37 30 0.000065 -0.000008 0.000071
38 30 0.000017 -0.000002 0.000019
39 30 0.000004 -0.000001 0.000005
40 30 0.000001 -0.000000 0.000001
41 30 0.000000 -0.000000 0.000000
42 30 0.000000 -0.000000 0.000000
43 30 0.000000 -0.000000 0.000000
44 30 0.000000 -0.000000 0.000000
45 30 0.000000 -0.000000 0.000000
46 30 0.000000 -0.000000 0.000000
47 30 0.000000 -0.000000 0.000000
48 30 0.000000 -0.000000 0.000000
49 30 0.000000 0.000000 0.000000

0 31 0.000000 0.000000 0.000000
1 31 -0.021055 0.015908 -0.008498
2 31 -0.038249 0.032447 -0.011881
3 31 -0.043165 0.041512 -0.018402
4 31 -0.011538 0.024867 -0.016432
5 31 0.059256 -0.024939 0.003782
6 31 0.126469 -0.068862 0.044399
7 31 0.086825 -0.055553 0.054381
8 31 -0.049954 0.011095 -0.000500
9 31 -0.140246 0.054133 -0.070173
10 31 -0.045970 0.022279 -0.056098
11 31 0.106108 -0.027910 0.042174
12 31 0.094439 -0.030350 0.074260
13 31 -0.048989 0.006135 -0.001059
14 31 -0.114198 0.025242 -0.073545
15 31 0.015751 -0.001157 -0.026658
16 31 0.115591 -0.022190 0.071396
17 31 -0.005934 -0.000219 0.035857
18 31 -0.102947 0.017574 -0.063148
19 31 -0.001014 0.000500 -0.034383
20 31 0.081005 -0.013430 0.048965
21 31 0.010533 -0.002289 0.032169
22 31 -0.058001 0.008745 -0.031196
23 31 -0.022774 0.003516 -0.030348
24 31 0.032627 -0.004928 0.012854
25 31 0.029187 -0.004482 0.026125
26 31 -0.007903 0.000998 0.003667
27 31 -0.026707 0.003743 -0.016437
28 31 -0.017342 0.002350 -0.015564
29 31 0.000320 -0.000213 -0.003448
30 31 0.010452 -0.001640 0.005999
31 31 0.011335 -0.001716 0.008459
32 31 0.007889 -0.001178 0.006585
33 31 0.004247 -0.000629 0.003818
34 31 0.001893 -0.000279 0.001801
35 31 0.000723 -0.000106 0.000721
36 31 0.000242 -0.000035 0.000251
37 31 0.000072 -0.000010 0.000077
38 31 0.000019 -0.000003 0.000021
39 31 0.000005 -0.000001 0.000005
40 31 0.000001 -0.000000 0.000001
41 31 0.000000 -0.000000 0.000000
42 31 0.000000 -0.000000 0.000000
43 31 0.000000 -0.000000 0.000000
44 31 0.000000 -0.000000 0.000000
45 31 0.000000 -0.000000 0.000000
46 31 0.000000 -0.000000 0.000000
47 31 0.000000 -0.000000 0.000000
48 31 0.000000 -0.000000 0.000000
49 31 0.000000 0.000000 0.000000

0 32 0.000000 0.000000 0.000000
1 32 -0.002569 0.007464 -0.011751
2 32 0.002591 0.009411 -0.010390
3 32 0.019809 0.000332 -0.008339
4 32 0.057780 -0.026699 0.004274
5 32 0.090391 -0.057536 0.020460
6 32 0.091568 -0.063965 0.037385
7 32 0.003396 -0.019750 0.018095
8 32 -0.097822 0.040963 -0.033858
9 32 -0.114900 0.053059 -0.064211
10 32 0.006353 0.003995 -0.025889
11 32 0.126421 -0.045168 0.060921
12 32 0.059156 -0.029360 0.060787
13 32 -0.083069 0.022579 -0.024313
14 32 -0.100752 0.033195 -0.071119
15 32 0.038620 -0.007972 -0.011480
16 32 0.115319 -0.029561 0.073017
17 32 -0.014296 0.000704 0.029897
18 32 -0.106220 0.022093 -0.065135
19 32 -0.000380 0.001231 -0.033908
20 32 0.083883 -0.016119 0.049911
21 32 0.012658 -0.003404 0.033549
22 32 -0.059386 0.010234 -0.031127
23 32 -0.025347 0.004682 -0.031841
24 32 0.032389 -0.005507 0.011962
25 32 0.030950 -0.005504 0.026810
26 32 -0.006613 0.000840 0.004740
27 32 -0.026912 0.004316 -0.016151
28 32 -0.018272 0.002892 -0.016013
29 32 -0.000371 -0.000089 -0.004000
30 32 0.010277 -0.001836 0.005720
31 32 0.011475 -0.001993 0.008439
32 32 0.008092 -0.001392 0.006673
33 32 0.004396 -0.000752 0.003906
34 32 0.001972 -0.000336 0.001857
35 32 0.000758 -0.000129 0.000748
36 32 0.000255 -0.000043 0.000262
37 32 0.000076 -0.000013 0.000081
38 32 0.000020 -0.000003 0.000022
39 32 0.000005 -0.000001 0.000006
40 32 0.000001 -0.000000 0.000001
41 32 0.000000 -0.000000 0.000000
42 32 0.000000 -0.000000 0.000000
43 32 0.000000 -0.000000 0.000000
44 32 0.000000 -0.000000 0.000000
45 32 0.000000 -0.000000 0.000000
46 32 0.000000 -0.000000 0.000000
47 32 0.000000 -0.000000 0.000000
48 32 0.000000 -0.000000 0.000000
49 32 0.000000 0.000000 0.000000

0 33 0.000000 0.000000 0.000000
1 33 0.013284 -0.006635 -0.004602
2 33 0.028742 -0.016634 -0.001423
3 33 0.046670 -0.031400 0.002983
4 33 0.060755 -0.047612 0.012891
5 33 0.051389 -0.050105 0.016431
6 33 0.009306 -0.026492 0.013537
7 33 -0.074058 0.025435 -0.016198
8 33 -0.111472 0.057978 -0.046157
9 33 -0.067594 0.040113 -0.042930
10 33 0.060667 -0.018502 0.008476
11 33 0.121479 -0.050694 0.069099
12 33 0.014480 -0.011962 0.035508
13 33 -0.091346 0.033117 -0.040947
14 33 -0.072042 0.024609 -0.059074
15 33 0.052112 -0.017319 0.002573
16 33 0.103477 -0.029465 0.069823
17 33 -0.025591 0.005409 0.020946
18 33 -0.105040 0.025092 -0.066432
19 33 0.005411 0.000019 -0.030003
20 33 0.086209 -0.018903 0.051980
21 33 0.011116 -0.003793 0.032683
22 33 -0.061550 0.011979 -0.032490
23 33 -0.025898 0.005610 -0.032280
24 33 0.033289 -0.006269 0.012293
25 33 0.031946 -0.006470 0.027299
26 33 -0.006378 0.000800 0.004983
27 33 -0.027294 0.004918 -0.016210
28 33 -0.018735 0.003391 -0.016214
29 33 -0.000603 -0.000010 -0.004179
30 33 0.010273 -0.002046 0.005627
31 33 0.011568 -0.002262 0.008415
32 33 0.008185 -0.001592 0.006679
33 33 0.004455 -0.000864 0.003918
34 33 0.002002 -0.000388 0.001865
35 33 0.000770 -0.000149 0.000752
36 33 0.000259 -0.000050 0.000264
37 33 0.000077 -0.000015 0.000082
38 33 0.000021 -0.000004 0.000023
39 33 0.000005 -0.000001 0.000006
40 33 0.000001 -0.000000 0.000001
41 33 0.000000 -0.000000 0.000000
42 33 0.000000 -0.000000 0.000000
43 33 0.000000 -0.000000 0.000000
44 33 0.000000 -0.000000 0.000000
45 33 0.000000 -0.000000 0.000000
46 33 0.000000 -0.000000 0.000000
47 33 0.000000 -0.000000 0.000000
48 33 0.000000 -0.000000 0.000000
49 33 0.000000 0.000000 0.000000

0 34 0.000000 0.000000 0.000000
1 34 0.010270 -0.010329 0.003071
2 34 0.018001 -0.019585 0.004742
3 34 0.019499 -0.026264 0.006077
4 34 0.008534 -0.023614 0.007424
5 34 -0.021241 -0.006616 0.001307
6 34 -0.063141 0.025749 -0.010412
7 34 -0.097715 0.056696 -0.030472
8 34 -0.071772 0.052877 -0.034855
9 34 0.010847 0.010265 -0.009094
10 34 0.107290 -0.044703 0.037791
11 34 0.096952 -0.048434 0.060668
12 34 -0.025345 0.001559 0.006915
13 34 -0.099124 0.034369 -0.052591
14 34 -0.055902 0.019922 -0.048488
15 34 0.065659 -0.019052 0.016716
16 34 0.097414 -0.028658 0.069156
17 34 -0.038661 0.008133 0.009969
18 34 -0.104258 0.026923 -0.069333
19 34 0.015000 -0.001829 -0.023341
20 34 0.088485 -0.021471 0.055462
21 34 0.006041 -0.003394 0.029624
22 34 -0.064498 0.013969 -0.035319
23 34 -0.024276 0.006147 -0.031588
24 34 0.035431 -0.007318 0.013921
25 34 0.032124 -0.007332 0.027582
26 34 -0.007289 0.000966 0.004349
27 34 -0.027890 0.005579 -0.016639
28 34 -0.018717 0.003821 -0.016167
29 34 -0.000347 -0.000010 -0.003975
30 34 0.010454 -0.002287 0.005729
31 34 0.011617 -0.002522 0.008391
32 34 0.008165 -0.001771 0.006605
33 34 0.004422 -0.000960 0.003853
34 34 0.001979 -0.000430 0.001826
35 34 0.000758 -0.000165 0.000734
36 34 0.000254 -0.000055 0.000256
37 34 0.000076 -0.000016 0.000079
38 34 0.000020 -0.000004 0.000022
39 34 0.000005 -0.000001 0.000005
40 34 0.000001 -0.000000 0.000001
41 34 0.000000 -0.000000 0.000000
42 34 0.000000 -0.000000 0.000000
43 34 0.000000 -0.000000 0.000000
44 34 0.000000 -0.000000 0.000000
45 34 0.000000 -0.000000 0.000000
46 34 0.000000 -0.000000 0.000000
47 34 0.000000 -0.000000 0.000000
48 34 0.000000 -0.000000 0.000000
49 34 0.000000 0.000000 0.000000

0 35 0.000000 0.000000 0.000000
1 35 -0.002734 -0.002455 0.003472
2 35 -0.007457 -0.002583 0.003323
3 35 -0.019655 0.002518 0.000676
4 35 -0.034926 0.014466 -0.002330
5 35 -0.057377 0.032392 -0.010665
6 35 -0.064653 0.048145 -0.017785
7 35 -0.049881 0.045519 -0.020931
8 35 0.010199 0.013947 -0.008471
9 35 0.082128 -0.034599 0.022928
10 35 0.106980 -0.061201 0.045104
11 35 0.039365 -0.032817 0.034352
12 35 -0.078566 0.022298 -0.023741
13 35 -0.107922 0.045078 -0.060614
14 35 -0.018874 0.016729 -0.028784
15 35 0.097289 -0.030007 0.039140
16 35 0.083349 -0.031928 0.064726
17 35 -0.065094 0.014578 -0.009322
18 35 -0.101274 0.030509 -0.072143
19 35 0.032161 -0.005355 -0.011329
20 35 0.090214 -0.024567 0.059978
21 35 -0.003597 -0.001932 0.023477
22 35 -0.067986 0.016355 -0.039498
23 35 -0.020050 0.006118 -0.029395
24 35 0.038772 -0.008759 0.016857
25 35 0.031279 -0.008020 0.027505
26 35 -0.009409 0.001429 0.002783
27 35 -0.028645 0.006310 -0.017400
28 35 -0.018164 0.004142 -0.015834
29 35 0.000407 -0.000125 -0.003382
30 35 0.010809 -0.002571 0.006014
31 35 0.011611 -0.002769 0.008356
32 35 0.008026 -0.001921 0.006447
33 35 0.004297 -0.001031 0.003712
34 35 0.001905 -0.000459 0.001741
35 35 0.000724 -0.000175 0.000694
36 35 0.000241 -0.000058 0.000241
37 35 0.000071 -0.000017 0.000074
38 35 0.000019 -0.000005 0.000020
39 35 0.000005 -0.000001 0.000005
40 35 0.000001 -0.000000 0.000001
41 35 0.000000 -0.000000 0.000000
42 35 0.000000 -0.000000 0.000000
43 35 0.000000 -0.000000 0.000000
44 35 0.000000 -0.000000 0.000000
45 35 0.000000 -0.000000 0.000000
46 35 0.000000 -0.000000 0.000000
47 35 0.000000 -0.000000 0.000000
48 35 0.000000 -0.000000 0.000000
49 35 0.000000 0.000000 0.000000

0 36 0.000000 0.000000 0.000000
1 36 -0.009157 0.005318 -0.001299
2 36 -0.017961 0.011333 -0.001747
3 36 -0.028609 0.019913 -0.005465
4 36 -0.032522 0.027125 -0.006488
5 36 -0.034615 0.032573 -0.011623
6 36 -0.011023 0.024414 -0.008171
7 36 0.018788 0.002627 -0.002099
8 36 0.070582 -0.032462 0.014602
9 36 0.087382 -0.057088 0.033168
10 36 0.048503 -0.043375 0.026421
11 36 -0.034883 0.003636 0.000864
12 36 -0.113905 0.049756 -0.046276
13 36 -0.071004 0.044633 -0.049620
14 36 0.047141 -0.007930 0.005969
15 36 0.110677 -0.046871 0.054849
16 36 0.040348 -0.023913 0.044555
17 36 -0.094041 0.028652 -0.032198
18 36 -0.083977 0.031065 -0.067320
19 36 0.056100 -0.013146 0.006195
20 36 0.086950 -0.027300 0.062521
21 36 -0.018550 0.001571 0.013369
22 36 -0.070607 0.019043 -0.044092
23 36 -0.012594 0.005155 -0.025095
24 36 0.042932 -0.010653 0.020900
25 36 0.029024 -0.008395 0.026746
26 36 -0.012735 0.002281 0.000245
27 36 -0.029396 0.007100 -0.018373
28 36 -0.016989 0.004305 -0.015134
29 36 0.001648 -0.000386 -0.002406
30 36 0.011299 -0.002902 0.006449
31 36 0.011525 -0.002995 0.008290
32 36 0.007763 -0.002033 0.006202
33 36 0.004082 -0.001075 0.003500
34 36 0.001784 -0.000472 0.001617
35 36 0.000670 -0.000178 0.000636
36 36 0.000221 -0.000059 0.000218
37 36 0.000065 -0.000017 0.000066
38 36 0.000017 -0.000005 0.000018
39 36 0.000004 -0.000001 0.000004
40 36 0.000001 -0.000000 0.000001
41 36 0.000000 -0.000000 0.000000
42 36 0.000000 -0.000000 0.000000
43 36 0.000000 -0.000000 0.000000
44 36 0.000000 -0.000000 0.000000
45 36 0.000000 -0.000000 0.000000
46 36 0.000000 -0.000000 0.000000
47 36 0.000000 -0.000000 0.000000
48 36 0.000000 -0.000000 0.000000
49 36 0.000000 0.000000 0.000000

0 37 0.000000 0.000000 0.000000
1 37 -0.004699 0.005456 -0.004924
2 37 -0.008523 0.010136 -0.004667
3 37 -0.007921 0.013192 -0.006391
4 37 -0.001367 0.011294 -0.003808
5 37 0.011174 0.004603 -0.004512
6 37 0.037585 -0.013372 0.005086
7 37 0.052757 -0.031087 0.009654
8 37 0.070347 -0.048058 0.021214
9 37 0.034205 -0.037722 0.019472
10 37 -0.020511 -0.002557 -0.000968
11 37 -0.079615 0.037757 -0.022773
12 37 -0.094275 0.054890 -0.047604
13 37 0.002813 0.014820 -0.018130
14 37 0.088605 -0.038147 0.035306
15 37 0.080723 -0.044495 0.048489
16 37 -0.010350 -0.002102 0.016229
17 37 -0.104210 0.039290 -0.046712
18 37 -0.052701 0.023404 -0.053447
19 37 0.078478 -0.023156 0.024739
20 37 0.075217 -0.027188 0.060384
21 37 -0.037159 0.007387 -0.000107
22 37 -0.070219 0.021296 -0.047590
23 37 -0.001670 0.002855 -0.018256
24 37 0.047085 -0.012890 0.025539
25 37 0.024889 -0.008240 0.024878
26 37 -0.017128 0.003587 -0.003230
27 37 -0.029867 0.007893 -0.019347
28 37 -0.015089 0.004246 -0.013968
29 37 0.003331 -0.000817 -0.001071
30 37 0.011853 -0.003274 0.006977
31 37 0.011324 -0.003188 0.008159
32 37 0.007373 -0.002098 0.005864
33 37 0.003785 -0.001085 0.003223
34 37 0.001624 -0.000468 0.001459
35 37 0.000601 -0.000174 0.000565
36 37 0.000195 -0.000057 0.000191
37 37 0.000057 -0.000016 0.000057
38 37 0.000015 -0.000004 0.000015
39 37 0.000003 -0.000001 0.000004
40 37 0.000001 -0.000000 0.000001
41 37 0.000000 -0.000000 0.000000
42 37 0.000000 -0.000000 0.000000
43 37 0.000000 -0.000000 0.000000
44 37 0.000000 -0.000000 0.000000
45 37 0.000000 -0.000000 0.000000
46 37 0.000000 -0.000000 0.000000
47 37 0.000000 -0.000000 0.000000
48 37 0.000000 -0.000000 0.000000
49 37 0.000000 0.000000 0.000000

0 38 0.000000 0.000000 0.000000
1 38 0.003973 0.000049 -0.004033
2 38 0.007511 -0.000598 -0.003255
3 38 0.017026 -0.004679 -0.002431
4 38 0.024921 -0.010970 0.001173
5 38 0.038112 -0.020906 0.002916
6 38 0.045942 -0.031612 0.010510
7 38 0.039819 -0.034127 0.009133
8 38 0.024646 -0.028550 0.012120
9 38 -0.027857 0.001085 -0.002935
10 38 -0.059293 0.029921 -0.018861
11 38 -0.078293 0.047638 -0.028668
12 38 -0.036094 0.031751 -0.028785
13 38 0.061406 -0.020939 0.015142
14 38 0.083508 -0.045899 0.043108
15 38 0.037165 -0.024711 0.028878
16 38 -0.043617 0.016184 -0.006452
17 38 -0.098508 0.040092 -0.051848
18 38 -0.017368 0.011397 -0.035054
19 38 0.094909 -0.031595 0.041495
20 38 0.055276 -0.023491 0.052933
21 38 -0.056957 0.014688 -0.015810
22 38 -0.064999 0.022260 -0.048551
23 38 0.012401 -0.000962 -0.008744
24 38 0.050061 -0.015167 0.029994
25 38 0.018442 -0.007299 0.021448
26 38 -0.022255 0.005353 -0.007478
27 38 -0.029679 0.008581 -0.020027
28 38 -0.012380 0.003893 -0.012236
29 38 0.005359 -0.001424 0.000563
30 38 0.012373 -0.003668 0.007516
31 38 0.010969 -0.003331 0.007928
32 38 0.006856 -0.002110 0.005433
33 38 0.003420 -0.001062 0.002893
34 38 0.001434 -0.000448 0.001278
35 38 0.000520 -0.000163 0.000485
36 38 0.000166 -0.000052 0.000161
37 38 0.000047 -0.000015 0.000048
38 38 0.000012 -0.000004 0.000013
39 38 0.000003 -0.000001 0.000003
40 38 0.000001 -0.000000 0.000001
41 38 0.000000 -0.000000 0.000000
42 38 0.000000 -0.000000 0.000000
43 38 0.000000 -0.000000 0.000000
44 38 0.000000 -0.000000 0.000000
45 38 0.000000 -0.000000 0.000000
46 38 0.000000 -0.000000 0.000000
47 38 0.000000 -0.000000 0.000000
48 38 0.000000 -0.000000 0.000000
49 38 0.000000 0.000000 0.000000

0 39 0.000000 0.000000 0.000000
1 39 0.007734 -0.004612 -0.000215
2 39 0.013581 -0.008897 0.000322
3 39 0.022327 -0.015182 0.001951
4 39 0.023548 -0.019124 0.003535
5 39 0.026618 -0.023568 0.004722
6 39 0.014372 -0.020517 0.005893
7 39 -0.003044 -0.010588 0.000429
8 39 -0.030042 0.007397 -0.002831
9 39 -0.061981 0.032881 -0.017919
10 39 -0.057656 0.041020 -0.020712
11 39 -0.038982 0.034509 -0.018358
12 39 0.029325 -0.001698 -0.001017
13 39 0.085929 -0.040996 0.034940
14 39 0.057187 -0.036037 0.033729
15 39 0.000873 -0.006399 0.008509
16 39 -0.068649 0.027146 -0.023841
17 39 -0.085600 0.037737 -0.051460
18 39 0.023391 -0.001883 -0.011662
19 39 0.104995 -0.038628 0.055785
20 39 0.025926 -0.016370 0.038602
21 39 -0.075788 0.022937 -0.032671
22 39 -0.052943 0.021190 -0.045195
23 39 0.028823 -0.006335 0.003300
24 39 0.050337 -0.017023 0.033150
25 39 0.009414 -0.005311 0.016060
26 39 -0.027522 0.007496 -0.012145
27 39 -0.028390 0.008999 -0.020046
28 39 -0.008841 0.003179 -0.009876
29 39 0.007575 -0.002192 0.002386
30 39 0.012741 -0.004049 0.007969
31 39 0.010424 -0.003402 0.007562
32 39 0.006222 -0.002061 0.004914
33 39 0.003002 -0.001004 0.002523
34 39 0.001226 -0.000413 0.001084
35 39 0.000435 -0.000147 0.000402
36 39 0.000136 -0.000046 0.000131
37 39 0.000038 -0.000013 0.000038
38 39 0.000010 -0.000003 0.000010
39 39 0.000002 -0.000001 0.000002
40 39 0.000000 -0.000000 0.000001
41 39 0.000000 -0.000000 0.000000
42 39 0.000000 -0.000000 0.000000
43 39 0.000000 -0.000000 0.000000
44 39 0.000000 -0.000000 0.000000
45 39 0.000000 -0.000000 0.000000
46 39 0.000000 -0.000000 0.000000
47 39 0.000000 -0.000000 0.000000
48 39 0.000000 -0.000000 0.000000
49 39 0.000000 0.000000 0.000000

0 40 0.000000 0.000000 0.000000
1 40 0.002797 -0.003748 0.001986
2 40 0.003520 -0.006378 0.001783
3 40 0.003825 -0.008559 0.002382
4 40 -0.003015 -0.006412 0.001144
5 40 -0.009628 -0.002720 0.000415
6 40 -0.027369 0.008765 -0.003142
7 40 -0.039033 0.020766 -0.008089
8 40 -0.052277 0.035033 -0.011698
9 40 -0.047050 0.040732 -0.017230
10 40 -0.014907 0.027624 -0.008470
11 40 0.023612 0.004178 0.001354
12 40 0.077836 -0.032458 0.021956
13 40 0.077234 -0.044656 0.035817
14 40 0.018301 -0.019580 0.014402
15 40 -0.039843 0.012193 -0.012001
16 40 -0.088471 0.039840 -0.037584
17 40 -0.050865 0.031356 -0.039586
18 40 0.072909 -0.020877 0.018772
19 40 0.099271 -0.043258 0.061846
20 40 -0.015407 -0.003681 0.014838
21 40 -0.088351 0.031372 -0.047381
22 40 -0.031528 0.016762 -0.035154
23 40 0.045531 -0.013107 0.016816
24 40 0.045971 -0.017710 0.033451
25 40 -0.002032 -0.002050 0.008585
26 40 -0.032000 0.009788 -0.016596
27 40 -0.025566 0.008931 -0.019015
28 40 -0.004574 0.002062 -0.006917
29 40 0.009755 -0.003071 0.004236
30 40 0.012833 -0.004368 0.008233
31 40 0.009670 -0.003382 0.007039
32 40 0.005490 -0.001950 0.004323
33 40 0.002554 -0.000917 0.002134
34 40 0.001013 -0.000366 0.000889
35 40 0.000351 -0.000128 0.000321
36 40 0.000108 -0.000039 0.000102
37 40 0.000030 -0.000011 0.000029
38 40 0.000007 -0.000003 0.000008
39 40 0.000002 -0.000001 0.000002
40 40 0.000000 -0.000000 0.000000
41 40 0.000000 -0.000000 0.000000
42 40 0.000000 -0.000000 0.000000
43 40 0.000000 -0.000000 0.000000
44 40 0.000000 -0.000000 0.000000
45 40 0.000000 -0.000000 0.000000
46 40 0.000000 -0.000000 0.000000
47 40 0.000000 -0.000000 0.000000
48 40 0.000000 -0.000000 0.000000
49 40 0.000000 0.000000 0.000000

0 41 0.000000 0.000000 0.000000
1 41 -0.004814 0.001226 0.000201
2 41 -0.010431 0.003360 -0.000497
3 41 -0.016772 0.006727 -0.001046
4 41 -0.025048 0.012626 -0.003386
5 41 -0.031195 0.019075 -0.004711
6 41 -0.037935 0.027623 -0.008141
7 41 -0.032761 0.030832 -0.008965
8 41 -0.022670 0.030264 -0.008481
9 41 0.007300 0.016161 -0.004173
10 41 0.042102 -0.006750 0.008013
11 41 0.068587 -0.029835 0.016735
12 41 0.077434 -0.045425 0.026701
13 41 0.028950 -0.027312 0.017825
14 41 -0.035342 0.008803 -0.009926
15 41 -0.074601 0.037198 -0.028768
16 41 -0.072709 0.046158 -0.036819
17 41 0.016885 0.009097 -0.010046
18 41 0.111212 -0.043678 0.046792
19 41 0.062952 -0.037187 0.050082
20 41 -0.061875 0.016078 -0.015492
21 41 -0.084612 0.036454 -0.053168
22 41 -0.000607 0.007361 -0.017426
23 41 0.058134 -0.020191 0.028956
24 41 0.035236 -0.016150 0.029322
25 41 -0.014814 0.002477 -0.000442
26 41 -0.034467 0.011796 -0.019921
27 41 -0.020946 0.008149 -0.016655
28 41 0.000138 0.000563 -0.003529
29 41 0.011623 -0.003969 0.005902
30 41 0.012547 -0.004570 0.008219
31 41 0.008711 -0.003257 0.006359
32 41 0.004695 -0.001783 0.003684
33 41 0.002101 -0.000806 0.001744
34 41 0.000808 -0.000312 0.000703
35 41 0.000273 -0.000106 0.000247
36 41 0.000082 -0.000032 0.000077
37 41 0.000022 -0.000009 0.000022
38 41 0.000005 -0.000002 0.000005
39 41 0.000001 -0.000000 0.000001
40 41 0.000000 -0.000000 0.000000
41 41 0.000000 -0.000000 0.000000
42 41 0.000000 -0.000000 0.000000
43 41 0.000000 -0.000000 0.000000
44 41 0.000000 -0.000000 0.000000
45 41 0.000000 -0.000000 0.000000
46 41 0.000000 -0.000000 0.000000
47 41 0.000000 -0.000000 0.000000
48 41 0.000000 -0.000000 0.000000
49 41 0.000000 0.000000 0.000000

0 42 0.000000 0.000000 0.000000
1 42 -0.005947 0.003879 -0.002715
2 42 -0.011221 0.007715 -0.003210
3 42 -0.015757 0.011649 -0.003711
4 42 -0.017662 0.014807 -0.004890
5 42 -0.015830 0.016193 -0.004868
6 42 -0.008952 0.014612 -0.005212
7 42 0.006434 0.006861 -0.002249
8 42 0.024360 -0.004885 0.001247
9 42 0.047882 -0.023046 0.007993
10 42 0.057586 -0.036458 0.014464
11 42 0.050176 -0.039834 0.014815
12 42 0.017333 -0.025198 0.010296
13 42 -0.040582 0.011231 -0.008907
14 42 -0.073625 0.041640 -0.027476
15 42 -0.064620 0.049871 -0.029147
16 42 -0.006825 0.026993 -0.014319
17 42 0.086918 -0.026287 0.025315
18 42 0.105369 -0.052962 0.054602
19 42 -0.000393 -0.012917 0.019689
20 42 -0.092414 0.037215 -0.040658
21 42 -0.056787 0.032538 -0.043943
22 42 0.033783 -0.006592 0.004903
23 42 0.060957 -0.025022 0.035638
24 42 0.018157 -0.011402 0.020281
25 42 -0.026675 0.007734 -0.009568
26 42 -0.033734 0.012910 -0.021166
27 42 -0.014648 0.006505 -0.012955
28 42 0.004821 -0.001202 -0.000038
29 42 0.012903 -0.004763 0.007166
30 42 0.011831 -0.004604 0.007875
31 42 0.007586 -0.003025 0.005547
32 42 0.003878 -0.001569 0.003032
33 42 0.001667 -0.000681 0.001375
34 42 0.000621 -0.000255 0.000536
35 42 0.000204 -0.000084 0.000183
36 42 0.000060 -0.000025 0.000056
37 42 0.000016 -0.000007 0.000015
38 42 0.000004 -0.000002 0.000004
39 42 0.000001 -0.000000 0.000001
40 42 0.000000 -0.000000 0.000000
41 42 0.000000 -0.000000 0.000000
42 42 0.000000 -0.000000 0.000000
43 42 0.000000 -0.000000 0.000000
44 42 0.000000 -0.000000 0.000000
45 42 0.000000 -0.000000 0.000000
46 42 0.000000 -0.000000 0.000000
47 42 0.000000 -0.000000 0.000000
48 42 0.000000 -0.000000 0.000000
49 42 0.000000 0.000000 0.000000

0 43 0.000000 0.000000 0.000000
1 43 0.000227 0.001302 -0.002827
2 43 0.001442 0.001876 -0.002729
3 43 0.003679 0.001453 -0.002381
4 43 0.008650 -0.001284 -0.001771
5 43 0.015234 -0.006229 -0.000289
6 43 0.024191 -0.014277 0.001460
7 43 0.032761 -0.024281 0.004678
8 43 0.036709 -0.033405 0.006786
9 43 0.033358 -0.038921 0.008805
10 43 0.013025 -0.032642 0.006244
11 43 -0.017618 -0.015106 -0.001239
12 43 -0.055579 0.013951 -0.012193
13 43 -0.079912 0.042293 -0.025666
14 43 -0.060974 0.047686 -0.026261
15 43 -0.007216 0.027511 -0.010773
16 43 0.064568 -0.013505 0.015138
17 43 0.105814 -0.049166 0.042228
18 43 0.048318 -0.033107 0.034853
19 43 -0.059969 0.022813 -0.015079
20 43 -0.085817 0.047922 -0.047362
21 43 -0.009094 0.017422 -0.020569
22 43 0.060484 -0.020682 0.024892
23 43 0.050787 -0.024451 0.033972
24 43 -0.002183 -0.003541 0.007930
25 43 -0.034644 0.012575 -0.016717
26 43 -0.029175 0.012550 -0.019729
27 43 -0.007276 0.004052 -0.008274
28 43 0.008901 -0.003013 0.003132
29 43 0.013391 -0.005323 0.007860
30 43 0.010701 -0.004441 0.007207
31 43 0.006361 -0.002698 0.004654
32 43 0.003086 -0.001326 0.002402
33 43 0.001274 -0.000553 0.001044
34 43 0.000459 -0.000200 0.000393
35 43 0.000147 -0.000064 0.000130
36 43 0.000042 -0.000018 0.000039
37 43 0.000011 -0.000005 0.000010
38 43 0.000003 -0.000001 0.000003
39 43 0.000001 -0.000000 0.000001
40 43 0.000000 -0.000000 0.000000
41 43 0.000000 -0.000000 0.000000
42 43 0.000000 -0.000000 0.000000
43 43 0.000000 -0.000000 0.000000
44 43 0.000000 -0.000000 0.000000
45 43 0.000000 -0.000000 0.000000
46 43 0.000000 -0.000000 0.000000
47 43 0.000000 -0.000000 0.000000
48 43 0.000000 -0.000000 0.000000
49 43 0.000000 0.000000 0.000000

0 44 0.000000 0.000000 0.000000
1 44 0.005441 -0.002147 -0.000725
2 44 0.011160 -0.004819 -0.000300
3 44 0.016732 -0.008130 0.000483
4 44 0.022406 -0.012602 0.001706
5 44 0.026200 -0.017348 0.003141
6 44 0.027613 -0.022144 0.004464
7 44 0.023008 -0.024497 0.005317
8 44 0.011199 -0.022699 0.004199
9 44 -0.008980 -0.014526 0.001302
10 44 -0.036136 0.001148 -0.005363
11 44 -0.059511 0.019110 -0.013072
12 44 -0.071018 0.034100 -0.019591
13 44 -0.054305 0.033670 -0.020370
14 44 -0.007651 0.012060 -0.008439
15 44 0.044917 -0.019751 0.010287
16 44 0.077122 -0.045818 0.026848
17 44 0.052691 -0.039985 0.028146
18 44 -0.028950 0.006855 -0.000489
19 44 -0.083199 0.049527 -0.036094
20 44 -0.042226 0.040151 -0.032817
21 44 0.040765 -0.003296 0.007534
22 44 0.069913 -0.027995 0.035676
23 44 0.030409 -0.016755 0.024670
24 44 -0.019978 0.005948 -0.004178
25 44 -0.036110 0.015672 -0.019948
26 44 -0.021073 0.010504 -0.015656
27 44 0.000217 0.001111 -0.003261
28 44 0.011871 -0.004586 0.005594
29 44 0.013027 -0.005546 0.007922
30 44 0.009253 -0.004082 0.006280
31 44 0.005122 -0.002303 0.003743
32 44 0.002360 -0.001074 0.001828
33 44 0.000936 -0.000429 0.000761
34 44 0.000326 -0.000151 0.000277
35 44 0.000101 -0.000047 0.000089
36 44 0.000028 -0.000013 0.000026
37 44 0.000007 -0.000003 0.000007
38 44 0.000002 -0.000001 0.000002
39 44 0.000000 -0.000000 0.000000
40 44 0.000000 -0.000000 0.000000
41 44 0.000000 -0.000000 0.000000
42 44 0.000000 -0.000000 0.000000
43 44 0.000000 -0.000000 0.000000
44 44 0.000000 -0.000000 0.000000
45 44 0.000000 -0.000000 0.000000
46 44 0.000000 -0.000000 0.000000
47 44 0.000000 -0.000000 0.000000
48 44 0.000000 -0.000000 0.000000
49 44 0.000000 0.000000 0.000000

0 45 0.000000 0.000000 0.000000
1 45 0.002825 -0.002279 0.000466
2 45 0.005330 -0.004375 0.000652
3 45 0.006939 -0.005911 0.000904
4 45 0.007282 -0.006574 0.001234
5 45 0.005222 -0.005459 0.001268
6 45 0.000651 -0.002197 0.000919
7 45 -0.007536 0.004309 -0.000268
8 45 -0.017637 0.013341 -0.002471
9 45 -0.028110 0.023947 -0.005269
10 45 -0.034074 0.032408 -0.008392
11 45 -0.029490 0.033202 -0.009191
12 45 -0.012328 0.022547 -0.006635
13 45 0.017836 -0.002232 0.001067
14 45 0.046290 -0.032431 0.012430
15 45 0.052542 -0.051807 0.019150
16 45 0.025541 -0.046648 0.015247
17 45 -0.033543 -0.010198 -0.003417
18 45 -0.084516 0.035843 -0.030202
19 45 -0.067850 0.047928 -0.037329
20 45 0.009736 0.016180 -0.009263
21 45 0.069342 -0.019668 0.026784
22 45 0.059272 -0.023867 0.034046
23 45 0.007790 -0.003128 0.011832
24 45 -0.029023 0.014842 -0.012070
25 45 -0.029761 0.016326 -0.018206
26 45 -0.010405 0.007212 -0.009548
27 45 0.006961 -0.001749 0.001442
28 45 0.013524 -0.005645 0.007158
29 45 0.011939 -0.005384 0.007431
30 45 0.007644 -0.003562 0.005213
31 45 0.003956 -0.001877 0.002884
32 45 0.001734 -0.000832 0.001335
33 45 0.000661 -0.000320 0.000534
34 45 0.000223 -0.000108 0.000188
35 45 0.000067 -0.000033 0.000059
36 45 0.000018 -0.000009 0.000017
37 45 0.000005 -0.000002 0.000004
38 45 0.000001 -0.000001 0.000001
39 45 0.000000 -0.000000 0.000000
40 45 0.000000 -0.000000 0.000000
41 45 0.000000 -0.000000 0.000000
42 45 0.000000 -0.000000 0.000000
43 45 0.000000 -0.000000 0.000000
44 45 0.000000 -0.000000 0.000000
45 45 0.000000 -0.000000 0.000000
46 45 0.000000 -0.000000 0.000000
47 45 0.000000 -0.000000 0.000000
48 45 0.000000 -0.000000 0.000000
49 45 0.000000 0.000000 0.000000

0 46 0.000000 0.000000 0.000000
1 46 -0.003385 -0.000545 0.000446
2 46 -0.007178 -0.000604 0.000210
3 46 -0.011693 0.000312 -0.000335
4 46 -0.017017 0.002657 -0.001179
5 46 -0.022944 0.006814 -0.002478
6 46 -0.028446 0.012696 -0.004049
7 46 -0.032175 0.019905 -0.005839
8 46 -0.031234 0.026639 -0.007185
9 46 -0.023429 0.030784 -0.007319
10 46 -0.006107 0.028829 -0.005244
11 46 0.019707 0.018536 0.000185
12 46 0.048259 0.000309 0.008160
13 46 0.069399 -0.021663 0.017007
14 46 0.067206 -0.036593 0.021668
15 46 0.033980 -0.034951 0.016258
16 46 -0.022250 -0.014362 0.000057
17 46 -0.076222 0.016218 -0.022179
18 46 -0.086429 0.032140 -0.035930
19 46 -0.035377 0.015844 -0.024365
20 46 0.033420 -0.015136 0.006199
21 46 0.058374 -0.026949 0.026676
22 46 0.029825 -0.010961 0.020072
23 46 -0.010877 0.011986 -0.000820
24 46 -0.026796 0.021221 -0.013943
25 46 -0.016269 0.015035 -0.011872
26 46 0.001806 0.003814 -0.002198
27 46 0.012746 -0.003794 0.005576
28 46 0.014183 -0.005945 0.007997
29 46 0.010499 -0.004837 0.006639
30 46 0.006094 -0.002931 0.004166
31 46 0.002950 -0.001453 0.002144
32 46 0.001230 -0.000615 0.000941
33 46 0.000451 -0.000227 0.000361
34 46 0.000147 -0.000075 0.000123
35 46 0.000043 -0.000022 0.000037
36 46 0.000011 -0.000006 0.000010
37 46 0.000003 -0.000001 0.000003
38 46 0.000001 -0.000000 0.000001
39 46 0.000000 -0.000000 0.000000
40 46 0.000000 -0.000000 0.000000
41 46 0.000000 -0.000000 0.000000
42 46 0.000000 -0.000000 0.000000
43 46 0.000000 -0.000000 0.000000
44 46 0.000000 -0.000000 0.000000
45 46 0.000000 -0.000000 0.000000
46 46 0.000000 -0.000000 0.000000
47 46 0.000000 -0.000000 0.000000
48 46 0.000000 -0.000000 0.000000
49 46 0.000000 0.000000 0.000000

0 47 0.000000 0.000000 0.000000
1 47 -0.003050 0.001306 -0.000184
2 47 -0.006270 0.002661 -0.000386
3 47 -0.009708 0.004040 -0.000811
4 47 -0.013281 0.005363 -0.001437
5 47 -0.016552 0.006345 -0.002275
6 47 -0.018757 0.006550 -0.003153
7 47 -0.018804 0.005384 -0.003927
8 47 -0.015276 0.002131 -0.004120
9 47 -0.007426 -0.003377 -0.003372
10 47 0.004930 -0.010857 -0.001229
11 47 0.019267 -0.018144 0.002310
12 47 0.031146 -0.021958 0.006263
13 47 0.034514 -0.018334 0.009154
14 47 0.023893 -0.004582 0.008354
15 47 0.001363 0.015669 0.002652
16 47 -0.023424 0.032971 -0.005999
17 47 -0.035187 0.034724 -0.013138
18 47 -0.020777 0.012633 -0.011798
19 47 0.010284 -0.021956 0.000013
20 47 0.026938 -0.041016 0.011500
21 47 0.012449 -0.029131 0.009800
22 47 -0.015526 -0.000133 -0.003217
23 47 -0.028856 0.020954 -0.013766
24 47 -0.019409 0.023082 -0.012887
25 47 0.000026 0.012852 -0.003748
26 47 0.014314 0.001736 0.005303
27 47 0.018193 -0.004226 0.009350
28 47 0.014856 -0.005232 0.008716
29 47 0.009406 -0.003876 0.006020
30 47 0.004937 -0.002209 0.003380
31 47 0.002222 -0.001045 0.001609
32 47 0.000876 -0.000426 0.000666
33 47 0.000307 -0.000152 0.000243
34 47 0.000096 -0.000049 0.000080
35 47 0.000027 -0.000014 0.000023
36 47 0.000007 -0.000004 0.000006
37 47 0.000002 -0.000001 0.000002
38 47 0.000000 -0.000000 0.000000
39 47 0.000000 -0.000000 0.000000
40 47 0.000000 -0.000000 0.000000
41 47 0.000000 -0.000000 0.000000
42 47 0.000000 -0.000000 0.000000
43 47 0.000000 -0.000000 0.000000
44 47 0.000000 -0.000000 0.000000
45 47 0.000000 -0.000000 0.000000
46 47 0.000000 -0.000000 0.000000
47 47 0.000000 -0.000000 0.000000
48 47 0.000000 -0.000000 0.000000
49 47 0.000000 0.000000 0.000000

0 48 0.000000 0.000000 0.000000
1 48 0.001347 0.002739 -0.002312
2 48 0.003112 0.005190 -0.002193
3 48 0.005710 0.006977 -0.001910
4 48 0.009406 0.007642 -0.001388
5 48 0.014350 0.006555 -0.000534
6 48 0.020214 0.003108 0.000735
7 48 0.026213 -0.003191 0.002381
8 48 0.030691 -0.012264 0.004248
9 48 0.031276 -0.022994 0.005787
10 48 0.025339 -0.032972 0.006279
11 48 0.010702 -0.038159 0.004629
12 48 -0.011891 -0.034371 0.000099
13 48 -0.037871 -0.018835 -0.007055
14 48 -0.057420 0.006649 -0.015006
15 48 -0.057905 0.033243 -0.019435
16 48 -0.032230 0.048010 -0.015808
17 48 0.014454 0.039664 -0.002440
18 48 0.059558 0.008513 0.016471
19 48 0.070414 -0.026221 0.028535
20 48 0.034274 -0.039579 0.021528
21 48 -0.022204 -0.025326 -0.001555
22 48 -0.056771 -0.000195 -0.022752
23 48 -0.051288 0.015847 -0.027142
24 48 -0.020863 0.016746 -0.015675
25 48 0.008701 0.009075 0.000037
26 48 0.023154 0.001343 0.010177
27 48 0.023355 -0.002600 0.012518
28 48 0.016787 -0.003217 0.010000
29 48 0.009705 -0.002345 0.006238
30 48 0.004741 -0.001313 0.003242
31 48 0.002011 -0.000611 0.001450
32 48 0.000754 -0.000245 0.000569
33 48 0.000252 -0.000086 0.000199
34 48 0.000076 -0.000027 0.000062
35 48 0.000021 -0.000008 0.000018
36 48 0.000005 -0.000002 0.000005
37 48 0.000001 -0.000000 0.000001
38 48 0.000000 -0.000000 0.000000
39 48 0.000000 -0.000000 0.000000
40 48 0.000000 -0.000000 0.000000
41 48 0.000000 -0.000000 0.000000
42 48 0.000000 -0.000000 0.000000
43 48 0.000000 -0.000000 0.000000
44 48 0.000000 -0.000000 0.000000
45 48 0.000000 -0.000000 0.000000
46 48 0.000000 -0.000000 0.000000
47 48 0.000000 -0.000000 0.000000
48 48 0.000000 -0.000000 0.000000
49 48 0.000000 0.000000 0.000000

0 49 0.000000 0.000000 0.000000
1 49 0.000000 0.000000 0.000000
2 49 0.000000 0.000000 0.000000
3 49 0.000000 0.000000 0.000000
4 49 0.000000 0.000000 0.000000
5 49 0.000000 0.000000 0.000000
6 49 0.000000 0.000000 0.000000
7 49 0.000000 0.000000 0.000000
8 49 0.000000 0.000000 0.000000
9 49 0.000000 0.000000 0.000000
10 49 0.000000 0.000000 0.000000
11 49 0.000000 0.000000 0.000000
12 49 0.000000 0.000000 0.000000
13 49 0.000000 0.000000 0.000000
14 49 0.000000 0.000000 0.000000
15 49 0.000000 0.000000 0.000000
16 49 0.000000 0.000000 0.000000
17 49 0.000000 0.000000 0.000000
18 49 0.000000 0.000000 0.000000
19 49 0.000000 0.000000 0.000000
20 49 0.000000 0.000000 0.000000
21 49 0.000000 0.000000 0.000000
22 49 0.000000 0.000000 0.000000
23 49 0.000000 0.000000 0.000000
24 49 0.000000 0.000000 0.000000
25 49 0.000000 0.000000 0.000000
26 49 0.000000 0.000000 0.000000
27 49 0.000000 0.000000 0.000000
28 49 0.000000 0.000000 0.000000
29 49 0.000000 0.000000 0.000000
30 49 0.000000 0.000000 0.000000
31 49 0.000000 0.000000 0.000000
32 49 0.000000 0.000000 0.000000
33 49 0.000000 0.000000 0.000000
34 49 0.000000 0.000000 0.000000
35 49 0.000000 0.000000 0.000000
36 49 0.000000 0.000000 0.000000
37 49 0.000000 0.000000 0.000000
38 49 0.000000 0.000000 0.000000
39 49 0.000000 0.000000 0.000000
40 49 0.000000 0.000000 0.000000
41 49 0.000000 0.000000 0.000000
42 49 0.000000 0.000000 0.000000
43 49 0.000000 0.000000 0.000000
44 49 0.000000 0.000000 0.000000
45 49 0.000000 0.000000 0.000000
46 49 0.000000 0.000000 0.000000
47 49 0.000000 0.000000 0.000000
48 49 0.000000 0.000000 0.000000
49 49 0.000000 0.000000 0.000000

