#:x y Ey Bx Bz
0 0 0.000000 0.000000 0.000000
1 0 0.000000 0.000000 0.000000
2 0 0.000000 0.000000 0.000000
3 0 0.000000 0.000000 0.000000
4 0 0.000000 0.000000 0.000000
5 0 0.000000 0.000000 0.000000
6 0 0.000000 0.000000 0.000000
7 0 0.000000 0.000000 0.000000
8 0 0.000000 0.000000 0.000000
9 0 0.000000 0.000000 0.000000
10 0 0.000000 0.000000 0.000000
11 0 0.000000 0.000000 0.000000
12 0 0.000000 0.000000 0.000000
13 0 0.000000 0.000000 0.000000
14 0 0.000000 0.000000 0.000000
15 0 0.000000 0.000000 0.000000
16 0 0.000000 0.000000 0.000000
17 0 0.000000 0.000000 0.000000
18 0 0.000000 0.000000 0.000000
19 0 0.000000 0.000000 0.000000
20 0 0.000000 0.000000 0.000000
21 0 0.000000 0.000000 0.000000
22 0 0.000000 0.000000 0.000000
23 0 0.000000 0.000000 0.000000
24 0 0.000000 0.000000 0.000000
25 0 0.000000 0.000000 0.000000
26 0 0.000000 0.000000 0.000000
27 0 0.000000 0.000000 0.000000
28 0 0.000000 0.000000 0.000000
29 0 0.000000 0.000000 0.000000
30 0 0.000000 0.000000 0.000000
31 0 0.000000 0.000000 0.000000
32 0 0.000000 0.000000 0.000000
33 0 0.000000 0.000000 0.000000
34 0 0.000000 0.000000 0.000000
35 0 0.000000 0.000000 0.000000
36 0 0.000000 0.000000 0.000000
37 0 0.000000 0.000000 0.000000
38 0 0.000000 0.000000 0.000000
39 0 0.000000 0.000000 0.000000
40 0 0.000000 0.000000 0.000000
41 0 0.000000 0.000000 0.000000
42 0 0.000000 0.000000 0.000000
43 0 0.000000 0.000000 0.000000
44 0 0.000000 0.000000 0.000000
45 0 0.000000 0.000000 0.000000
46 0 0.000000 0.000000 0.000000
47 0 0.000000 0.000000 0.000000
48 0 0.000000 0.000000 0.000000
49 0 0.000000 0.000000 0.000000

0 1 0.000000 0.000000 0.000000
1 1 0.000009 0.000018 0.000001
2 1 0.000015 0.000030 0.000002
3 1 0.000024 0.000046 0.000004
4 1 0.000034 0.000062 0.000006
5 1 0.000043 0.000076 0.000009
6 1 0.000049 0.000086 0.000012
7 1 0.000052 0.000089 0.000014
8 1 0.000051 0.000087 0.000014
9 1 0.000047 0.000078 0.000013
10 1 0.000039 0.000066 0.000012
11 1 0.000031 0.000052 0.000010
12 1 0.000023 0.000039 0.000007
13 1 0.000016 0.000027 0.000005
14 1 0.000011 0.000018 0.000003
15 1 0.000007 0.000011 0.000002
16 1 0.000004 0.000007 0.000001
17 1 0.000002 0.000004 0.000001
18 1 0.000001 0.000002 0.000000
19 1 0.000001 0.000001 0.000000
20 1 0.000000 0.000001 0.000000
21 1 0.000000 0.000000 0.000000
22 1 0.000000 0.000000 0.000000
23 1 0.000000 0.000000 0.000000
24 1 0.000000 0.000000 0.000000
25 1 0.000000 0.000000 0.000000
26 1 0.000000 0.000000 0.000000
27 1 0.000000 0.000000 0.000000
28 1 0.000000 0.000000 0.000000
29 1 0.000000 0.000000 0.000000
30 1 0.000000 0.000000 0.000000
31 1 0.000000 0.000000 0.000000
32 1 0.000000 0.000000 0.000000
33 1 0.000000 0.000000 0.000000
34 1 0.000000 0.000000 0.000000
35 1 0.000000 0.000000 0.000000
36 1 0.000000 0.000000 0.000000
37 1 0.000000 0.000000 0.000000
38 1 0.000000 0.000000 0.000000
39 1 0.000000 0.000000 0.000000
40 1 0.000000 0.000000 0.000000
41 1 0.000000 0.000000 0.000000
42 1 0.000000 0.000000 0.000000
43 1 0.000000 0.000000 0.000000
44 1 0.000000 0.000000 0.000000
45 1 0.000000 0.000000 0.000000
46 1 0.000000 0.000000 0.000000
47 1 0.000000 0.000000 0.000000
48 1 0.000000 0.000000 0.000000
49 1 0.000000 0.000000 0.000000

0 2 0.000000 0.000000 0.000000
1 2 0.000044 0.000096 0.000003
2 2 0.000073 0.000155 0.000008
3 2 0.000110 0.000223 0.000016
4 2 0.000148 0.000292 0.000027
5 2 0.000183 0.000352 0.000039
6 2 0.000209 0.000392 0.000050
7 2 0.000220 0.000407 0.000058
8 2 0.000216 0.000394 0.000060
9 2 0.000197 0.000357 0.000058
10 2 0.000169 0.000304 0.000052
11 2 0.000135 0.000243 0.000043
12 2 0.000102 0.000183 0.000033
13 2 0.000072 0.000130 0.000024
14 2 0.000049 0.000087 0.000016
15 2 0.000031 0.000056 0.000010
16 2 0.000019 0.000034 0.000006
17 2 0.000011 0.000019 0.000004
18 2 0.000006 0.000011 0.000002
19 2 0.000003 0.000006 0.000001
20 2 0.000002 0.000003 0.000001
21 2 0.000001 0.000001 0.000000
22 2 0.000000 0.000001 0.000000
23 2 0.000000 0.000000 0.000000
24 2 0.000000 0.000000 0.000000
25 2 0.000000 0.000000 0.000000
26 2 0.000000 0.000000 0.000000
27 2 0.000000 0.000000 0.000000
28 2 0.000000 0.000000 0.000000
29 2 0.000000 0.000000 0.000000
30 2 0.000000 0.000000 0.000000
31 2 0.000000 0.000000 0.000000
32 2 0.000000 0.000000 0.000000
33 2 0.000000 0.000000 0.000000
34 2 0.000000 0.000000 0.000000
35 2 0.000000 0.000000 0.000000
36 2 0.000000 0.000000 0.000000
37 2 0.000000 0.000000 0.000000
38 2 0.000000 0.000000 0.000000
39 2 0.000000 0.000000 0.000000
40 2 0.000000 0.000000 0.000000
41 2 0.000000 0.000000 0.000000
42 2 0.000000 0.000000 0.000000
43 2 0.000000 0.000000 0.000000
44 2 0.000000 0.000000 0.000000
45 2 0.000000 0.000000 0.000000
46 2 0.000000 0.000000 0.000000
47 2 0.000000 0.000000 0.000000
48 2 0.000000 0.000000 0.000000
49 2 0.000000 0.000000 0.000000

0 3 0.000000 0.000000 0.000000
1 3 0.000218 0.000432 0.000012
2 3 0.000346 0.000656 0.000036
3 3 0.000495 0.000905 0.000072
4 3 0.000648 0.001146 0.000117
5 3 0.000782 0.001346 0.000166
6 3 0.000878 0.001476 0.000211
7 3 0.000921 0.001520 0.000242
8 3 0.000904 0.001473 0.000256
9 3 0.000833 0.001344 0.000250
10 3 0.000722 0.001157 0.000226
11 3 0.000588 0.000940 0.000190
12 3 0.000452 0.000721 0.000150
13 3 0.000327 0.000523 0.000110
14 3 0.000224 0.000359 0.000076
15 3 0.000145 0.000234 0.000050
16 3 0.000089 0.000144 0.000031
17 3 0.000052 0.000085 0.000018
18 3 0.000029 0.000048 0.000010
19 3 0.000016 0.000026 0.000005
20 3 0.000008 0.000013 0.000003
21 3 0.000004 0.000007 0.000001
22 3 0.000002 0.000003 0.000001
23 3 0.000001 0.000001 0.000000
24 3 0.000000 0.000001 0.000000
25 3 0.000000 0.000000 0.000000
26 3 0.000000 0.000000 0.000000
27 3 0.000000 0.000000 0.000000
28 3 0.000000 0.000000 0.000000
29 3 0.000000 0.000000 0.000000
30 3 0.000000 0.000000 0.000000
31 3 0.000000 0.000000 0.000000
32 3 0.000000 0.000000 0.000000
33 3 0.000000 0.000000 0.000000
34 3 0.000000 0.000000 0.000000
35 3 0.000000 0.000000 0.000000
36 3 0.000000 0.000000 0.000000
37 3 0.000000 0.000000 0.000000
38 3 0.000000 0.000000 0.000000
39 3 0.000000 0.000000 0.000000
40 3 0.000000 0.000000 0.000000
41 3 0.000000 0.000000 0.000000
42 3 0.000000 0.000000 0.000000
43 3 0.000000 0.000000 0.000000
44 3 0.000000 0.000000 0.000000
45 3 0.000000 0.000000 0.000000
46 3 0.000000 0.000000 0.000000
47 3 0.000000 0.000000 0.000000
48 3 0.000000 0.000000 0.000000
49 3 0.000000 0.000000 0.000000

0 4 0.000000 0.000000 0.000000
1 4 0.000934 0.001645 0.000051
2 4 0.001399 0.002358 0.000142
3 4 0.001912 0.003098 0.000273
4 4 0.002414 0.003779 0.000432
5 4 0.002842 0.004319 0.000601
6 4 0.003140 0.004656 0.000754
7 4 0.003270 0.004753 0.000868
8 4 0.003216 0.004606 0.000924
9 4 0.002990 0.004238 0.000913
10 4 0.002628 0.003701 0.000841
11 4 0.002182 0.003065 0.000724
12 4 0.001712 0.002406 0.000584
13 4 0.001269 0.001789 0.000441
14 4 0.000891 0.001260 0.000313
15 4 0.000592 0.000842 0.000210
16 4 0.000374 0.000534 0.000133
17 4 0.000224 0.000323 0.000080
18 4 0.000128 0.000186 0.000046
19 4 0.000070 0.000102 0.000025
20 4 0.000037 0.000054 0.000013
21 4 0.000018 0.000027 0.000007
22 4 0.000009 0.000013 0.000003
23 4 0.000004 0.000006 0.000001
24 4 0.000002 0.000003 0.000001
25 4 0.000001 0.000001 0.000000
26 4 0.000000 0.000001 0.000000
27 4 0.000000 0.000000 0.000000
28 4 0.000000 0.000000 0.000000
29 4 0.000000 0.000000 0.000000
30 4 0.000000 0.000000 0.000000
31 4 0.000000 0.000000 0.000000
32 4 0.000000 0.000000 0.000000
33 4 0.000000 0.000000 0.000000
34 4 0.000000 0.000000 0.000000
35 4 0.000000 0.000000 0.000000
36 4 0.000000 0.000000 0.000000
37 4 0.000000 0.000000 0.000000
38 4 0.000000 0.000000 0.000000
39 4 0.000000 0.000000 0.000000
40 4 0.000000 0.000000 0.000000
41 4 0.000000 0.000000 0.000000
42 4 0.000000 0.000000 0.000000
43 4 0.000000 0.000000 0.000000
44 4 0.000000 0.000000 0.000000
45 4 0.000000 0.000000 0.000000
46 4 0.000000 0.000000 0.000000
47 4 0.000000 0.000000 0.000000
48 4 0.000000 0.000000 0.000000
49 4 0.000000 0.000000 0.000000

0 5 0.000000 0.000000 0.000000
1 5 0.003374 0.005245 0.000178
2 5 0.004758 0.007057 0.000471
3 5 0.006190 0.008806 0.000868
4 5 0.007521 0.010314 0.001334
5 5 0.008612 0.011439 0.001816
6 5 0.009348 0.012088 0.002254
7 5 0.009658 0.012220 0.002590
8 5 0.009513 0.011838 0.002777
9 5 0.008933 0.010992 0.002790
10 5 0.007987 0.009765 0.002628
11 5 0.006785 0.008280 0.002323
12 5 0.005467 0.006683 0.001927
13 5 0.004173 0.005125 0.001501
14 5 0.003017 0.003729 0.001100
15 5 0.002067 0.002575 0.000760
16 5 0.001343 0.001687 0.000496
17 5 0.000830 0.001051 0.000307
18 5 0.000488 0.000623 0.000180
19 5 0.000274 0.000353 0.000101
20 5 0.000147 0.000191 0.000054
21 5 0.000075 0.000099 0.000028
22 5 0.000037 0.000049 0.000014
23 5 0.000018 0.000023 0.000006
24 5 0.000008 0.000011 0.000003
25 5 0.000004 0.000005 0.000001
26 5 0.000002 0.000002 0.000001
27 5 0.000001 0.000001 0.000000
28 5 0.000000 0.000000 0.000000
29 5 0.000000 0.000000 0.000000
30 5 0.000000 0.000000 0.000000
31 5 0.000000 0.000000 0.000000
32 5 0.000000 0.000000 0.000000
33 5 0.000000 0.000000 0.000000
34 5 0.000000 0.000000 0.000000
35 5 0.000000 0.000000 0.000000
36 5 0.000000 0.000000 0.000000
37 5 0.000000 0.000000 0.000000
38 5 0.000000 0.000000 0.000000
39 5 0.000000 0.000000 0.000000
40 5 0.000000 0.000000 0.000000
41 5 0.000000 0.000000 0.000000
42 5 0.000000 0.000000 0.000000
43 5 0.000000 0.000000 0.000000
44 5 0.000000 0.000000 0.000000
45 5 0.000000 0.000000 0.000000
46 5 0.000000 0.000000 0.000000
47 5 0.000000 0.000000 0.000000
48 5 0.000000 0.000000 0.000000
49 5 0.000000 0.000000 0.000000

0 6 0.000000 0.000000 0.000000
1 6 0.010120 0.013723 0.000519
2 6 0.013370 0.017251 0.001298
3 6 0.016492 0.020349 0.002284
4 6 0.019217 0.022787 0.003389
5 6 0.021333 0.024432 0.004505
6 6 0.022699 0.025237 0.005518
7 6 0.023237 0.025215 0.006323
8 6 0.022921 0.024415 0.006834
9 6 0.021774 0.022904 0.006988
10 6 0.019872 0.020768 0.006756
11 6 0.017357 0.018125 0.006166
12 6 0.014455 0.015153 0.005301
13 6 0.011439 0.012081 0.004288
14 6 0.008585 0.009155 0.003264
15 6 0.006104 0.006584 0.002340
16 6 0.004114 0.004490 0.001583
17 6 0.002630 0.002905 0.001012
18 6 0.001598 0.001786 0.000614
19 6 0.000925 0.001046 0.000354
20 6 0.000511 0.000584 0.000194
21 6 0.000270 0.000311 0.000102
22 6 0.000137 0.000159 0.000051
23 6 0.000066 0.000078 0.000025
24 6 0.000031 0.000037 0.000012
25 6 0.000014 0.000017 0.000005
26 6 0.000006 0.000007 0.000002
27 6 0.000003 0.000003 0.000001
28 6 0.000001 0.000001 0.000000
29 6 0.000000 0.000001 0.000000
30 6 0.000000 0.000000 0.000000
31 6 0.000000 0.000000 0.000000
32 6 0.000000 0.000000 0.000000
33 6 0.000000 0.000000 0.000000
34 6 0.000000 0.000000 0.000000
35 6 0.000000 0.000000 0.000000
36 6 0.000000 0.000000 0.000000
37 6 0.000000 0.000000 0.000000
38 6 0.000000 0.000000 0.000000
39 6 0.000000 0.000000 0.000000
40 6 0.000000 0.000000 0.000000
41 6 0.000000 0.000000 0.000000
42 6 0.000000 0.000000 0.000000
43 6 0.000000 0.000000 0.000000
44 6 0.000000 0.000000 0.000000
45 6 0.000000 0.000000 0.000000
46 6 0.000000 0.000000 0.000000
47 6 0.000000 0.000000 0.000000
48 6 0.000000 0.000000 0.000000
49 6 0.000000 0.000000 0.000000

0 7 0.000000 0.000000 0.000000
1 7 0.024655 0.028760 0.001236
2 7 0.030349 0.033560 0.002902
3 7 0.035305 0.037195 0.004858
4 7 0.039262 0.039604 0.006935
5 7 0.042098 0.040865 0.008970
6 7 0.043783 0.041121 0.010814
7 7 0.044334 0.040517 0.012339
8 7 0.043784 0.039176 0.013439
9 7 0.042152 0.037177 0.014015
10 7 0.039435 0.034538 0.013974
11 7 0.035656 0.031240 0.013263
12 7 0.030954 0.027306 0.011924
13 7 0.025641 0.022885 0.010111
14 7 0.020174 0.018274 0.008068
15 7 0.015033 0.013843 0.006056
16 7 0.010601 0.009928 0.004278
17 7 0.007076 0.006738 0.002851
18 7 0.004476 0.004332 0.001796
19 7 0.002689 0.002643 0.001073
20 7 0.001538 0.001533 0.000609
21 7 0.000839 0.000848 0.000330
22 7 0.000438 0.000448 0.000171
23 7 0.000219 0.000226 0.000085
24 7 0.000105 0.000110 0.000040
25 7 0.000049 0.000051 0.000018
26 7 0.000022 0.000023 0.000008
27 7 0.000009 0.000010 0.000004
28 7 0.000004 0.000004 0.000001
29 7 0.000002 0.000002 0.000001
30 7 0.000001 0.000001 0.000000
31 7 0.000000 0.000000 0.000000
32 7 0.000000 0.000000 0.000000
33 7 0.000000 0.000000 0.000000
34 7 0.000000 0.000000 0.000000
35 7 0.000000 0.000000 0.000000
36 7 0.000000 0.000000 0.000000
37 7 0.000000 0.000000 0.000000
38 7 0.000000 0.000000 0.000000
39 7 0.000000 0.000000 0.000000
40 7 0.000000 0.000000 0.000000
41 7 0.000000 0.000000 0.000000
42 7 0.000000 0.000000 0.000000
43 7 0.000000 0.000000 0.000000
44 7 0.000000 0.000000 0.000000
45 7 0.000000 0.000000 0.000000
46 7 0.000000 0.000000 0.000000
47 7 0.000000 0.000000 0.000000
48 7 0.000000 0.000000 0.000000
49 7 0.000000 0.000000 0.000000

0 8 0.000000 0.000000 0.000000
1 8 0.047430 0.046801 0.002344
2 8 0.053981 0.050294 0.005145
3 8 0.058816 0.052011 0.008149
4 8 0.062058 0.052357 0.011142
5 8 0.063968 0.051758 0.013974
6 8 0.064821 0.050577 0.016539
7 8 0.064820 0.049052 0.018755
8 8 0.064081 0.047315 0.020558
9 8 0.062631 0.045426 0.021883
10 8 0.060354 0.043363 0.022599
11 8 0.056968 0.040941 0.022499
12 8 0.052160 0.037854 0.021396
13 8 0.045848 0.033850 0.019267
14 8 0.038354 0.028943 0.016331
15 8 0.030360 0.023465 0.012990
16 8 0.022677 0.017956 0.009692
17 8 0.015973 0.012947 0.006793
18 8 0.010621 0.008800 0.004483
19 8 0.006679 0.005649 0.002794
20 8 0.003983 0.003432 0.001649
21 8 0.002258 0.001980 0.000925
22 8 0.001220 0.001087 0.000495
23 8 0.000630 0.000570 0.000253
24 8 0.000312 0.000286 0.000124
25 8 0.000148 0.000138 0.000058
26 8 0.000068 0.000064 0.000026
27 8 0.000030 0.000028 0.000012
28 8 0.000013 0.000012 0.000005
29 8 0.000005 0.000005 0.000002
30 8 0.000002 0.000002 0.000001
31 8 0.000001 0.000001 0.000000
32 8 0.000000 0.000000 0.000000
33 8 0.000000 0.000000 0.000000
34 8 0.000000 0.000000 0.000000
35 8 0.000000 0.000000 0.000000
36 8 0.000000 0.000000 0.000000
37 8 0.000000 0.000000 0.000000
38 8 0.000000 0.000000 0.000000
39 8 0.000000 0.000000 0.000000
40 8 0.000000 0.000000 0.000000
41 8 0.000000 0.000000 0.000000
42 8 0.000000 0.000000 0.000000
43 8 0.000000 0.000000 0.000000
44 8 0.000000 0.000000 0.000000
45 8 0.000000 0.000000 0.000000
46 8 0.000000 0.000000 0.000000
47 8 0.000000 0.000000 0.000000
48 8 0.000000 0.000000 0.000000
49 8 0.000000 0.000000 0.000000

0 9 0.000000 0.000000 0.000000
1 9 0.069437 0.057155 0.003453
2 9 0.072387 0.056247 0.007050
3 9 0.073304 0.054124 0.010531
4 9 0.072971 0.051511 0.013760
5 9 0.072045 0.048877 0.016704
6 9 0.071017 0.046503 0.019395
7 9 0.070147 0.044513 0.021843
8 9 0.069482 0.042872 0.024043
9 9 0.069020 0.041526 0.026039
10 9 0.068719 0.040527 0.027843
11 9 0.068255 0.039879 0.029256
12 9 0.066837 0.039266 0.029807
13 9 0.063480 0.038029 0.028982
14 9 0.057580 0.035505 0.026551
15 9 0.049334 0.031446 0.022753
16 9 0.039694 0.026167 0.018192
17 9 0.029935 0.020379 0.013579
18 9 0.021177 0.014851 0.009486
19 9 0.014084 0.010148 0.006223
20 9 0.008833 0.006521 0.003848
21 9 0.005241 0.003955 0.002251
22 9 0.002952 0.002273 0.001250
23 9 0.001584 0.001241 0.000661
24 9 0.000811 0.000646 0.000334
25 9 0.000398 0.000322 0.000162
26 9 0.000188 0.000154 0.000075
27 9 0.000085 0.000071 0.000034
28 9 0.000037 0.000031 0.000015
29 9 0.000016 0.000013 0.000006
30 9 0.000006 0.000006 0.000002
31 9 0.000003 0.000002 0.000001
32 9 0.000001 0.000001 0.000000
33 9 0.000000 0.000000 0.000000
34 9 0.000000 0.000000 0.000000
35 9 0.000000 0.000000 0.000000
36 9 0.000000 0.000000 0.000000
37 9 0.000000 0.000000 0.000000
38 9 0.000000 0.000000 0.000000
39 9 0.000000 0.000000 0.000000
40 9 0.000000 0.000000 0.000000
41 9 0.000000 0.000000 0.000000
42 9 0.000000 0.000000 0.000000
43 9 0.000000 0.000000 0.000000
44 9 0.000000 0.000000 0.000000
45 9 0.000000 0.000000 0.000000
46 9 0.000000 0.000000 0.000000
47 9 0.000000 0.000000 0.000000
48 9 0.000000 0.000000 0.000000
49 9 0.000000 0.000000 0.000000

0 10 0.000000 0.000000 0.000000
1 10 0.074279 0.052004 0.003899
2 10 0.070537 0.047645 0.007436
3 10 0.066357 0.043715 0.010557
4 10 0.062624 0.040532 0.013315
5 10 0.059727 0.038076 0.015780
6 10 0.057823 0.036199 0.018090
7 10 0.056968 0.034836 0.020352
8 10 0.056955 0.033851 0.022502
9 10 0.057473 0.032942 0.024510
10 10 0.058608 0.032025 0.026616
11 10 0.060757 0.031502 0.029107
12 10 0.063791 0.031839 0.031789
13 10 0.066458 0.032879 0.033818
14 10 0.066832 0.033689 0.034142
15 10 0.063460 0.033128 0.032158
16 10 0.056199 0.030561 0.028050
17 10 0.046214 0.026178 0.022640
18 10 0.035309 0.020775 0.016953
19 10 0.025139 0.015308 0.011828
20 10 0.016748 0.010515 0.007725
21 10 0.010486 0.006765 0.004745
22 10 0.006197 0.004096 0.002753
23 10 0.003470 0.002344 0.001516
24 10 0.001849 0.001273 0.000794
25 10 0.000940 0.000659 0.000398
26 10 0.000458 0.000326 0.000191
27 10 0.000214 0.000155 0.000088
28 10 0.000096 0.000070 0.000039
29 10 0.000042 0.000031 0.000017
30 10 0.000018 0.000013 0.000007
31 10 0.000007 0.000005 0.000003
32 10 0.000003 0.000002 0.000001
33 10 0.000001 0.000001 0.000000
34 10 0.000000 0.000000 0.000000
35 10 0.000000 0.000000 0.000000
36 10 0.000000 0.000000 0.000000
37 10 0.000000 0.000000 0.000000
38 10 0.000000 0.000000 0.000000
39 10 0.000000 0.000000 0.000000
40 10 0.000000 0.000000 0.000000
41 10 0.000000 0.000000 0.000000
42 10 0.000000 0.000000 0.000000
43 10 0.000000 0.000000 0.000000
44 10 0.000000 0.000000 0.000000
45 10 0.000000 0.000000 0.000000
46 10 0.000000 0.000000 0.000000
47 10 0.000000 0.000000 0.000000
48 10 0.000000 0.000000 0.000000
49 10 0.000000 0.000000 0.000000

0 11 0.000000 0.000000 0.000000
1 11 0.058094 0.040282 0.003560
2 11 0.051747 0.037111 0.006566
3 11 0.047159 0.034913 0.009175
4 11 0.044362 0.033453 0.011598
5 11 0.043035 0.032557 0.013863
6 11 0.042649 0.031886 0.015983
7 11 0.043090 0.031315 0.018185
8 11 0.044345 0.031041 0.020475
9 11 0.045730 0.030860 0.022405
10 11 0.046520 0.030039 0.023780
11 11 0.047319 0.028336 0.025271
12 11 0.049798 0.026641 0.027824
13 11 0.054756 0.026186 0.031491
14 11 0.060763 0.027257 0.035053
15 11 0.064853 0.028838 0.036791
16 11 0.064467 0.029396 0.035605
17 11 0.058900 0.027918 0.031560
18 11 0.049376 0.024390 0.025665
19 11 0.038119 0.019583 0.019246
20 11 0.027253 0.014508 0.013391
21 11 0.018152 0.009976 0.008697
22 11 0.011329 0.006405 0.005303
23 11 0.006660 0.003861 0.003051
24 11 0.003705 0.002197 0.001664
25 11 0.001959 0.001185 0.000863
26 11 0.000988 0.000609 0.000428
27 11 0.000477 0.000299 0.000203
28 11 0.000221 0.000141 0.000093
29 11 0.000099 0.000064 0.000041
30 11 0.000042 0.000028 0.000017
31 11 0.000018 0.000012 0.000007
32 11 0.000007 0.000005 0.000003
33 11 0.000003 0.000002 0.000001
34 11 0.000001 0.000001 0.000000
35 11 0.000000 0.000000 0.000000
36 11 0.000000 0.000000 0.000000
37 11 0.000000 0.000000 0.000000
38 11 0.000000 0.000000 0.000000
39 11 0.000000 0.000000 0.000000
40 11 0.000000 0.000000 0.000000
41 11 0.000000 0.000000 0.000000
42 11 0.000000 0.000000 0.000000
43 11 0.000000 0.000000 0.000000
44 11 0.000000 0.000000 0.000000
45 11 0.000000 0.000000 0.000000
46 11 0.000000 0.000000 0.000000
47 11 0.000000 0.000000 0.000000
48 11 0.000000 0.000000 0.000000
49 11 0.000000 0.000000 0.000000

0 12 0.000000 0.000000 0.000000
1 12 0.040615 0.034656 0.003130
2 12 0.037342 0.032347 0.005869
3 12 0.035580 0.030175 0.008266
4 12 0.034887 0.028199 0.010576
5 12 0.035363 0.026878 0.012997
6 12 0.036502 0.026305 0.015230
7 12 0.037791 0.025958 0.017367
8 12 0.039976 0.025980 0.020072
9 12 0.043394 0.027059 0.023146
10 12 0.046198 0.028704 0.025251
11 12 0.046392 0.029206 0.025746
12 12 0.044920 0.027682 0.025881
13 12 0.045164 0.025241 0.027575
14 12 0.049382 0.023792 0.031340
15 12 0.056328 0.024150 0.035670
16 12 0.062211 0.025456 0.038234
17 12 0.063502 0.026090 0.037486
18 12 0.058972 0.024909 0.033400
19 12 0.049828 0.021802 0.027142
20 12 0.038537 0.017474 0.020257
21 12 0.027487 0.012888 0.013990
22 12 0.018214 0.008804 0.009003
23 12 0.011289 0.005608 0.005434
24 12 0.006582 0.003351 0.003093
25 12 0.003630 0.001889 0.001668
26 12 0.001901 0.001010 0.000856
27 12 0.000950 0.000514 0.000420
28 12 0.000454 0.000250 0.000197
29 12 0.000209 0.000116 0.000089
30 12 0.000092 0.000052 0.000039
31 12 0.000039 0.000022 0.000016
32 12 0.000016 0.000009 0.000007
33 12 0.000006 0.000004 0.000003
34 12 0.000003 0.000001 0.000001
35 12 0.000001 0.000001 0.000000
36 12 0.000000 0.000000 0.000000
37 12 0.000000 0.000000 0.000000
38 12 0.000000 0.000000 0.000000
39 12 0.000000 0.000000 0.000000
40 12 0.000000 0.000000 0.000000
41 12 0.000000 0.000000 0.000000
42 12 0.000000 0.000000 0.000000
43 12 0.000000 0.000000 0.000000
44 12 0.000000 0.000000 0.000000
45 12 0.000000 0.000000 0.000000
46 12 0.000000 0.000000 0.000000
47 12 0.000000 0.000000 0.000000
48 12 0.000000 0.000000 0.000000
49 12 0.000000 0.000000 0.000000

0 13 0.000000 0.000000 0.000000
1 13 0.030797 0.024828 0.002700
2 13 0.026388 0.018897 0.004844
3 13 0.022792 0.014239 0.006509
4 13 0.019955 0.010997 0.007747
5 13 0.018760 0.009125 0.009444
6 13 0.019997 0.009179 0.011642
7 13 0.022049 0.010402 0.013413
8 13 0.024249 0.011346 0.015393
9 13 0.028994 0.012567 0.019215
10 13 0.037058 0.015668 0.024279
11 13 0.044509 0.020127 0.027819
12 13 0.047116 0.023390 0.028443
13 13 0.045649 0.023892 0.027903
14 13 0.044899 0.022614 0.029001
15 13 0.048403 0.021642 0.032613
16 13 0.055207 0.021996 0.037018
17 13 0.061176 0.023016 0.039536
18 13 0.062446 0.023308 0.038486
19 13 0.057744 0.021939 0.033940
20 13 0.048420 0.018915 0.027242
21 13 0.037082 0.014930 0.020059
22 13 0.026156 0.010845 0.013659
23 13 0.017127 0.007299 0.008667
24 13 0.010486 0.004582 0.005157
25 13 0.006040 0.002700 0.002895
26 13 0.003291 0.001502 0.001541
27 13 0.001703 0.000792 0.000780
28 13 0.000841 0.000398 0.000378
29 13 0.000398 0.000191 0.000175
30 13 0.000181 0.000088 0.000078
31 13 0.000079 0.000039 0.000034
32 13 0.000033 0.000017 0.000014
33 13 0.000014 0.000007 0.000006
34 13 0.000005 0.000003 0.000002
35 13 0.000002 0.000001 0.000001
36 13 0.000001 0.000000 0.000000
37 13 0.000000 0.000000 0.000000
38 13 0.000000 0.000000 0.000000
39 13 0.000000 0.000000 0.000000
40 13 0.000000 0.000000 0.000000
41 13 0.000000 0.000000 0.000000
42 13 0.000000 0.000000 0.000000
43 13 0.000000 0.000000 0.000000
44 13 0.000000 0.000000 0.000000
45 13 0.000000 0.000000 0.000000
46 13 0.000000 0.000000 0.000000
47 13 0.000000 0.000000 0.000000
48 13 0.000000 0.000000 0.000000
49 13 0.000000 0.000000 0.000000

0 14 0.000000 0.000000 0.000000
1 14 0.006596 0.001947 0.001368
2 14 -0.002662 -0.003960 0.001685
3 14 -0.008481 -0.006899 0.001972
4 14 -0.011160 -0.007075 0.001872
5 14 -0.012225 -0.006234 0.001924
6 14 -0.009869 -0.004502 0.003854
7 14 -0.004207 -0.000905 0.006487
8 14 0.000322 0.002843 0.007753
9 14 0.003321 0.004561 0.009380
10 14 0.010119 0.005522 0.014325
11 14 0.022529 0.008367 0.021514
12 14 0.034950 0.012997 0.026902
13 14 0.041491 0.016914 0.028644
14 14 0.042754 0.018539 0.028870
15 14 0.043990 0.018638 0.030656
16 14 0.048795 0.018832 0.034691
17 14 0.055947 0.019749 0.038954
18 14 0.061289 0.020699 0.040766
19 14 0.061385 0.020599 0.038751
20 14 0.055565 0.018910 0.033358
21 14 0.045605 0.015876 0.026157
22 14 0.034210 0.012214 0.018838
23 14 0.023659 0.008662 0.012563
24 14 0.015206 0.005702 0.007816
25 14 0.009147 0.003507 0.004566
26 14 0.005181 0.002028 0.002519
27 14 0.002778 0.001108 0.001319
28 14 0.001417 0.000575 0.000658
29 14 0.000690 0.000284 0.000314
30 14 0.000322 0.000135 0.000144
31 14 0.000144 0.000061 0.000063
32 14 0.000062 0.000027 0.000027
33 14 0.000026 0.000011 0.000011
34 14 0.000010 0.000005 0.000004
35 14 0.000004 0.000002 0.000002
36 14 0.000002 0.000001 0.000001
37 14 0.000001 0.000000 0.000000
38 14 0.000000 0.000000 0.000000
39 14 0.000000 0.000000 0.000000
40 14 0.000000 0.000000 0.000000
41 14 0.000000 0.000000 0.000000
42 14 0.000000 0.000000 0.000000
43 14 0.000000 0.000000 0.000000
44 14 0.000000 0.000000 0.000000
45 14 0.000000 0.000000 0.000000
46 14 0.000000 0.000000 0.000000
47 14 0.000000 0.000000 0.000000
48 14 0.000000 0.000000 0.000000
49 14 0.000000 0.000000 0.000000

0 15 0.000000 0.000000 0.000000
1 15 -0.028457 -0.015909 -0.000611
2 15 -0.034205 -0.018601 -0.002355
3 15 -0.036397 -0.019627 -0.003578
4 15 -0.034064 -0.018329 -0.003632
5 15 -0.030882 -0.015341 -0.004363
6 15 -0.028088 -0.012868 -0.003880
7 15 -0.020756 -0.009641 0.000052
8 15 -0.010425 -0.004026 0.004107
9 15 -0.004391 0.001550 0.005366
10 15 -0.002095 0.004485 0.006865
11 15 0.004070 0.005955 0.012208
12 15 0.016250 0.008295 0.019731
13 15 0.028471 0.011495 0.025203
14 15 0.035491 0.013951 0.027444
15 15 0.038681 0.015012 0.028951
16 15 0.042752 0.015512 0.032228
17 15 0.049764 0.016395 0.037024
18 15 0.057368 0.017616 0.040892
19 15 0.061494 0.018334 0.041466
20 15 0.059670 0.017767 0.038053
21 15 0.052250 0.015766 0.031654
22 15 0.041551 0.012784 0.024043
23 15 0.030272 0.009516 0.016817
24 15 0.020383 0.006547 0.010920
25 15 0.012783 0.004192 0.006630
26 15 0.007519 0.002513 0.003787
27 15 0.004171 0.001420 0.002046
28 15 0.002194 0.000759 0.001051
29 15 0.001099 0.000386 0.000515
30 15 0.000526 0.000188 0.000241
31 15 0.000242 0.000087 0.000109
32 15 0.000107 0.000039 0.000047
33 15 0.000045 0.000017 0.000020
34 15 0.000019 0.000007 0.000008
35 15 0.000007 0.000003 0.000003
36 15 0.000003 0.000001 0.000001
37 15 0.000001 0.000000 0.000000
38 15 0.000000 0.000000 0.000000
39 15 0.000000 0.000000 0.000000
40 15 0.000000 0.000000 0.000000
41 15 0.000000 0.000000 0.000000
42 15 0.000000 0.000000 0.000000
43 15 0.000000 0.000000 0.000000
44 15 0.000000 0.000000 0.000000
45 15 0.000000 0.000000 0.000000
46 15 0.000000 0.000000 0.000000
47 15 0.000000 0.000000 0.000000
48 15 0.000000 0.000000 0.000000
49 15 0.000000 0.000000 0.000000

0 16 0.000000 0.000000 0.000000
1 16 -0.050715 -0.033495 -0.002876
2 16 -0.054034 -0.037967 -0.006372
3 16 -0.056569 -0.039364 -0.010349
4 16 -0.055956 -0.038530 -0.011554
5 16 -0.050615 -0.034241 -0.011549
6 16 -0.046939 -0.028620 -0.012719
7 16 -0.043203 -0.024243 -0.011041
8 16 -0.032339 -0.019407 -0.004922
9 16 -0.018205 -0.012676 0.000745
10 16 -0.008842 -0.005917 0.003700
11 16 -0.002712 -0.000740 0.007405
12 16 0.006396 0.003466 0.014000
13 16 0.018346 0.007393 0.020861
14 16 0.027947 0.010472 0.024999
15 16 0.033145 0.012099 0.027047
16 16 0.037137 0.012757 0.029786
17 16 0.043527 0.013456 0.034474
18 16 0.052051 0.014595 0.039575
19 16 0.059098 0.015675 0.042377
20 16 0.061046 0.015886 0.041177
21 16 0.056740 0.014797 0.036157
22 16 0.047634 0.012579 0.028851
23 16 0.036431 0.009785 0.021096
24 16 0.025619 0.007008 0.014256
25 16 0.016705 0.004654 0.008972
26 16 0.010177 0.002886 0.005295
27 16 0.005829 0.001681 0.002947
28 16 0.003157 0.000925 0.001555
29 16 0.001624 0.000483 0.000781
30 16 0.000797 0.000240 0.000375
31 16 0.000374 0.000114 0.000173
32 16 0.000169 0.000052 0.000076
33 16 0.000073 0.000023 0.000033
34 16 0.000031 0.000010 0.000013
35 16 0.000012 0.000004 0.000005
36 16 0.000005 0.000002 0.000002
37 16 0.000002 0.000001 0.000001
38 16 0.000001 0.000000 0.000000
39 16 0.000000 0.000000 0.000000
40 16 0.000000 0.000000 0.000000
41 16 0.000000 0.000000 0.000000
42 16 0.000000 0.000000 0.000000
43 16 0.000000 0.000000 0.000000
44 16 0.000000 0.000000 0.000000
45 16 0.000000 0.000000 0.000000
46 16 0.000000 0.000000 0.000000
47 16 0.000000 0.000000 0.000000
48 16 0.000000 0.000000 0.000000
49 16 0.000000 0.000000 0.000000

0 17 0.000000 0.000000 0.000000
1 17 -0.081632 -0.060582 -0.006737
2 17 -0.087368 -0.062246 -0.012939
3 17 -0.088424 -0.058374 -0.019278
4 17 -0.088334 -0.052330 -0.023719
5 17 -0.082119 -0.045310 -0.023476
6 17 -0.072164 -0.036700 -0.022689
7 17 -0.065576 -0.028435 -0.022369
8 17 -0.058306 -0.021951 -0.018510
9 17 -0.045631 -0.016466 -0.011786
10 17 -0.031931 -0.011507 -0.005929
11 17 -0.020521 -0.007166 -0.000464
12 17 -0.008255 -0.002909 0.007104
13 17 0.006470 0.001673 0.015719
14 17 0.019694 0.005859 0.022041
15 17 0.027817 0.008635 0.025238
16 17 0.032531 0.009986 0.027758
17 17 0.038214 0.010808 0.031981
18 17 0.046640 0.011839 0.037568
19 17 0.055389 0.012996 0.042007
20 17 0.060408 0.013645 0.042890
21 17 0.059239 0.013242 0.039528
22 17 0.052245 0.011731 0.032979
23 17 0.041767 0.009487 0.025108
24 17 0.030558 0.007042 0.017595
25 17 0.020648 0.004833 0.011444
26 17 0.012988 0.003087 0.006957
27 17 0.007659 0.001848 0.003979
28 17 0.004259 0.001042 0.002152
29 17 0.002245 0.000557 0.001106
30 17 0.001127 0.000283 0.000542
31 17 0.000540 0.000137 0.000255
32 17 0.000249 0.000064 0.000115
33 17 0.000110 0.000029 0.000050
34 17 0.000047 0.000012 0.000021
35 17 0.000019 0.000005 0.000008
36 17 0.000008 0.000002 0.000003
37 17 0.000003 0.000001 0.000001
38 17 0.000001 0.000000 0.000000
39 17 0.000000 0.000000 0.000000
40 17 0.000000 0.000000 0.000000
41 17 0.000000 0.000000 0.000000
42 17 0.000000 0.000000 0.000000
43 17 0.000000 0.000000 0.000000
44 17 0.000000 0.000000 0.000000
45 17 0.000000 0.000000 0.000000
46 17 0.000000 0.000000 0.000000
47 17 0.000000 0.000000 0.000000
48 17 0.000000 0.000000 0.000000
49 17 0.000000 0.000000 0.000000

0 18 0.000000 0.000000 0.000000
1 18 -0.112874 -0.077808 -0.011493
2 18 -0.113051 -0.075714 -0.021656
3 18 -0.107801 -0.069468 -0.028723
4 18 -0.101939 -0.060723 -0.034144
5 18 -0.095740 -0.051695 -0.035413
6 18 -0.085470 -0.043156 -0.033182
7 18 -0.074489 -0.034992 -0.030309
8 18 -0.064129 -0.026893 -0.025571
9 18 -0.051934 -0.018824 -0.018772
10 18 -0.040037 -0.011869 -0.012860
11 18 -0.030882 -0.007048 -0.007885
12 18 -0.020907 -0.003702 -0.000736
13 18 -0.006560 -0.000445 0.008901
14 18 0.009166 0.002975 0.017518
15 18 0.020828 0.005748 0.022659
16 18 0.027620 0.007396 0.025746
17 18 0.033454 0.008357 0.029695
18 18 0.041618 0.009317 0.035375
19 18 0.051244 0.010433 0.040891
20 18 0.058538 0.011281 0.043527
21 18 0.060175 0.011335 0.041839
22 18 0.055445 0.010404 0.036308
23 18 0.046109 0.008702 0.028649
24 18 0.034947 0.006665 0.020736
25 18 0.024372 0.004706 0.013886
26 18 0.015775 0.003086 0.008669
27 18 0.009546 0.001892 0.005079
28 18 0.005436 0.001091 0.002808
29 18 0.002928 0.000595 0.001473
30 18 0.001499 0.000308 0.000736
31 18 0.000732 0.000152 0.000352
32 18 0.000343 0.000072 0.000161
33 18 0.000154 0.000033 0.000071
34 18 0.000067 0.000014 0.000030
35 18 0.000028 0.000006 0.000012
36 18 0.000011 0.000002 0.000005
37 18 0.000004 0.000001 0.000002
38 18 0.000002 0.000000 0.000001
39 18 0.000001 0.000000 0.000000
40 18 0.000000 0.000000 0.000000
41 18 0.000000 0.000000 0.000000
42 18 0.000000 0.000000 0.000000
43 18 0.000000 0.000000 0.000000
44 18 0.000000 0.000000 0.000000
45 18 0.000000 0.000000 0.000000
46 18 0.000000 0.000000 0.000000
47 18 0.000000 0.000000 0.000000
48 18 0.000000 0.000000 0.000000
49 18 0.000000 0.000000 0.000000

0 19 0.000000 0.000000 0.000000
1 19 -0.128815 -0.102008 -0.017502
2 19 -0.128713 -0.097230 -0.032447
3 19 -0.125985 -0.086098 -0.042252
4 19 -0.121074 -0.073270 -0.047816
5 19 -0.114315 -0.060454 -0.048820
6 19 -0.104941 -0.048227 -0.046674
7 19 -0.095798 -0.038276 -0.043869
8 19 -0.085975 -0.031040 -0.038360
9 19 -0.070814 -0.024649 -0.028957
10 19 -0.052959 -0.017980 -0.019692
11 19 -0.038927 -0.011858 -0.012990
12 19 -0.027939 -0.006968 -0.006010
13 19 -0.014629 -0.002895 0.003493
14 19 0.001211 0.000733 0.013199
15 19 0.014647 0.003588 0.019881
16 19 0.023105 0.005346 0.023752
17 19 0.029322 0.006322 0.027633
18 19 0.037206 0.007146 0.033247
19 19 0.047197 0.008108 0.039427
20 19 0.056073 0.008964 0.043436
21 19 0.060032 0.009264 0.043273
22 19 0.057455 0.008757 0.038844
23 19 0.049443 0.007535 0.031609
24 19 0.038638 0.005925 0.023525
25 19 0.027694 0.004285 0.016155
26 19 0.018372 0.002873 0.010318
27 19 0.011369 0.001797 0.006172
28 19 0.006607 0.001055 0.003479
29 19 0.003626 0.000585 0.001857
30 19 0.001889 0.000308 0.000943
31 19 0.000938 0.000154 0.000457
32 19 0.000445 0.000074 0.000213
33 19 0.000203 0.000034 0.000095
34 19 0.000089 0.000015 0.000041
35 19 0.000038 0.000006 0.000017
36 19 0.000015 0.000003 0.000007
37 19 0.000006 0.000001 0.000003
38 19 0.000002 0.000000 0.000001
39 19 0.000001 0.000000 0.000000
40 19 0.000000 0.000000 0.000000
41 19 0.000000 0.000000 0.000000
42 19 0.000000 0.000000 0.000000
43 19 0.000000 0.000000 0.000000
44 19 0.000000 0.000000 0.000000
45 19 0.000000 0.000000 0.000000
46 19 0.000000 0.000000 0.000000
47 19 0.000000 0.000000 0.000000
48 19 0.000000 0.000000 0.000000
49 19 0.000000 0.000000 0.000000

0 20 0.000000 0.000000 0.000000
1 20 -0.153351 -0.125849 -0.027534
2 20 -0.149726 -0.109858 -0.047588
3 20 -0.142019 -0.088944 -0.058319
4 20 -0.134029 -0.069652 -0.063639
5 20 -0.126344 -0.054795 -0.063330
6 20 -0.114072 -0.043065 -0.057922
7 20 -0.100989 -0.032773 -0.052541
8 20 -0.091718 -0.024233 -0.047353
9 20 -0.081217 -0.017742 -0.038995
10 20 -0.066438 -0.012845 -0.029044
11 20 -0.051845 -0.009192 -0.020682
12 20 -0.039150 -0.006373 -0.012571
13 20 -0.024582 -0.003697 -0.002234
14 20 -0.007184 -0.000867 0.008815
15 20 0.008526 0.001685 0.017085
16 20 0.018954 0.003445 0.021919
17 20 0.025896 0.004464 0.025910
18 20 0.033610 0.005209 0.031401
19 20 0.043661 0.006008 0.037940
20 20 0.053546 0.006766 0.042950
21 20 0.059289 0.007150 0.044059
22 20 0.058571 0.006920 0.040671
23 20 0.051867 0.006092 0.033955
24 20 0.041579 0.004892 0.025864
25 20 0.030490 0.003608 0.018136
26 20 0.020646 0.002462 0.011806
27 20 0.013016 0.001565 0.007185
28 20 0.007692 0.000933 0.004115
29 20 0.004288 0.000525 0.002229
30 20 0.002265 0.000280 0.001147
31 20 0.001140 0.000142 0.000563
32 20 0.000548 0.000069 0.000265
33 20 0.000253 0.000032 0.000120
34 20 0.000112 0.000014 0.000052
35 20 0.000048 0.000006 0.000022
36 20 0.000020 0.000003 0.000009
37 20 0.000008 0.000001 0.000004
38 20 0.000003 0.000000 0.000001
39 20 0.000001 0.000000 0.000000
40 20 0.000000 0.000000 0.000000
41 20 0.000000 0.000000 0.000000
42 20 0.000000 0.000000 0.000000
43 20 0.000000 0.000000 0.000000
44 20 0.000000 0.000000 0.000000
45 20 0.000000 0.000000 0.000000
46 20 0.000000 0.000000 0.000000
47 20 0.000000 0.000000 0.000000
48 20 0.000000 0.000000 0.000000
49 20 0.000000 0.000000 0.000000

0 21 0.000000 0.000000 0.000000
1 21 -0.155903 -0.153607 -0.043284
2 21 -0.148762 -0.122428 -0.068600
3 21 -0.142414 -0.091790 -0.077871
4 21 -0.135073 -0.068711 -0.079283
5 21 -0.129494 -0.051829 -0.077066
6 21 -0.122098 -0.039700 -0.070760
7 21 -0.111168 -0.031296 -0.063044
8 21 -0.099575 -0.025160 -0.054984
9 21 -0.085779 -0.019628 -0.044533
10 21 -0.069002 -0.014095 -0.033238
11 21 -0.054008 -0.009251 -0.024336
12 21 -0.042491 -0.005698 -0.016541
13 21 -0.029755 -0.003119 -0.006561
14 21 -0.013170 -0.000945 0.004971
15 21 0.003359 0.000904 0.014392
16 21 0.015221 0.002209 0.020170
17 21 0.022974 0.002985 0.024442
18 21 0.030720 0.003539 0.029880
19 21 0.040768 0.004123 0.036618
20 21 0.051290 0.004705 0.042326
21 21 0.058331 0.005056 0.044420
22 21 0.059093 0.004981 0.041915
23 21 0.053528 0.004462 0.035706
24 21 0.043786 0.003641 0.027698
25 21 0.032691 0.002725 0.019745
26 21 0.022497 0.001885 0.013046
27 21 0.014391 0.001213 0.008049
28 21 0.008619 0.000732 0.004667
29 21 0.004863 0.000416 0.002557
30 21 0.002599 0.000224 0.001330
31 21 0.001321 0.000114 0.000660
32 21 0.000641 0.000056 0.000313
33 21 0.000298 0.000026 0.000143
34 21 0.000133 0.000012 0.000063
35 21 0.000058 0.000005 0.000026
36 21 0.000024 0.000002 0.000011
37 21 0.000010 0.000001 0.000004
38 21 0.000004 0.000000 0.000002
39 21 0.000001 0.000000 0.000001
40 21 0.000001 0.000000 0.000000
41 21 0.000000 0.000000 0.000000
42 21 0.000000 0.000000 0.000000
43 21 0.000000 0.000000 0.000000
44 21 0.000000 0.000000 0.000000
45 21 0.000000 0.000000 0.000000
46 21 0.000000 0.000000 0.000000
47 21 0.000000 0.000000 0.000000
48 21 0.000000 0.000000 0.000000
49 21 0.000000 0.000000 0.000000

0 22 0.000000 0.000000 0.000000
1 22 -0.158729 -0.206232 -0.075458
2 22 -0.152742 -0.126401 -0.100626
3 22 -0.147967 -0.075786 -0.102862
4 22 -0.142719 -0.048086 -0.098005
5 22 -0.136853 -0.033037 -0.090473
6 22 -0.127208 -0.023630 -0.080314
7 22 -0.115769 -0.016521 -0.071051
8 22 -0.107059 -0.011475 -0.063319
9 22 -0.096989 -0.008500 -0.053099
10 22 -0.081132 -0.006726 -0.040548
11 22 -0.063870 -0.005343 -0.029640
12 22 -0.049498 -0.004039 -0.020468
13 22 -0.035149 -0.002674 -0.009885
14 22 -0.017767 -0.001224 0.002207
15 22 -0.000305 0.000113 0.012432
16 22 0.012600 0.001084 0.018884
17 22 0.020938 0.001662 0.023382
18 22 0.028697 0.002040 0.028773
19 22 0.038673 0.002405 0.035601
20 22 0.049548 0.002770 0.041754
21 22 0.057450 0.003009 0.044540
22 22 0.059273 0.002999 0.042698
23 22 0.054580 0.002717 0.036906
24 22 0.045304 0.002242 0.029008
25 22 0.034268 0.001694 0.020926
26 22 0.023858 0.001182 0.013976
27 22 0.015424 0.000767 0.008708
28 22 0.009327 0.000466 0.005094
29 22 0.005309 0.000267 0.002814
30 22 0.002860 0.000144 0.001475
31 22 0.001465 0.000074 0.000737
32 22 0.000716 0.000037 0.000352
33 22 0.000335 0.000017 0.000161
34 22 0.000151 0.000008 0.000071
35 22 0.000065 0.000003 0.000030
36 22 0.000027 0.000001 0.000012
37 22 0.000011 0.000001 0.000005
38 22 0.000004 0.000000 0.000002
39 22 0.000002 0.000000 0.000001
40 22 0.000001 0.000000 0.000000
41 22 0.000000 0.000000 0.000000
42 22 0.000000 0.000000 0.000000
43 22 0.000000 0.000000 0.000000
44 22 0.000000 0.000000 0.000000
45 22 0.000000 0.000000 0.000000
46 22 0.000000 0.000000 0.000000
47 22 0.000000 0.000000 0.000000
48 22 0.000000 0.000000 0.000000
49 22 0.000000 0.000000 0.000000

0 23 0.000000 0.000000 0.000000
1 23 -0.138901 -0.311335 -0.151042
2 23 -0.135753 -0.093787 -0.148202
3 23 -0.135810 -0.038881 -0.128231
4 23 -0.133393 -0.021910 -0.111752
5 23 -0.131647 -0.014608 -0.099825
6 23 -0.126987 -0.010986 -0.087640
7 23 -0.116638 -0.009316 -0.075635
8 23 -0.105210 -0.008031 -0.065296
9 23 -0.093000 -0.006210 -0.053998
10 23 -0.077629 -0.004042 -0.041552
11 23 -0.062357 -0.002212 -0.031096
12 23 -0.050103 -0.001080 -0.022383
13 23 -0.037349 -0.000493 -0.012056
14 23 -0.020651 -0.000131 0.000216
15 23 -0.002920 0.000167 0.010984
16 23 0.010695 0.000400 0.017959
17 23 0.019548 0.000553 0.022686
18 23 0.027425 0.000667 0.028086
19 23 0.037387 0.000788 0.034962
20 23 0.048453 0.000912 0.041365
21 23 0.056847 0.000997 0.044557
22 23 0.059304 0.001001 0.043123
23 23 0.055156 0.000912 0.037603
24 23 0.046188 0.000756 0.029791
25 23 0.035212 0.000575 0.021646
26 23 0.024689 0.000403 0.014551
27 23 0.016062 0.000263 0.009119
28 23 0.009769 0.000160 0.005364
29 23 0.005590 0.000092 0.002978
30 23 0.003026 0.000050 0.001569
31 23 0.001557 0.000026 0.000787
32 23 0.000764 0.000013 0.000378
33 23 0.000359 0.000006 0.000174
34 23 0.000162 0.000003 0.000077
35 23 0.000071 0.000001 0.000033
36 23 0.000030 0.000001 0.000014
37 23 0.000012 0.000000 0.000005
38 23 0.000005 0.000000 0.000002
39 23 0.000002 0.000000 0.000001
40 23 0.000001 0.000000 0.000000
41 23 0.000000 0.000000 0.000000
42 23 0.000000 0.000000 0.000000
43 23 0.000000 0.000000 0.000000
44 23 0.000000 0.000000 0.000000
45 23 0.000000 0.000000 0.000000
46 23 0.000000 0.000000 0.000000
47 23 0.000000 0.000000 0.000000
48 23 0.000000 0.000000 0.000000
49 23 0.000000 0.000000 0.000000

0 24 0.000000 0.000000 0.000000
1 24 -0.100994 0.311335 -0.366524
2 24 -0.127491 0.093787 -0.203585
3 24 -0.137717 0.038881 -0.146717
4 24 -0.139453 0.021910 -0.120391
5 24 -0.136993 0.014608 -0.104149
6 24 -0.129800 0.010986 -0.090093
7 24 -0.119773 0.009316 -0.078479
8 24 -0.111444 0.008031 -0.069257
9 24 -0.101555 0.006210 -0.058160
10 24 -0.085609 0.004042 -0.044729
11 24 -0.067741 0.002212 -0.032923
12 24 -0.052885 0.001080 -0.023290
13 24 -0.038631 0.000493 -0.012600
14 24 -0.021378 0.000131 -0.000218
15 24 -0.003464 -0.000167 0.010645
16 24 0.010269 -0.000400 0.017714
17 24 0.019182 -0.000553 0.022475
18 24 0.027037 -0.000667 0.027860
19 24 0.036965 -0.000788 0.034744
20 24 0.048081 -0.000912 0.041226
21 24 0.056633 -0.000997 0.044553
22 24 0.059301 -0.001001 0.043257
23 24 0.055337 -0.000912 0.037831
24 24 0.046477 -0.000756 0.030051
25 24 0.035526 -0.000575 0.021887
26 24 0.024968 -0.000403 0.014745
27 24 0.016279 -0.000263 0.009259
28 24 0.009920 -0.000160 0.005456
29 24 0.005687 -0.000092 0.003035
30 24 0.003083 -0.000050 0.001601
31 24 0.001589 -0.000026 0.000804
32 24 0.000781 -0.000013 0.000386
33 24 0.000368 -0.000006 0.000178
34 24 0.000166 -0.000003 0.000079
35 24 0.000072 -0.000001 0.000034
36 24 0.000030 -0.000001 0.000014
37 24 0.000012 -0.000000 0.000006
38 24 0.000005 -0.000000 0.000002
39 24 0.000002 -0.000000 0.000001
40 24 0.000001 -0.000000 0.000000
41 24 0.000000 -0.000000 0.000000
42 24 0.000000 -0.000000 0.000000
43 24 0.000000 -0.000000 0.000000
44 24 0.000000 -0.000000 0.000000
45 24 0.000000 -0.000000 0.000000
46 24 0.000000 -0.000000 0.000000
47 24 0.000000 -0.000000 0.000000
48 24 0.000000 -0.000000 0.000000
49 24 0.000000 0.000000 0.000000

0 25 0.000000 0.000000 0.000000
1 25 -0.138901 0.206232 -0.151042
2 25 -0.135753 0.126401 -0.148202
3 25 -0.135810 0.075786 -0.128231
4 25 -0.133393 0.048086 -0.111752
5 25 -0.131647 0.033037 -0.099825
6 25 -0.126987 0.023630 -0.087640
7 25 -0.116638 0.016521 -0.075635
8 25 -0.105210 0.011475 -0.065296
9 25 -0.093000 0.008500 -0.053998
10 25 -0.077629 0.006726 -0.041552
11 25 -0.062357 0.005343 -0.031096
12 25 -0.050103 0.004039 -0.022383
13 25 -0.037349 0.002674 -0.012056
14 25 -0.020651 0.001224 0.000216
15 25 -0.002920 -0.000113 0.010984
16 25 0.010695 -0.001084 0.017959
17 25 0.019548 -0.001662 0.022686
18 25 0.027425 -0.002040 0.028086
19 25 0.037387 -0.002405 0.034962
20 25 0.048453 -0.002770 0.041365
21 25 0.056847 -0.003009 0.044557
22 25 0.059304 -0.002999 0.043123
23 25 0.055156 -0.002717 0.037603
24 25 0.046188 -0.002242 0.029791
25 25 0.035212 -0.001694 0.021646
26 25 0.024689 -0.001182 0.014551
27 25 0.016062 -0.000767 0.009119
28 25 0.009769 -0.000466 0.005364
29 25 0.005590 -0.000267 0.002978
30 25 0.003026 -0.000144 0.001569
31 25 0.001557 -0.000074 0.000787
32 25 0.000764 -0.000037 0.000378
33 25 0.000359 -0.000017 0.000174
34 25 0.000162 -0.000008 0.000077
35 25 0.000071 -0.000003 0.000033
36 25 0.000030 -0.000001 0.000014
37 25 0.000012 -0.000001 0.000005
38 25 0.000005 -0.000000 0.000002
39 25 0.000002 -0.000000 0.000001
40 25 0.000001 -0.000000 0.000000
41 25 0.000000 -0.000000 0.000000
42 25 0.000000 -0.000000 0.000000
43 25 0.000000 -0.000000 0.000000
44 25 0.000000 -0.000000 0.000000
45 25 0.000000 -0.000000 0.000000
46 25 0.000000 -0.000000 0.000000
47 25 0.000000 -0.000000 0.000000
48 25 0.000000 -0.000000 0.000000
49 25 0.000000 0.000000 0.000000

0 26 0.000000 0.000000 0.000000
1 26 -0.158729 0.153607 -0.075458
2 26 -0.152742 0.122428 -0.100626
3 26 -0.147967 0.091790 -0.102862
4 26 -0.142719 0.068711 -0.098005
5 26 -0.136853 0.051829 -0.090473
6 26 -0.127208 0.039700 -0.080314
7 26 -0.115769 0.031296 -0.071051
8 26 -0.107059 0.025160 -0.063319
9 26 -0.096989 0.019628 -0.053099
10 26 -0.081132 0.014095 -0.040548
11 26 -0.063870 0.009251 -0.029640
12 26 -0.049498 0.005698 -0.020468
13 26 -0.035149 0.003119 -0.009885
14 26 -0.017767 0.000945 0.002207
15 26 -0.000305 -0.000904 0.012432
16 26 0.012600 -0.002209 0.018884
17 26 0.020938 -0.002985 0.023382
18 26 0.028697 -0.003539 0.028773
19 26 0.038673 -0.004123 0.035601
20 26 0.049548 -0.004705 0.041754
21 26 0.057450 -0.005056 0.044540
22 26 0.059273 -0.004981 0.042698
23 26 0.054580 -0.004462 0.036906
24 26 0.045304 -0.003641 0.029008
25 26 0.034268 -0.002725 0.020926
26 26 0.023858 -0.001885 0.013976
27 26 0.015424 -0.001213 0.008708
28 26 0.009327 -0.000732 0.005094
29 26 0.005309 -0.000416 0.002814
30 26 0.002860 -0.000224 0.001475
31 26 0.001465 -0.000114 0.000737
32 26 0.000716 -0.000056 0.000352
33 26 0.000335 -0.000026 0.000161
34 26 0.000151 -0.000012 0.000071
35 26 0.000065 -0.000005 0.000030
36 26 0.000027 -0.000002 0.000012
37 26 0.000011 -0.000001 0.000005
38 26 0.000004 -0.000000 0.000002
39 26 0.000002 -0.000000 0.000001
40 26 0.000001 -0.000000 0.000000
41 26 0.000000 -0.000000 0.000000
42 26 0.000000 -0.000000 0.000000
43 26 0.000000 -0.000000 0.000000
44 26 0.000000 -0.000000 0.000000
45 26 0.000000 -0.000000 0.000000
46 26 0.000000 -0.000000 0.000000
47 26 0.000000 -0.000000 0.000000
48 26 0.000000 -0.000000 0.000000
49 26 0.000000 0.000000 0.000000

0 27 0.000000 0.000000 0.000000
1 27 -0.155903 0.125849 -0.043284
2 27 -0.148762 0.109858 -0.068600
3 27 -0.142414 0.088944 -0.077871
4 27 -0.135073 0.069652 -0.079283
5 27 -0.129494 0.054795 -0.077066
6 27 -0.122098 0.043065 -0.070760
7 27 -0.111168 0.032773 -0.063044
8 27 -0.099575 0.024233 -0.054984
9 27 -0.085779 0.017742 -0.044533
10 27 -0.069002 0.012845 -0.033238
11 27 -0.054008 0.009192 -0.024336
12 27 -0.042491 0.006373 -0.016541
13 27 -0.029755 0.003697 -0.006561
14 27 -0.013170 0.000867 0.004971
15 27 0.003359 -0.001685 0.014392
16 27 0.015221 -0.003445 0.020170
17 27 0.022974 -0.004464 0.024442
18 27 0.030720 -0.005209 0.029880
19 27 0.040768 -0.006008 0.036618
20 27 0.051290 -0.006766 0.042326
21 27 0.058331 -0.007150 0.044420
22 27 0.059093 -0.006920 0.041915
23 27 0.053528 -0.006092 0.035706
24 27 0.043786 -0.004892 0.027698
25 27 0.032691 -0.003608 0.019745
26 27 0.022497 -0.002462 0.013046
27 27 0.014391 -0.001565 0.008049
28 27 0.008619 -0.000933 0.004667
29 27 0.004863 -0.000525 0.002557
30 27 0.002599 -0.000280 0.001330
31 27 0.001321 -0.000142 0.000660
32 27 0.000641 -0.000069 0.000313
33 27 0.000298 -0.000032 0.000143
34 27 0.000133 -0.000014 0.000063
35 27 0.000058 -0.000006 0.000026
36 27 0.000024 -0.000003 0.000011
37 27 0.000010 -0.000001 0.000004
38 27 0.000004 -0.000000 0.000002
39 27 0.000001 -0.000000 0.000001
40 27 0.000001 -0.000000 0.000000
41 27 0.000000 -0.000000 0.000000
42 27 0.000000 -0.000000 0.000000
43 27 0.000000 -0.000000 0.000000
44 27 0.000000 -0.000000 0.000000
45 27 0.000000 -0.000000 0.000000
46 27 0.000000 -0.000000 0.000000
47 27 0.000000 -0.000000 0.000000
48 27 0.000000 -0.000000 0.000000
49 27 0.000000 0.000000 0.000000

0 28 0.000000 0.000000 0.000000
1 28 -0.153351 0.102008 -0.027534
2 28 -0.149726 0.097230 -0.047588
3 28 -0.142019 0.086098 -0.058319
4 28 -0.134029 0.073270 -0.063639
5 28 -0.126344 0.060454 -0.063330
6 28 -0.114072 0.048227 -0.057922
7 28 -0.100989 0.038276 -0.052541
8 28 -0.091718 0.031040 -0.047353
9 28 -0.081217 0.024649 -0.038995
10 28 -0.066438 0.017980 -0.029044
11 28 -0.051845 0.011858 -0.020682
12 28 -0.039150 0.006968 -0.012571
13 28 -0.024582 0.002895 -0.002234
14 28 -0.007184 -0.000733 0.008815
15 28 0.008526 -0.003588 0.017085
16 28 0.018954 -0.005346 0.021919
17 28 0.025896 -0.006322 0.025910
18 28 0.033610 -0.007146 0.031401
19 28 0.043661 -0.008108 0.037940
20 28 0.053546 -0.008964 0.042950
21 28 0.059289 -0.009264 0.044059
22 28 0.058571 -0.008757 0.040671
23 28 0.051867 -0.007535 0.033955
24 28 0.041579 -0.005925 0.025864
25 28 0.030490 -0.004285 0.018136
26 28 0.020646 -0.002873 0.011806
27 28 0.013016 -0.001797 0.007185
28 28 0.007692 -0.001055 0.004115
29 28 0.004288 -0.000585 0.002229
30 28 0.002265 -0.000308 0.001147
31 28 0.001140 -0.000154 0.000563
32 28 0.000548 -0.000074 0.000265
33 28 0.000253 -0.000034 0.000120
34 28 0.000112 -0.000015 0.000052
35 28 0.000048 -0.000006 0.000022
36 28 0.000020 -0.000003 0.000009
37 28 0.000008 -0.000001 0.000004
38 28 0.000003 -0.000000 0.000001
39 28 0.000001 -0.000000 0.000000
40 28 0.000000 -0.000000 0.000000
41 28 0.000000 -0.000000 0.000000
42 28 0.000000 -0.000000 0.000000
43 28 0.000000 -0.000000 0.000000
44 28 0.000000 -0.000000 0.000000
45 28 0.000000 -0.000000 0.000000
46 28 0.000000 -0.000000 0.000000
47 28 0.000000 -0.000000 0.000000
48 28 0.000000 -0.000000 0.000000
49 28 0.000000 0.000000 0.000000

0 29 0.000000 0.000000 0.000000
1 29 -0.128815 0.077808 -0.017502
2 29 -0.128713 0.075714 -0.032447
3 29 -0.125985 0.069468 -0.042252
4 29 -0.121074 0.060723 -0.047816
5 29 -0.114315 0.051695 -0.048820
6 29 -0.104941 0.043156 -0.046674
7 29 -0.095798 0.034992 -0.043869
8 29 -0.085975 0.026893 -0.038360
9 29 -0.070814 0.018824 -0.028957
10 29 -0.052959 0.011869 -0.019692
11 29 -0.038927 0.007048 -0.012990
12 29 -0.027939 0.003702 -0.006010
13 29 -0.014629 0.000445 0.003493
14 29 0.001211 -0.002975 0.013199
15 29 0.014647 -0.005748 0.019881
16 29 0.023105 -0.007396 0.023752
17 29 0.029322 -0.008357 0.027633
18 29 0.037206 -0.009317 0.033247
19 29 0.047197 -0.010433 0.039427
20 29 0.056073 -0.011281 0.043436
21 29 0.060032 -0.011335 0.043273
22 29 0.057455 -0.010404 0.038844
23 29 0.049443 -0.008702 0.031609
24 29 0.038638 -0.006665 0.023525
25 29 0.027694 -0.004706 0.016155
26 29 0.018372 -0.003086 0.010318
27 29 0.011369 -0.001892 0.006172
28 29 0.006607 -0.001091 0.003479
29 29 0.003626 -0.000595 0.001857
30 29 0.001889 -0.000308 0.000943
31 29 0.000938 -0.000152 0.000457
32 29 0.000445 -0.000072 0.000213
33 29 0.000203 -0.000033 0.000095
34 29 0.000089 -0.000014 0.000041
35 29 0.000038 -0.000006 0.000017
36 29 0.000015 -0.000002 0.000007
37 29 0.000006 -0.000001 0.000003
38 29 0.000002 -0.000000 0.000001
39 29 0.000001 -0.000000 0.000000
40 29 0.000000 -0.000000 0.000000
41 29 0.000000 -0.000000 0.000000
42 29 0.000000 -0.000000 0.000000
43 29 0.000000 -0.000000 0.000000
44 29 0.000000 -0.000000 0.000000
45 29 0.000000 -0.000000 0.000000
46 29 0.000000 -0.000000 0.000000
47 29 0.000000 -0.000000 0.000000
48 29 0.000000 -0.000000 0.000000
49 29 0.000000 0.000000 0.000000

0 30 0.000000 0.000000 0.000000
1 30 -0.112874 0.060582 -0.011493
2 30 -0.113051 0.062246 -0.021656
3 30 -0.107801 0.058374 -0.028723
4 30 -0.101939 0.052330 -0.034144
5 30 -0.095740 0.045310 -0.035413
6 30 -0.085470 0.036700 -0.033182
7 30 -0.074489 0.028435 -0.030309
8 30 -0.064129 0.021951 -0.025571
9 30 -0.051934 0.016466 -0.018772
10 30 -0.040037 0.011507 -0.012860
11 30 -0.030882 0.007166 -0.007885
12 30 -0.020907 0.002909 -0.000736
13 30 -0.006560 -0.001673 0.008901
14 30 0.009166 -0.005859 0.017518
15 30 0.020828 -0.008635 0.022659
16 30 0.027620 -0.009986 0.025746
17 30 0.033454 -0.010808 0.029695
18 30 0.041618 -0.011839 0.035375
19 30 0.051244 -0.012996 0.040891
20 30 0.058538 -0.013645 0.043527
21 30 0.060175 -0.013242 0.041839
22 30 0.055445 -0.011731 0.036308
23 30 0.046109 -0.009487 0.028649
24 30 0.034947 -0.007042 0.020736
25 30 0.024372 -0.004833 0.013886
26 30 0.015775 -0.003087 0.008669
27 30 0.009546 -0.001848 0.005079
28 30 0.005436 -0.001042 0.002808
29 30 0.002928 -0.000557 0.001473
30 30 0.001499 -0.000283 0.000736
31 30 0.000732 -0.000137 0.000352
32 30 0.000343 -0.000064 0.000161
33 30 0.000154 -0.000029 0.000071
34 30 0.000067 -0.000012 0.000030
35 30 0.000028 -0.000005 0.000012
36 30 0.000011 -0.000002 0.000005
37 30 0.000004 -0.000001 0.000002
38 30 0.000002 -0.000000 0.000001
39 30 0.000001 -0.000000 0.000000
40 30 0.000000 -0.000000 0.000000
41 30 0.000000 -0.000000 0.000000
42 30 0.000000 -0.000000 0.000000
43 30 0.000000 -0.000000 0.000000
44 30 0.000000 -0.000000 0.000000
45 30 0.000000 -0.000000 0.000000
46 30 0.000000 -0.000000 0.000000
47 30 0.000000 -0.000000 0.000000
48 30 0.000000 -0.000000 0.000000
49 30 0.000000 0.000000 0.000000

0 31 0.000000 0.000000 0.000000
1 31 -0.081632 0.033495 -0.006737
2 31 -0.087368 0.037967 -0.012939
3 31 -0.088424 0.039364 -0.019278
4 31 -0.088334 0.038530 -0.023719
5 31 -0.082119 0.034241 -0.023476
6 31 -0.072164 0.028620 -0.022689
7 31 -0.065576 0.024243 -0.022369
8 31 -0.058306 0.019407 -0.018510
9 31 -0.045631 0.012676 -0.011786
10 31 -0.031931 0.005917 -0.005929
11 31 -0.020521 0.000740 -0.000464
12 31 -0.008255 -0.003466 0.007104
13 31 0.006470 -0.007393 0.015719
14 31 0.019694 -0.010472 0.022041
15 31 0.027817 -0.012099 0.025238
16 31 0.032531 -0.012757 0.027758
17 31 0.038214 -0.013456 0.031981
18 31 0.046640 -0.014595 0.037568
19 31 0.055389 -0.015675 0.042007
20 31 0.060408 -0.015886 0.042890
21 31 0.059239 -0.014797 0.039528
22 31 0.052245 -0.012579 0.032979
23 31 0.041767 -0.009785 0.025108
24 31 0.030558 -0.007008 0.017595
25 31 0.020648 -0.004654 0.011444
26 31 0.012988 -0.002886 0.006957
27 31 0.007659 -0.001681 0.003979
28 31 0.004259 -0.000925 0.002152
29 31 0.002245 -0.000483 0.001106
30 31 0.001127 -0.000240 0.000542
31 31 0.000540 -0.000114 0.000255
32 31 0.000249 -0.000052 0.000115
33 31 0.000110 -0.000023 0.000050
34 31 0.000047 -0.000010 0.000021
35 31 0.000019 -0.000004 0.000008
36 31 0.000008 -0.000002 0.000003
37 31 0.000003 -0.000001 0.000001
38 31 0.000001 -0.000000 0.000000
39 31 0.000000 -0.000000 0.000000
40 31 0.000000 -0.000000 0.000000
41 31 0.000000 -0.000000 0.000000
42 31 0.000000 -0.000000 0.000000
43 31 0.000000 -0.000000 0.000000
44 31 0.000000 -0.000000 0.000000
45 31 0.000000 -0.000000 0.000000
46 31 0.000000 -0.000000 0.000000
47 31 0.000000 -0.000000 0.000000
48 31 0.000000 -0.000000 0.000000
49 31 0.000000 0.000000 0.000000

0 32 0.000000 0.000000 0.000000
1 32 -0.050715 0.015909 -0.002876
2 32 -0.054034 0.018601 -0.006372
3 32 -0.056569 0.019627 -0.010349
4 32 -0.055956 0.018329 -0.011554
5 32 -0.050615 0.015341 -0.011549
6 32 -0.046939 0.012868 -0.012719
7 32 -0.043203 0.009641 -0.011041
8 32 -0.032339 0.004026 -0.004922
9 32 -0.018205 -0.001550 0.000745
10 32 -0.008842 -0.004485 0.003700
11 32 -0.002712 -0.005955 0.007405
12 32 0.006396 -0.008295 0.014000
13 32 0.018346 -0.011495 0.020861
14 32 0.027947 -0.013951 0.024999
15 32 0.033145 -0.015012 0.027047
16 32 0.037137 -0.015512 0.029786
17 32 0.043527 -0.016395 0.034474
18 32 0.052051 -0.017616 0.039575
19 32 0.059098 -0.018334 0.042377
20 32 0.061046 -0.017767 0.041177
21 32 0.056740 -0.015766 0.036157
22 32 0.047634 -0.012784 0.028851
23 32 0.036431 -0.009516 0.021096
24 32 0.025619 -0.006547 0.014256
25 32 0.016705 -0.004192 0.008972
26 32 0.010177 -0.002513 0.005295
27 32 0.005829 -0.001420 0.002947
28 32 0.003157 -0.000759 0.001555
29 32 0.001624 -0.000386 0.000781
30 32 0.000797 -0.000188 0.000375
31 32 0.000374 -0.000087 0.000173
32 32 0.000169 -0.000039 0.000076
33 32 0.000073 -0.000017 0.000033
34 32 0.000031 -0.000007 0.000013
35 32 0.000012 -0.000003 0.000005
36 32 0.000005 -0.000001 0.000002
37 32 0.000002 -0.000000 0.000001
38 32 0.000001 -0.000000 0.000000
39 32 0.000000 -0.000000 0.000000
40 32 0.000000 -0.000000 0.000000
41 32 0.000000 -0.000000 0.000000
42 32 0.000000 -0.000000 0.000000
43 32 0.000000 -0.000000 0.000000
44 32 0.000000 -0.000000 0.000000
45 32 0.000000 -0.000000 0.000000
46 32 0.000000 -0.000000 0.000000
47 32 0.000000 -0.000000 0.000000
48 32 0.000000 -0.000000 0.000000
49 32 0.000000 0.000000 0.000000

0 33 0.000000 0.000000 0.000000
1 33 -0.028457 -0.001947 -0.000611
2 33 -0.034205 0.003960 -0.002355
3 33 -0.036397 0.006899 -0.003578
4 33 -0.034064 0.007075 -0.003632
5 33 -0.030882 0.006234 -0.004363
6 33 -0.028088 0.004502 -0.003880
7 33 -0.020756 0.000905 0.000052
8 33 -0.010425 -0.002843 0.004107
9 33 -0.004391 -0.004561 0.005366
10 33 -0.002095 -0.005522 0.006865
11 33 0.004070 -0.008367 0.012208
12 33 0.016250 -0.012997 0.019731
13 33 0.028471 -0.016914 0.025203
14 33 0.035491 -0.018539 0.027444
15 33 0.038681 -0.018638 0.028951
16 33 0.042752 -0.018832 0.032228
17 33 0.049764 -0.019749 0.037024
18 33 0.057368 -0.020699 0.040892
19 33 0.061494 -0.020599 0.041466
20 33 0.059670 -0.018910 0.038053
21 33 0.052250 -0.015876 0.031654
22 33 0.041551 -0.012214 0.024043
23 33 0.030272 -0.008662 0.016817
24 33 0.020383 -0.005702 0.010920
25 33 0.012783 -0.003507 0.006630
26 33 0.007519 -0.002028 0.003787
27 33 0.004171 -0.001108 0.002046
28 33 0.002194 -0.000575 0.001051
29 33 0.001099 -0.000284 0.000515
30 33 0.000526 -0.000135 0.000241
31 33 0.000242 -0.000061 0.000109
32 33 0.000107 -0.000027 0.000047
33 33 0.000045 -0.000011 0.000020
34 33 0.000019 -0.000005 0.000008
35 33 0.000007 -0.000002 0.000003
36 33 0.000003 -0.000001 0.000001
37 33 0.000001 -0.000000 0.000000
38 33 0.000000 -0.000000 0.000000
39 33 0.000000 -0.000000 0.000000
40 33 0.000000 -0.000000 0.000000
41 33 0.000000 -0.000000 0.000000
42 33 0.000000 -0.000000 0.000000
43 33 0.000000 -0.000000 0.000000
44 33 0.000000 -0.000000 0.000000
45 33 0.000000 -0.000000 0.000000
46 33 0.000000 -0.000000 0.000000
47 33 0.000000 -0.000000 0.000000
48 33 0.000000 -0.000000 0.000000
49 33 0.000000 0.000000 0.000000

0 34 0.000000 0.000000 0.000000
1 34 0.006596 -0.024828 0.001368
2 34 -0.002662 -0.018897 0.001685
3 34 -0.008481 -0.014239 0.001972
4 34 -0.011160 -0.010997 0.001872
5 34 -0.012225 -0.009125 0.001924
6 34 -0.009869 -0.009179 0.003854
7 34 -0.004207 -0.010402 0.006487
8 34 0.000322 -0.011346 0.007753
9 34 0.003321 -0.012567 0.009380
10 34 0.010119 -0.015668 0.014325
11 34 0.022529 -0.020127 0.021514
12 34 0.034950 -0.023390 0.026902
13 34 0.041491 -0.023892 0.028644
14 34 0.042754 -0.022614 0.028870
15 34 0.043990 -0.021642 0.030656
16 34 0.048795 -0.021996 0.034691
17 34 0.055947 -0.023016 0.038954
18 34 0.061289 -0.023308 0.040766
19 34 0.061385 -0.021939 0.038751
20 34 0.055565 -0.018915 0.033358
21 34 0.045605 -0.014930 0.026157
22 34 0.034210 -0.010845 0.018838
23 34 0.023659 -0.007299 0.012563
24 34 0.015206 -0.004582 0.007816
25 34 0.009147 -0.002700 0.004566
26 34 0.005181 -0.001502 0.002519
27 34 0.002778 -0.000792 0.001319
28 34 0.001417 -0.000398 0.000658
29 34 0.000690 -0.000191 0.000314
30 34 0.000322 -0.000088 0.000144
31 34 0.000144 -0.000039 0.000063
32 34 0.000062 -0.000017 0.000027
33 34 0.000026 -0.000007 0.000011
34 34 0.000010 -0.000003 0.000004
35 34 0.000004 -0.000001 0.000002
36 34 0.000002 -0.000000 0.000001
37 34 0.000001 -0.000000 0.000000
38 34 0.000000 -0.000000 0.000000
39 34 0.000000 -0.000000 0.000000
40 34 0.000000 -0.000000 0.000000
41 34 0.000000 -0.000000 0.000000
42 34 0.000000 -0.000000 0.000000
43 34 0.000000 -0.000000 0.000000
44 34 0.000000 -0.000000 0.000000
45 34 0.000000 -0.000000 0.000000
46 34 0.000000 -0.000000 0.000000
47 34 0.000000 -0.000000 0.000000
48 34 0.000000 -0.000000 0.000000
49 34 0.000000 0.000000 0.000000

0 35 0.000000 0.000000 0.000000
1 35 0.030797 -0.034656 0.002700
2 35 0.026388 -0.032347 0.004844
3 35 0.022792 -0.030175 0.006509
4 35 0.019955 -0.028199 0.007747
5 35 0.018760 -0.026878 0.009444
6 35 0.019997 -0.026305 0.011642
7 35 0.022049 -0.025958 0.013413
8 35 0.024249 -0.025980 0.015393
9 35 0.028994 -0.027059 0.019215
10 35 0.037058 -0.028704 0.024279
11 35 0.044509 -0.029206 0.027819
12 35 0.047116 -0.027682 0.028443
13 35 0.045649 -0.025241 0.027903
14 35 0.044899 -0.023792 0.029001
15 35 0.048403 -0.024150 0.032613
16 35 0.055207 -0.025456 0.037018
17 35 0.061176 -0.026090 0.039536
18 35 0.062446 -0.024909 0.038486
19 35 0.057744 -0.021802 0.033940
20 35 0.048420 -0.017474 0.027242
21 35 0.037082 -0.012888 0.020059
22 35 0.026156 -0.008804 0.013659
23 35 0.017127 -0.005608 0.008667
24 35 0.010486 -0.003351 0.005157
25 35 0.006040 -0.001889 0.002895
26 35 0.003291 -0.001010 0.001541
27 35 0.001703 -0.000514 0.000780
28 35 0.000841 -0.000250 0.000378
29 35 0.000398 -0.000116 0.000175
30 35 0.000181 -0.000052 0.000078
31 35 0.000079 -0.000022 0.000034
32 35 0.000033 -0.000009 0.000014
33 35 0.000014 -0.000004 0.000006
34 35 0.000005 -0.000001 0.000002
35 35 0.000002 -0.000001 0.000001
36 35 0.000001 -0.000000 0.000000
37 35 0.000000 -0.000000 0.000000
38 35 0.000000 -0.000000 0.000000
39 35 0.000000 -0.000000 0.000000
40 35 0.000000 -0.000000 0.000000
41 35 0.000000 -0.000000 0.000000
42 35 0.000000 -0.000000 0.000000
43 35 0.000000 -0.000000 0.000000
44 35 0.000000 -0.000000 0.000000
45 35 0.000000 -0.000000 0.000000
46 35 0.000000 -0.000000 0.000000
47 35 0.000000 -0.000000 0.000000
48 35 0.000000 -0.000000 0.000000
49 35 0.000000 0.000000 0.000000

0 36 0.000000 0.000000 0.000000
1 36 0.040615 -0.040282 0.003130
2 36 0.037342 -0.037111 0.005869
3 36 0.035580 -0.034913 0.008266
4 36 0.034887 -0.033453 0.010576
5 36 0.035363 -0.032557 0.012997
6 36 0.036502 -0.031886 0.015230
7 36 0.037791 -0.031315 0.017367
8 36 0.039976 -0.031041 0.020072
9 36 0.043394 -0.030860 0.023146
10 36 0.046198 -0.030039 0.025251
11 36 0.046392 -0.028336 0.025746
12 36 0.044920 -0.026641 0.025881
13 36 0.045164 -0.026186 0.027575
14 36 0.049382 -0.027257 0.031340
15 36 0.056328 -0.028838 0.035670
16 36 0.062211 -0.029396 0.038234
17 36 0.063502 -0.027918 0.037486
18 36 0.058972 -0.024390 0.033400
19 36 0.049828 -0.019583 0.027142
20 36 0.038537 -0.014508 0.020257
21 36 0.027487 -0.009976 0.013990
22 36 0.018214 -0.006405 0.009003
23 36 0.011289 -0.003861 0.005434
24 36 0.006582 -0.002197 0.003093
25 36 0.003630 -0.001185 0.001668
26 36 0.001901 -0.000609 0.000856
27 36 0.000950 -0.000299 0.000420
28 36 0.000454 -0.000141 0.000197
29 36 0.000209 -0.000064 0.000089
30 36 0.000092 -0.000028 0.000039
31 36 0.000039 -0.000012 0.000016
32 36 0.000016 -0.000005 0.000007
33 36 0.000006 -0.000002 0.000003
34 36 0.000003 -0.000001 0.000001
35 36 0.000001 -0.000000 0.000000
36 36 0.000000 -0.000000 0.000000
37 36 0.000000 -0.000000 0.000000
38 36 0.000000 -0.000000 0.000000
39 36 0.000000 -0.000000 0.000000
40 36 0.000000 -0.000000 0.000000
41 36 0.000000 -0.000000 0.000000
42 36 0.000000 -0.000000 0.000000
43 36 0.000000 -0.000000 0.000000
44 36 0.000000 -0.000000 0.000000
45 36 0.000000 -0.000000 0.000000
46 36 0.000000 -0.000000 0.000000
47 36 0.000000 -0.000000 0.000000
48 36 0.000000 -0.000000 0.000000
49 36 0.000000 0.000000 0.000000

0 37 0.000000 0.000000 0.000000
1 37 0.058094 -0.052004 0.003560
2 37 0.051747 -0.047645 0.006566
3 37 0.047159 -0.043715 0.009175
4 37 0.044362 -0.040532 0.011598
5 37 0.043035 -0.038076 0.013863
6 37 0.042649 -0.036199 0.015983
7 37 0.043090 -0.034836 0.018185
8 37 0.044345 -0.033851 0.020475
9 37 0.045730 -0.032942 0.022405
10 37 0.046520 -0.032025 0.023780
11 37 0.047319 -0.031502 0.025271
12 37 0.049798 -0.031839 0.027824
13 37 0.054756 -0.032879 0.031491
14 37 0.060763 -0.033689 0.035053
15 37 0.064853 -0.033128 0.036791
16 37 0.064467 -0.030561 0.035605
17 37 0.058900 -0.026178 0.031560
18 37 0.049376 -0.020775 0.025665
19 37 0.038119 -0.015308 0.019246
20 37 0.027253 -0.010515 0.013391
21 37 0.018152 -0.006765 0.008697
22 37 0.011329 -0.004096 0.005303
23 37 0.006660 -0.002344 0.003051
24 37 0.003705 -0.001273 0.001664
25 37 0.001959 -0.000659 0.000863
26 37 0.000988 -0.000326 0.000428
27 37 0.000477 -0.000155 0.000203
28 37 0.000221 -0.000070 0.000093
29 37 0.000099 -0.000031 0.000041
30 37 0.000042 -0.000013 0.000017
31 37 0.000018 -0.000005 0.000007
32 37 0.000007 -0.000002 0.000003
33 37 0.000003 -0.000001 0.000001
34 37 0.000001 -0.000000 0.000000
35 37 0.000000 -0.000000 0.000000
36 37 0.000000 -0.000000 0.000000
37 37 0.000000 -0.000000 0.000000
38 37 0.000000 -0.000000 0.000000
39 37 0.000000 -0.000000 0.000000
40 37 0.000000 -0.000000 0.000000
41 37 0.000000 -0.000000 0.000000
42 37 0.000000 -0.000000 0.000000
43 37 0.000000 -0.000000 0.000000
44 37 0.000000 -0.000000 0.000000
45 37 0.000000 -0.000000 0.000000
46 37 0.000000 -0.000000 0.000000
47 37 0.000000 -0.000000 0.000000
48 37 0.000000 -0.000000 0.000000
49 37 0.000000 0.000000 0.000000

0 38 0.000000 0.000000 0.000000
1 38 0.074279 -0.057155 0.003899
2 38 0.070537 -0.056247 0.007436
3 38 0.066357 -0.054124 0.010557
4 38 0.062624 -0.051511 0.013315
5 38 0.059727 -0.048877 0.015780
6 38 0.057823 -0.046503 0.018090
7 38 0.056968 -0.044513 0.020352
8 38 0.056955 -0.042872 0.022502
9 38 0.057473 -0.041526 0.024510
10 38 0.058608 -0.040527 0.026616
11 38 0.060757 -0.039879 0.029107
12 38 0.063791 -0.039266 0.031789
13 38 0.066458 -0.038029 0.033818
14 38 0.066832 -0.035505 0.034142
15 38 0.063460 -0.031446 0.032158
16 38 0.056199 -0.026167 0.028050
17 38 0.046214 -0.020379 0.022640
18 38 0.035309 -0.014851 0.016953
19 38 0.025139 -0.010148 0.011828
20 38 0.016748 -0.006521 0.007725
21 38 0.010486 -0.003955 0.004745
22 38 0.006197 -0.002273 0.002753
23 38 0.003470 -0.001241 0.001516
24 38 0.001849 -0.000646 0.000794
25 38 0.000940 -0.000322 0.000398
26 38 0.000458 -0.000154 0.000191
27 38 0.000214 -0.000071 0.000088
28 38 0.000096 -0.000031 0.000039
29 38 0.000042 -0.000013 0.000017
30 38 0.000018 -0.000006 0.000007
31 38 0.000007 -0.000002 0.000003
32 38 0.000003 -0.000001 0.000001
33 38 0.000001 -0.000000 0.000000
34 38 0.000000 -0.000000 0.000000
35 38 0.000000 -0.000000 0.000000
36 38 0.000000 -0.000000 0.000000
37 38 0.000000 -0.000000 0.000000
38 38 0.000000 -0.000000 0.000000
39 38 0.000000 -0.000000 0.000000
40 38 0.000000 -0.000000 0.000000
41 38 0.000000 -0.000000 0.000000
42 38 0.000000 -0.000000 0.000000
43 38 0.000000 -0.000000 0.000000
44 38 0.000000 -0.000000 0.000000
45 38 0.000000 -0.000000 0.000000
46 38 0.000000 -0.000000 0.000000
47 38 0.000000 -0.000000 0.000000
48 38 0.000000 -0.000000 0.000000
49 38 0.000000 0.000000 0.000000

0 39 0.000000 0.000000 0.000000
1 39 0.069437 -0.046801 0.003453
2 39 0.072387 -0.050294 0.007050
3 39 0.073304 -0.052011 0.010531
4 39 0.072971 -0.052357 0.013760
5 39 0.072045 -0.051758 0.016704
6 39 0.071017 -0.050577 0.019395
7 39 0.070147 -0.049052 0.021843
8 39 0.069482 -0.047315 0.024043
9 39 0.069020 -0.045426 0.026039
10 39 0.068719 -0.043363 0.027843
11 39 0.068255 -0.040941 0.029256
12 39 0.066837 -0.037854 0.029807
13 39 0.063480 -0.033850 0.028982
14 39 0.057580 -0.028943 0.026551
15 39 0.049334 -0.023465 0.022753
16 39 0.039694 -0.017956 0.018192
17 39 0.029935 -0.012947 0.013579
18 39 0.021177 -0.008800 0.009486
19 39 0.014084 -0.005649 0.006223
20 39 0.008833 -0.003432 0.003848
21 39 0.005241 -0.001980 0.002251
22 39 0.002952 -0.001087 0.001250
23 39 0.001584 -0.000570 0.000661
24 39 0.000811 -0.000286 0.000334
25 39 0.000398 -0.000138 0.000162
26 39 0.000188 -0.000064 0.000075
27 39 0.000085 -0.000028 0.000034
28 39 0.000037 -0.000012 0.000015
29 39 0.000016 -0.000005 0.000006
30 39 0.000006 -0.000002 0.000002
31 39 0.000003 -0.000001 0.000001
32 39 0.000001 -0.000000 0.000000
33 39 0.000000 -0.000000 0.000000
34 39 0.000000 -0.000000 0.000000
35 39 0.000000 -0.000000 0.000000
36 39 0.000000 -0.000000 0.000000
37 39 0.000000 -0.000000 0.000000
38 39 0.000000 -0.000000 0.000000
39 39 0.000000 -0.000000 0.000000
40 39 0.000000 -0.000000 0.000000
41 39 0.000000 -0.000000 0.000000
42 39 0.000000 -0.000000 0.000000
43 39 0.000000 -0.000000 0.000000
44 39 0.000000 -0.000000 0.000000
45 39 0.000000 -0.000000 0.000000
46 39 0.000000 -0.000000 0.000000
47 39 0.000000 -0.000000 0.000000
48 39 0.000000 -0.000000 0.000000
49 39 0.000000 0.000000 0.000000

0 40 0.000000 0.000000 0.000000
1 40 0.047430 -0.028760 0.002344
2 40 0.053981 -0.033560 0.005145
3 40 0.058816 -0.037195 0.008149
4 40 0.062058 -0.039604 0.011142
5 40 0.063968 -0.040865 0.013974
6 40 0.064821 -0.041121 0.016539
7 40 0.064820 -0.040517 0.018755
8 40 0.064081 -0.039176 0.020558
9 40 0.062631 -0.037177 0.021883
10 40 0.060354 -0.034538 0.022599
11 40 0.056968 -0.031240 0.022499
12 40 0.052160 -0.027306 0.021396
13 40 0.045848 -0.022885 0.019267
14 40 0.038354 -0.018274 0.016331
15 40 0.030360 -0.013843 0.012990
16 40 0.022677 -0.009928 0.009692
17 40 0.015973 -0.006738 0.006793
18 40 0.010621 -0.004332 0.004483
19 40 0.006679 -0.002643 0.002794
20 40 0.003983 -0.001533 0.001649
21 40 0.002258 -0.000848 0.000925
22 40 0.001220 -0.000448 0.000495
23 40 0.000630 -0.000226 0.000253
24 40 0.000312 -0.000110 0.000124
25 40 0.000148 -0.000051 0.000058
26 40 0.000068 -0.000023 0.000026
27 40 0.000030 -0.000010 0.000012
28 40 0.000013 -0.000004 0.000005
29 40 0.000005 -0.000002 0.000002
30 40 0.000002 -0.000001 0.000001
31 40 0.000001 -0.000000 0.000000
32 40 0.000000 -0.000000 0.000000
33 40 0.000000 -0.000000 0.000000
34 40 0.000000 -0.000000 0.000000
35 40 0.000000 -0.000000 0.000000
36 40 0.000000 -0.000000 0.000000
37 40 0.000000 -0.000000 0.000000
38 40 0.000000 -0.000000 0.000000
39 40 0.000000 -0.000000 0.000000
40 40 0.000000 -0.000000 0.000000
41 40 0.000000 -0.000000 0.000000
42 40 0.000000 -0.000000 0.000000
43 40 0.000000 -0.000000 0.000000
44 40 0.000000 -0.000000 0.000000
45 40 0.000000 -0.000000 0.000000
46 40 0.000000 -0.000000 0.000000
47 40 0.000000 -0.000000 0.000000
48 40 0.000000 -0.000000 0.000000
49 40 0.000000 0.000000 0.000000

0 41 0.000000 0.000000 0.000000
1 41 0.024655 -0.013723 0.001236
2 41 0.030349 -0.017251 0.002902
3 41 0.035305 -0.020349 0.004858
4 41 0.039262 -0.022787 0.006935
5 41 0.042098 -0.024432 0.008970
6 41 0.043783 -0.025237 0.010814
7 41 0.044334 -0.025215 0.012339
8 41 0.043784 -0.024415 0.013439
9 41 0.042152 -0.022904 0.014015
10 41 0.039435 -0.020768 0.013974
11 41 0.035656 -0.018125 0.013263
12 41 0.030954 -0.015153 0.011924
13 41 0.025641 -0.012081 0.010111
14 41 0.020174 -0.009155 0.008068
15 41 0.015033 -0.006584 0.006056
16 41 0.010601 -0.004490 0.004278
17 41 0.007076 -0.002905 0.002851
18 41 0.004476 -0.001786 0.001796
19 41 0.002689 -0.001046 0.001073
20 41 0.001538 -0.000584 0.000609
21 41 0.000839 -0.000311 0.000330
22 41 0.000438 -0.000159 0.000171
23 41 0.000219 -0.000078 0.000085
24 41 0.000105 -0.000037 0.000040
25 41 0.000049 -0.000017 0.000018
26 41 0.000022 -0.000007 0.000008
27 41 0.000009 -0.000003 0.000004
28 41 0.000004 -0.000001 0.000001
29 41 0.000002 -0.000001 0.000001
30 41 0.000001 -0.000000 0.000000
31 41 0.000000 -0.000000 0.000000
32 41 0.000000 -0.000000 0.000000
33 41 0.000000 -0.000000 0.000000
34 41 0.000000 -0.000000 0.000000
35 41 0.000000 -0.000000 0.000000
36 41 0.000000 -0.000000 0.000000
37 41 0.000000 -0.000000 0.000000
38 41 0.000000 -0.000000 0.000000
39 41 0.000000 -0.000000 0.000000
40 41 0.000000 -0.000000 0.000000
41 41 0.000000 -0.000000 0.000000
42 41 0.000000 -0.000000 0.000000
43 41 0.000000 -0.000000 0.000000
44 41 0.000000 -0.000000 0.000000
45 41 0.000000 -0.000000 0.000000
46 41 0.000000 -0.000000 0.000000
47 41 0.000000 -0.000000 0.000000
48 41 0.000000 -0.000000 0.000000
49 41 0.000000 0.000000 0.000000

0 42 0.000000 0.000000 0.000000
1 42 0.010120 -0.005245 0.000519
2 42 0.013370 -0.007057 0.001298
3 42 0.016492 -0.008806 0.002284
4 42 0.019217 -0.010314 0.003389
5 42 0.021333 -0.011439 0.004505
6 42 0.022699 -0.012088 0.005518
7 42 0.023237 -0.012220 0.006323
8 42 0.022921 -0.011838 0.006834
9 42 0.021774 -0.010992 0.006988
10 42 0.019872 -0.009765 0.006756
11 42 0.017357 -0.008280 0.006166
12 42 0.014455 -0.006683 0.005301
13 42 0.011439 -0.005125 0.004288
14 42 0.008585 -0.003729 0.003264
15 42 0.006104 -0.002575 0.002340
16 42 0.004114 -0.001687 0.001583
17 42 0.002630 -0.001051 0.001012
18 42 0.001598 -0.000623 0.000614
19 42 0.000925 -0.000353 0.000354
20 42 0.000511 -0.000191 0.000194
21 42 0.000270 -0.000099 0.000102
22 42 0.000137 -0.000049 0.000051
23 42 0.000066 -0.000023 0.000025
24 42 0.000031 -0.000011 0.000012
25 42 0.000014 -0.000005 0.000005
26 42 0.000006 -0.000002 0.000002
27 42 0.000003 -0.000001 0.000001
28 42 0.000001 -0.000000 0.000000
29 42 0.000000 -0.000000 0.000000
30 42 0.000000 -0.000000 0.000000
31 42 0.000000 -0.000000 0.000000
32 42 0.000000 -0.000000 0.000000
33 42 0.000000 -0.000000 0.000000
34 42 0.000000 -0.000000 0.000000
35 42 0.000000 -0.000000 0.000000
36 42 0.000000 -0.000000 0.000000
37 42 0.000000 -0.000000 0.000000
38 42 0.000000 -0.000000 0.000000
39 42 0.000000 -0.000000 0.000000
40 42 0.000000 -0.000000 0.000000
41 42 0.000000 -0.000000 0.000000
42 42 0.000000 -0.000000 0.000000
43 42 0.000000 -0.000000 0.000000
44 42 0.000000 -0.000000 0.000000
45 42 0.000000 -0.000000 0.000000
46 42 0.000000 -0.000000 0.000000
47 42 0.000000 -0.000000 0.000000
48 42 0.000000 -0.000000 0.000000
49 42 0.000000 0.000000 0.000000

0 43 0.000000 0.000000 0.000000
1 43 0.003374 -0.001645 0.000178
2 43 0.004758 -0.002358 0.000471
3 43 0.006190 -0.003098 0.000868
4 43 0.007521 -0.003779 0.001334
5 43 0.008612 -0.004319 0.001816
6 43 0.009348 -0.004656 0.002254
7 43 0.009658 -0.004753 0.002590
8 43 0.009513 -0.004606 0.002777
9 43 0.008933 -0.004238 0.002790
10 43 0.007987 -0.003701 0.002628
11 43 0.006785 -0.003065 0.002323
12 43 0.005467 -0.002406 0.001927
13 43 0.004173 -0.001789 0.001501
14 43 0.003017 -0.001260 0.001100
15 43 0.002067 -0.000842 0.000760
16 43 0.001343 -0.000534 0.000496
17 43 0.000830 -0.000323 0.000307
18 43 0.000488 -0.000186 0.000180
19 43 0.000274 -0.000102 0.000101
20 43 0.000147 -0.000054 0.000054
21 43 0.000075 -0.000027 0.000028
22 43 0.000037 -0.000013 0.000014
23 43 0.000018 -0.000006 0.000006
24 43 0.000008 -0.000003 0.000003
25 43 0.000004 -0.000001 0.000001
26 43 0.000002 -0.000001 0.000001
27 43 0.000001 -0.000000 0.000000
28 43 0.000000 -0.000000 0.000000
29 43 0.000000 -0.000000 0.000000
30 43 0.000000 -0.000000 0.000000
31 43 0.000000 -0.000000 0.000000
32 43 0.000000 -0.000000 0.000000
33 43 0.000000 -0.000000 0.000000
34 43 0.000000 -0.000000 0.000000
35 43 0.000000 -0.000000 0.000000
36 43 0.000000 -0.000000 0.000000
37 43 0.000000 -0.000000 0.000000
38 43 0.000000 -0.000000 0.000000
39 43 0.000000 -0.000000 0.000000
40 43 0.000000 -0.000000 0.000000
41 43 0.000000 -0.000000 0.000000
42 43 0.000000 -0.000000 0.000000
43 43 0.000000 -0.000000 0.000000
44 43 0.000000 -0.000000 0.000000
45 43 0.000000 -0.000000 0.000000
46 43 0.000000 -0.000000 0.000000
47 43 0.000000 -0.000000 0.000000
48 43 0.000000 -0.000000 0.000000
49 43 0.000000 0.000000 0.000000

0 44 0.000000 0.000000 0.000000
1 44 0.000934 -0.000432 0.000051
2 44 0.001399 -0.000656 0.000142
3 44 0.001912 -0.000905 0.000273
4 44 0.002414 -0.001146 0.000432
5 44 0.002842 -0.001346 0.000601
6 44 0.003140 -0.001476 0.000754
7 44 0.003270 -0.001520 0.000868
8 44 0.003216 -0.001473 0.000923
9 44 0.002990 -0.001344 0.000913
10 44 0.002628 -0.001157 0.000841
11 44 0.002182 -0.000940 0.000724
12 44 0.001712 -0.000721 0.000583
13 44 0.001269 -0.000523 0.000441
14 44 0.000891 -0.000359 0.000313
15 44 0.000592 -0.000234 0.000210
16 44 0.000374 -0.000144 0.000133
17 44 0.000224 -0.000085 0.000080
18 44 0.000128 -0.000048 0.000046
19 44 0.000070 -0.000026 0.000025
20 44 0.000037 -0.000013 0.000013
21 44 0.000018 -0.000007 0.000007
22 44 0.000009 -0.000003 0.000003
23 44 0.000004 -0.000001 0.000001
24 44 0.000002 -0.000001 0.000001
25 44 0.000001 -0.000000 0.000000
26 44 0.000000 -0.000000 0.000000
27 44 0.000000 -0.000000 0.000000
28 44 0.000000 -0.000000 0.000000
29 44 0.000000 -0.000000 0.000000
30 44 0.000000 -0.000000 0.000000
31 44 0.000000 -0.000000 0.000000
32 44 0.000000 -0.000000 0.000000
33 44 0.000000 -0.000000 0.000000
34 44 0.000000 -0.000000 0.000000
35 44 0.000000 -0.000000 0.000000
36 44 0.000000 -0.000000 0.000000
37 44 0.000000 -0.000000 0.000000
38 44 0.000000 -0.000000 0.000000
39 44 0.000000 -0.000000 0.000000
40 44 0.000000 -0.000000 0.000000
41 44 0.000000 -0.000000 0.000000
42 44 0.000000 -0.000000 0.000000
43 44 0.000000 -0.000000 0.000000
44 44 0.000000 -0.000000 0.000000
45 44 0.000000 -0.000000 0.000000
46 44 0.000000 -0.000000 0.000000
47 44 0.000000 -0.000000 0.000000
48 44 0.000000 -0.000000 0.000000
49 44 0.000000 0.000000 0.000000

0 45 0.000000 0.000000 0.000000
1 45 0.000218 -0.000096 0.000012
2 45 0.000346 -0.000155 0.000036
3 45 0.000495 -0.000223 0.000072
4 45 0.000648 -0.000292 0.000117
5 45 0.000782 -0.000352 0.000166
6 45 0.000878 -0.000392 0.000211
7 45 0.000920 -0.000407 0.000242
8 45 0.000904 -0.000394 0.000256
9 45 0.000833 -0.000357 0.000250
10 45 0.000722 -0.000304 0.000226
11 45 0.000588 -0.000243 0.000190
12 45 0.000451 -0.000183 0.000150
13 45 0.000327 -0.000130 0.000110
14 45 0.000224 -0.000087 0.000076
15 45 0.000145 -0.000056 0.000050
16 45 0.000089 -0.000034 0.000031
17 45 0.000052 -0.000019 0.000018
18 45 0.000029 -0.000011 0.000010
19 45 0.000016 -0.000006 0.000005
20 45 0.000008 -0.000003 0.000003
21 45 0.000004 -0.000001 0.000001
22 45 0.000002 -0.000001 0.000001
23 45 0.000001 -0.000000 0.000000
24 45 0.000000 -0.000000 0.000000
25 45 0.000000 -0.000000 0.000000
26 45 0.000000 -0.000000 0.000000
27 45 0.000000 -0.000000 0.000000
28 45 0.000000 -0.000000 0.000000
29 45 0.000000 -0.000000 0.000000
30 45 0.000000 -0.000000 0.000000
31 45 0.000000 -0.000000 0.000000
32 45 0.000000 -0.000000 0.000000
33 45 0.000000 -0.000000 0.000000
34 45 0.000000 -0.000000 0.000000
35 45 0.000000 -0.000000 0.000000
36 45 0.000000 -0.000000 0.000000
37 45 0.000000 -0.000000 0.000000
38 45 0.000000 -0.000000 0.000000
39 45 0.000000 -0.000000 0.000000
40 45 0.000000 -0.000000 0.000000
41 45 0.000000 -0.000000 0.000000
42 45 0.000000 -0.000000 0.000000
43 45 0.000000 -0.000000 0.000000
44 45 0.000000 -0.000000 0.000000
45 45 0.000000 -0.000000 0.000000
46 45 0.000000 -0.000000 0.000000
47 45 0.000000 -0.000000 0.000000
48 45 0.000000 -0.000000 0.000000
49 45 0.000000 0.000000 0.000000

0 46 0.000000 0.000000 0.000000
1 46 0.000043 -0.000018 0.000003
2 46 0.000073 -0.000031 0.000008
3 46 0.000109 -0.000047 0.000016
4 46 0.000147 -0.000064 0.000027
5 46 0.000182 -0.000078 0.000039
6 46 0.000207 -0.000089 0.000050
7 46 0.000219 -0.000093 0.000057
8 46 0.000215 -0.000090 0.000060
9 46 0.000196 -0.000081 0.000058
10 46 0.000168 -0.000068 0.000052
11 46 0.000135 -0.000054 0.000043
12 46 0.000102 -0.000040 0.000033
13 46 0.000072 -0.000028 0.000024
14 46 0.000048 -0.000018 0.000016
15 46 0.000031 -0.000011 0.000010
16 46 0.000019 -0.000007 0.000006
17 46 0.000011 -0.000004 0.000004
18 46 0.000006 -0.000002 0.000002
19 46 0.000003 -0.000001 0.000001
20 46 0.000002 -0.000001 0.000001
21 46 0.000001 -0.000000 0.000000
22 46 0.000000 -0.000000 0.000000
23 46 0.000000 -0.000000 0.000000
24 46 0.000000 -0.000000 0.000000
25 46 0.000000 -0.000000 0.000000
26 46 0.000000 -0.000000 0.000000
27 46 0.000000 -0.000000 0.000000
28 46 0.000000 -0.000000 0.000000
29 46 0.000000 -0.000000 0.000000
30 46 0.000000 -0.000000 0.000000
31 46 0.000000 -0.000000 0.000000
32 46 0.000000 -0.000000 0.000000
33 46 0.000000 -0.000000 0.000000
34 46 0.000000 -0.000000 0.000000
35 46 0.000000 -0.000000 0.000000
36 46 0.000000 -0.000000 0.000000
37 46 0.000000 -0.000000 0.000000
38 46 0.000000 -0.000000 0.000000
39 46 0.000000 -0.000000 0.000000
40 46 0.000000 -0.000000 0.000000
41 46 0.000000 -0.000000 0.000000
42 46 0.000000 -0.000000 0.000000
43 46 0.000000 -0.000000 0.000000
44 46 0.000000 -0.000000 0.000000
45 46 0.000000 -0.000000 0.000000
46 46 0.000000 -0.000000 0.000000
47 46 0.000000 -0.000000 0.000000
48 46 0.000000 -0.000000 0.000000
49 46 0.000000 0.000000 0.000000

0 47 0.000000 0.000000 0.000000
1 47 0.000007 -0.000003 0.000000
2 47 0.000013 -0.000005 0.000001
3 47 0.000021 -0.000009 0.000003
4 47 0.000029 -0.000012 0.000005
5 47 0.000036 -0.000015 0.000008
6 47 0.000042 -0.000017 0.000010
7 47 0.000044 -0.000018 0.000012
8 47 0.000044 -0.000018 0.000012
9 47 0.000040 -0.000016 0.000012
10 47 0.000034 -0.000013 0.000010
11 47 0.000027 -0.000010 0.000008
12 47 0.000020 -0.000007 0.000006
13 47 0.000014 -0.000005 0.000004
14 47 0.000009 -0.000003 0.000003
15 47 0.000006 -0.000002 0.000002
16 47 0.000003 -0.000001 0.000001
17 47 0.000002 -0.000001 0.000001
18 47 0.000001 -0.000000 0.000000
19 47 0.000001 -0.000000 0.000000
20 47 0.000000 -0.000000 0.000000
21 47 0.000000 -0.000000 0.000000
22 47 0.000000 -0.000000 0.000000
23 47 0.000000 -0.000000 0.000000
24 47 0.000000 -0.000000 0.000000
25 47 0.000000 -0.000000 0.000000
26 47 0.000000 -0.000000 0.000000
27 47 0.000000 -0.000000 0.000000
28 47 0.000000 -0.000000 0.000000
29 47 0.000000 -0.000000 0.000000
30 47 0.000000 -0.000000 0.000000
31 47 0.000000 -0.000000 0.000000
32 47 0.000000 -0.000000 0.000000
33 47 0.000000 -0.000000 0.000000
34 47 0.000000 -0.000000 0.000000
35 47 0.000000 -0.000000 0.000000
36 47 0.000000 -0.000000 0.000000
37 47 0.000000 -0.000000 0.000000
38 47 0.000000 -0.000000 0.000000
39 47 0.000000 -0.000000 0.000000
40 47 0.000000 -0.000000 0.000000
41 47 0.000000 -0.000000 0.000000
42 47 0.000000 -0.000000 0.000000
43 47 0.000000 -0.000000 0.000000
44 47 0.000000 -0.000000 0.000000
45 47 0.000000 -0.000000 0.000000
46 47 0.000000 -0.000000 0.000000
47 47 0.000000 -0.000000 0.000000
48 47 0.000000 -0.000000 0.000000
49 47 0.000000 0.000000 0.000000

0 48 0.000000 0.000000 0.000000
1 48 0.000001 -0.000000 0.000000
2 48 0.000002 -0.000001 0.000000
3 48 0.000003 -0.000002 0.000001
4 48 0.000005 -0.000002 0.000001
5 48 0.000006 -0.000003 0.000001
6 48 0.000007 -0.000003 0.000002
7 48 0.000008 -0.000004 0.000002
8 48 0.000007 -0.000003 0.000002
9 48 0.000007 -0.000003 0.000002
10 48 0.000006 -0.000003 0.000002
11 48 0.000004 -0.000002 0.000001
12 48 0.000003 -0.000001 0.000001
13 48 0.000002 -0.000001 0.000001
14 48 0.000001 -0.000001 0.000000
15 48 0.000001 -0.000000 0.000000
16 48 0.000001 -0.000000 0.000000
17 48 0.000000 -0.000000 0.000000
18 48 0.000000 -0.000000 0.000000
19 48 0.000000 -0.000000 0.000000
20 48 0.000000 -0.000000 0.000000
21 48 0.000000 -0.000000 0.000000
22 48 0.000000 -0.000000 0.000000
23 48 0.000000 -0.000000 0.000000
24 48 0.000000 -0.000000 0.000000
25 48 0.000000 -0.000000 0.000000
26 48 0.000000 -0.000000 0.000000
27 48 0.000000 -0.000000 0.000000
28 48 0.000000 -0.000000 0.000000
29 48 0.000000 -0.000000 0.000000
30 48 0.000000 -0.000000 0.000000
31 48 0.000000 -0.000000 0.000000
32 48 0.000000 -0.000000 0.000000
33 48 0.000000 -0.000000 0.000000
34 48 0.000000 -0.000000 0.000000
35 48 0.000000 -0.000000 0.000000
36 48 0.000000 -0.000000 0.000000
37 48 0.000000 -0.000000 0.000000
38 48 0.000000 -0.000000 0.000000
39 48 0.000000 -0.000000 0.000000
40 48 0.000000 -0.000000 0.000000
41 48 0.000000 -0.000000 0.000000
42 48 0.000000 -0.000000 0.000000
43 48 0.000000 -0.000000 0.000000
44 48 0.000000 -0.000000 0.000000
45 48 0.000000 -0.000000 0.000000
46 48 0.000000 -0.000000 0.000000
47 48 0.000000 -0.000000 0.000000
48 48 0.000000 -0.000000 0.000000
49 48 0.000000 0.000000 0.000000

0 49 0.000000 0.000000 0.000000
1 49 0.000000 0.000000 0.000000
2 49 0.000000 0.000000 0.000000
3 49 0.000000 0.000000 0.000000
4 49 0.000000 0.000000 0.000000
5 49 0.000000 0.000000 0.000000
6 49 0.000000 0.000000 0.000000
7 49 0.000000 0.000000 0.000000
8 49 0.000000 0.000000 0.000000
9 49 0.000000 0.000000 0.000000
10 49 0.000000 0.000000 0.000000
11 49 0.000000 0.000000 0.000000
12 49 0.000000 0.000000 0.000000
13 49 0.000000 0.000000 0.000000
14 49 0.000000 0.000000 0.000000
15 49 0.000000 0.000000 0.000000
16 49 0.000000 0.000000 0.000000
17 49 0.000000 0.000000 0.000000
18 49 0.000000 0.000000 0.000000
19 49 0.000000 0.000000 0.000000
20 49 0.000000 0.000000 0.000000
21 49 0.000000 0.000000 0.000000
22 49 0.000000 0.000000 0.000000
23 49 0.000000 0.000000 0.000000
24 49 0.000000 0.000000 0.000000
25 49 0.000000 0.000000 0.000000
26 49 0.000000 0.000000 0.000000
27 49 0.000000 0.000000 0.000000
28 49 0.000000 0.000000 0.000000
29 49 0.000000 0.000000 0.000000
30 49 0.000000 0.000000 0.000000
31 49 0.000000 0.000000 0.000000
32 49 0.000000 0.000000 0.000000
33 49 0.000000 0.000000 0.000000
34 49 0.000000 0.000000 0.000000
35 49 0.000000 0.000000 0.000000
36 49 0.000000 0.000000 0.000000
37 49 0.000000 0.000000 0.000000
38 49 0.000000 0.000000 0.000000
39 49 0.000000 0.000000 0.000000
40 49 0.000000 0.000000 0.000000
41 49 0.000000 0.000000 0.000000
42 49 0.000000 0.000000 0.000000
43 49 0.000000 0.000000 0.000000
44 49 0.000000 0.000000 0.000000
45 49 0.000000 0.000000 0.000000
46 49 0.000000 0.000000 0.000000
47 49 0.000000 0.000000 0.000000
48 49 0.000000 0.000000 0.000000
49 49 0.000000 0.000000 0.000000

