#:x y Ey Bx Bz
0 0 0.000000 0.000000 0.000000
1 0 0.000000 0.000000 0.000000
2 0 0.000000 0.000000 0.000000
3 0 0.000000 0.000000 0.000000
4 0 0.000000 0.000000 0.000000
5 0 0.000000 0.000000 0.000000
6 0 0.000000 0.000000 0.000000
7 0 0.000000 0.000000 0.000000
8 0 0.000000 0.000000 0.000000
9 0 0.000000 0.000000 0.000000
10 0 0.000000 0.000000 0.000000
11 0 0.000000 0.000000 0.000000
12 0 0.000000 0.000000 0.000000
13 0 0.000000 0.000000 0.000000
14 0 0.000000 0.000000 0.000000
15 0 0.000000 0.000000 0.000000
16 0 0.000000 0.000000 0.000000
17 0 0.000000 0.000000 0.000000
18 0 0.000000 0.000000 0.000000
19 0 0.000000 0.000000 0.000000
20 0 0.000000 0.000000 0.000000
21 0 0.000000 0.000000 0.000000
22 0 0.000000 0.000000 0.000000
23 0 0.000000 0.000000 0.000000
24 0 0.000000 0.000000 0.000000
25 0 0.000000 0.000000 0.000000
26 0 0.000000 0.000000 0.000000
27 0 0.000000 0.000000 0.000000
28 0 0.000000 0.000000 0.000000
29 0 0.000000 0.000000 0.000000
30 0 0.000000 0.000000 0.000000
31 0 0.000000 0.000000 0.000000
32 0 0.000000 0.000000 0.000000
33 0 0.000000 0.000000 0.000000
34 0 0.000000 0.000000 0.000000
35 0 0.000000 0.000000 0.000000
36 0 0.000000 0.000000 0.000000
37 0 0.000000 0.000000 0.000000
38 0 0.000000 0.000000 0.000000
39 0 0.000000 0.000000 0.000000
40 0 0.000000 0.000000 0.000000
41 0 0.000000 0.000000 0.000000
42 0 0.000000 0.000000 0.000000
43 0 0.000000 0.000000 0.000000
44 0 0.000000 0.000000 0.000000
45 0 0.000000 0.000000 0.000000
46 0 0.000000 0.000000 0.000000
47 0 0.000000 0.000000 0.000000
48 0 0.000000 0.000000 0.000000
49 0 0.000000 0.000000 0.000000

0 1 0.000000 0.000000 0.000000
1 1 0.001591 -0.001195 0.001195
2 1 0.002959 -0.002490 0.001295
3 1 0.003850 -0.003954 0.001464
4 1 0.003968 -0.005591 0.001637
5 1 0.002991 -0.007302 0.001710
6 1 0.000649 -0.008848 0.001546
7 1 -0.003150 -0.009841 0.000993
8 1 -0.008121 -0.009788 -0.000053
9 1 -0.013453 -0.008215 -0.001573
10 1 -0.017768 -0.004887 -0.003327
11 1 -0.019425 -0.000075 -0.004812
12 1 -0.017201 0.005311 -0.005387
13 1 -0.011120 0.009861 -0.004549
14 1 -0.003039 0.012218 -0.002357
15 1 0.004008 0.011873 0.000345
16 1 0.007712 0.009486 0.002387
17 1 0.007872 0.006371 0.003116
18 1 0.005945 0.003648 0.002722
19 1 0.003616 0.001802 0.001846
20 1 0.001839 0.000775 0.001027
21 1 0.000800 0.000293 0.000482
22 1 0.000302 0.000098 0.000195
23 1 0.000100 0.000029 0.000069
24 1 0.000030 0.000008 0.000021
25 1 0.000008 0.000002 0.000006
26 1 0.000002 0.000000 0.000001
27 1 0.000000 0.000000 0.000000
28 1 0.000000 0.000000 0.000000
29 1 0.000000 0.000000 0.000000
30 1 0.000000 0.000000 0.000000
31 1 0.000000 0.000000 0.000000
32 1 0.000000 0.000000 0.000000
33 1 0.000000 0.000000 0.000000
34 1 0.000000 0.000000 0.000000
35 1 0.000000 0.000000 0.000000
36 1 0.000000 0.000000 0.000000
37 1 0.000000 0.000000 0.000000
38 1 0.000000 0.000000 0.000000
39 1 0.000000 0.000000 0.000000
40 1 0.000000 0.000000 0.000000
41 1 0.000000 0.000000 0.000000
42 1 0.000000 0.000000 0.000000
43 1 0.000000 0.000000 0.000000
44 1 0.000000 0.000000 0.000000
45 1 0.000000 0.000000 0.000000
46 1 0.000000 0.000000 0.000000
47 1 0.000000 0.000000 0.000000
48 1 0.000000 0.000000 0.000000
49 1 0.000000 0.000000 0.000000

0 2 0.000000 0.000000 0.000000
1 2 0.002225 0.000630 0.000246
2 2 0.004488 0.001236 0.000416
3 2 0.006763 0.001767 0.000755
4 2 0.008907 0.002129 0.001252
5 2 0.010579 0.002171 0.001864
6 2 0.011228 0.001703 0.002482
7 2 0.010089 0.000550 0.002906
8 2 0.006381 -0.001330 0.002821
9 2 -0.000345 -0.003713 0.001876
10 2 -0.009698 -0.005972 -0.000205
11 2 -0.019835 -0.007120 -0.003333
12 2 -0.027545 -0.006168 -0.006783
13 2 -0.029142 -0.002706 -0.009227
14 2 -0.022490 0.002419 -0.009099
15 2 -0.009630 0.007145 -0.005790
16 2 0.003537 0.009502 -0.000711
17 2 0.011520 0.009020 0.003565
18 2 0.012949 0.006752 0.005376
19 2 0.010153 0.004161 0.004904
20 2 0.006278 0.002164 0.003379
21 2 0.003215 0.000967 0.001887
22 2 0.001401 0.000376 0.000885
23 2 0.000529 0.000128 0.000357
24 2 0.000175 0.000039 0.000125
25 2 0.000051 0.000011 0.000039
26 2 0.000013 0.000003 0.000011
27 2 0.000003 0.000001 0.000003
28 2 0.000001 0.000000 0.000001
29 2 0.000000 0.000000 0.000000
30 2 0.000000 0.000000 0.000000
31 2 0.000000 0.000000 0.000000
32 2 0.000000 0.000000 0.000000
33 2 0.000000 0.000000 0.000000
34 2 0.000000 0.000000 0.000000
35 2 0.000000 0.000000 0.000000
36 2 0.000000 0.000000 0.000000
37 2 0.000000 0.000000 0.000000
38 2 0.000000 0.000000 0.000000
39 2 0.000000 0.000000 0.000000
40 2 0.000000 0.000000 0.000000
41 2 0.000000 0.000000 0.000000
42 2 0.000000 0.000000 0.000000
43 2 0.000000 0.000000 0.000000
44 2 0.000000 0.000000 0.000000
45 2 0.000000 0.000000 0.000000
46 2 0.000000 0.000000 0.000000
47 2 0.000000 0.000000 0.000000
48 2 0.000000 0.000000 0.000000
49 2 0.000000 0.000000 0.000000

0 3 0.000000 0.000000 0.000000
1 3 -0.001521 0.000374 -0.000573
2 3 -0.002810 0.001009 -0.000672
3 3 -0.003579 0.002140 -0.000832
4 3 -0.003467 0.003947 -0.000983
5 3 -0.002032 0.006465 -0.000988
6 3 0.001059 0.009500 -0.000682
7 3 0.005901 0.012503 0.000131
8 3 0.011796 0.014524 0.001542
9 3 0.017140 0.014377 0.003369
10 3 0.019198 0.010998 0.005044
11 3 0.014904 0.004288 0.005404
12 3 0.002981 -0.004237 0.003285
13 3 -0.014356 -0.011398 -0.001747
14 3 -0.029778 -0.013443 -0.008385
15 3 -0.033612 -0.008970 -0.012835
16 3 -0.022695 -0.000831 -0.011483
17 3 -0.004508 0.006088 -0.004951
18 3 0.009940 0.008865 0.002313
19 3 0.015289 0.007918 0.006410
20 3 0.013369 0.005359 0.006713
21 3 0.008728 0.002947 0.004912
22 3 0.004611 0.001364 0.002832
23 3 0.002048 0.000543 0.001352
24 3 0.000783 0.000188 0.000550
25 3 0.000261 0.000058 0.000194
26 3 0.000077 0.000016 0.000060
27 3 0.000020 0.000004 0.000017
28 3 0.000005 0.000001 0.000004
29 3 0.000001 0.000000 0.000001
30 3 0.000000 0.000000 0.000000
31 3 0.000000 0.000000 0.000000
32 3 0.000000 0.000000 0.000000
33 3 0.000000 0.000000 0.000000
34 3 0.000000 0.000000 0.000000
35 3 0.000000 0.000000 0.000000
36 3 0.000000 0.000000 0.000000
37 3 0.000000 0.000000 0.000000
38 3 0.000000 0.000000 0.000000
39 3 0.000000 0.000000 0.000000
40 3 0.000000 0.000000 0.000000
41 3 0.000000 0.000000 0.000000
42 3 0.000000 0.000000 0.000000
43 3 0.000000 0.000000 0.000000
44 3 0.000000 0.000000 0.000000
45 3 0.000000 0.000000 0.000000
46 3 0.000000 0.000000 0.000000
47 3 0.000000 0.000000 0.000000
48 3 0.000000 0.000000 0.000000
49 3 0.000000 0.000000 0.000000

0 4 0.000000 0.000000 0.000000
1 4 -0.002337 -0.001766 0.001498
2 4 -0.005088 -0.003472 0.001291
3 4 -0.008545 -0.004976 0.000827
4 4 -0.012862 -0.006028 0.000045
5 4 -0.017729 -0.006162 -0.001140
6 4 -0.022316 -0.004822 -0.002641
7 4 -0.025050 -0.001371 -0.004289
8 4 -0.023595 0.004419 -0.005428
9 4 -0.016015 0.012001 -0.005282
10 4 -0.001278 0.019524 -0.002891
11 4 0.017616 0.023654 0.002133
12 4 0.033299 0.021072 0.008251
13 4 0.036282 0.010335 0.012458
14 4 0.019012 -0.005377 0.010412
15 4 -0.012521 -0.017523 0.000077
16 4 -0.036750 -0.018671 -0.012518
17 4 -0.036831 -0.009858 -0.017401
18 4 -0.017381 0.001155 -0.011590
19 4 0.004022 0.007746 -0.001251
20 4 0.015161 0.008710 0.006133
21 4 0.015590 0.006492 0.008058
22 4 0.010912 0.003758 0.006389
23 4 0.005984 0.001793 0.003830
24 4 0.002718 0.000727 0.001869
25 4 0.001053 0.000256 0.000770
26 4 0.000355 0.000079 0.000274
27 4 0.000105 0.000022 0.000085
28 4 0.000028 0.000005 0.000024
29 4 0.000007 0.000001 0.000006
30 4 0.000001 0.000000 0.000001
31 4 0.000000 0.000000 0.000000
32 4 0.000000 0.000000 0.000000
33 4 0.000000 0.000000 0.000000
34 4 0.000000 0.000000 0.000000
35 4 0.000000 0.000000 0.000000
36 4 0.000000 0.000000 0.000000
37 4 0.000000 0.000000 0.000000
38 4 0.000000 0.000000 0.000000
39 4 0.000000 0.000000 0.000000
40 4 0.000000 0.000000 0.000000
41 4 0.000000 0.000000 0.000000
42 4 0.000000 0.000000 0.000000
43 4 0.000000 0.000000 0.000000
44 4 0.000000 0.000000 0.000000
45 4 0.000000 0.000000 0.000000
46 4 0.000000 0.000000 0.000000
47 4 0.000000 0.000000 0.000000
48 4 0.000000 0.000000 0.000000
49 4 0.000000 0.000000 0.000000

0 5 0.000000 0.000000 0.000000
1 5 0.003301 0.000921 0.001044
2 5 0.006406 0.001456 0.001307
3 5 0.008840 0.001209 0.001765
4 5 0.010104 -0.000230 0.002348
5 5 0.008908 -0.003175 0.002778
6 5 0.004365 -0.007579 0.002680
7 5 -0.004939 -0.012891 0.001570
8 5 -0.018523 -0.017366 -0.001244
9 5 -0.033843 -0.018685 -0.005479
10 5 -0.045516 -0.013885 -0.010638
11 5 -0.043956 -0.001775 -0.013755
12 5 -0.024050 0.014653 -0.011314
13 5 0.012040 0.028362 -0.001848
14 5 0.048586 0.029093 0.013134
15 5 0.055094 0.012436 0.023041
16 5 0.020040 -0.010527 0.015290
17 5 -0.026222 -0.022394 -0.005518
18 5 -0.044994 -0.017532 -0.020341
19 5 -0.030223 -0.004635 -0.018428
20 5 -0.004006 0.005418 -0.006149
21 5 0.013099 0.008663 0.004728
22 5 0.016662 0.007193 0.008794
23 5 0.012557 0.004386 0.007623
24 5 0.007144 0.002155 0.004753
25 5 0.003313 0.000890 0.002368
26 5 0.001301 0.000317 0.000987
27 5 0.000442 0.000099 0.000353
28 5 0.000132 0.000027 0.000111
29 5 0.000035 0.000007 0.000031
30 5 0.000008 0.000002 0.000008
31 5 0.000002 0.000000 0.000002
32 5 0.000000 0.000000 0.000000
33 5 0.000000 0.000000 0.000000
34 5 0.000000 0.000000 0.000000
35 5 0.000000 0.000000 0.000000
36 5 0.000000 0.000000 0.000000
37 5 0.000000 0.000000 0.000000
38 5 0.000000 0.000000 0.000000
39 5 0.000000 0.000000 0.000000
40 5 0.000000 0.000000 0.000000
41 5 0.000000 0.000000 0.000000
42 5 0.000000 0.000000 0.000000
43 5 0.000000 0.000000 0.000000
44 5 0.000000 0.000000 0.000000
45 5 0.000000 0.000000 0.000000
46 5 0.000000 0.000000 0.000000
47 5 0.000000 0.000000 0.000000
48 5 0.000000 0.000000 0.000000
49 5 0.000000 0.000000 0.000000

0 6 0.000000 0.000000 0.000000
1 6 -0.000556 0.002991 -0.002607
2 6 -0.000265 0.006276 -0.002599
3 6 0.001693 0.009911 -0.002357
4 6 0.006048 0.013892 -0.001885
5 6 0.013437 0.017433 -0.000525
6 6 0.022845 0.019518 0.001504
7 6 0.033267 0.018236 0.004713
8 6 0.038836 0.011714 0.007996
9 6 0.035459 -0.000454 0.009752
10 6 0.016374 -0.016897 0.008140
11 6 -0.018175 -0.030543 -0.000421
12 6 -0.053125 -0.032916 -0.012922
13 6 -0.070452 -0.018163 -0.023820
14 6 -0.045520 0.011523 -0.023861
15 6 0.021077 0.035655 -0.002392
16 6 0.071123 0.031469 0.026487
17 6 0.053614 0.004140 0.031064
18 6 -0.005708 -0.019072 0.006625
19 6 -0.044514 -0.021565 -0.018889
20 6 -0.039015 -0.009607 -0.023351
21 6 -0.011430 0.002599 -0.010899
22 6 0.010195 0.007884 0.002797
23 6 0.016726 0.007353 0.008974
24 6 0.013497 0.004714 0.008475
25 6 0.007923 0.002380 0.005468
26 6 0.003738 0.001000 0.002770
27 6 0.001483 0.000360 0.001165
28 6 0.000507 0.000113 0.000419
29 6 0.000152 0.000031 0.000132
30 6 0.000041 0.000008 0.000037
31 6 0.000010 0.000002 0.000009
32 6 0.000002 0.000000 0.000002
33 6 0.000000 0.000000 0.000000
34 6 0.000000 0.000000 0.000000
35 6 0.000000 0.000000 0.000000
36 6 0.000000 0.000000 0.000000
37 6 0.000000 0.000000 0.000000
38 6 0.000000 0.000000 0.000000
39 6 0.000000 0.000000 0.000000
40 6 0.000000 0.000000 0.000000
41 6 0.000000 0.000000 0.000000
42 6 0.000000 0.000000 0.000000
43 6 0.000000 0.000000 0.000000
44 6 0.000000 0.000000 0.000000
45 6 0.000000 0.000000 0.000000
46 6 0.000000 0.000000 0.000000
47 6 0.000000 0.000000 0.000000
48 6 0.000000 0.000000 0.000000
49 6 0.000000 0.000000 0.000000

0 7 0.000000 0.000000 0.000000
1 7 -0.005492 -0.002889 0.000393
2 7 -0.011672 -0.005443 -0.000103
3 7 -0.018003 -0.007020 -0.001172
4 7 -0.025164 -0.007081 -0.002694
5 7 -0.030338 -0.004180 -0.004904
6 7 -0.032103 0.001965 -0.006522
7 7 -0.026160 0.012477 -0.007884
8 7 -0.008092 0.024750 -0.005392
9 7 0.018575 0.035177 0.000001
10 7 0.052441 0.037052 0.010081
11 7 0.070157 0.022587 0.020954
12 7 0.054594 -0.004897 0.021553
13 7 0.005075 -0.035366 0.010115
14 7 -0.067579 -0.047737 -0.016477
15 7 -0.096526 -0.021518 -0.041930
16 7 -0.030371 0.023211 -0.028251
17 7 0.060385 0.040266 0.017510
18 7 0.073692 0.018193 0.040563
19 7 0.014490 -0.011704 0.018769
20 7 -0.038402 -0.021533 -0.014621
21 7 -0.042438 -0.012403 -0.025547
22 7 -0.016163 0.000266 -0.014196
23 7 0.007710 0.006783 0.001150
24 7 0.016199 0.007054 0.008850
25 7 0.013745 0.004715 0.008921
26 7 0.008239 0.002433 0.005889
27 7 0.003929 0.001035 0.003014
28 7 0.001568 0.000376 0.001274
29 7 0.000538 0.000119 0.000460
30 7 0.000162 0.000033 0.000144
31 7 0.000043 0.000008 0.000040
32 7 0.000010 0.000002 0.000010
33 7 0.000002 0.000000 0.000002
34 7 0.000000 0.000000 0.000000
35 7 0.000000 0.000000 0.000000
36 7 0.000000 0.000000 0.000000
37 7 0.000000 0.000000 0.000000
38 7 0.000000 0.000000 0.000000
39 7 0.000000 0.000000 0.000000
40 7 0.000000 0.000000 0.000000
41 7 0.000000 0.000000 0.000000
42 7 0.000000 0.000000 0.000000
43 7 0.000000 0.000000 0.000000
44 7 0.000000 0.000000 0.000000
45 7 0.000000 0.000000 0.000000
46 7 0.000000 0.000000 0.000000
47 7 0.000000 0.000000 0.000000
48 7 0.000000 0.000000 0.000000
49 7 0.000000 0.000000 0.000000

0 8 0.000000 0.000000 0.000000
1 8 0.005107 -0.000404 0.001895
2 8 0.009817 -0.001718 0.002447
3 8 0.011817 -0.004471 0.002847
4 8 0.011852 -0.009505 0.003772
5 8 0.004133 -0.016631 0.003257
6 8 -0.007605 -0.024439 0.001640
7 8 -0.029819 -0.031090 -0.002421
8 8 -0.051350 -0.029928 -0.010168
9 8 -0.065263 -0.019449 -0.015811
10 8 -0.059977 0.004838 -0.020979
11 8 -0.013693 0.034003 -0.011754
12 8 0.043992 0.049370 0.009298
13 8 0.088769 0.040652 0.028736
14 8 0.082920 -0.000814 0.039520
15 8 -0.014722 -0.048430 0.011476
16 8 -0.108339 -0.046857 -0.043055
17 8 -0.071805 0.002270 -0.049769
18 8 0.037694 0.036948 0.003224
19 8 0.077224 0.025281 0.042277
20 8 0.025862 -0.004929 0.026167
21 8 -0.032018 -0.018984 -0.010685
22 8 -0.041667 -0.012796 -0.025639
23 8 -0.017476 -0.000972 -0.015448
24 8 0.006486 0.005770 0.000410
25 8 0.015516 0.006468 0.008714
26 8 0.013431 0.004437 0.009021
27 8 0.008104 0.002318 0.005994
28 8 0.003873 0.000993 0.003071
29 8 0.001546 0.000362 0.001297
30 8 0.000531 0.000115 0.000467
31 8 0.000160 0.000032 0.000147
32 8 0.000043 0.000008 0.000041
33 8 0.000010 0.000002 0.000010
34 8 0.000002 0.000000 0.000002
35 8 0.000000 0.000000 0.000000
36 8 0.000000 0.000000 0.000000
37 8 0.000000 0.000000 0.000000
38 8 0.000000 0.000000 0.000000
39 8 0.000000 0.000000 0.000000
40 8 0.000000 0.000000 0.000000
41 8 0.000000 0.000000 0.000000
42 8 0.000000 0.000000 0.000000
43 8 0.000000 0.000000 0.000000
44 8 0.000000 0.000000 0.000000
45 8 0.000000 0.000000 0.000000
46 8 0.000000 0.000000 0.000000
47 8 0.000000 0.000000 0.000000
48 8 0.000000 0.000000 0.000000
49 8 0.000000 0.000000 0.000000

0 9 0.000000 0.000000 0.000000
1 9 0.001285 0.004968 -0.004094
2 9 0.004433 0.010508 -0.004036
3 9 0.009836 0.015566 -0.002611
4 9 0.019217 0.021080 -0.001749
5 9 0.032718 0.023131 0.002749
6 9 0.043910 0.021648 0.005471
7 9 0.055193 0.011659 0.012010
8 9 0.042487 -0.007151 0.012948
9 9 0.017996 -0.028535 0.008356
10 9 -0.033462 -0.047953 -0.002619
11 9 -0.082694 -0.042314 -0.026649
12 9 -0.076470 -0.012244 -0.032309
13 9 -0.032723 0.027300 -0.019764
14 9 0.054994 0.058008 0.009982
15 9 0.118141 0.036262 0.052750
16 9 0.036970 -0.027422 0.039352
17 9 -0.092313 -0.051601 -0.032896
18 9 -0.085327 -0.011887 -0.058390
19 9 0.022378 0.028512 -0.006029
20 9 0.071227 0.024924 0.040028
21 9 0.026552 -0.001581 0.027397
22 9 -0.028868 -0.015911 -0.009380
23 9 -0.038619 -0.011464 -0.024734
24 9 -0.015805 -0.001083 -0.014764
25 9 0.006685 0.005050 0.000776
26 9 0.014908 0.005756 0.008732
27 9 0.012705 0.003966 0.008850
28 9 0.007591 0.002074 0.005809
29 9 0.003600 0.000888 0.002948
30 9 0.001428 0.000323 0.001235
31 9 0.000487 0.000102 0.000442
32 9 0.000146 0.000029 0.000138
33 9 0.000039 0.000007 0.000038
34 9 0.000009 0.000002 0.000009
35 9 0.000002 0.000000 0.000002
36 9 0.000000 0.000000 0.000000
37 9 0.000000 0.000000 0.000000
38 9 0.000000 0.000000 0.000000
39 9 0.000000 0.000000 0.000000
40 9 0.000000 0.000000 0.000000
41 9 0.000000 0.000000 0.000000
42 9 0.000000 0.000000 0.000000
43 9 0.000000 0.000000 0.000000
44 9 0.000000 0.000000 0.000000
45 9 0.000000 0.000000 0.000000
46 9 0.000000 0.000000 0.000000
47 9 0.000000 0.000000 0.000000
48 9 0.000000 0.000000 0.000000
49 9 0.000000 0.000000 0.000000

0 10 0.000000 0.000000 0.000000
1 10 -0.007466 -0.003627 -0.000724
2 10 -0.017131 -0.006622 -0.001671
3 10 -0.023232 -0.007051 -0.003263
4 10 -0.033161 -0.005232 -0.005444
5 10 -0.032038 0.003366 -0.008548
6 10 -0.026915 0.014141 -0.007543
7 10 -0.004817 0.031635 -0.007741
8 10 0.033936 0.041457 0.005668
9 10 0.060427 0.040361 0.014350
10 10 0.082946 0.020214 0.027820
11 10 0.036865 -0.021028 0.024440
12 10 -0.038217 -0.044686 -0.009896
13 10 -0.076450 -0.041951 -0.031248
14 10 -0.078196 -0.009135 -0.040377
15 10 0.013694 0.043947 -0.012961
16 10 0.114166 0.047597 0.051936
17 10 0.051991 -0.010137 0.050694
18 10 -0.078366 -0.043233 -0.026690
19 10 -0.077200 -0.014005 -0.056798
20 10 0.021458 0.021911 -0.005659
21 10 0.062878 0.020427 0.037815
22 10 0.019487 -0.001576 0.023708
23 10 -0.029106 -0.013369 -0.010991
24 10 -0.034437 -0.009269 -0.023426
25 10 -0.012055 -0.000424 -0.012568
26 10 0.007935 0.004601 0.002062
27 10 0.014361 0.005012 0.008880
28 10 0.011677 0.003390 0.008454
29 10 0.006801 0.001752 0.005384
30 10 0.003169 0.000744 0.002677
31 10 0.001240 0.000269 0.001105
32 10 0.000419 0.000085 0.000390
33 10 0.000124 0.000024 0.000121
34 10 0.000033 0.000006 0.000033
35 10 0.000008 0.000001 0.000008
36 10 0.000002 0.000000 0.000002
37 10 0.000000 0.000000 0.000000
38 10 0.000000 0.000000 0.000000
39 10 0.000000 0.000000 0.000000
40 10 0.000000 0.000000 0.000000
41 10 0.000000 0.000000 0.000000
42 10 0.000000 0.000000 0.000000
43 10 0.000000 0.000000 0.000000
44 10 0.000000 0.000000 0.000000
45 10 0.000000 0.000000 0.000000
46 10 0.000000 0.000000 0.000000
47 10 0.000000 0.000000 0.000000
48 10 0.000000 0.000000 0.000000
49 10 0.000000 0.000000 0.000000

0 11 0.000000 0.000000 0.000000
1 11 0.004743 -0.001968 0.002737
2 11 0.009251 -0.005611 0.003905
3 11 0.006779 -0.010536 0.002883
4 11 0.004030 -0.018595 0.004601
5 11 -0.016520 -0.027272 -0.000095
6 11 -0.031206 -0.032043 -0.003796
7 11 -0.062332 -0.031303 -0.012901
8 11 -0.062734 -0.010631 -0.022756
9 11 -0.037904 0.014110 -0.015689
10 11 0.013969 0.043658 -0.006232
11 11 0.089637 0.047032 0.030282
12 11 0.072390 0.009808 0.042344
13 11 -0.000171 -0.024267 0.010474
14 11 -0.066228 -0.040899 -0.023396
15 11 -0.089145 -0.020990 -0.051248
16 11 0.010059 0.030831 -0.019979
17 11 0.107623 0.040030 0.053930
18 11 0.037295 -0.007394 0.046804
19 11 -0.077111 -0.033646 -0.030778
20 11 -0.059314 -0.008712 -0.050325
21 11 0.029926 0.018606 0.002214
22 11 0.053869 0.014791 0.036201
23 11 0.008336 -0.003296 0.016815
24 11 -0.030807 -0.011341 -0.014314
25 11 -0.029287 -0.006802 -0.021584
26 11 -0.007112 0.000562 -0.009300
27 11 0.009635 0.004285 0.003872
28 11 0.013719 0.004267 0.009008
29 11 0.010416 0.002777 0.007849
30 11 0.005836 0.001402 0.004779
31 11 0.002648 0.000585 0.002307
32 11 0.001016 0.000209 0.000931
33 11 0.000338 0.000065 0.000323
34 11 0.000099 0.000018 0.000099
35 11 0.000026 0.000004 0.000027
36 11 0.000006 0.000001 0.000006
37 11 0.000001 0.000000 0.000001
38 11 0.000000 0.000000 0.000000
39 11 0.000000 0.000000 0.000000
40 11 0.000000 0.000000 0.000000
41 11 0.000000 0.000000 0.000000
42 11 0.000000 0.000000 0.000000
43 11 0.000000 0.000000 0.000000
44 11 0.000000 0.000000 0.000000
45 11 0.000000 0.000000 0.000000
46 11 0.000000 0.000000 0.000000
47 11 0.000000 0.000000 0.000000
48 11 0.000000 0.000000 0.000000
49 11 0.000000 0.000000 0.000000

0 12 0.000000 0.000000 0.000000
1 12 0.004632 0.006148 -0.004359
2 12 0.012667 0.013118 -0.003967
3 12 0.021532 0.017078 -0.000582
4 12 0.035482 0.021037 0.001191
5 12 0.047944 0.015202 0.009850
6 12 0.046383 0.003844 0.010499
7 12 0.033366 -0.018484 0.015653
8 12 -0.024252 -0.041192 0.000032
9 12 -0.067120 -0.042103 -0.019744
10 12 -0.092524 -0.022948 -0.035761
11 12 -0.037569 0.025476 -0.033276
12 12 0.074539 0.051178 0.020091
13 12 0.098369 0.024095 0.052070
14 12 0.027640 -0.017303 0.031213
15 12 -0.079247 -0.040411 -0.023557
16 12 -0.096932 -0.016344 -0.063887
17 12 0.030690 0.030557 -0.012484
18 12 0.104923 0.029608 0.061819
19 12 0.010448 -0.012099 0.033810
20 12 -0.078871 -0.026032 -0.039952
21 12 -0.036428 -0.001722 -0.039944
22 12 0.039873 0.016513 0.013178
23 12 0.042483 0.009228 0.033206
24 12 -0.004147 -0.005212 0.007954
25 12 -0.031737 -0.009404 -0.017696
26 12 -0.023003 -0.004369 -0.018770
27 12 -0.001744 0.001521 -0.005367
28 12 0.011196 0.003956 0.005756
29 12 0.012815 0.003529 0.008937
30 12 0.008980 0.002179 0.007045
31 12 0.004795 0.001063 0.004061
32 12 0.002103 0.000433 0.001888
33 12 0.000786 0.000152 0.000740
34 12 0.000256 0.000047 0.000251
35 12 0.000074 0.000013 0.000075
36 12 0.000019 0.000003 0.000020
37 12 0.000004 0.000001 0.000005
38 12 0.000001 0.000000 0.000001
39 12 0.000000 0.000000 0.000000
40 12 0.000000 0.000000 0.000000
41 12 0.000000 0.000000 0.000000
42 12 0.000000 0.000000 0.000000
43 12 0.000000 0.000000 0.000000
44 12 0.000000 0.000000 0.000000
45 12 0.000000 0.000000 0.000000
46 12 0.000000 0.000000 0.000000
47 12 0.000000 0.000000 0.000000
48 12 0.000000 0.000000 0.000000
49 12 0.000000 0.000000 0.000000

0 13 0.000000 0.000000 0.000000
1 13 -0.009750 -0.001732 -0.003554
2 13 -0.020691 -0.002086 -0.005220
3 13 -0.024728 0.002374 -0.006815
4 13 -0.027155 0.010398 -0.009622
5 13 -0.008131 0.026567 -0.008812
6 13 0.021464 0.038889 -0.001512
7 13 0.067510 0.045309 0.011837
8 13 0.092096 0.024415 0.032449
9 13 0.055223 -0.015697 0.028942
10 13 -0.029510 -0.049591 0.003213
11 13 -0.114298 -0.049398 -0.044459
12 13 -0.082817 0.002489 -0.054217
13 13 0.038439 0.049231 0.000562
14 13 0.115634 0.038532 0.056057
15 13 0.049977 -0.013623 0.049976
16 13 -0.094050 -0.043394 -0.030578
17 13 -0.089848 -0.010271 -0.071132
18 13 0.056488 0.031682 0.005020
19 13 0.089778 0.019191 0.065196
20 13 -0.020609 -0.016195 0.013298
21 13 -0.072622 -0.018263 -0.046365
22 13 -0.010083 0.004246 -0.024591
23 13 0.045430 0.013746 0.023184
24 13 0.027602 0.004101 0.026925
25 13 -0.015657 -0.006436 -0.001641
26 13 -0.030304 -0.007281 -0.019671
27 13 -0.015689 -0.002163 -0.014737
28 13 0.003342 0.002231 -0.001226
29 13 0.012170 0.003533 0.007311
30 13 0.011561 0.002811 0.008534
31 13 0.007443 0.001632 0.006076
32 13 0.003765 0.000764 0.003294
33 13 0.001586 0.000302 0.001466
34 13 0.000574 0.000103 0.000556
35 13 0.000182 0.000031 0.000184
36 13 0.000052 0.000008 0.000054
37 13 0.000013 0.000002 0.000014
38 13 0.000003 0.000000 0.000003
39 13 0.000001 0.000000 0.000001
40 13 0.000000 0.000000 0.000000
41 13 0.000000 0.000000 0.000000
42 13 0.000000 0.000000 0.000000
43 13 0.000000 0.000000 0.000000
44 13 0.000000 0.000000 0.000000
45 13 0.000000 0.000000 0.000000
46 13 0.000000 0.000000 0.000000
47 13 0.000000 0.000000 0.000000
48 13 0.000000 0.000000 0.000000
49 13 0.000000 0.000000 0.000000

0 14 0.000000 0.000000 0.000000
1 14 0.001650 -0.006297 0.004694
2 14 -0.001132 -0.014045 0.004716
3 14 -0.010736 -0.023331 0.003279
4 14 -0.032581 -0.031936 -0.000533
5 14 -0.060421 -0.034057 -0.010495
6 14 -0.081969 -0.019826 -0.021662
7 14 -0.065674 0.011958 -0.029156
8 14 0.005078 0.049709 -0.010220
9 14 0.090235 0.059893 0.026133
10 14 0.115358 0.023857 0.056196
11 14 0.015342 -0.032179 0.028534
12 14 -0.093672 -0.052836 -0.039857
13 14 -0.088909 -0.017498 -0.059027
14 14 0.018263 0.034383 -0.011263
15 14 0.110853 0.038877 0.058614
16 14 0.030598 -0.011160 0.048264
17 14 -0.104639 -0.036341 -0.046792
18 14 -0.051159 -0.000566 -0.060022
19 14 0.079907 0.027709 0.030263
20 14 0.055993 0.007186 0.055899
21 14 -0.048390 -0.017129 -0.011648
22 14 -0.054272 -0.009678 -0.044549
23 14 0.015362 0.008075 -0.005672
24 14 0.043075 0.009859 0.028707
25 14 0.010338 -0.000160 0.017030
26 14 -0.023949 -0.006602 -0.010300
27 14 -0.025854 -0.004995 -0.019267
28 14 -0.007922 -0.000354 -0.009673
29 14 0.007505 0.002587 0.002605
30 14 0.012305 0.003000 0.008243
31 14 0.009979 0.002137 0.007763
32 14 0.005902 0.001161 0.005005
33 14 0.002816 0.000519 0.002544
34 14 0.001135 0.000198 0.001079
35 14 0.000397 0.000066 0.000394
36 14 0.000122 0.000019 0.000126
37 14 0.000034 0.000005 0.000036
38 14 0.000008 0.000001 0.000009
39 14 0.000002 0.000000 0.000002
40 14 0.000000 0.000000 0.000000
41 14 0.000000 0.000000 0.000000
42 14 0.000000 0.000000 0.000000
43 14 0.000000 0.000000 0.000000
44 14 0.000000 0.000000 0.000000
45 14 0.000000 0.000000 0.000000
46 14 0.000000 0.000000 0.000000
47 14 0.000000 0.000000 0.000000
48 14 0.000000 0.000000 0.000000
49 14 0.000000 0.000000 0.000000

0 15 0.000000 0.000000 0.000000
1 15 0.013283 0.008965 -0.004601
2 15 0.028740 0.015659 -0.001423
3 15 0.046667 0.017875 0.002984
4 15 0.060752 0.008820 0.012891
5 15 0.051386 -0.012538 0.016431
6 15 0.009303 -0.043427 0.013537
7 15 -0.074061 -0.059644 -0.016198
8 15 -0.111474 -0.037856 -0.046158
9 15 -0.067595 0.014176 -0.042930
10 15 0.060666 0.056872 0.008475
11 15 0.121478 0.036310 0.069099
12 15 0.014480 -0.017251 0.035508
13 15 -0.091346 -0.036284 -0.040947
14 15 -0.072042 -0.009907 -0.059074
15 15 0.052112 0.027615 0.002573
16 15 0.103477 0.022107 0.069823
17 15 -0.025591 -0.018584 0.020946
18 15 -0.105040 -0.022869 -0.066432
19 15 0.005411 0.011183 -0.030003
20 15 0.086209 0.019885 0.051980
21 15 0.011116 -0.003569 0.032683
22 15 -0.061550 -0.014453 -0.032490
23 15 -0.025898 -0.001772 -0.032280
24 15 0.033289 0.009099 0.012293
25 15 0.031946 0.005377 0.027299
26 15 -0.006378 -0.003048 0.004983
27 15 -0.027294 -0.005725 -0.016210
28 15 -0.018735 -0.002771 -0.016214
29 15 -0.000603 0.000927 -0.004179
30 15 0.010273 0.002584 0.005627
31 15 0.011568 0.002396 0.008415
32 15 0.008185 0.001538 0.006679
33 15 0.004455 0.000781 0.003918
34 15 0.002002 0.000332 0.001865
35 15 0.000770 0.000121 0.000752
36 15 0.000259 0.000039 0.000264
37 15 0.000077 0.000011 0.000082
38 15 0.000021 0.000003 0.000023
39 15 0.000005 0.000001 0.000006
40 15 0.000001 0.000000 0.000001
41 15 0.000000 0.000000 0.000000
42 15 0.000000 0.000000 0.000000
43 15 0.000000 0.000000 0.000000
44 15 0.000000 0.000000 0.000000
45 15 0.000000 0.000000 0.000000
46 15 0.000000 0.000000 0.000000
47 15 0.000000 0.000000 0.000000
48 15 0.000000 0.000000 0.000000
49 15 0.000000 0.000000 0.000000

0 16 0.000000 0.000000 0.000000
1 16 -0.015046 0.002045 -0.009303
2 16 -0.023673 0.008616 -0.011085
3 16 -0.024080 0.021537 -0.013522
4 16 0.004987 0.042318 -0.010706
5 16 0.054770 0.055496 0.005126
6 16 0.108109 0.046355 0.031094
7 16 0.089954 -0.000512 0.047342
8 16 -0.019995 -0.048484 0.009297
9 16 -0.117567 -0.051675 -0.048515
10 16 -0.089718 -0.002726 -0.066126
11 16 0.064823 0.047318 0.006892
12 16 0.121997 0.028796 0.075430
13 16 0.004111 -0.023597 0.032612
14 16 -0.112465 -0.033495 -0.053037
15 16 -0.056413 0.004979 -0.060732
16 16 0.095560 0.031877 0.032652
17 16 0.074824 0.006286 0.072352
18 16 -0.078016 -0.024261 -0.019997
19 16 -0.072506 -0.008928 -0.067426
20 16 0.055264 0.016877 0.010016
21 16 0.062805 0.009624 0.054954
22 16 -0.030626 -0.009483 0.001151
23 16 -0.053088 -0.008767 -0.040125
24 16 0.004981 0.003722 -0.012034
25 16 0.038488 0.007453 0.023837
26 16 0.014518 0.001237 0.018863
27 16 -0.019014 -0.004302 -0.006488
28 16 -0.025162 -0.004124 -0.018104
29 16 -0.010148 -0.000894 -0.011036
30 16 0.005332 0.001634 0.000924
31 16 0.011449 0.002292 0.007498
32 16 0.010114 0.001787 0.007861
33 16 0.006348 0.001040 0.005411
34 16 0.003188 0.000493 0.002902
35 16 0.001348 0.000199 0.001293
36 16 0.000493 0.000070 0.000495
37 16 0.000159 0.000022 0.000166
38 16 0.000046 0.000006 0.000050
39 16 0.000012 0.000002 0.000013
40 16 0.000003 0.000000 0.000003
41 16 0.000001 0.000000 0.000001
42 16 0.000000 0.000000 0.000000
43 16 0.000000 0.000000 0.000000
44 16 0.000000 0.000000 0.000000
45 16 0.000000 0.000000 0.000000
46 16 0.000000 0.000000 0.000000
47 16 0.000000 0.000000 0.000000
48 16 0.000000 0.000000 0.000000
49 16 0.000000 0.000000 0.000000

0 17 0.000000 0.000000 0.000000
1 17 -0.005639 -0.012836 0.006542
2 17 -0.019984 -0.026560 0.004365
3 17 -0.051143 -0.037232 -0.002769
4 17 -0.088576 -0.033452 -0.020301
5 17 -0.094579 -0.001349 -0.036933
6 17 -0.018969 0.046032 -0.026955
7 17 0.101525 0.067604 0.029401
8 17 0.131435 0.028294 0.070597
9 17 0.010878 -0.035410 0.034703
10 17 -0.129504 -0.050284 -0.056822
11 17 -0.078410 -0.002961 -0.071339
12 17 0.071857 0.040332 0.020702
13 17 0.097524 0.024751 0.071770
14 17 -0.021695 -0.020896 0.015925
15 17 -0.107260 -0.027072 -0.065766
16 17 0.000547 0.011434 -0.036248
17 17 0.108849 0.024139 0.063794
18 17 0.004293 -0.006439 0.041149
19 17 -0.097221 -0.018581 -0.056385
20 17 -0.009315 0.003765 -0.037884
21 17 0.075729 0.014208 0.043003
22 17 0.016752 -0.000279 0.034323
23 17 -0.052939 -0.009699 -0.026213
24 17 -0.026406 -0.002294 -0.031053
25 17 0.027887 0.005883 0.008959
26 17 0.030077 0.004224 0.025316
27 17 -0.004047 -0.001673 0.006116
28 17 -0.024911 -0.004081 -0.014465
29 17 -0.018512 -0.002292 -0.015828
30 17 -0.001728 0.000422 -0.004886
31 17 0.009226 0.001824 0.004873
32 17 0.011152 0.001829 0.008123
33 17 0.008226 0.001236 0.006757
34 17 0.004638 0.000656 0.004114
35 17 0.002155 0.000291 0.002027
36 17 0.000857 0.000111 0.000846
37 17 0.000298 0.000037 0.000307
38 17 0.000092 0.000011 0.000098
39 17 0.000026 0.000003 0.000028
40 17 0.000006 0.000001 0.000007
41 17 0.000001 0.000000 0.000002
42 17 0.000000 0.000000 0.000000
43 17 0.000000 0.000000 0.000000
44 17 0.000000 0.000000 0.000000
45 17 0.000000 0.000000 0.000000
46 17 0.000000 0.000000 0.000000
47 17 0.000000 0.000000 0.000000
48 17 0.000000 0.000000 0.000000
49 17 0.000000 0.000000 0.000000

0 18 0.000000 0.000000 0.000000
1 18 0.027050 0.010510 -0.002840
2 18 0.054788 0.013246 0.004498
3 18 0.069979 -0.003222 0.019931
4 18 0.031900 -0.038980 0.022944
5 18 -0.067840 -0.069130 -0.005583
6 18 -0.152317 -0.048769 -0.062438
7 18 -0.078231 0.017346 -0.060812
8 18 0.080124 0.061914 0.020047
9 18 0.136880 0.036210 0.084518
10 18 -0.007697 -0.025929 0.033393
11 18 -0.126353 -0.034822 -0.072665
12 18 -0.022212 0.006324 -0.050497
13 18 0.100601 0.024593 0.048368
14 18 0.052255 0.003033 0.061329
15 18 -0.086305 -0.019415 -0.026205
16 18 -0.074732 -0.005934 -0.071291
17 18 0.078706 0.018461 0.017738
18 18 0.075739 0.007811 0.072710
19 18 -0.067927 -0.014507 -0.013765
20 18 -0.066112 -0.007022 -0.062950
21 18 0.049591 0.010451 0.008522
22 18 0.055043 0.006662 0.049908
23 18 -0.028667 -0.005957 0.000344
24 18 -0.046827 -0.005854 -0.036462
25 18 0.005846 0.002376 -0.010130
26 18 0.034904 0.005022 0.022232
27 18 0.012408 0.000912 0.017051
28 18 -0.018069 -0.002927 -0.006453
29 18 -0.023458 -0.002912 -0.017123
30 18 -0.009481 -0.000704 -0.010451
31 18 0.005016 0.001111 0.000867
32 18 0.010893 0.001640 0.007209
33 18 0.009756 0.001317 0.007665
34 18 0.006222 0.000788 0.005361
35 18 0.003182 0.000384 0.002927
36 18 0.001372 0.000159 0.001330
37 18 0.000513 0.000057 0.000520
38 18 0.000170 0.000018 0.000179
39 18 0.000050 0.000005 0.000055
40 18 0.000013 0.000001 0.000015
41 18 0.000003 0.000000 0.000004
42 18 0.000001 0.000000 0.000001
43 18 0.000000 0.000000 0.000000
44 18 0.000000 0.000000 0.000000
45 18 0.000000 0.000000 0.000000
46 18 0.000000 0.000000 0.000000
47 18 0.000000 0.000000 0.000000
48 18 0.000000 0.000000 0.000000
49 18 0.000000 0.000000 0.000000

0 19 0.000000 0.000000 0.000000
1 19 -0.016194 0.015560 -0.023810
2 19 -0.011329 0.039776 -0.025265
3 19 0.049073 0.068308 -0.011640
4 19 0.135899 0.065127 0.033742
5 19 0.135722 0.010497 0.068995
6 19 -0.018453 -0.056046 0.021001
7 19 -0.150734 -0.057128 -0.074547
8 19 -0.073111 0.003955 -0.072706
9 19 0.103434 0.042999 0.034123
10 19 0.104477 0.016056 0.089252
11 19 -0.068695 -0.028086 -0.004793
12 19 -0.111190 -0.017925 -0.081487
13 19 0.028315 0.021476 -0.015595
14 19 0.111253 0.021628 0.070845
15 19 -0.003173 -0.011838 0.034973
16 19 -0.112026 -0.019482 -0.065961
17 19 0.000436 0.007323 -0.039754
18 19 0.104851 0.016092 0.064534
19 19 -0.004295 -0.004535 0.035595
20 19 -0.088989 -0.011717 -0.056131
21 19 0.001412 0.003029 -0.029365
22 19 0.068583 0.008846 0.043001
23 19 0.006796 -0.000767 0.026699
24 19 -0.049523 -0.006156 -0.027442
25 19 -0.018546 -0.001024 -0.025796
26 19 0.028317 0.003955 0.011441
27 19 0.025352 0.002550 0.022956
28 19 -0.006709 -0.001299 0.003491
29 19 -0.023832 -0.002733 -0.014611
30 19 -0.016343 -0.001465 -0.014514
31 19 -0.000597 0.000344 -0.003842
32 19 0.009174 0.001264 0.005114
33 19 0.010630 0.001258 0.007899
34 19 0.007762 0.000854 0.006471
35 19 0.004375 0.000458 0.003931
36 19 0.002044 0.000206 0.001944
37 19 0.000820 0.000080 0.000818
38 19 0.000289 0.000027 0.000300
39 19 0.000090 0.000008 0.000097
40 19 0.000026 0.000002 0.000028
41 19 0.000007 0.000001 0.000008
42 19 0.000002 0.000000 0.000002
43 19 0.000000 0.000000 0.000000
44 19 0.000000 0.000000 0.000000
45 19 0.000000 0.000000 0.000000
46 19 0.000000 0.000000 0.000000
47 19 0.000000 0.000000 0.000000
48 19 0.000000 0.000000 0.000000
49 19 0.000000 0.000000 0.000000

0 20 0.000000 0.000000 0.000000
1 20 -0.034122 -0.027022 0.006451
2 20 -0.101002 -0.041491 -0.011770
3 20 -0.144302 -0.011768 -0.053443
4 20 -0.052674 0.054389 -0.049781
5 20 0.131723 0.082568 0.040851
6 20 0.150282 0.030886 0.103518
7 20 -0.036523 -0.036357 0.019152
8 20 -0.149956 -0.036418 -0.088170
9 20 -0.019263 0.016602 -0.054207
10 20 0.134199 0.033515 0.072131
11 20 0.033621 -0.000394 0.063751
12 20 -0.102925 -0.021126 -0.052256
13 20 -0.040901 -0.005655 -0.058967
14 20 0.084965 0.013948 0.034655
15 20 0.056148 0.006519 0.065287
16 20 -0.085934 -0.011487 -0.026185
17 20 -0.062128 -0.004297 -0.069436
18 20 0.085527 0.011473 0.027881
19 20 0.054282 0.003642 0.065256
20 20 -0.075161 -0.009206 -0.026344
21 20 -0.044987 -0.002840 -0.053811
22 20 0.056315 0.006853 0.019874
23 20 0.038994 0.002988 0.042921
24 20 -0.035891 -0.004189 -0.009001
25 20 -0.037245 -0.002990 -0.033191
26 20 0.013455 0.002019 -0.002941
27 20 0.031658 0.002965 0.022603
28 20 0.006151 0.000159 0.012709
29 20 -0.019741 -0.002004 -0.009024
30 20 -0.021039 -0.001740 -0.016275
31 20 -0.006745 -0.000291 -0.008440
32 20 0.006113 0.000796 0.002072
33 20 0.010635 0.001069 0.007335
34 20 0.009062 0.000836 0.007278
35 20 0.005651 0.000495 0.004950
36 20 0.002857 0.000241 0.002665
37 20 0.001226 0.000100 0.001203
38 20 0.000458 0.000036 0.000470
39 20 0.000152 0.000012 0.000162
40 20 0.000045 0.000003 0.000050
41 20 0.000012 0.000001 0.000014
42 20 0.000003 0.000000 0.000003
43 20 0.000001 0.000000 0.000001
44 20 0.000000 0.000000 0.000000
45 20 0.000000 0.000000 0.000000
46 20 0.000000 0.000000 0.000000
47 20 0.000000 0.000000 0.000000
48 20 0.000000 0.000000 0.000000
49 20 0.000000 0.000000 0.000000

0 21 0.000000 0.000000 0.000000
1 21 0.077359 0.005060 0.008215
2 21 0.077756 -0.039208 0.045875
3 21 -0.081283 -0.086365 0.002374
4 21 -0.203942 -0.058139 -0.096332
5 21 -0.069843 0.024809 -0.078977
6 21 0.147810 0.059248 0.065367
7 21 0.104952 0.013390 0.102371
8 21 -0.093604 -0.029514 -0.022578
9 21 -0.107822 -0.016078 -0.093782
10 21 0.074479 0.018061 0.007299
11 21 0.103881 0.012101 0.089826
12 21 -0.060157 -0.014386 0.001541
13 21 -0.103780 -0.008137 -0.077622
14 21 0.036944 0.013697 -0.012352
15 21 0.107240 0.010362 0.074385
16 21 -0.029358 -0.009231 0.021825
17 21 -0.104936 -0.009576 -0.073853
18 21 0.033976 0.006687 -0.017914
19 21 0.091681 0.007816 0.070376
20 21 -0.035161 -0.004610 0.011970
21 21 -0.074629 -0.005549 -0.058907
22 21 0.026170 0.003268 -0.009204
23 21 0.058380 0.004344 0.045309
24 21 -0.012239 -0.001588 0.011908
25 21 -0.045784 -0.003284 -0.031224
26 21 -0.004831 0.000223 -0.016588
27 21 0.030576 0.002422 0.016764
28 21 0.017642 0.001041 0.019192
29 21 -0.012281 -0.001087 -0.001718
30 21 -0.022882 -0.001573 -0.015530
31 21 -0.012526 -0.000668 -0.012204
32 21 0.002055 0.000349 -0.001517
33 21 0.009697 0.000793 0.005987
34 21 0.009957 0.000731 0.007654
35 21 0.006905 0.000479 0.005883
36 21 0.003777 0.000252 0.003451
37 21 0.001730 0.000112 0.001669
38 21 0.000685 0.000043 0.000692
39 21 0.000239 0.000015 0.000251
40 21 0.000075 0.000004 0.000081
41 21 0.000021 0.000001 0.000024
42 21 0.000005 0.000000 0.000006
43 21 0.000001 0.000000 0.000002
44 21 0.000000 0.000000 0.000000
45 21 0.000000 0.000000 0.000000
46 21 0.000000 0.000000 0.000000
47 21 0.000000 0.000000 0.000000
48 21 0.000000 0.000000 0.000000
49 21 0.000000 0.000000 0.000000

0 22 0.000000 0.000000 0.000000
1 22 0.040312 0.093191 -0.100449
2 22 0.215880 0.102823 0.036164
3 22 0.190295 0.014913 0.122092
4 22 -0.079946 -0.059493 0.002606
5 22 -0.185300 -0.038552 -0.126738
6 22 0.022493 0.020208 -0.036923
7 22 0.149534 0.029061 0.102090
8 22 -0.001139 -0.006730 0.052924
9 22 -0.141818 -0.016713 -0.080956
10 22 -0.008034 0.006917 -0.052791
11 22 0.122134 0.016019 0.074844
12 22 0.009944 0.001457 0.048910
13 22 -0.097115 -0.010564 -0.056875
14 22 -0.018650 -0.003968 -0.047093
15 22 0.095207 0.007286 0.049072
16 22 0.024339 0.002417 0.054013
17 22 -0.102201 -0.006095 -0.050224
18 22 -0.019395 -0.000066 -0.051725
19 22 0.097219 0.005935 0.052834
20 22 0.011126 -0.000339 0.043612
21 22 -0.081742 -0.004695 -0.046656
22 22 -0.009618 0.000292 -0.034350
23 22 0.061952 0.003591 0.035568
24 22 0.013730 0.000320 0.029303
25 22 -0.043630 -0.002414 -0.021780
26 22 -0.021934 -0.000813 -0.026379
27 22 0.023302 0.001443 0.007426
28 22 0.025771 0.001245 0.021977
29 22 -0.003040 -0.000315 0.005827
30 22 -0.021820 -0.001123 -0.012601
31 22 -0.017206 -0.000745 -0.014653
32 22 -0.002526 0.000020 -0.005199
33 22 0.007882 0.000490 0.003989
34 22 0.010334 0.000553 0.007539
35 22 0.008033 0.000404 0.006643
36 22 0.004754 0.000230 0.004251
37 22 0.002320 0.000109 0.002200
38 22 0.000970 0.000044 0.000965
39 22 0.000356 0.000016 0.000369
40 22 0.000116 0.000005 0.000125
41 22 0.000034 0.000001 0.000038
42 22 0.000009 0.000000 0.000010
43 22 0.000002 0.000000 0.000003
44 22 0.000001 0.000000 0.000001
45 22 0.000000 0.000000 0.000000
46 22 0.000000 0.000000 0.000000
47 22 0.000000 0.000000 0.000000
48 22 0.000000 0.000000 0.000000
49 22 0.000000 0.000000 0.000000

0 23 0.000000 0.000000 0.000000
1 23 -0.282662 0.039292 -0.147803
2 23 -0.043169 0.109561 -0.069219
3 23 0.232005 0.091868 0.144902
4 23 0.095903 0.013875 0.134647
5 23 -0.161056 -0.025476 -0.066317
6 23 -0.082355 -0.002200 -0.101757
7 23 0.129216 0.018419 0.056062
8 23 0.079641 0.006679 0.094798
9 23 -0.106816 -0.010025 -0.036116
10 23 -0.071914 -0.005329 -0.084243
11 23 0.102112 0.006901 0.036580
12 23 0.066821 0.000086 0.078162
13 23 -0.088571 -0.007715 -0.027662
14 23 -0.074648 0.001052 -0.071553
15 23 0.076573 0.008252 0.019101
16 23 0.078215 0.001580 0.074859
17 23 -0.078052 -0.005862 -0.017474
18 23 -0.068733 -0.002041 -0.072107
19 23 0.078254 0.004061 0.023410
20 23 0.052974 0.001645 0.063246
21 23 -0.069009 -0.002739 -0.023699
22 23 -0.041781 -0.001096 -0.050418
23 23 0.051712 0.001954 0.018204
24 23 0.035957 0.001009 0.039892
25 23 -0.032986 -0.001174 -0.008126
26 23 -0.034707 -0.000955 -0.030937
27 23 0.012081 0.000539 -0.003115
28 23 0.029680 0.000916 0.021106
29 23 0.006395 0.000110 0.012395
30 23 -0.018306 -0.000589 -0.008147
31 23 -0.020338 -0.000563 -0.015602
32 23 -0.007139 -0.000131 -0.008566
33 23 0.005367 0.000224 0.001551
34 23 0.010155 0.000333 0.006939
35 23 0.008947 0.000274 0.007163
36 23 0.005732 0.000168 0.005012
37 23 0.002973 0.000085 0.002770
38 23 0.001309 0.000036 0.001284
39 23 0.000503 0.000014 0.000515
40 23 0.000171 0.000005 0.000182
41 23 0.000052 0.000001 0.000058
42 23 0.000015 0.000000 0.000016
43 23 0.000004 0.000000 0.000004
44 23 0.000001 0.000000 0.000001
45 23 0.000000 0.000000 0.000000
46 23 0.000000 0.000000 0.000000
47 23 0.000000 0.000000 0.000000
48 23 0.000000 0.000000 0.000000
49 23 0.000000 0.000000 0.000000

0 24 0.000000 0.000000 0.000000
1 24 -0.369257 -0.085687 -0.014538
2 24 -0.279527 -0.016966 -0.185839
3 24 0.120319 0.023511 0.049391
4 24 0.172201 0.013342 0.172036
5 24 -0.096744 -0.005377 0.003794
6 24 -0.136683 -0.006267 -0.116608
7 24 0.076304 0.002688 0.004793
8 24 0.122251 0.002565 0.104836
9 24 -0.066745 -0.003855 0.007596
10 24 -0.118058 -0.001321 -0.093757
11 24 0.060023 0.002849 -0.002395
12 24 0.094482 0.004226 0.083843
13 24 -0.048083 0.002777 0.004866
14 24 -0.084966 -0.002419 -0.069142
15 24 0.039825 -0.003224 -0.010338
16 24 0.092849 0.000530 0.070776
17 24 -0.042839 0.000957 0.013352
18 24 -0.093297 -0.000315 -0.072699
19 24 0.047291 0.000449 -0.006751
20 24 0.080050 0.000613 0.068138
21 24 -0.044584 -0.000610 0.001921
22 24 -0.064321 -0.000594 -0.055880
23 24 0.032711 0.000466 -0.001555
24 24 0.051039 0.000521 0.042989
25 24 -0.017346 -0.000235 0.006418
26 24 -0.041794 -0.000413 -0.030415
27 24 -0.000662 0.000047 -0.012933
28 24 0.029501 0.000316 0.017317
29 24 0.014776 0.000128 0.017240
30 24 -0.013081 -0.000147 -0.002931
31 24 -0.021787 -0.000208 -0.015134
32 24 -0.011369 -0.000089 -0.011325
33 24 0.002395 0.000046 -0.001085
34 24 0.009449 0.000106 0.005922
35 24 0.009591 0.000099 0.007411
36 24 0.006658 0.000066 0.005688
37 24 0.003664 0.000035 0.003353
38 24 0.001694 0.000016 0.001636
39 24 0.000679 0.000006 0.000686
40 24 0.000240 0.000002 0.000252
41 24 0.000076 0.000001 0.000083
42 24 0.000022 0.000000 0.000025
43 24 0.000006 0.000000 0.000007
44 24 0.000001 0.000000 0.000002
45 24 0.000000 0.000000 0.000000
46 24 0.000000 0.000000 0.000000
47 24 0.000000 0.000000 0.000000
48 24 0.000000 0.000000 0.000000
49 24 0.000000 0.000000 0.000000

0 25 0.000000 0.000000 0.000000
1 25 -0.272507 0.099252 -0.030985
2 25 -0.251986 0.040823 -0.145355
3 25 0.092442 -0.012375 0.022619
4 25 0.197571 -0.015939 0.165224
5 25 -0.048924 0.001915 0.039730
6 25 -0.162732 0.006946 -0.113651
7 25 0.031799 -0.000434 -0.030424
8 25 0.137095 -0.003526 0.098739
9 25 -0.021024 0.003395 0.038473
10 25 -0.125182 0.003598 -0.083698
11 25 0.022217 -0.001312 -0.033101
12 25 0.116423 -0.003149 0.078789
13 25 -0.009525 -0.003780 0.034009
14 25 -0.106718 -0.000480 -0.065065
15 25 -0.005224 0.002855 -0.038631
16 25 0.105175 0.001038 0.061989
17 25 0.002239 -0.000549 0.042076
18 25 -0.103877 0.000091 -0.063247
19 25 0.008722 -0.000395 -0.034382
20 25 0.092480 -0.000804 0.061995
21 25 -0.014412 0.000361 0.025683
22 25 -0.075663 0.000781 -0.052352
23 25 0.009856 -0.000227 -0.019954
24 25 0.058121 -0.000629 0.039726
25 25 -0.000083 0.000048 0.019417
26 25 -0.043323 0.000445 -0.025922
27 25 -0.012927 0.000086 -0.020799
28 25 0.026026 -0.000289 0.011659
29 25 0.021350 -0.000202 0.020099
30 25 -0.006960 0.000086 0.002351
31 25 -0.021676 0.000212 -0.013519
32 25 -0.014929 0.000127 -0.013324
33 25 -0.000777 -0.000014 -0.003696
34 25 0.008303 -0.000096 0.004592
35 25 0.009944 -0.000104 0.007391
36 25 0.007486 -0.000075 0.006246
37 25 0.004360 -0.000042 0.003919
38 25 0.002110 -0.000020 0.002008
39 25 0.000880 -0.000008 0.000877
40 25 0.000323 -0.000003 0.000335
41 25 0.000106 -0.000001 0.000114
42 25 0.000031 -0.000000 0.000035
43 25 0.000008 -0.000000 0.000010
44 25 0.000002 -0.000000 0.000002
45 25 0.000000 -0.000000 0.000001
46 25 0.000000 -0.000000 0.000000
47 25 0.000000 -0.000000 0.000000
48 25 0.000000 -0.000000 0.000000
49 25 0.000000 0.000000 0.000000

0 26 0.000000 0.000000 0.000000
1 26 -0.151910 0.086488 -0.062971
2 26 -0.104508 0.027264 -0.090235
3 26 0.144773 -0.055377 0.036375
4 26 0.204282 -0.052966 0.141787
5 26 -0.034938 0.000100 0.035963
6 26 -0.166663 0.020085 -0.110875
7 26 0.009697 -0.003699 -0.045546
8 26 0.142422 -0.015556 0.089537
9 26 0.013527 -0.002946 0.057488
10 26 -0.131840 0.007149 -0.072962
11 26 -0.014611 -0.000553 -0.054879
12 26 0.113039 -0.008497 0.067892
13 26 0.009331 0.001904 0.048798
14 26 -0.099668 0.010040 -0.053763
15 26 -0.020989 0.000133 -0.049023
16 26 0.100294 -0.008284 0.048326
17 26 0.028469 -0.001609 0.055987
18 26 -0.102287 0.005276 -0.048909
19 26 -0.022817 0.000903 -0.052528
20 26 0.093774 -0.003721 0.049867
21 26 0.014184 -0.000412 0.043753
22 26 -0.077659 0.002629 -0.043143
23 26 -0.012578 0.000205 -0.034634
24 26 0.058332 -0.001946 0.032224
25 26 0.016228 -0.000417 0.029529
26 26 -0.040392 0.001270 -0.018961
27 26 -0.023420 0.000608 -0.026217
28 26 0.020338 -0.000701 0.005178
29 26 0.025850 -0.000763 0.021096
30 26 -0.000667 0.000065 0.007185
31 26 -0.020304 0.000604 -0.011114
32 26 -0.017680 0.000474 -0.014544
33 26 -0.003918 0.000054 -0.006107
34 26 0.006836 -0.000245 0.003076
35 26 0.010017 -0.000315 0.007133
36 26 0.008188 -0.000246 0.006668
37 26 0.005035 -0.000147 0.004446
38 26 0.002543 -0.000073 0.002383
39 26 0.001099 -0.000031 0.001081
40 26 0.000416 -0.000012 0.000427
41 26 0.000140 -0.000004 0.000149
42 26 0.000043 -0.000001 0.000047
43 26 0.000012 -0.000000 0.000013
44 26 0.000003 -0.000000 0.000003
45 26 0.000001 -0.000000 0.000001
46 26 0.000000 -0.000000 0.000000
47 26 0.000000 -0.000000 0.000000
48 26 0.000000 -0.000000 0.000000
49 26 0.000000 0.000000 0.000000

0 27 0.000000 0.000000 0.000000
1 27 -0.034312 0.024436 -0.057026
2 27 0.038612 -0.035114 -0.040165
3 27 0.184700 -0.099064 0.050468
4 27 0.158322 -0.071222 0.102043
5 27 -0.068770 0.009265 0.003320
6 27 -0.172784 0.035083 -0.110348
7 27 0.001530 -0.000979 -0.044756
8 27 0.141666 -0.024515 0.086527
9 27 0.022206 -0.003296 0.062047
10 27 -0.130259 0.018505 -0.065689
11 27 -0.033406 0.004187 -0.064006
12 27 0.112343 -0.010575 0.057124
13 27 0.041974 -0.002998 0.061962
14 27 -0.086938 0.004314 -0.039275
15 27 -0.052345 0.000244 -0.060689
16 27 0.080617 -0.005385 0.029699
17 27 0.056190 -0.001178 0.066145
18 27 -0.086640 0.006050 -0.029986
19 27 -0.049546 0.001669 -0.064041
20 27 0.084702 -0.005666 0.033883
21 27 0.038431 -0.001800 0.055806
22 27 -0.072261 0.004224 -0.030799
23 27 -0.031998 0.001439 -0.044865
24 27 0.053487 -0.003044 0.022525
25 27 0.030042 -0.001480 0.036385
26 27 -0.034466 0.001827 -0.010944
27 27 -0.031549 0.001472 -0.029256
28 27 0.013518 -0.000820 -0.001282
29 27 0.028386 -0.001425 0.020599
30 27 0.005258 -0.000201 0.011265
31 27 -0.018052 0.000900 -0.008288
32 27 -0.019611 0.000897 -0.015066
33 27 -0.006849 0.000241 -0.008203
34 27 0.005183 -0.000327 0.001493
35 27 0.009851 -0.000520 0.006689
36 27 0.008750 -0.000440 0.006955
37 27 0.005664 -0.000277 0.004914
38 27 0.002974 -0.000143 0.002747
39 27 0.001328 -0.000063 0.001290
40 27 0.000517 -0.000024 0.000525
41 27 0.000179 -0.000008 0.000189
42 27 0.000056 -0.000003 0.000061
43 27 0.000016 -0.000001 0.000018
44 27 0.000004 -0.000000 0.000005
45 27 0.000001 -0.000000 0.000001
46 27 0.000000 -0.000000 0.000000
47 27 0.000000 -0.000000 0.000000
48 27 0.000000 -0.000000 0.000000
49 27 0.000000 0.000000 0.000000

0 28 0.000000 0.000000 0.000000
1 28 0.031947 -0.023874 -0.026289
2 28 0.096365 -0.075415 -0.003209
3 28 0.147778 -0.101405 0.047241
4 28 0.057847 -0.044447 0.050361
5 28 -0.122704 0.038961 -0.034669
6 28 -0.161092 0.051967 -0.102551
7 28 0.028982 -0.003519 -0.024134
8 28 0.147446 -0.035146 0.090127
9 28 0.026262 -0.006120 0.056914
10 28 -0.122556 0.020186 -0.061503
11 28 -0.044035 0.004569 -0.067760
12 28 0.112096 -0.018587 0.051131
13 28 0.049169 -0.010337 0.067785
14 28 -0.095251 0.012598 -0.036427
15 28 -0.064724 0.011163 -0.066173
16 28 0.080246 -0.008494 0.022764
17 28 0.075198 -0.009182 0.071718
18 28 -0.077003 0.006631 -0.017233
19 28 -0.070802 0.006075 -0.070904
20 28 0.073693 -0.006377 0.019486
21 28 0.058030 -0.004539 0.063222
22 28 -0.063200 0.005025 -0.018225
23 28 -0.047649 0.003344 -0.051237
24 28 0.045754 -0.003643 0.012416
25 28 0.040855 -0.002936 0.040367
26 28 -0.027000 0.001999 -0.002978
27 28 -0.037300 0.002515 -0.030354
28 28 0.006464 -0.000626 -0.007155
29 28 0.029313 -0.002078 0.019077
30 28 0.010478 -0.000668 0.014480
31 28 -0.015307 0.001069 -0.005363
32 28 -0.020809 0.001351 -0.015036
33 28 -0.009453 0.000527 -0.009932
34 28 0.003473 -0.000337 -0.000049
35 28 0.009504 -0.000704 0.006123
36 28 0.009174 -0.000646 0.007117
37 28 0.006230 -0.000428 0.005312
38 28 0.003388 -0.000229 0.003086
39 28 0.001557 -0.000104 0.001494
40 28 0.000622 -0.000041 0.000624
41 28 0.000220 -0.000014 0.000230
42 28 0.000070 -0.000005 0.000076
43 28 0.000020 -0.000001 0.000022
44 28 0.000005 -0.000000 0.000006
45 28 0.000001 -0.000000 0.000002
46 28 0.000000 -0.000000 0.000000
47 28 0.000000 -0.000000 0.000000
48 28 0.000000 -0.000000 0.000000
49 28 0.000000 0.000000 0.000000

0 29 0.000000 0.000000 0.000000
1 29 0.035714 -0.034309 0.001630
2 29 0.064277 -0.063900 0.013498
3 29 0.049217 -0.054388 0.027446
4 29 -0.049689 0.010154 0.003805
5 29 -0.152792 0.068150 -0.056555
6 29 -0.110380 0.049401 -0.076125
7 29 0.074915 -0.022339 0.009592
8 29 0.144259 -0.047410 0.091506
9 29 0.005892 -0.007558 0.041298
10 29 -0.133600 0.028354 -0.067650
11 29 -0.046740 0.010528 -0.065639
12 29 0.109855 -0.020607 0.051040
13 29 0.050706 -0.007433 0.067196
14 29 -0.082086 0.016695 -0.031672
15 29 -0.059951 0.006991 -0.062573
16 29 0.066622 -0.014184 0.014944
17 29 0.076187 -0.009843 0.068387
18 29 -0.064383 0.010057 -0.006692
19 29 -0.080424 0.009118 -0.071206
20 29 0.062083 -0.007825 0.007529
21 29 0.070978 -0.007584 0.066114
22 29 -0.053160 0.005547 -0.007110
23 29 -0.059128 0.005633 -0.054434
24 29 0.037094 -0.003799 0.003168
25 29 0.048756 -0.004602 0.042150
26 29 -0.019229 0.001798 0.004193
27 29 -0.041019 0.003609 -0.030105
28 29 -0.000170 -0.000162 -0.012137
29 29 0.029098 -0.002656 0.017002
30 29 0.014842 -0.001274 0.016865
31 29 -0.012416 0.001105 -0.002585
32 29 -0.021424 0.001798 -0.014628
33 29 -0.011669 0.000886 -0.011291
34 29 0.001820 -0.000280 -0.001468
35 29 0.009045 -0.000863 0.005500
36 29 0.009476 -0.000858 0.007178
37 29 0.006721 -0.000594 0.005637
38 29 0.003771 -0.000328 0.003389
39 29 0.001777 -0.000153 0.001685
40 29 0.000726 -0.000062 0.000720
41 29 0.000262 -0.000022 0.000270
42 29 0.000085 -0.000007 0.000091
43 29 0.000025 -0.000002 0.000027
44 29 0.000007 -0.000001 0.000008
45 29 0.000002 -0.000000 0.000002
46 29 0.000000 -0.000000 0.000000
47 29 0.000000 -0.000000 0.000000
48 29 0.000000 -0.000000 0.000000
49 29 0.000000 0.000000 0.000000

0 30 0.000000 0.000000 0.000000
1 30 0.005342 -0.015154 0.009641
2 30 -0.004795 -0.017067 0.009699
3 30 -0.043448 0.010501 0.002890
4 30 -0.108139 0.057471 -0.023384
5 30 -0.124064 0.073905 -0.052368
6 30 -0.027770 0.023383 -0.034086
7 30 0.117953 -0.044780 0.040695
8 30 0.123521 -0.050464 0.083321
9 30 -0.033941 0.004930 0.013578
10 30 -0.133224 0.040214 -0.075036
11 30 -0.025768 0.009278 -0.052075
12 30 0.118274 -0.027036 0.056035
13 30 0.056882 -0.014450 0.066440
14 30 -0.083859 0.012331 -0.031894
15 30 -0.074467 0.011574 -0.066244
16 30 0.057025 -0.008427 0.009631
17 30 0.086774 -0.011730 0.069777
18 30 -0.050924 0.007542 0.002150
19 30 -0.089294 0.011133 -0.071589
20 30 0.049993 -0.007356 -0.002483
21 30 0.080116 -0.010115 0.067094
22 30 -0.043249 0.005429 0.002174
23 30 -0.067227 0.007877 -0.055688
24 30 0.028764 -0.003566 -0.004633
25 30 0.054262 -0.006295 0.042547
26 30 -0.012022 0.001304 0.010190
27 30 -0.043234 0.004670 -0.029113
28 30 -0.005979 0.000501 -0.016138
29 30 0.028224 -0.003136 0.014784
30 30 0.018340 -0.001964 0.018545
31 30 -0.009658 0.001030 -0.000127
32 30 -0.021631 0.002220 -0.014017
33 30 -0.013484 0.001291 -0.012313
34 30 0.000314 -0.000169 -0.002707
35 30 0.008541 -0.000995 0.004882
36 30 0.009677 -0.001069 0.007166
37 30 0.007133 -0.000771 0.005890
38 30 0.004111 -0.000438 0.003646
39 30 0.001979 -0.000209 0.001854
40 30 0.000823 -0.000086 0.000807
41 30 0.000302 -0.000031 0.000308
42 30 0.000099 -0.000010 0.000105
43 30 0.000029 -0.000003 0.000032
44 30 0.000008 -0.000001 0.000009
45 30 0.000002 -0.000000 0.000002
46 30 0.000000 -0.000000 0.000001
47 30 0.000000 -0.000000 0.000000
48 30 0.000000 -0.000000 0.000000
49 30 0.000000 0.000000 0.000000

0 31 0.000000 0.000000 0.000000
1 31 -0.017510 0.007395 0.001178
2 31 -0.041864 0.022510 -0.003389
3 31 -0.066643 0.045633 -0.012502
4 31 -0.080849 0.061742 -0.026554
5 31 -0.034554 0.038929 -0.026370
6 31 0.062332 -0.021615 0.007200
7 31 0.140281 -0.066645 0.056581
8 31 0.075822 -0.043362 0.058924
9 31 -0.077328 0.021660 -0.019952
10 31 -0.121111 0.041809 -0.075329
11 31 -0.000575 0.000915 -0.032672
12 31 0.122738 -0.035235 0.063377
13 31 0.038866 -0.015351 0.058834
14 31 -0.102666 0.023736 -0.042833
15 31 -0.066577 0.020040 -0.064425
16 31 0.071586 -0.014127 0.017500
17 31 0.088421 -0.020009 0.069709
18 31 -0.052811 0.008262 0.001419
19 31 -0.095173 0.016375 -0.072029
20 31 0.044528 -0.006869 -0.007096
21 31 0.086878 -0.013499 0.067700
22 31 -0.036068 0.004913 0.008435
23 31 -0.073103 0.010253 -0.056232
24 31 0.021938 -0.003046 -0.010533
25 31 0.058128 -0.007976 0.042377
26 31 -0.005989 0.000618 0.014854
27 31 -0.044531 0.005673 -0.027926
28 31 -0.010747 0.001281 -0.019197
29 31 0.027132 -0.003527 0.012752
30 31 0.021047 -0.002690 0.019685
31 31 -0.007243 0.000875 0.001907
32 31 -0.021607 0.002611 -0.013359
33 31 -0.014916 0.001719 -0.013050
34 31 -0.000975 -0.000020 -0.003727
35 31 0.008058 -0.001105 0.004321
36 31 0.009805 -0.001276 0.007110
37 31 0.007465 -0.000952 0.006075
38 31 0.004397 -0.000555 0.003853
39 31 0.002153 -0.000269 0.001996
40 31 0.000909 -0.000113 0.000882
41 31 0.000338 -0.000042 0.000341
42 31 0.000112 -0.000014 0.000117
43 31 0.000034 -0.000004 0.000036
44 31 0.000009 -0.000001 0.000010
45 31 0.000002 -0.000000 0.000003
46 31 0.000001 -0.000000 0.000001
47 31 0.000000 -0.000000 0.000000
48 31 0.000000 -0.000000 0.000000
49 31 0.000000 0.000000 0.000000

0 32 0.000000 0.000000 0.000000
1 32 -0.014770 0.013051 -0.008371
2 32 -0.026628 0.025438 -0.010905
3 32 -0.025468 0.031099 -0.013207
4 32 -0.003801 0.019902 -0.012516
5 32 0.052217 -0.018113 0.002386
6 32 0.105214 -0.060193 0.029903
7 32 0.102633 -0.066797 0.047595
8 32 -0.005300 -0.014419 0.019437
9 32 -0.117855 0.044018 -0.047759
10 32 -0.100585 0.043435 -0.065988
11 32 0.035801 -0.007046 -0.006299
12 32 0.124564 -0.039690 0.071358
13 32 0.014910 -0.007449 0.043368
14 32 -0.101994 0.029707 -0.051683
15 32 -0.044696 0.012268 -0.054204
16 32 0.072291 -0.021603 0.023739
17 32 0.074515 -0.018112 0.062850
18 32 -0.053745 0.013023 -0.001469
19 32 -0.091686 0.018481 -0.069014
20 32 0.042887 -0.008534 -0.008021
21 32 0.089314 -0.016414 0.067110
22 32 -0.032302 0.005007 0.011603
23 32 -0.076897 0.012627 -0.056445
24 32 0.017403 -0.002592 -0.014322
25 32 0.060917 -0.009651 0.042198
26 32 -0.001546 -0.000110 0.018135
27 32 -0.045429 0.006645 -0.026973
28 32 -0.014375 0.002101 -0.021409
29 32 0.026188 -0.003870 0.011147
30 32 0.023078 -0.003420 0.020451
31 32 -0.005323 0.000685 0.003461
32 32 -0.021510 0.002980 -0.012781
33 32 -0.016000 0.002152 -0.013561
34 32 -0.001997 0.000145 -0.004509
35 32 0.007651 -0.001201 0.003860
36 32 0.009886 -0.001477 0.007036
37 32 0.007719 -0.001134 0.006201
38 32 0.004623 -0.000673 0.004005
39 32 0.002293 -0.000332 0.002103
40 32 0.000978 -0.000141 0.000940
41 32 0.000367 -0.000053 0.000367
42 32 0.000123 -0.000018 0.000127
43 32 0.000037 -0.000005 0.000040
44 32 0.000010 -0.000001 0.000011
45 32 0.000003 -0.000000 0.000003
46 32 0.000001 -0.000000 0.000001
47 32 0.000000 -0.000000 0.000000
48 32 0.000000 -0.000000 0.000000
49 32 0.000000 0.000000 0.000000

0 33 0.000000 0.000000 0.000000
1 33 0.001740 0.003661 -0.009078
2 33 0.007785 0.003215 -0.008087
3 33 0.024614 -0.005504 -0.004720
4 33 0.049875 -0.025715 0.003360
5 33 0.077242 -0.050614 0.016082
6 33 0.075076 -0.059146 0.027837
7 33 0.018300 -0.029446 0.018411
8 33 -0.076706 0.028708 -0.017129
9 33 -0.122043 0.060588 -0.057128
10 33 -0.043093 0.031682 -0.040536
11 33 0.086983 -0.028194 0.026299
12 33 0.115530 -0.045742 0.071154
13 33 -0.013474 -0.002001 0.021557
14 33 -0.107959 0.029947 -0.060250
15 33 -0.038496 0.011346 -0.047063
16 33 0.074587 -0.018590 0.030277
17 33 0.072556 -0.016994 0.060809
18 33 -0.053729 0.012084 -0.004895
19 33 -0.090662 0.018887 -0.068229
20 33 0.042586 -0.008955 -0.007094
21 33 0.090526 -0.018286 0.067155
22 33 -0.031228 0.005249 0.012391
23 33 -0.079406 0.014711 -0.056988
24 33 0.015337 -0.002348 -0.016122
25 33 0.063106 -0.011290 0.042437
26 33 0.001084 -0.000737 0.020075
27 33 -0.046335 0.007628 -0.026562
28 33 -0.016822 0.002885 -0.022877
29 33 0.025675 -0.004221 0.010140
30 33 0.024541 -0.004132 0.020985
31 33 -0.004003 0.000503 0.004506
32 33 -0.021469 0.003341 -0.012382
33 33 -0.016773 0.002575 -0.013896
34 33 -0.002718 0.000307 -0.005042
35 33 0.007365 -0.001294 0.003532
36 33 0.009944 -0.001673 0.006969
37 33 0.007899 -0.001312 0.006273
38 33 0.004783 -0.000789 0.004101
39 33 0.002392 -0.000393 0.002173
40 33 0.001028 -0.000168 0.000978
41 33 0.000388 -0.000063 0.000385
42 33 0.000131 -0.000021 0.000134
43 33 0.000040 -0.000006 0.000042
44 33 0.000011 -0.000002 0.000012
45 33 0.000003 -0.000000 0.000003
46 33 0.000001 -0.000000 0.000001
47 33 0.000000 -0.000000 0.000000
48 33 0.000000 -0.000000 0.000000
49 33 0.000000 0.000000 0.000000

0 34 0.000000 0.000000 0.000000
1 34 0.012561 -0.006937 -0.002489
2 34 0.024638 -0.015727 -0.000506
3 34 0.039961 -0.027500 0.003688
4 34 0.045995 -0.038496 0.009304
5 34 0.041246 -0.040441 0.012553
6 34 0.004008 -0.021761 0.009590
7 34 -0.054393 0.019053 -0.011048
8 34 -0.098494 0.054492 -0.033567
9 34 -0.076556 0.050426 -0.043994
10 34 0.032667 -0.002180 -0.003720
11 34 0.111232 -0.050336 0.048440
12 34 0.076406 -0.039827 0.054935
13 34 -0.057683 0.013393 -0.005862
14 34 -0.117040 0.040928 -0.068889
15 34 -0.010093 0.012062 -0.032089
16 34 0.098970 -0.027252 0.046975
17 34 0.062495 -0.022486 0.056449
18 34 -0.070763 0.015538 -0.017662
19 34 -0.088611 0.023044 -0.068348
20 34 0.051091 -0.010321 -0.000378
21 34 0.091333 -0.021144 0.068390
22 34 -0.034870 0.005904 0.009693
23 34 -0.081347 0.016939 -0.058388
24 34 0.016303 -0.002441 -0.015691
25 34 0.065097 -0.012981 0.043423
26 34 0.001681 -0.001144 0.020643
27 34 -0.047540 0.008687 -0.026909
28 34 -0.018047 0.003565 -0.023657
29 34 0.025797 -0.004644 0.009850
30 34 0.025512 -0.004813 0.021381
31 34 -0.003359 0.000379 0.005023
32 34 -0.021576 0.003718 -0.012228
33 34 -0.017260 0.002976 -0.014092
34 34 -0.003112 0.000444 -0.005322
35 34 0.007232 -0.001398 0.003358
36 34 0.009995 -0.001867 0.006922
37 34 0.008008 -0.001482 0.006297
38 34 0.004874 -0.000898 0.004141
39 34 0.002448 -0.000450 0.002203
40 34 0.001055 -0.000194 0.000995
41 34 0.000399 -0.000073 0.000392
42 34 0.000135 -0.000025 0.000137
43 34 0.000041 -0.000008 0.000043
44 34 0.000011 -0.000002 0.000012
45 34 0.000003 -0.000001 0.000003
46 34 0.000001 -0.000000 0.000001
47 34 0.000000 -0.000000 0.000000
48 34 0.000000 -0.000000 0.000000
49 34 0.000000 0.000000 0.000000

0 35 0.000000 0.000000 0.000000
1 35 0.008145 -0.008278 0.003276
2 35 0.012407 -0.015028 0.003829
3 35 0.014170 -0.019667 0.005262
4 35 0.001234 -0.015912 0.004343
5 35 -0.018402 -0.002887 0.000477
6 35 -0.055491 0.023358 -0.009207
7 35 -0.077497 0.047928 -0.023938
8 35 -0.067958 0.050809 -0.027628
9 35 -0.003507 0.018077 -0.015650
10 35 0.085918 -0.034968 0.027481
11 35 0.096632 -0.051927 0.049685
12 35 0.022262 -0.017934 0.027908
13 35 -0.093193 0.034813 -0.031791
14 35 -0.092721 0.042971 -0.065175
15 35 0.040795 -0.006381 -0.004126
16 35 0.104242 -0.039921 0.058701
17 35 0.026823 -0.015121 0.038944
18 35 -0.086575 0.026389 -0.032519
19 35 -0.071915 0.023124 -0.061515
20 35 0.065126 -0.016088 0.010894
21 35 0.086450 -0.023340 0.067593
22 35 -0.043645 0.008468 0.003125
23 35 -0.081415 0.019190 -0.059814
24 35 0.020853 -0.003365 -0.012666
25 35 0.066734 -0.014784 0.045083
26 35 -0.000041 -0.001141 0.019684
27 35 -0.049143 0.009891 -0.028097
28 35 -0.017947 0.004059 -0.023724
29 35 0.026675 -0.005210 0.010350
30 35 0.026007 -0.005445 0.021672
31 35 -0.003451 0.000361 0.004991
32 35 -0.021883 0.004132 -0.012355
33 35 -0.017469 0.003343 -0.014167
34 35 -0.003162 0.000534 -0.005343
35 35 0.007270 -0.001524 0.003347
36 35 0.010049 -0.002059 0.006905
37 35 0.008046 -0.001641 0.006275
38 35 0.004894 -0.000996 0.004123
39 35 0.002456 -0.000499 0.002191
40 35 0.001058 -0.000215 0.000989
41 35 0.000400 -0.000081 0.000390
42 35 0.000135 -0.000027 0.000136
43 35 0.000041 -0.000008 0.000043
44 35 0.000011 -0.000002 0.000012
45 35 0.000003 -0.000001 0.000003
46 35 0.000001 -0.000000 0.000001
47 35 0.000000 -0.000000 0.000000
48 35 0.000000 -0.000000 0.000000
49 35 0.000000 0.000000 0.000000

0 36 0.000000 0.000000 0.000000
1 36 -0.003925 -0.000678 0.002325
2 36 -0.010714 0.000858 0.001441
3 36 -0.020051 0.005843 -0.000076
4 36 -0.035733 0.016848 -0.004075
5 36 -0.048838 0.030448 -0.009196
6 36 -0.058237 0.043985 -0.015327
7 36 -0.040647 0.041830 -0.017382
8 36 0.001792 0.019485 -0.007190
9 36 0.065441 -0.022126 0.013070
10 36 0.100475 -0.051961 0.039431
11 36 0.056163 -0.037571 0.033153
12 36 -0.033177 0.008137 -0.002926
13 36 -0.104556 0.047508 -0.048071
14 36 -0.046823 0.028426 -0.046187
15 36 0.073404 -0.024711 0.022308
16 36 0.084549 -0.035487 0.056788
17 36 -0.003207 -0.000242 0.019182
18 36 -0.086395 0.030374 -0.040455
19 36 -0.050451 0.016876 -0.050948
20 36 0.075882 -0.021492 0.021854
21 36 0.076396 -0.022572 0.064408
22 36 -0.054683 0.012381 -0.005809
23 36 -0.078576 0.020614 -0.060494
24 36 0.028636 -0.005355 -0.007150
25 36 0.067484 -0.016517 0.047069
26 36 -0.004255 -0.000519 0.017042
27 36 -0.051006 0.011257 -0.030054
28 36 -0.016365 0.004262 -0.022968
29 36 0.028331 -0.005977 0.011665
30 36 0.025967 -0.005999 0.021827
31 36 -0.004327 0.000502 0.004382
32 36 -0.022395 0.004599 -0.012765
33 36 -0.017386 0.003660 -0.014111
34 36 -0.002855 0.000556 -0.005101
35 36 0.007484 -0.001685 0.003502
36 36 0.010104 -0.002251 0.006915
37 36 0.008011 -0.001784 0.006208
38 36 0.004841 -0.001079 0.004048
39 36 0.002416 -0.000539 0.002139
40 36 0.001036 -0.000231 0.000961
41 36 0.000390 -0.000087 0.000377
42 36 0.000131 -0.000029 0.000131
43 36 0.000040 -0.000009 0.000041
44 36 0.000011 -0.000002 0.000012
45 36 0.000003 -0.000001 0.000003
46 36 0.000001 -0.000000 0.000001
47 36 0.000000 -0.000000 0.000000
48 36 0.000000 -0.000000 0.000000
49 36 0.000000 0.000000 0.000000

0 37 0.000000 0.000000 0.000000
1 37 -0.008667 0.005812 -0.002702
2 37 -0.017786 0.012248 -0.003638
3 37 -0.024673 0.019527 -0.005488
4 37 -0.029511 0.026097 -0.007508
5 37 -0.024741 0.028903 -0.009381
6 37 -0.008444 0.022762 -0.007306
7 37 0.023754 0.003478 -0.001616
8 37 0.062658 -0.024995 0.012795
9 37 0.084047 -0.049365 0.024710
10 37 0.062779 -0.045303 0.028362
11 37 -0.011627 -0.008148 0.004860
12 37 -0.082398 0.037175 -0.030381
13 37 -0.088050 0.050653 -0.047274
14 37 0.004091 0.010848 -0.017929
15 37 0.094280 -0.032313 0.041424
16 37 0.069473 -0.027814 0.050060
17 37 -0.024908 0.007331 0.001589
18 37 -0.088433 0.031292 -0.047778
19 37 -0.029933 0.012863 -0.039708
20 37 0.088738 -0.025215 0.034665
21 37 0.064088 -0.020854 0.059944
22 37 -0.067961 0.016820 -0.017267
23 37 -0.072728 0.021246 -0.060141
24 37 0.039488 -0.008320 0.000974
25 37 0.066801 -0.018004 0.048984
26 37 -0.011070 0.000873 0.012512
27 37 -0.052794 0.012748 -0.032578
28 37 -0.013096 0.004051 -0.021199
29 37 0.030682 -0.006986 0.013762
30 37 0.025252 -0.006424 0.021739
31 37 -0.006014 0.000852 0.003165
32 37 -0.023064 0.005126 -0.013426
33 37 -0.016968 0.003906 -0.013892
34 37 -0.002183 0.000489 -0.004590
35 37 0.007862 -0.001889 0.003813
36 37 0.010150 -0.002442 0.006944
37 37 0.007899 -0.001907 0.006092
38 37 0.004714 -0.001141 0.003917
39 37 0.002331 -0.000566 0.002049
40 37 0.000992 -0.000241 0.000913
41 37 0.000371 -0.000090 0.000355
42 37 0.000124 -0.000030 0.000123
43 37 0.000037 -0.000009 0.000038
44 37 0.000010 -0.000003 0.000011
45 37 0.000003 -0.000001 0.000003
46 37 0.000001 -0.000000 0.000001
47 37 0.000000 -0.000000 0.000000
48 37 0.000000 -0.000000 0.000000
49 37 0.000000 0.000000 0.000000

0 38 0.000000 0.000000 0.000000
1 38 -0.002766 0.004012 -0.004980
2 38 -0.005415 0.007392 -0.005194
3 38 -0.001968 0.008345 -0.005064
4 38 0.002732 0.005988 -0.004183
5 38 0.018385 -0.002223 -0.002124
6 38 0.034826 -0.016591 0.003802
7 38 0.053464 -0.033462 0.008815
8 38 0.059143 -0.046207 0.017760
9 38 0.033921 -0.039457 0.013682
10 38 -0.012784 -0.010734 0.003893
11 38 -0.077607 0.031503 -0.022496
12 38 -0.090098 0.055210 -0.039934
13 38 -0.035225 0.035352 -0.026285
14 38 0.059390 -0.013122 0.012117
15 38 0.108313 -0.042158 0.052423
16 38 0.039705 -0.022143 0.035006
17 38 -0.062876 0.020998 -0.022676
18 38 -0.086717 0.038780 -0.052856
19 38 0.006573 0.007113 -0.019740
20 38 0.104999 -0.032003 0.050047
21 38 0.043598 -0.017453 0.050324
22 38 -0.083686 0.023399 -0.031710
23 38 -0.061220 0.021025 -0.056814
24 38 0.053626 -0.012580 0.012136
25 38 0.063574 -0.019029 0.049970
26 38 -0.020583 0.003252 0.005806
27 38 -0.053875 0.014270 -0.035251
28 38 -0.007887 0.003273 -0.018142
29 38 0.033498 -0.008244 0.016523
30 38 0.023643 -0.006643 0.021224
31 38 -0.008507 0.001460 0.001315
32 38 -0.023784 0.005707 -0.014263
33 38 -0.016153 0.004051 -0.013456
34 38 -0.001150 0.000312 -0.003808
35 38 0.008377 -0.002139 0.004255
36 38 0.010165 -0.002626 0.006973
37 38 0.007702 -0.002004 0.005920
38 38 0.004516 -0.001181 0.003732
39 38 0.002203 -0.000578 0.001923
40 38 0.000926 -0.000244 0.000846
41 38 0.000343 -0.000091 0.000326
42 38 0.000114 -0.000030 0.000112
43 38 0.000034 -0.000009 0.000035
44 38 0.000009 -0.000002 0.000010
45 38 0.000002 -0.000001 0.000002
46 38 0.000001 -0.000000 0.000001
47 38 0.000000 -0.000000 0.000000
48 38 0.000000 -0.000000 0.000000
49 38 0.000000 0.000000 0.000000

0 39 0.000000 0.000000 0.000000
1 39 0.004794 -0.001976 -0.002451
2 39 0.008742 -0.004374 -0.002266
3 39 0.017756 -0.009822 -0.000305
4 39 0.022438 -0.015885 0.000939
5 39 0.034062 -0.025679 0.004540
6 39 0.032371 -0.032480 0.007315
7 39 0.029660 -0.035346 0.007953
8 39 0.004124 -0.026194 0.007472
9 39 -0.033531 -0.001701 -0.005767
10 39 -0.067378 0.026680 -0.015147
11 39 -0.088822 0.049311 -0.032162
12 39 -0.041156 0.036536 -0.024661
13 39 0.028674 -0.003689 0.002965
14 39 0.089425 -0.041739 0.031243
15 39 0.079484 -0.044826 0.045725
16 39 -0.026930 0.000243 0.003659
17 39 -0.095426 0.044269 -0.046186
18 39 -0.052560 0.037892 -0.041710
19 39 0.055181 -0.009234 0.008727
20 39 0.107022 -0.037309 0.058436
21 39 0.011288 -0.006967 0.032263
22 39 -0.094716 0.032077 -0.045297
23 39 -0.040025 0.018306 -0.047536
24 39 0.069589 -0.018189 0.025662
25 39 0.056095 -0.018811 0.048603
26 39 -0.032312 0.006881 -0.003056
27 39 -0.053155 0.015586 -0.037297
28 39 -0.000539 0.001750 -0.013504
29 39 0.036355 -0.009698 0.019694
30 39 0.020869 -0.006541 0.020038
31 39 -0.011737 0.002364 -0.001160
32 39 -0.024387 0.006308 -0.015152
33 39 -0.014866 0.004057 -0.012731
34 39 0.000224 0.000011 -0.002763
35 39 0.008981 -0.002434 0.004795
36 39 0.010121 -0.002796 0.006977
37 39 0.007414 -0.002069 0.005686
38 39 0.004250 -0.001194 0.003494
39 39 0.002036 -0.000575 0.001767
40 39 0.000844 -0.000240 0.000765
41 39 0.000309 -0.000088 0.000291
42 39 0.000101 -0.000029 0.000099
43 39 0.000030 -0.000009 0.000030
44 39 0.000008 -0.000002 0.000008
45 39 0.000002 -0.000001 0.000002
46 39 0.000000 -0.000000 0.000000
47 39 0.000000 -0.000000 0.000000
48 39 0.000000 -0.000000 0.000000
49 39 0.000000 0.000000 0.000000

0 40 0.000000 0.000000 0.000000
1 40 0.006337 -0.004464 0.001054
2 40 0.011294 -0.008563 0.001043
3 40 0.017191 -0.013740 0.003069
4 40 0.016627 -0.016377 0.002640
5 40 0.017441 -0.019320 0.005158
6 40 0.002465 -0.014305 0.002639
7 40 -0.009294 -0.006676 0.000867
8 40 -0.039453 0.011354 -0.005450
9 40 -0.055087 0.028416 -0.015299
10 40 -0.059747 0.036955 -0.016916
11 40 -0.037909 0.028966 -0.019885
12 40 0.025664 -0.007851 0.002623
13 40 0.060903 -0.040869 0.022017
14 40 0.068944 -0.052785 0.031010
15 40 0.005872 -0.024909 0.019837
16 40 -0.091501 0.030939 -0.030907
17 40 -0.086324 0.048930 -0.050477
18 40 -0.000247 0.014860 -0.016213
19 40 0.081304 -0.027442 0.029480
20 40 0.083505 -0.031640 0.052266
21 40 -0.023820 0.010009 0.009760
22 40 -0.092964 0.038885 -0.052972
23 40 -0.009290 0.012127 -0.031717
24 40 0.084143 -0.023646 0.039513
25 40 0.043523 -0.016121 0.043776
26 40 -0.044565 0.011806 -0.013301
27 40 -0.049151 0.016293 -0.037615
28 40 0.008956 -0.000642 -0.007092
29 40 0.038633 -0.011186 0.022858
30 40 0.016671 -0.005966 0.017916
31 40 -0.015525 0.003576 -0.004180
32 40 -0.024640 0.006872 -0.015918
33 40 -0.013033 0.003877 -0.011640
34 40 0.001892 -0.000425 -0.001479
35 40 0.009612 -0.002762 0.005381
36 40 0.009985 -0.002940 0.006927
37 40 0.007030 -0.002097 0.005383
38 40 0.003922 -0.001180 0.003210
39 40 0.001840 -0.000557 0.001587
40 40 0.000749 -0.000228 0.000675
41 40 0.000270 -0.000082 0.000253
42 40 0.000087 -0.000027 0.000084
43 40 0.000026 -0.000008 0.000025
44 40 0.000007 -0.000002 0.000007
45 40 0.000002 -0.000001 0.000002
46 40 0.000000 -0.000000 0.000000
47 40 0.000000 -0.000000 0.000000
48 40 0.000000 -0.000000 0.000000
49 40 0.000000 0.000000 0.000000

0 41 0.000000 0.000000 0.000000
1 41 0.001068 -0.001870 0.001657
2 41 0.001440 -0.003048 0.001230
3 41 -0.000233 -0.003075 0.001917
4 41 -0.004999 -0.000265 -0.000057
5 41 -0.011246 0.004311 0.000419
6 41 -0.024004 0.014368 -0.004424
7 41 -0.029456 0.022881 -0.005294
8 41 -0.040351 0.034363 -0.010900
9 41 -0.025482 0.032969 -0.010779
10 41 -0.007256 0.022525 -0.005540
11 41 0.032880 -0.003707 0.001980
12 41 0.069583 -0.036655 0.022856
13 41 0.058717 -0.046240 0.024554
14 41 0.025038 -0.034574 0.017736
15 41 -0.057071 0.006562 -0.008685
16 41 -0.104450 0.041397 -0.046267
17 41 -0.045272 0.023095 -0.033210
18 41 0.030027 -0.016574 0.006241
19 41 0.070241 -0.036394 0.032989
20 41 0.042308 -0.019622 0.035055
21 41 -0.056547 0.024751 -0.013148
22 41 -0.081048 0.040409 -0.054800
23 41 0.025782 0.003641 -0.011684
24 41 0.093890 -0.026821 0.051288
25 41 0.026397 -0.009958 0.035037
26 41 -0.054559 0.017832 -0.023473
27 41 -0.040145 0.016027 -0.034894
28 41 0.020395 -0.003823 0.001137
29 41 0.039634 -0.012393 0.025494
30 41 0.010943 -0.004747 0.014662
31 41 -0.019529 0.005065 -0.007553
32 41 -0.024260 0.007307 -0.016337
33 41 -0.010606 0.003467 -0.010122
34 41 0.003773 -0.000990 -0.000006
35 41 0.010189 -0.003105 0.005951
36 41 0.009723 -0.003045 0.006792
37 41 0.006548 -0.002081 0.005010
38 41 0.003542 -0.001136 0.002888
39 41 0.001622 -0.000524 0.001391
40 41 0.000647 -0.000210 0.000579
41 41 0.000229 -0.000075 0.000213
42 41 0.000073 -0.000024 0.000070
43 41 0.000021 -0.000007 0.000021
44 41 0.000006 -0.000002 0.000006
45 41 0.000001 -0.000000 0.000001
46 41 0.000000 -0.000000 0.000000
47 41 0.000000 -0.000000 0.000000
48 41 0.000000 -0.000000 0.000000
49 41 0.000000 0.000000 0.000000

0 42 0.000000 0.000000 0.000000
1 42 -0.005528 0.001702 -0.000258
2 42 -0.010583 0.003717 -0.000860
3 42 -0.017751 0.007419 -0.001450
4 42 -0.023074 0.011841 -0.003526
5 42 -0.029351 0.017774 -0.004264
6 42 -0.031407 0.023568 -0.007667
7 42 -0.026167 0.025788 -0.006423
8 42 -0.015737 0.024946 -0.007879
9 42 0.013333 0.011932 -0.000738
10 42 0.036490 -0.003070 0.005816
11 42 0.067431 -0.024465 0.015348
12 42 0.066863 -0.032981 0.024031
13 42 0.032761 -0.019497 0.013243
14 42 -0.011411 0.004113 0.000862
15 42 -0.069621 0.035807 -0.023957
16 42 -0.059219 0.034051 -0.035036
17 42 0.008403 -0.006392 -0.004602
18 42 0.044674 -0.036423 0.021211
19 42 0.047639 -0.040122 0.028645
20 42 -0.007028 -0.012862 0.013382
21 42 -0.092806 0.030929 -0.037168
22 42 -0.067151 0.034188 -0.053160
23 42 0.056749 -0.007851 0.008989
24 42 0.092518 -0.027193 0.057008
25 42 0.004262 0.000006 0.021336
26 42 -0.059322 0.024610 -0.031885
27 42 -0.024453 0.014631 -0.027798
28 42 0.033403 -0.007360 0.011020
29 42 0.038822 -0.012794 0.027080
30 42 0.003944 -0.002692 0.010298
31 42 -0.023166 0.006754 -0.010904
32 42 -0.022918 0.007504 -0.016141
33 42 -0.007581 0.002794 -0.008142
34 42 0.005751 -0.001664 0.001575
35 42 0.010625 -0.003431 0.006435
36 42 0.009307 -0.003093 0.006547
37 42 0.005976 -0.002017 0.004570
38 42 0.003125 -0.001066 0.002538
39 42 0.001393 -0.000479 0.001188
40 42 0.000544 -0.000188 0.000483
41 42 0.000189 -0.000066 0.000174
42 42 0.000059 -0.000021 0.000056
43 42 0.000017 -0.000006 0.000016
44 42 0.000004 -0.000002 0.000004
45 42 0.000001 -0.000000 0.000001
46 42 0.000000 -0.000000 0.000000
47 42 0.000000 -0.000000 0.000000
48 42 0.000000 -0.000000 0.000000
49 42 0.000000 0.000000 0.000000

0 43 0.000000 0.000000 0.000000
1 43 -0.004848 0.002843 -0.001996
2 43 -0.008561 0.005231 -0.002237
3 43 -0.012980 0.008029 -0.002815
4 43 -0.013378 0.008950 -0.003382
5 43 -0.013871 0.009466 -0.003526
6 43 -0.007124 0.005884 -0.003673
7 43 0.001646 -0.000519 -0.001067
8 43 0.015609 -0.010913 0.000428
9 43 0.031533 -0.024464 0.006999
10 43 0.035824 -0.032007 0.008728
11 43 0.035458 -0.034398 0.011551
12 43 0.005463 -0.016439 0.006186
13 43 -0.027476 0.011815 -0.008190
14 43 -0.051133 0.038662 -0.017151
15 43 -0.053212 0.052755 -0.026408
16 43 0.007896 0.026008 -0.010370
17 43 0.067434 -0.015603 0.023485
18 43 0.073735 -0.036250 0.034604
19 43 0.039958 -0.035078 0.026880
20 43 -0.049815 -0.004037 -0.006725
21 43 -0.117502 0.030763 -0.054812
22 43 -0.045629 0.015463 -0.042991
23 43 0.073121 -0.026691 0.026364
24 43 0.067422 -0.026493 0.049656
25 43 -0.026745 0.012237 0.000258
26 43 -0.057870 0.030610 -0.037541
27 43 -0.002171 0.011864 -0.016027
28 43 0.046833 -0.010395 0.021709
29 43 0.036030 -0.011583 0.027184
30 43 -0.003402 0.000432 0.005259
31 43 -0.025489 0.008544 -0.013594
32 43 -0.020233 0.007368 -0.015015
33 43 -0.003999 0.001860 -0.005701
34 43 0.007684 -0.002398 0.003166
35 43 0.010839 -0.003704 0.006766
36 43 0.008725 -0.003070 0.006177
37 43 0.005328 -0.001906 0.004072
38 43 0.002687 -0.000972 0.002174
39 43 0.001164 -0.000424 0.000987
40 43 0.000444 -0.000163 0.000391
41 43 0.000151 -0.000056 0.000138
42 43 0.000046 -0.000017 0.000044
43 43 0.000013 -0.000005 0.000013
44 43 0.000003 -0.000001 0.000003
45 43 0.000001 -0.000000 0.000001
46 43 0.000000 -0.000000 0.000000
47 43 0.000000 -0.000000 0.000000
48 43 0.000000 -0.000000 0.000000
49 43 0.000000 0.000000 0.000000

0 44 0.000000 0.000000 0.000000
1 44 0.002442 0.001636 -0.002662
2 44 0.005951 0.002448 -0.002307
3 44 0.009862 0.002476 -0.001959
4 44 0.016816 -0.000154 -0.000673
5 44 0.023325 -0.004219 0.000639
6 44 0.033216 -0.012294 0.003052
7 44 0.038606 -0.020875 0.005759
8 44 0.042281 -0.030923 0.007684
9 44 0.034463 -0.036712 0.009603
10 44 0.013821 -0.034474 0.005632
11 44 -0.016331 -0.023447 0.000597
12 44 -0.058435 0.000873 -0.012136
13 44 -0.080306 0.022633 -0.023362
14 44 -0.078163 0.036201 -0.025988
15 44 -0.036532 0.030311 -0.020101
16 44 0.041125 0.000256 0.007463
17 44 0.084562 -0.020507 0.032340
18 44 0.077049 -0.020165 0.033001
19 44 0.025032 -0.003862 0.017333
20 44 -0.062885 0.027356 -0.019989
21 44 -0.083577 0.032791 -0.046710
22 44 0.009219 -0.012946 -0.011628
23 44 0.074200 -0.050232 0.039899
24 44 0.013250 -0.025766 0.026330
25 44 -0.068635 0.021395 -0.028071
26 44 -0.053819 0.031064 -0.040984
27 44 0.020808 0.006454 -0.002557
28 44 0.056743 -0.012056 0.030417
29 44 0.031012 -0.007895 0.025184
30 44 -0.009484 0.004843 0.000407
31 44 -0.025154 0.010377 -0.014711
32 44 -0.015726 0.006896 -0.012585
33 44 0.000122 0.000747 -0.002799
34 44 0.009467 -0.003106 0.004683
35 44 0.010791 -0.003877 0.006907
36 44 0.007988 -0.002965 0.005687
37 44 0.004631 -0.001750 0.003536
38 44 0.002248 -0.000859 0.001811
39 44 0.000945 -0.000364 0.000796
40 44 0.000351 -0.000136 0.000307
41 44 0.000117 -0.000045 0.000106
42 44 0.000035 -0.000014 0.000033
43 44 0.000010 -0.000004 0.000009
44 44 0.000002 -0.000001 0.000002
45 44 0.000001 -0.000000 0.000001
46 44 0.000000 -0.000000 0.000000
47 44 0.000000 -0.000000 0.000000
48 44 0.000000 -0.000000 0.000000
49 44 0.000000 0.000000 0.000000

0 45 0.000000 0.000000 0.000000
1 45 0.004286 -0.001558 -0.001593
2 45 0.008950 -0.003389 -0.001177
3 45 0.013876 -0.005458 -0.000673
4 45 0.019509 -0.008124 0.000603
5 45 0.024040 -0.010364 0.001577
6 45 0.028202 -0.012615 0.003324
7 45 0.027070 -0.011974 0.004040
8 45 0.022838 -0.009329 0.004303
9 45 0.009127 -0.000971 0.002809
10 45 -0.008324 0.010318 -0.001528
11 45 -0.028163 0.022811 -0.005866
12 45 -0.043260 0.031533 -0.012436
13 45 -0.037814 0.025279 -0.012733
14 45 -0.019174 0.006530 -0.007668
15 45 0.016047 -0.024535 0.002638
16 45 0.043266 -0.050303 0.017701
17 45 0.028424 -0.043651 0.017001
18 45 -0.008070 -0.010421 0.001274
19 45 -0.048772 0.034522 -0.017207
20 45 -0.062198 0.064757 -0.032640
21 45 0.007100 0.037072 -0.014886
22 45 0.098938 -0.029946 0.036830
23 45 0.077746 -0.055823 0.052780
24 45 -0.040717 -0.017999 0.000696
25 45 -0.103773 0.021968 -0.051661
26 45 -0.050322 0.019271 -0.041251
27 45 0.032003 -0.004508 0.006297
28 45 0.054334 -0.012852 0.031575
29 45 0.021609 -0.001851 0.019329
30 45 -0.013214 0.010374 -0.003718
31 45 -0.020926 0.012251 -0.013453
32 45 -0.008868 0.006275 -0.008495
33 45 0.004900 -0.000323 0.000628
34 45 0.011139 -0.003644 0.006135
35 45 0.010538 -0.003891 0.006889
36 45 0.007159 -0.002765 0.005122
37 45 0.003928 -0.001553 0.002996
38 45 0.001831 -0.000735 0.001469
39 45 0.000745 -0.000302 0.000624
40 45 0.000269 -0.000110 0.000234
41 45 0.000088 -0.000036 0.000079
42 45 0.000026 -0.000011 0.000024
43 45 0.000007 -0.000003 0.000007
44 45 0.000002 -0.000001 0.000002
45 45 0.000000 -0.000000 0.000000
46 45 0.000000 -0.000000 0.000000
47 45 0.000000 -0.000000 0.000000
48 45 0.000000 -0.000000 0.000000
49 45 0.000000 0.000000 0.000000

0 46 0.000000 0.000000 0.000000
1 46 0.000093 -0.004116 0.001666
2 46 -0.000499 -0.007900 0.001674
3 46 -0.002223 -0.011021 0.001463
4 46 -0.005942 -0.012776 0.001231
5 46 -0.012043 -0.012337 0.000232
6 46 -0.020523 -0.008881 -0.000964
7 46 -0.031517 -0.001060 -0.003554
8 46 -0.041563 0.010332 -0.006243
9 46 -0.049753 0.025601 -0.009717
10 46 -0.047467 0.039466 -0.011903
11 46 -0.033281 0.048540 -0.010972
12 46 -0.001923 0.045351 -0.006228
13 46 0.042256 0.025711 0.005818
14 46 0.080229 -0.004819 0.019134
15 46 0.097381 -0.039063 0.029838
16 46 0.065857 -0.055656 0.028849
17 46 -0.012052 -0.041486 0.005800
18 46 -0.090288 -0.007222 -0.025692
19 46 -0.126949 0.031961 -0.048249
20 46 -0.076505 0.046002 -0.043997
21 46 0.053929 0.013386 0.003870
22 46 0.137400 -0.026456 0.058305
23 46 0.075343 -0.021418 0.051981
24 46 -0.048201 0.011515 -0.008544
25 46 -0.089115 0.019826 -0.047361
26 46 -0.033598 -0.003334 -0.028781
27 46 0.025742 -0.022111 0.008609
28 46 0.030734 -0.015476 0.020474
29 46 0.002506 0.003835 0.006563
30 46 -0.016719 0.015507 -0.008426
31 46 -0.013427 0.013892 -0.010296
32 46 0.000331 0.005841 -0.002855
33 46 0.010582 -0.000959 0.004675
34 46 0.013010 -0.003777 0.007706
35 46 0.010333 -0.003653 0.006885
36 46 0.006392 -0.002450 0.004595
37 46 0.003296 -0.001319 0.002511
38 46 0.001467 -0.000602 0.001172
39 46 0.000575 -0.000240 0.000479
40 46 0.000202 -0.000085 0.000174
41 46 0.000064 -0.000027 0.000057
42 46 0.000018 -0.000008 0.000017
43 46 0.000005 -0.000002 0.000005
44 46 0.000001 -0.000001 0.000001
45 46 0.000000 -0.000000 0.000000
46 46 0.000000 -0.000000 0.000000
47 46 0.000000 -0.000000 0.000000
48 46 0.000000 -0.000000 0.000000
49 46 0.000000 0.000000 0.000000

0 47 0.000000 0.000000 0.000000
1 47 -0.000444 -0.000053 0.001701
2 47 -0.001577 0.000122 0.001617
3 47 -0.003784 0.000574 0.001356
4 47 -0.007895 0.001660 0.000888
5 47 -0.013798 0.003200 -0.000088
6 47 -0.021714 0.005350 -0.001418
7 47 -0.030507 0.007552 -0.003557
8 47 -0.038155 0.008995 -0.005677
9 47 -0.042375 0.008916 -0.008000
10 47 -0.038231 0.005300 -0.008744
11 47 -0.025050 -0.001121 -0.007388
12 47 -0.000493 -0.010685 -0.002936
13 47 0.028716 -0.018739 0.005036
14 47 0.051768 -0.019740 0.012541
15 47 0.058691 -0.010827 0.017494
16 47 0.036358 0.010213 0.014113
17 47 -0.005279 0.030885 0.000710
18 47 -0.042364 0.034354 -0.013513
19 47 -0.055711 0.015159 -0.021723
20 47 -0.025214 -0.023556 -0.015371
21 47 0.029196 -0.053682 0.007910
22 47 0.042456 -0.034679 0.022607
23 47 0.000643 0.022508 0.007205
24 47 -0.031402 0.054381 -0.015708
25 47 -0.012263 0.028691 -0.013488
26 47 0.021581 -0.018147 0.006953
27 47 0.022346 -0.036901 0.015495
28 47 -0.006088 -0.020600 0.003174
29 47 -0.028435 0.004560 -0.012951
30 47 -0.025852 0.016662 -0.016683
31 47 -0.007358 0.013936 -0.008229
32 47 0.009765 0.005589 0.002741
33 47 0.016925 -0.000788 0.009001
34 47 0.015553 -0.003207 0.009639
35 47 0.010672 -0.003012 0.007225
36 47 0.006001 -0.001963 0.004334
37 47 0.002886 -0.001029 0.002196
38 47 0.001216 -0.000459 0.000968
39 47 0.000456 -0.000179 0.000378
40 47 0.000154 -0.000062 0.000132
41 47 0.000047 -0.000020 0.000042
42 47 0.000013 -0.000006 0.000012
43 47 0.000003 -0.000001 0.000003
44 47 0.000001 -0.000000 0.000001
45 47 0.000000 -0.000000 0.000000
46 47 0.000000 -0.000000 0.000000
47 47 0.000000 -0.000000 0.000000
48 47 0.000000 -0.000000 0.000000
49 47 0.000000 0.000000 0.000000

0 48 0.000000 0.000000 0.000000
1 48 -0.002402 0.004654 -0.002864
2 48 -0.004348 0.009471 -0.002973
3 48 -0.005138 0.014363 -0.003095
4 48 -0.004352 0.019260 -0.003186
5 48 -0.000887 0.023320 -0.002968
6 48 0.005408 0.025756 -0.002272
7 48 0.015445 0.024749 -0.000791
8 48 0.027973 0.018846 0.001756
9 48 0.041585 0.006636 0.005053
10 48 0.052151 -0.011973 0.009036
11 48 0.053781 -0.033706 0.011709
12 48 0.041861 -0.053485 0.011931
13 48 0.011444 -0.061294 0.007003
14 48 -0.031233 -0.049493 -0.003870
15 48 -0.072951 -0.015883 -0.017500
16 48 -0.092409 0.031908 -0.029211
17 48 -0.065302 0.069095 -0.028149
18 48 0.003793 0.071623 -0.008624
19 48 0.081820 0.031311 0.021259
20 48 0.118273 -0.035840 0.045681
21 48 0.063060 -0.078461 0.039648
22 48 -0.057444 -0.051452 -0.007054
23 48 -0.125450 0.018290 -0.054174
24 48 -0.068550 0.057054 -0.048063
25 48 0.043104 0.035116 0.004623
26 48 0.091254 -0.009320 0.044620
27 48 0.047695 -0.029801 0.035823
28 48 -0.022925 -0.019426 -0.001514
29 48 -0.055878 0.000076 -0.027983
30 48 -0.042038 0.010494 -0.027618
31 48 -0.009874 0.009724 -0.011157
32 48 0.014005 0.004356 0.004684
33 48 0.021781 -0.000009 0.011934
34 48 0.018646 -0.001785 0.011689
35 48 0.012076 -0.001792 0.008208
36 48 0.006462 -0.001188 0.004665
37 48 0.002974 -0.000626 0.002257
38 48 0.001205 -0.000279 0.000955
39 48 0.000437 -0.000109 0.000359
40 48 0.000143 -0.000038 0.000122
41 48 0.000043 -0.000012 0.000037
42 48 0.000012 -0.000003 0.000011
43 48 0.000003 -0.000001 0.000003
44 48 0.000001 -0.000000 0.000001
45 48 0.000000 -0.000000 0.000000
46 48 0.000000 -0.000000 0.000000
47 48 0.000000 -0.000000 0.000000
48 48 0.000000 -0.000000 0.000000
49 48 0.000000 0.000000 0.000000

0 49 0.000000 0.000000 0.000000
1 49 0.000000 0.000000 0.000000
2 49 0.000000 0.000000 0.000000
3 49 0.000000 0.000000 0.000000
4 49 0.000000 0.000000 0.000000
5 49 0.000000 0.000000 0.000000
6 49 0.000000 0.000000 0.000000
7 49 0.000000 0.000000 0.000000
8 49 0.000000 0.000000 0.000000
9 49 0.000000 0.000000 0.000000
10 49 0.000000 0.000000 0.000000
11 49 0.000000 0.000000 0.000000
12 49 0.000000 0.000000 0.000000
13 49 0.000000 0.000000 0.000000
14 49 0.000000 0.000000 0.000000
15 49 0.000000 0.000000 0.000000
16 49 0.000000 0.000000 0.000000
17 49 0.000000 0.000000 0.000000
18 49 0.000000 0.000000 0.000000
19 49 0.000000 0.000000 0.000000
20 49 0.000000 0.000000 0.000000
21 49 0.000000 0.000000 0.000000
22 49 0.000000 0.000000 0.000000
23 49 0.000000 0.000000 0.000000
24 49 0.000000 0.000000 0.000000
25 49 0.000000 0.000000 0.000000
26 49 0.000000 0.000000 0.000000
27 49 0.000000 0.000000 0.000000
28 49 0.000000 0.000000 0.000000
29 49 0.000000 0.000000 0.000000
30 49 0.000000 0.000000 0.000000
31 49 0.000000 0.000000 0.000000
32 49 0.000000 0.000000 0.000000
33 49 0.000000 0.000000 0.000000
34 49 0.000000 0.000000 0.000000
35 49 0.000000 0.000000 0.000000
36 49 0.000000 0.000000 0.000000
37 49 0.000000 0.000000 0.000000
38 49 0.000000 0.000000 0.000000
39 49 0.000000 0.000000 0.000000
40 49 0.000000 0.000000 0.000000
41 49 0.000000 0.000000 0.000000
42 49 0.000000 0.000000 0.000000
43 49 0.000000 0.000000 0.000000
44 49 0.000000 0.000000 0.000000
45 49 0.000000 0.000000 0.000000
46 49 0.000000 0.000000 0.000000
47 49 0.000000 0.000000 0.000000
48 49 0.000000 0.000000 0.000000
49 49 0.000000 0.000000 0.000000

