#:x y Ey Bx Bz
0 0 0.000000 0.000000 0.000000
1 0 0.000000 0.000000 0.000000
2 0 0.000000 0.000000 0.000000
3 0 0.000000 0.000000 0.000000
4 0 0.000000 0.000000 0.000000
5 0 0.000000 0.000000 0.000000
6 0 0.000000 0.000000 0.000000
7 0 0.000000 0.000000 0.000000
8 0 0.000000 0.000000 0.000000
9 0 0.000000 0.000000 0.000000
10 0 0.000000 0.000000 0.000000
11 0 0.000000 0.000000 0.000000
12 0 0.000000 0.000000 0.000000
13 0 0.000000 0.000000 0.000000
14 0 0.000000 0.000000 0.000000
15 0 0.000000 0.000000 0.000000
16 0 0.000000 0.000000 0.000000
17 0 0.000000 0.000000 0.000000
18 0 0.000000 0.000000 0.000000
19 0 0.000000 0.000000 0.000000
20 0 0.000000 0.000000 0.000000
21 0 0.000000 0.000000 0.000000
22 0 0.000000 0.000000 0.000000
23 0 0.000000 0.000000 0.000000
24 0 0.000000 0.000000 0.000000
25 0 0.000000 0.000000 0.000000
26 0 0.000000 0.000000 0.000000
27 0 0.000000 0.000000 0.000000
28 0 0.000000 0.000000 0.000000
29 0 0.000000 0.000000 0.000000
30 0 0.000000 0.000000 0.000000
31 0 0.000000 0.000000 0.000000
32 0 0.000000 0.000000 0.000000
33 0 0.000000 0.000000 0.000000
34 0 0.000000 0.000000 0.000000
35 0 0.000000 0.000000 0.000000
36 0 0.000000 0.000000 0.000000
37 0 0.000000 0.000000 0.000000
38 0 0.000000 0.000000 0.000000
39 0 0.000000 0.000000 0.000000
40 0 0.000000 0.000000 0.000000
41 0 0.000000 0.000000 0.000000
42 0 0.000000 0.000000 0.000000
43 0 0.000000 0.000000 0.000000
44 0 0.000000 0.000000 0.000000
45 0 0.000000 0.000000 0.000000
46 0 0.000000 0.000000 0.000000
47 0 0.000000 0.000000 0.000000
48 0 0.000000 0.000000 0.000000
49 0 0.000000 0.000000 0.000000

0 1 0.000000 0.000000 0.000000
1 1 -0.001570 -0.000004 0.000004
2 1 -0.003106 0.000115 -0.000119
3 1 -0.004544 0.000471 -0.000356
4 1 -0.005761 0.001159 -0.000688
5 1 -0.006567 0.002229 -0.001070
6 1 -0.006720 0.003659 -0.001430
7 1 -0.005989 0.005321 -0.001662
8 1 -0.004247 0.006966 -0.001645
9 1 -0.001606 0.008249 -0.001283
10 1 0.001494 0.008817 -0.000568
11 1 0.004330 0.008448 0.000369
12 1 0.006118 0.007183 0.001265
13 1 0.006414 0.005367 0.001816
14 1 0.005407 0.003501 0.001866
15 1 0.003776 0.001988 0.001513
16 1 0.002221 0.000983 0.001005
17 1 0.001115 0.000425 0.000558
18 1 0.000482 0.000161 0.000264
19 1 0.000181 0.000054 0.000107
20 1 0.000060 0.000016 0.000038
21 1 0.000017 0.000004 0.000012
22 1 0.000005 0.000001 0.000003
23 1 0.000001 0.000000 0.000001
24 1 0.000000 0.000000 0.000000
25 1 0.000000 0.000000 0.000000
26 1 0.000000 0.000000 0.000000
27 1 0.000000 0.000000 0.000000
28 1 0.000000 0.000000 0.000000
29 1 0.000000 0.000000 0.000000
30 1 0.000000 0.000000 0.000000
31 1 0.000000 0.000000 0.000000
32 1 0.000000 0.000000 0.000000
33 1 0.000000 0.000000 0.000000
34 1 0.000000 0.000000 0.000000
35 1 0.000000 0.000000 0.000000
36 1 0.000000 0.000000 0.000000
37 1 0.000000 0.000000 0.000000
38 1 0.000000 0.000000 0.000000
39 1 0.000000 0.000000 0.000000
40 1 0.000000 0.000000 0.000000
41 1 0.000000 0.000000 0.000000
42 1 0.000000 0.000000 0.000000
43 1 0.000000 0.000000 0.000000
44 1 0.000000 0.000000 0.000000
45 1 0.000000 0.000000 0.000000
46 1 0.000000 0.000000 0.000000
47 1 0.000000 0.000000 0.000000
48 1 0.000000 0.000000 0.000000
49 1 0.000000 0.000000 0.000000

0 2 0.000000 0.000000 0.000000
1 2 -0.001533 -0.000541 0.000858
2 2 -0.003223 -0.001076 0.000724
3 2 -0.005187 -0.001584 0.000439
4 2 -0.007458 -0.002003 -0.000025
5 2 -0.009930 -0.002226 -0.000687
6 2 -0.012297 -0.002094 -0.001531
7 2 -0.014027 -0.001433 -0.002469
8 2 -0.014420 -0.000113 -0.003313
9 2 -0.012775 0.001850 -0.003774
10 2 -0.008756 0.004189 -0.003527
11 2 -0.002774 0.006368 -0.002377
12 2 0.003808 0.007713 -0.000438
13 2 0.008961 0.007741 0.001728
14 2 0.011084 0.006514 0.003295
15 2 0.010101 0.004626 0.003727
16 2 0.007342 0.002792 0.003150
17 2 0.004408 0.001443 0.002128
18 2 0.002233 0.000644 0.001189
19 2 0.000969 0.000250 0.000561
20 2 0.000364 0.000085 0.000227
21 2 0.000120 0.000026 0.000080
22 2 0.000035 0.000007 0.000025
23 2 0.000009 0.000002 0.000007
24 2 0.000002 0.000000 0.000002
25 2 0.000000 0.000000 0.000000
26 2 0.000000 0.000000 0.000000
27 2 0.000000 0.000000 0.000000
28 2 0.000000 0.000000 0.000000
29 2 0.000000 0.000000 0.000000
30 2 0.000000 0.000000 0.000000
31 2 0.000000 0.000000 0.000000
32 2 0.000000 0.000000 0.000000
33 2 0.000000 0.000000 0.000000
34 2 0.000000 0.000000 0.000000
35 2 0.000000 0.000000 0.000000
36 2 0.000000 0.000000 0.000000
37 2 0.000000 0.000000 0.000000
38 2 0.000000 0.000000 0.000000
39 2 0.000000 0.000000 0.000000
40 2 0.000000 0.000000 0.000000
41 2 0.000000 0.000000 0.000000
42 2 0.000000 0.000000 0.000000
43 2 0.000000 0.000000 0.000000
44 2 0.000000 0.000000 0.000000
45 2 0.000000 0.000000 0.000000
46 2 0.000000 0.000000 0.000000
47 2 0.000000 0.000000 0.000000
48 2 0.000000 0.000000 0.000000
49 2 0.000000 0.000000 0.000000

0 3 0.000000 0.000000 0.000000
1 3 0.001060 0.000466 0.000699
2 3 0.001953 0.000753 0.000776
3 3 0.002470 0.000682 0.000903
4 3 0.002316 0.000090 0.001021
5 3 0.001143 -0.001128 0.001025
6 3 -0.001410 -0.002949 0.000764
7 3 -0.005503 -0.005130 0.000058
8 3 -0.010861 -0.007144 -0.001221
9 3 -0.016470 -0.008202 -0.003045
10 3 -0.020456 -0.007493 -0.005040
11 3 -0.020617 -0.004615 -0.006452
12 3 -0.015407 -0.000028 -0.006341
13 3 -0.005508 0.004742 -0.004072
14 3 0.005324 0.007809 -0.000197
15 3 0.012461 0.008250 0.003482
16 3 0.013901 0.006641 0.005310
17 3 0.011141 0.004317 0.005039
18 3 0.007059 0.002336 0.003605
19 3 0.003691 0.001074 0.002077
20 3 0.001632 0.000425 0.000997
21 3 0.000621 0.000147 0.000407
22 3 0.000206 0.000045 0.000144
23 3 0.000060 0.000012 0.000044
24 3 0.000016 0.000003 0.000012
25 3 0.000004 0.000001 0.000003
26 3 0.000001 0.000000 0.000001
27 3 0.000000 0.000000 0.000000
28 3 0.000000 0.000000 0.000000
29 3 0.000000 0.000000 0.000000
30 3 0.000000 0.000000 0.000000
31 3 0.000000 0.000000 0.000000
32 3 0.000000 0.000000 0.000000
33 3 0.000000 0.000000 0.000000
34 3 0.000000 0.000000 0.000000
35 3 0.000000 0.000000 0.000000
36 3 0.000000 0.000000 0.000000
37 3 0.000000 0.000000 0.000000
38 3 0.000000 0.000000 0.000000
39 3 0.000000 0.000000 0.000000
40 3 0.000000 0.000000 0.000000
41 3 0.000000 0.000000 0.000000
42 3 0.000000 0.000000 0.000000
43 3 0.000000 0.000000 0.000000
44 3 0.000000 0.000000 0.000000
45 3 0.000000 0.000000 0.000000
46 3 0.000000 0.000000 0.000000
47 3 0.000000 0.000000 0.000000
48 3 0.000000 0.000000 0.000000
49 3 0.000000 0.000000 0.000000

0 4 0.000000 0.000000 0.000000
1 4 0.000963 0.001885 -0.001398
2 4 0.002266 0.003768 -0.001286
3 4 0.004196 0.005592 -0.001024
4 4 0.006904 0.007176 -0.000532
5 4 0.010256 0.008191 0.000245
6 4 0.013715 0.008137 0.001329
7 4 0.016091 0.006460 0.002553
8 4 0.015779 0.002785 0.003526
9 4 0.010962 -0.002732 0.003595
10 4 0.000893 -0.008930 0.001955
11 4 -0.012743 -0.013693 -0.001657
12 4 -0.025349 -0.014538 -0.006538
13 4 -0.029936 -0.010123 -0.010467
14 4 -0.022114 -0.002135 -0.010351
15 4 -0.005893 0.005309 -0.005389
16 4 0.008992 0.008946 0.001385
17 4 0.015760 0.008553 0.005984
18 4 0.014680 0.006060 0.006915
19 4 0.010004 0.003442 0.005368
20 4 0.005445 0.001628 0.003222
21 4 0.002466 0.000656 0.001581
22 4 0.000952 0.000229 0.000654
23 4 0.000319 0.000070 0.000233
24 4 0.000094 0.000019 0.000072
25 4 0.000024 0.000005 0.000020
26 4 0.000006 0.000001 0.000005
27 4 0.000001 0.000000 0.000001
28 4 0.000000 0.000000 0.000000
29 4 0.000000 0.000000 0.000000
30 4 0.000000 0.000000 0.000000
31 4 0.000000 0.000000 0.000000
32 4 0.000000 0.000000 0.000000
33 4 0.000000 0.000000 0.000000
34 4 0.000000 0.000000 0.000000
35 4 0.000000 0.000000 0.000000
36 4 0.000000 0.000000 0.000000
37 4 0.000000 0.000000 0.000000
38 4 0.000000 0.000000 0.000000
39 4 0.000000 0.000000 0.000000
40 4 0.000000 0.000000 0.000000
41 4 0.000000 0.000000 0.000000
42 4 0.000000 0.000000 0.000000
43 4 0.000000 0.000000 0.000000
44 4 0.000000 0.000000 0.000000
45 4 0.000000 0.000000 0.000000
46 4 0.000000 0.000000 0.000000
47 4 0.000000 0.000000 0.000000
48 4 0.000000 0.000000 0.000000
49 4 0.000000 0.000000 0.000000

0 5 0.000000 0.000000 0.000000
1 5 -0.003309 -0.000393 -0.001198
2 5 -0.006426 -0.000488 -0.001451
3 5 -0.009072 0.000021 -0.001919
4 5 -0.010633 0.001465 -0.002519
5 5 -0.010321 0.004067 -0.003027
6 5 -0.007040 0.007861 -0.003157
7 5 0.000056 0.012301 -0.002363
8 5 0.010749 0.016202 -0.000313
9 5 0.023238 0.017566 0.003194
10 5 0.032422 0.014225 0.007311
11 5 0.032147 0.005398 0.009897
12 5 0.017781 -0.007110 0.008491
13 5 -0.008951 -0.017740 0.001081
14 5 -0.033605 -0.019765 -0.009891
15 5 -0.038599 -0.011977 -0.016422
16 5 -0.022231 -0.000463 -0.013105
17 5 0.000483 0.007551 -0.003384
18 5 0.014731 0.009562 0.005120
19 5 0.017149 0.007562 0.008304
20 5 0.012757 0.004544 0.007151
21 5 0.007262 0.002221 0.004501
22 5 0.003375 0.000913 0.002264
23 5 0.001324 0.000323 0.000950
24 5 0.000448 0.000100 0.000340
25 5 0.000132 0.000027 0.000106
26 5 0.000035 0.000007 0.000029
27 5 0.000008 0.000001 0.000007
28 5 0.000002 0.000000 0.000002
29 5 0.000000 0.000000 0.000000
30 5 0.000000 0.000000 0.000000
31 5 0.000000 0.000000 0.000000
32 5 0.000000 0.000000 0.000000
33 5 0.000000 0.000000 0.000000
34 5 0.000000 0.000000 0.000000
35 5 0.000000 0.000000 0.000000
36 5 0.000000 0.000000 0.000000
37 5 0.000000 0.000000 0.000000
38 5 0.000000 0.000000 0.000000
39 5 0.000000 0.000000 0.000000
40 5 0.000000 0.000000 0.000000
41 5 0.000000 0.000000 0.000000
42 5 0.000000 0.000000 0.000000
43 5 0.000000 0.000000 0.000000
44 5 0.000000 0.000000 0.000000
45 5 0.000000 0.000000 0.000000
46 5 0.000000 0.000000 0.000000
47 5 0.000000 0.000000 0.000000
48 5 0.000000 0.000000 0.000000
49 5 0.000000 0.000000 0.000000

0 6 0.000000 0.000000 0.000000
1 6 -0.000156 -0.002059 0.001523
2 6 -0.001033 -0.004344 0.001458
3 6 -0.003230 -0.006998 0.001263
4 6 -0.007527 -0.009885 0.000680
5 6 -0.013903 -0.012516 -0.000458
6 6 -0.022258 -0.013913 -0.002416
7 6 -0.030178 -0.012548 -0.005146
8 6 -0.034440 -0.007163 -0.007837
9 6 -0.029974 0.002939 -0.009407
10 6 -0.012318 0.015572 -0.007158
11 6 0.015485 0.025627 -0.000103
12 6 0.044053 0.026564 0.010427
13 6 0.053961 0.013524 0.019467
14 6 0.028146 -0.008032 0.016597
15 6 -0.018010 -0.022724 -0.000731
16 6 -0.045978 -0.020921 -0.018182
17 6 -0.038046 -0.008020 -0.020827
18 6 -0.010847 0.004172 -0.009922
19 6 0.011035 0.009298 0.002694
20 6 0.018074 0.008454 0.008874
21 6 0.014834 0.005410 0.008643
22 6 0.008837 0.002736 0.005716
23 6 0.004210 0.001149 0.002947
24 6 0.001677 0.000412 0.001253
25 6 0.000572 0.000128 0.000453
26 6 0.000170 0.000035 0.000142
27 6 0.000045 0.000009 0.000039
28 6 0.000011 0.000002 0.000010
29 6 0.000002 0.000000 0.000002
30 6 0.000000 0.000000 0.000000
31 6 0.000000 0.000000 0.000000
32 6 0.000000 0.000000 0.000000
33 6 0.000000 0.000000 0.000000
34 6 0.000000 0.000000 0.000000
35 6 0.000000 0.000000 0.000000
36 6 0.000000 0.000000 0.000000
37 6 0.000000 0.000000 0.000000
38 6 0.000000 0.000000 0.000000
39 6 0.000000 0.000000 0.000000
40 6 0.000000 0.000000 0.000000
41 6 0.000000 0.000000 0.000000
42 6 0.000000 0.000000 0.000000
43 6 0.000000 0.000000 0.000000
44 6 0.000000 0.000000 0.000000
45 6 0.000000 0.000000 0.000000
46 6 0.000000 0.000000 0.000000
47 6 0.000000 0.000000 0.000000
48 6 0.000000 0.000000 0.000000
49 6 0.000000 0.000000 0.000000

0 7 0.000000 0.000000 0.000000
1 7 0.004798 0.002726 -0.001172
2 7 0.009883 0.005043 -0.000685
3 7 0.015434 0.006544 0.000202
4 7 0.020860 0.006354 0.001730
5 7 0.024710 0.003839 0.003332
6 7 0.024984 -0.002003 0.005096
7 7 0.017411 -0.010915 0.005350
8 7 0.001366 -0.021246 0.003346
9 7 -0.024559 -0.029281 -0.002264
10 7 -0.050594 -0.028331 -0.011640
11 7 -0.060980 -0.014981 -0.019013
12 7 -0.043636 0.009315 -0.019582
13 7 0.008944 0.033082 -0.006282
14 7 0.064883 0.035465 0.019377
15 7 0.066692 0.011502 0.032463
16 7 0.011687 -0.016361 0.015274
17 7 -0.040894 -0.025036 -0.013739
18 7 -0.047993 -0.014582 -0.025815
19 7 -0.021282 0.000032 -0.016297
20 7 0.006198 0.007996 -0.000498
21 7 0.017647 0.008601 0.008687
22 7 0.015979 0.005871 0.009645
23 7 0.009916 0.003069 0.006674
24 7 0.004825 0.001314 0.003515
25 7 0.001945 0.000477 0.001511
26 7 0.000669 0.000150 0.000549
27 7 0.000200 0.000041 0.000173
28 7 0.000053 0.000010 0.000048
29 7 0.000012 0.000002 0.000012
30 7 0.000003 0.000000 0.000003
31 7 0.000001 0.000000 0.000001
32 7 0.000000 0.000000 0.000000
33 7 0.000000 0.000000 0.000000
34 7 0.000000 0.000000 0.000000
35 7 0.000000 0.000000 0.000000
36 7 0.000000 0.000000 0.000000
37 7 0.000000 0.000000 0.000000
38 7 0.000000 0.000000 0.000000
39 7 0.000000 0.000000 0.000000
40 7 0.000000 0.000000 0.000000
41 7 0.000000 0.000000 0.000000
42 7 0.000000 0.000000 0.000000
43 7 0.000000 0.000000 0.000000
44 7 0.000000 0.000000 0.000000
45 7 0.000000 0.000000 0.000000
46 7 0.000000 0.000000 0.000000
47 7 0.000000 0.000000 0.000000
48 7 0.000000 0.000000 0.000000
49 7 0.000000 0.000000 0.000000

0 8 0.000000 0.000000 0.000000
1 8 -0.004539 0.001168 -0.003299
2 8 -0.007933 0.003071 -0.003605
3 8 -0.009954 0.006263 -0.004100
4 8 -0.007620 0.011342 -0.004434
5 8 -0.001100 0.017687 -0.003783
6 8 0.012828 0.024740 -0.002012
7 8 0.031931 0.028597 0.003008
8 8 0.050467 0.026440 0.008712
9 8 0.061598 0.013475 0.015886
10 8 0.044783 -0.010005 0.017047
11 8 0.002251 -0.033792 0.006851
12 8 -0.054238 -0.045603 -0.011240
13 8 -0.093690 -0.028657 -0.033745
14 8 -0.056057 0.014131 -0.034598
15 8 0.039709 0.042995 0.003238
16 8 0.085988 0.029672 0.039598
17 8 0.040204 -0.004672 0.031122
18 8 -0.028481 -0.023533 -0.005534
19 8 -0.050590 -0.018011 -0.027161
20 8 -0.027798 -0.003309 -0.020696
21 8 0.002188 0.006323 -0.003235
22 8 0.016566 0.008139 0.008163
23 8 0.016236 0.005883 0.010143
24 8 0.010375 0.003162 0.007254
25 8 0.005121 0.001375 0.003874
26 8 0.002080 0.000504 0.001675
27 8 0.000719 0.000159 0.000611
28 8 0.000216 0.000044 0.000192
29 8 0.000057 0.000011 0.000053
30 8 0.000013 0.000002 0.000013
31 8 0.000003 0.000000 0.000003
32 8 0.000001 0.000000 0.000001
33 8 0.000000 0.000000 0.000000
34 8 0.000000 0.000000 0.000000
35 8 0.000000 0.000000 0.000000
36 8 0.000000 0.000000 0.000000
37 8 0.000000 0.000000 0.000000
38 8 0.000000 0.000000 0.000000
39 8 0.000000 0.000000 0.000000
40 8 0.000000 0.000000 0.000000
41 8 0.000000 0.000000 0.000000
42 8 0.000000 0.000000 0.000000
43 8 0.000000 0.000000 0.000000
44 8 0.000000 0.000000 0.000000
45 8 0.000000 0.000000 0.000000
46 8 0.000000 0.000000 0.000000
47 8 0.000000 0.000000 0.000000
48 8 0.000000 0.000000 0.000000
49 8 0.000000 0.000000 0.000000

0 9 0.000000 0.000000 0.000000
1 9 -0.002478 -0.004769 0.002377
2 9 -0.006655 -0.009524 0.001830
3 9 -0.012666 -0.014484 0.001264
4 9 -0.023398 -0.018272 -0.001113
5 9 -0.034129 -0.019708 -0.003651
6 9 -0.047880 -0.016209 -0.008297
7 9 -0.049775 -0.004583 -0.012438
8 9 -0.039904 0.013078 -0.012657
9 9 -0.006318 0.035694 -0.008956
10 9 0.047717 0.047610 0.008493
11 9 0.081573 0.037797 0.025170
12 9 0.081671 0.005627 0.032229
13 9 0.016316 -0.040366 0.020139
14 9 -0.090782 -0.056418 -0.026073
15 9 -0.105294 -0.015770 -0.056563
16 9 0.000684 0.033943 -0.019372
17 9 0.083414 0.037430 0.036792
18 9 0.055231 0.005222 0.040410
19 9 -0.017569 -0.019015 0.001498
20 9 -0.048295 -0.018058 -0.026212
21 9 -0.029491 -0.004899 -0.022391
22 9 0.000332 0.004940 -0.004552
23 9 0.015559 0.007346 0.007803
24 9 0.015831 0.005519 0.010253
25 9 0.010233 0.003018 0.007425
26 9 0.005072 0.001325 0.003977
27 9 0.002063 0.000488 0.001720
28 9 0.000713 0.000155 0.000626
29 9 0.000214 0.000043 0.000197
30 9 0.000057 0.000011 0.000054
31 9 0.000013 0.000002 0.000013
32 9 0.000003 0.000000 0.000003
33 9 0.000001 0.000000 0.000001
34 9 0.000000 0.000000 0.000000
35 9 0.000000 0.000000 0.000000
36 9 0.000000 0.000000 0.000000
37 9 0.000000 0.000000 0.000000
38 9 0.000000 0.000000 0.000000
39 9 0.000000 0.000000 0.000000
40 9 0.000000 0.000000 0.000000
41 9 0.000000 0.000000 0.000000
42 9 0.000000 0.000000 0.000000
43 9 0.000000 0.000000 0.000000
44 9 0.000000 0.000000 0.000000
45 9 0.000000 0.000000 0.000000
46 9 0.000000 0.000000 0.000000
47 9 0.000000 0.000000 0.000000
48 9 0.000000 0.000000 0.000000
49 9 0.000000 0.000000 0.000000

0 10 0.000000 0.000000 0.000000
1 10 0.008524 0.003460 -0.000588
2 10 0.016450 0.005570 0.000555
3 10 0.025378 0.006280 0.001758
4 10 0.030949 0.002189 0.005124
5 10 0.031212 -0.005088 0.005773
6 10 0.022991 -0.019039 0.008403
7 10 -0.005713 -0.033439 0.002342
8 10 -0.036191 -0.042921 -0.005149
9 10 -0.078000 -0.039610 -0.018984
10 10 -0.080830 -0.010299 -0.031624
11 10 -0.031919 0.026220 -0.018120
12 10 0.034305 0.053825 0.004604
13 10 0.107423 0.049064 0.037970
14 10 0.084038 -0.007394 0.051806
15 10 -0.054898 -0.056266 -0.004789
16 10 -0.116960 -0.034015 -0.062819
17 10 -0.022685 0.020086 -0.033854
18 10 0.072354 0.034971 0.031161
19 10 0.055290 0.009100 0.041930
20 10 -0.013647 -0.014761 0.003794
21 10 -0.044463 -0.015926 -0.024987
22 10 -0.027221 -0.004743 -0.021699
23 10 0.000850 0.004156 -0.004141
24 10 0.014986 0.006469 0.007886
25 10 0.014993 0.004909 0.010104
26 10 0.009596 0.002694 0.007225
27 10 0.004719 0.001183 0.003832
28 10 0.001907 0.000436 0.001643
29 10 0.000656 0.000138 0.000594
30 10 0.000196 0.000038 0.000185
31 10 0.000052 0.000009 0.000051
32 10 0.000012 0.000002 0.000012
33 10 0.000003 0.000000 0.000003
34 10 0.000000 0.000000 0.000001
35 10 0.000000 0.000000 0.000000
36 10 0.000000 0.000000 0.000000
37 10 0.000000 0.000000 0.000000
38 10 0.000000 0.000000 0.000000
39 10 0.000000 0.000000 0.000000
40 10 0.000000 0.000000 0.000000
41 10 0.000000 0.000000 0.000000
42 10 0.000000 0.000000 0.000000
43 10 0.000000 0.000000 0.000000
44 10 0.000000 0.000000 0.000000
45 10 0.000000 0.000000 0.000000
46 10 0.000000 0.000000 0.000000
47 10 0.000000 0.000000 0.000000
48 10 0.000000 0.000000 0.000000
49 10 0.000000 0.000000 0.000000

0 11 0.000000 0.000000 0.000000
1 11 -0.005394 0.003085 -0.005378
2 11 -0.006802 0.007439 -0.005385
3 11 -0.008636 0.013433 -0.006022
4 11 0.002813 0.022417 -0.004975
5 11 0.014317 0.029897 -0.001760
6 11 0.041901 0.037058 0.002887
7 11 0.063117 0.029827 0.015313
8 11 0.065893 0.013125 0.017649
9 11 0.047328 -0.019293 0.021796
10 11 -0.030635 -0.049258 -0.001094
11 11 -0.080283 -0.045189 -0.031972
12 11 -0.078890 -0.017786 -0.036043
13 11 -0.026269 0.029884 -0.024324
14 11 0.088982 0.058746 0.027620
15 11 0.103529 0.016230 0.065514
16 11 -0.033751 -0.041906 0.007729
17 11 -0.106012 -0.034127 -0.060489
18 11 -0.021362 0.012362 -0.034335
19 11 0.064584 0.028200 0.029504
20 11 0.045760 0.007606 0.038176
21 11 -0.016500 -0.012237 0.001019
22 11 -0.040665 -0.012965 -0.024420
23 11 -0.022349 -0.003454 -0.019266
24 11 0.003124 0.003888 -0.002283
25 11 0.014773 0.005622 0.008368
26 11 0.013853 0.004176 0.009751
27 11 0.008601 0.002262 0.006721
28 11 0.004147 0.000985 0.003483
29 11 0.001651 0.000360 0.001469
30 11 0.000561 0.000114 0.000524
31 11 0.000166 0.000031 0.000162
32 11 0.000044 0.000008 0.000044
33 11 0.000010 0.000002 0.000011
34 11 0.000002 0.000000 0.000002
35 11 0.000000 0.000000 0.000000
36 11 0.000000 0.000000 0.000000
37 11 0.000000 0.000000 0.000000
38 11 0.000000 0.000000 0.000000
39 11 0.000000 0.000000 0.000000
40 11 0.000000 0.000000 0.000000
41 11 0.000000 0.000000 0.000000
42 11 0.000000 0.000000 0.000000
43 11 0.000000 0.000000 0.000000
44 11 0.000000 0.000000 0.000000
45 11 0.000000 0.000000 0.000000
46 11 0.000000 0.000000 0.000000
47 11 0.000000 0.000000 0.000000
48 11 0.000000 0.000000 0.000000
49 11 0.000000 0.000000 0.000000

0 12 0.000000 0.000000 0.000000
1 12 -0.005328 -0.006674 0.002375
2 12 -0.013522 -0.012349 0.000572
3 12 -0.022501 -0.018273 0.000268
4 12 -0.039386 -0.019355 -0.006182
5 12 -0.045396 -0.015266 -0.008149
6 12 -0.055596 -0.001964 -0.015933
7 12 -0.024320 0.022742 -0.013636
8 12 0.013417 0.040507 -0.000671
9 12 0.070289 0.050447 0.015569
10 12 0.095021 0.022036 0.042910
11 12 0.020051 -0.022512 0.022506
12 12 -0.053038 -0.041219 -0.017615
13 12 -0.089637 -0.033248 -0.042819
14 12 -0.042118 0.011496 -0.040174
15 12 0.084336 0.047941 0.026159
16 12 0.090937 0.016341 0.066786
17 12 -0.041514 -0.031971 0.002276
18 12 -0.090688 -0.024886 -0.058350
19 12 -0.004515 0.011700 -0.024271
20 12 0.060770 0.021425 0.032216
21 12 0.031505 0.003618 0.031278
22 12 -0.022723 -0.010977 -0.004992
23 12 -0.036500 -0.009892 -0.024014
24 12 -0.015940 -0.001721 -0.015549
25 12 0.006229 0.003861 0.000456
26 12 0.014592 0.004814 0.008982
27 12 0.012457 0.003407 0.009179
28 12 0.007381 0.001795 0.005986
29 12 0.003451 0.000767 0.002997
30 12 0.001344 0.000277 0.001232
31 12 0.000449 0.000086 0.000431
32 12 0.000131 0.000024 0.000131
33 12 0.000034 0.000006 0.000035
34 12 0.000008 0.000001 0.000008
35 12 0.000002 0.000000 0.000002
36 12 0.000000 0.000000 0.000000
37 12 0.000000 0.000000 0.000000
38 12 0.000000 0.000000 0.000000
39 12 0.000000 0.000000 0.000000
40 12 0.000000 0.000000 0.000000
41 12 0.000000 0.000000 0.000000
42 12 0.000000 0.000000 0.000000
43 12 0.000000 0.000000 0.000000
44 12 0.000000 0.000000 0.000000
45 12 0.000000 0.000000 0.000000
46 12 0.000000 0.000000 0.000000
47 12 0.000000 0.000000 0.000000
48 12 0.000000 0.000000 0.000000
49 12 0.000000 0.000000 0.000000

0 13 0.000000 0.000000 0.000000
1 13 0.010774 0.002531 0.000909
2 13 0.018403 0.002091 0.002651
3 13 0.027084 -0.000010 0.004165
4 13 0.023427 -0.011037 0.008222
5 13 0.009263 -0.022708 0.004724
6 13 -0.021632 -0.039283 0.002682
7 13 -0.069580 -0.041213 -0.017961
8 13 -0.079276 -0.021437 -0.027995
9 13 -0.056955 0.013533 -0.030776
10 13 0.041560 0.052497 -0.001001
11 13 0.111082 0.040602 0.049395
12 13 0.059759 -0.006235 0.043840
13 13 -0.044710 -0.038209 -0.003525
14 13 -0.111299 -0.032006 -0.055881
15 13 -0.031852 0.014327 -0.045465
16 13 0.100098 0.039985 0.039807
17 13 0.067639 0.006030 0.062721
18 13 -0.060600 -0.028187 -0.014298
19 13 -0.071955 -0.014494 -0.055200
20 13 0.016788 0.013364 -0.008699
21 13 0.055394 0.015309 0.035186
22 13 0.014866 -0.000572 0.021736
23 13 -0.028712 -0.009921 -0.011910
24 13 -0.030945 -0.006917 -0.022666
25 13 -0.008784 -0.000042 -0.010852
26 13 0.009284 0.003814 0.003453
27 13 0.014103 0.004017 0.009403
28 13 0.010831 0.002660 0.008357
29 13 0.006057 0.001347 0.005096
30 13 0.002722 0.000560 0.002441
31 13 0.001029 0.000198 0.000972
32 13 0.000336 0.000061 0.000332
33 13 0.000096 0.000016 0.000099
34 13 0.000025 0.000004 0.000026
35 13 0.000006 0.000001 0.000006
36 13 0.000001 0.000000 0.000001
37 13 0.000000 0.000000 0.000000
38 13 0.000000 0.000000 0.000000
39 13 0.000000 0.000000 0.000000
40 13 0.000000 0.000000 0.000000
41 13 0.000000 0.000000 0.000000
42 13 0.000000 0.000000 0.000000
43 13 0.000000 0.000000 0.000000
44 13 0.000000 0.000000 0.000000
45 13 0.000000 0.000000 0.000000
46 13 0.000000 0.000000 0.000000
47 13 0.000000 0.000000 0.000000
48 13 0.000000 0.000000 0.000000
49 13 0.000000 0.000000 0.000000

0 14 0.000000 0.000000 0.000000
1 14 -0.001383 0.006699 -0.007945
2 14 0.002734 0.014869 -0.007044
3 14 0.010940 0.023648 -0.006350
4 14 0.034774 0.032838 -0.000237
5 14 0.057680 0.032204 0.008192
6 14 0.079477 0.020148 0.020917
7 14 0.055762 -0.014550 0.026327
8 14 -0.014689 -0.046768 0.006163
9 14 -0.096790 -0.053407 -0.028602
10 14 -0.110995 -0.016609 -0.057501
11 14 -0.004238 0.041760 -0.022878
12 14 0.106032 0.053261 0.042603
13 14 0.097157 0.007140 0.063490
14 14 -0.041814 -0.041428 0.006004
15 14 -0.125327 -0.031520 -0.071261
16 14 -0.007291 0.020418 -0.038521
17 14 0.107626 0.033196 0.056435
18 14 0.032317 -0.003737 0.048283
19 14 -0.073769 -0.023905 -0.032761
20 14 -0.044941 -0.005111 -0.045242
21 14 0.035297 0.013770 0.008583
22 14 0.044241 0.009355 0.034257
23 14 -0.002226 -0.003820 0.009981
24 14 -0.031822 -0.008406 -0.017633
25 14 -0.023530 -0.004140 -0.019551
26 14 -0.001670 0.001286 -0.005587
27 14 0.011604 0.003595 0.006130
28 14 0.013098 0.003223 0.009384
29 14 0.009037 0.001979 0.007294
30 14 0.004739 0.000955 0.004133
31 14 0.002035 0.000383 0.001883
32 14 0.000742 0.000132 0.000722
33 14 0.000236 0.000040 0.000239
34 14 0.000066 0.000011 0.000070
35 14 0.000017 0.000003 0.000018
36 14 0.000004 0.000001 0.000004
37 14 0.000001 0.000000 0.000001
38 14 0.000000 0.000000 0.000000
39 14 0.000000 0.000000 0.000000
40 14 0.000000 0.000000 0.000000
41 14 0.000000 0.000000 0.000000
42 14 0.000000 0.000000 0.000000
43 14 0.000000 0.000000 0.000000
44 14 0.000000 0.000000 0.000000
45 14 0.000000 0.000000 0.000000
46 14 0.000000 0.000000 0.000000
47 14 0.000000 0.000000 0.000000
48 14 0.000000 0.000000 0.000000
49 14 0.000000 0.000000 0.000000

0 15 0.000000 0.000000 0.000000
1 15 -0.013657 -0.007496 -0.000172
2 15 -0.028521 -0.012977 -0.002387
3 15 -0.046749 -0.013335 -0.007633
4 15 -0.056303 -0.003793 -0.014546
5 15 -0.048210 0.018968 -0.019151
6 15 0.003758 0.047396 -0.011871
7 15 0.077376 0.061009 0.017457
8 15 0.119605 0.035396 0.045866
9 15 0.061663 -0.021141 0.044356
10 15 -0.072976 -0.058080 -0.017721
11 15 -0.114758 -0.036747 -0.065563
12 15 -0.029708 0.019309 -0.035507
13 15 0.090098 0.048712 0.035863
14 15 0.089621 0.013246 0.069265
15 15 -0.061871 -0.035687 -0.005626
16 15 -0.104625 -0.021455 -0.076361
17 15 0.037017 0.022828 -0.010832
18 15 0.093065 0.020978 0.065196
19 15 -0.012452 -0.011047 0.020481
20 15 -0.072215 -0.016648 -0.045406
21 15 -0.011796 0.002562 -0.026674
22 15 0.045195 0.011913 0.023117
23 15 0.026947 0.003782 0.027406
24 15 -0.016923 -0.005603 -0.002329
25 15 -0.030566 -0.006337 -0.020476
26 15 -0.014682 -0.001742 -0.014554
27 15 0.004544 0.002114 -0.000381
28 15 0.012765 0.003168 0.008031
29 15 0.011554 0.002456 0.008819
30 15 0.007187 0.001393 0.006055
31 15 0.003522 0.000636 0.003180
32 15 0.001438 0.000245 0.001371
33 15 0.000504 0.000082 0.000504
34 15 0.000155 0.000024 0.000161
35 15 0.000042 0.000006 0.000046
36 15 0.000010 0.000001 0.000012
37 15 0.000002 0.000000 0.000003
38 15 0.000000 0.000000 0.000001
39 15 0.000000 0.000000 0.000000
40 15 0.000000 0.000000 0.000000
41 15 0.000000 0.000000 0.000000
42 15 0.000000 0.000000 0.000000
43 15 0.000000 0.000000 0.000000
44 15 0.000000 0.000000 0.000000
45 15 0.000000 0.000000 0.000000
46 15 0.000000 0.000000 0.000000
47 15 0.000000 0.000000 0.000000
48 15 0.000000 0.000000 0.000000
49 15 0.000000 0.000000 0.000000

0 16 0.000000 0.000000 0.000000
1 16 0.013388 -0.002287 0.004846
2 16 0.023148 -0.008259 0.006558
3 16 0.018254 -0.022485 0.010239
4 16 -0.009087 -0.040691 0.005571
5 16 -0.062147 -0.054824 -0.006636
6 16 -0.113766 -0.039911 -0.037178
7 16 -0.084605 0.006249 -0.043426
8 16 0.015554 0.054592 -0.010923
9 16 0.126424 0.057989 0.052547
10 16 0.079294 0.001568 0.065628
11 16 -0.067785 -0.040563 -0.015076
12 16 -0.102692 -0.025751 -0.067328
13 16 -0.000611 0.015666 -0.029515
14 16 0.108251 0.031853 0.053173
15 16 0.041594 -0.001805 0.058330
16 16 -0.101462 -0.028635 -0.040979
17 16 -0.055813 -0.003271 -0.064524
18 16 0.078642 0.022605 0.028109
19 16 0.055535 0.006873 0.057316
20 16 -0.049759 -0.014200 -0.012380
21 16 -0.052162 -0.008017 -0.044940
22 16 0.018876 0.007107 -0.003406
23 16 0.042476 0.008177 0.029985
24 16 0.006507 -0.000622 0.015244
25 16 -0.026197 -0.005793 -0.012576
26 16 -0.024815 -0.003992 -0.019532
27 16 -0.005546 0.000073 -0.008291
28 16 0.009104 0.002419 0.004041
29 16 0.012642 0.002585 0.008896
30 16 0.009608 0.001759 0.007754
31 16 0.005416 0.000921 0.004751
32 16 0.002477 0.000397 0.002312
33 16 0.000959 0.000146 0.000942
34 16 0.000322 0.000047 0.000330
35 16 0.000095 0.000013 0.000102
36 16 0.000025 0.000003 0.000028
37 16 0.000006 0.000001 0.000007
38 16 0.000001 0.000000 0.000002
39 16 0.000000 0.000000 0.000000
40 16 0.000000 0.000000 0.000000
41 16 0.000000 0.000000 0.000000
42 16 0.000000 0.000000 0.000000
43 16 0.000000 0.000000 0.000000
44 16 0.000000 0.000000 0.000000
45 16 0.000000 0.000000 0.000000
46 16 0.000000 0.000000 0.000000
47 16 0.000000 0.000000 0.000000
48 16 0.000000 0.000000 0.000000
49 16 0.000000 0.000000 0.000000

0 17 0.000000 0.000000 0.000000
1 17 0.007266 0.014913 -0.012744
2 17 0.021801 0.029642 -0.010123
3 17 0.055296 0.041101 -0.000241
4 17 0.089002 0.034950 0.017190
5 17 0.094712 0.003456 0.035470
6 17 0.012950 -0.046444 0.023047
7 17 -0.101773 -0.063200 -0.032501
8 17 -0.125235 -0.024797 -0.069358
9 17 0.000105 0.036244 -0.030668
10 17 0.130967 0.049333 0.061964
11 17 0.068668 -0.003382 0.067055
12 17 -0.085010 -0.039738 -0.023990
13 17 -0.107785 -0.013510 -0.076159
14 17 0.041904 0.028482 -0.010591
15 17 0.119017 0.022310 0.077834
16 17 -0.021682 -0.016982 0.026924
17 17 -0.108354 -0.020490 -0.070146
18 17 0.009543 0.009937 -0.029208
19 17 0.086157 0.016612 0.055262
20 17 0.003077 -0.003799 0.029090
21 17 -0.062962 -0.011801 -0.036458
22 17 -0.018264 -0.000378 -0.029036
23 17 0.037437 0.007841 0.017046
24 17 0.027682 0.003705 0.026575
25 17 -0.012055 -0.003208 0.000878
26 17 -0.028248 -0.004690 -0.018326
27 17 -0.015832 -0.001800 -0.015035
28 17 0.002469 0.001187 -0.001877
29 17 0.011587 0.002285 0.007090
30 17 0.011403 0.001939 0.008706
31 17 0.007494 0.001175 0.006354
32 17 0.003849 0.000568 0.003506
33 17 0.001643 0.000231 0.001583
34 17 0.000602 0.000081 0.000608
35 17 0.000193 0.000025 0.000203
36 17 0.000055 0.000007 0.000060
37 17 0.000014 0.000002 0.000016
38 17 0.000003 0.000000 0.000004
39 17 0.000001 0.000000 0.000001
40 17 0.000000 0.000000 0.000000
41 17 0.000000 0.000000 0.000000
42 17 0.000000 0.000000 0.000000
43 17 0.000000 0.000000 0.000000
44 17 0.000000 0.000000 0.000000
45 17 0.000000 0.000000 0.000000
46 17 0.000000 0.000000 0.000000
47 17 0.000000 0.000000 0.000000
48 17 0.000000 0.000000 0.000000
49 17 0.000000 0.000000 0.000000

0 18 0.000000 0.000000 0.000000
1 18 -0.026911 -0.007879 -0.006319
2 18 -0.054986 -0.007951 -0.012957
3 18 -0.066049 0.009391 -0.024283
4 18 -0.028672 0.045779 -0.025939
5 18 0.076275 0.072031 0.008076
6 18 0.145201 0.049227 0.062203
7 18 0.071953 -0.017891 0.057561
8 18 -0.095393 -0.059388 -0.023169
9 18 -0.137511 -0.026411 -0.088713
10 18 0.020572 0.032000 -0.022619
11 18 0.118837 0.039783 0.071731
12 18 0.033695 -0.003537 0.050065
13 18 -0.095148 -0.032563 -0.042578
14 18 -0.062381 -0.006367 -0.066724
15 18 0.089971 0.025709 0.030335
16 18 0.067103 0.007989 0.072783
17 18 -0.083711 -0.018951 -0.025871
18 18 -0.060771 -0.006201 -0.065538
19 18 0.065407 0.013995 0.019743
20 18 0.052355 0.006141 0.053561
21 18 -0.041977 -0.008554 -0.008556
22 18 -0.047048 -0.005835 -0.040696
23 18 0.015841 0.004221 -0.004150
24 18 0.038203 0.005619 0.027127
25 18 0.006430 -0.000077 0.014522
26 18 -0.023825 -0.003872 -0.011292
27 18 -0.023394 -0.002924 -0.018467
28 18 -0.005824 -0.000140 -0.008320
29 18 0.008204 0.001629 0.003497
30 18 0.012022 0.001868 0.008505
31 18 0.009423 0.001330 0.007674
32 18 0.005463 0.000724 0.004841
33 18 0.002569 0.000324 0.002424
34 18 0.001024 0.000124 0.001016
35 18 0.000354 0.000041 0.000367
36 18 0.000108 0.000012 0.000117
37 18 0.000030 0.000003 0.000033
38 18 0.000007 0.000001 0.000008
39 18 0.000002 0.000000 0.000002
40 18 0.000000 0.000000 0.000000
41 18 0.000000 0.000000 0.000000
42 18 0.000000 0.000000 0.000000
43 18 0.000000 0.000000 0.000000
44 18 0.000000 0.000000 0.000000
45 18 0.000000 0.000000 0.000000
46 18 0.000000 0.000000 0.000000
47 18 0.000000 0.000000 0.000000
48 18 0.000000 0.000000 0.000000
49 18 0.000000 0.000000 0.000000

0 19 0.000000 0.000000 0.000000
1 19 0.014678 -0.012353 0.011417
2 19 0.005851 -0.035102 0.015406
3 19 -0.054052 -0.060123 0.002950
4 19 -0.139017 -0.055710 -0.037828
5 19 -0.129280 0.002174 -0.070798
6 19 0.031833 0.063753 -0.013161
7 19 0.152467 0.060003 0.075961
8 19 0.074786 -0.003617 0.073920
9 19 -0.109541 -0.045689 -0.038218
10 19 -0.095059 -0.013094 -0.086830
11 19 0.074012 0.025545 0.013439
12 19 0.098394 0.014143 0.078496
13 19 -0.042730 -0.014282 0.011615
14 19 -0.111413 -0.013741 -0.073819
15 19 0.025366 0.012040 -0.025916
16 19 0.112034 0.015287 0.074110
17 19 -0.020621 -0.008571 0.028149
18 19 -0.097331 -0.012792 -0.065905
19 19 0.014143 0.005884 -0.024169
20 19 0.075972 0.010210 0.051845
21 19 -0.003141 -0.002512 0.023032
22 19 -0.056479 -0.007304 -0.034890
23 19 -0.012085 -0.000009 -0.024023
24 19 0.035283 0.005043 0.017603
25 19 0.023015 0.002266 0.023653
26 19 -0.013092 -0.002181 -0.000794
27 19 -0.026295 -0.003100 -0.017634
28 19 -0.014007 -0.001184 -0.013750
29 19 0.002892 0.000807 -0.001299
30 19 0.011133 0.001559 0.006989
31 19 0.010846 0.001342 0.008411
32 19 0.007154 0.000827 0.006148
33 19 0.003710 0.000408 0.003421
34 19 0.001604 0.000170 0.001564
35 19 0.000597 0.000061 0.000610
36 19 0.000195 0.000019 0.000208
37 19 0.000057 0.000005 0.000063
38 19 0.000015 0.000001 0.000017
39 19 0.000004 0.000000 0.000004
40 19 0.000001 0.000000 0.000001
41 19 0.000000 0.000000 0.000000
42 19 0.000000 0.000000 0.000000
43 19 0.000000 0.000000 0.000000
44 19 0.000000 0.000000 0.000000
45 19 0.000000 0.000000 0.000000
46 19 0.000000 0.000000 0.000000
47 19 0.000000 0.000000 0.000000
48 19 0.000000 0.000000 0.000000
49 19 0.000000 0.000000 0.000000

0 20 0.000000 0.000000 0.000000
1 20 0.036846 0.032428 -0.023946
2 20 0.103108 0.048137 0.001462
3 20 0.142192 0.015231 0.047837
4 20 0.041888 -0.050906 0.045302
5 20 -0.138404 -0.077683 -0.045968
6 20 -0.147265 -0.023408 -0.099658
7 20 0.041712 0.041734 -0.013308
8 20 0.148217 0.036987 0.094203
9 20 0.000625 -0.013095 0.048730
10 20 -0.132525 -0.028782 -0.074039
11 20 -0.031451 0.007096 -0.056254
12 20 0.106554 0.028278 0.052437
13 20 0.056777 0.001810 0.066308
14 20 -0.095642 -0.022133 -0.036140
15 20 -0.061965 -0.004156 -0.071249
16 20 0.094693 0.016985 0.035636
17 20 0.051535 0.003926 0.067739
18 20 -0.086558 -0.011978 -0.034659
19 20 -0.041149 -0.002482 -0.055960
20 20 0.067513 0.008745 0.028252
21 20 0.035695 0.002662 0.044938
22 20 -0.045613 -0.005517 -0.016042
23 20 -0.035938 -0.002873 -0.035546
24 20 0.021338 0.003013 0.002243
25 20 0.033141 0.003212 0.025907
26 20 0.000768 -0.000423 0.010063
27 20 -0.024055 -0.002508 -0.012908
28 20 -0.020449 -0.001716 -0.017000
29 20 -0.003514 0.000042 -0.006438
30 20 0.008708 0.001096 0.004287
31 20 0.011473 0.001202 0.008362
32 20 0.008724 0.000847 0.007242
33 20 0.004996 0.000461 0.004496
34 20 0.002341 0.000208 0.002238
35 20 0.000934 0.000080 0.000939
36 20 0.000325 0.000027 0.000341
37 20 0.000100 0.000008 0.000109
38 20 0.000028 0.000002 0.000031
39 20 0.000007 0.000001 0.000008
40 20 0.000002 0.000000 0.000002
41 20 0.000000 0.000000 0.000000
42 20 0.000000 0.000000 0.000000
43 20 0.000000 0.000000 0.000000
44 20 0.000000 0.000000 0.000000
45 20 0.000000 0.000000 0.000000
46 20 0.000000 0.000000 0.000000
47 20 0.000000 0.000000 0.000000
48 20 0.000000 0.000000 0.000000
49 20 0.000000 0.000000 0.000000

0 21 0.000000 0.000000 0.000000
1 21 -0.076137 0.010922 -0.042238
2 21 -0.069023 0.059423 -0.060290
3 21 0.089076 0.102463 -0.003019
4 21 0.206173 0.066391 0.101434
5 21 0.054763 -0.019200 0.075681
6 21 -0.148204 -0.050982 -0.066105
7 21 -0.100719 -0.006134 -0.095951
8 21 0.105545 0.036450 0.030319
9 21 0.108512 0.014816 0.099882
10 21 -0.080878 -0.018991 -0.013602
11 21 -0.090621 -0.012169 -0.083291
12 21 0.059406 0.008429 0.004238
13 21 0.091335 0.009468 0.075225
14 21 -0.048842 -0.005507 0.009319
15 21 -0.101016 -0.007341 -0.076151
16 21 0.048434 0.007142 -0.010178
17 21 0.094956 0.007295 0.076217
18 21 -0.047248 -0.006160 0.006415
19 21 -0.078634 -0.005797 -0.065405
20 21 0.036879 0.004677 -0.003954
21 21 0.061616 0.004786 0.051192
22 21 -0.021185 -0.002531 0.007537
23 21 -0.049242 -0.003691 -0.036321
24 21 0.001674 0.000836 -0.013739
25 21 0.035038 0.002895 0.021488
26 21 0.014322 0.000798 0.018634
27 21 -0.017503 -0.001545 -0.005600
28 21 -0.024085 -0.001713 -0.017554
29 21 -0.010023 -0.000484 -0.011053
30 21 0.005004 0.000600 0.000758
31 21 0.011147 0.000943 0.007467
32 21 0.009979 0.000771 0.007964
33 21 0.006329 0.000464 0.005548
34 21 0.003209 0.000226 0.003007
35 21 0.001369 0.000093 0.001353
36 21 0.000506 0.000034 0.000523
37 21 0.000165 0.000011 0.000177
38 21 0.000048 0.000003 0.000053
39 21 0.000013 0.000001 0.000014
40 21 0.000003 0.000000 0.000004
41 21 0.000001 0.000000 0.000001
42 21 0.000000 0.000000 0.000000
43 21 0.000000 0.000000 0.000000
44 21 0.000000 0.000000 0.000000
45 21 0.000000 0.000000 0.000000
46 21 0.000000 0.000000 0.000000
47 21 0.000000 0.000000 0.000000
48 21 0.000000 0.000000 0.000000
49 21 0.000000 0.000000 0.000000

0 22 0.000000 0.000000 0.000000
1 22 -0.048696 -0.064967 0.037956
2 22 -0.220155 -0.071658 -0.055022
3 22 -0.180369 0.009723 -0.116019
4 22 0.093747 0.073448 0.014290
5 22 0.182812 0.043506 0.135905
6 22 -0.029501 -0.019479 0.037473
7 22 -0.151423 -0.025792 -0.099135
8 22 0.010362 0.007284 -0.044010
9 22 0.135509 0.018018 0.088554
10 22 -0.005637 -0.004751 0.047045
11 22 -0.121985 -0.013525 -0.072568
12 22 -0.014363 0.007014 -0.046307
13 22 0.111131 0.014976 0.060877
14 22 0.026610 -0.002855 0.055186
15 22 -0.110105 -0.012001 -0.056570
16 22 -0.019164 0.001149 -0.053218
17 22 0.104866 0.008826 0.059236
18 22 0.006672 -0.000655 0.044337
19 22 -0.089917 -0.005934 -0.053849
20 22 -0.003358 0.000734 -0.033724
21 22 0.069328 0.004337 0.042642
22 22 0.007943 -0.000036 0.028470
23 22 -0.050236 -0.002933 -0.027813
24 22 -0.018158 -0.000596 -0.026260
25 22 0.029438 0.001880 0.012339
26 22 0.024932 0.001246 0.023411
27 22 -0.008249 -0.000624 0.002636
28 22 -0.024574 -0.001316 -0.015546
29 22 -0.015741 -0.000686 -0.014496
30 22 0.000476 0.000192 -0.003125
31 22 0.009867 0.000624 0.005806
32 22 0.010775 0.000606 0.008215
33 22 0.007603 0.000405 0.006480
34 22 0.004165 0.000213 0.003822
35 22 0.001894 0.000094 0.001840
36 22 0.000740 0.000036 0.000754
37 22 0.000254 0.000012 0.000269
38 22 0.000077 0.000004 0.000085
39 22 0.000021 0.000001 0.000024
40 22 0.000005 0.000000 0.000006
41 22 0.000001 0.000000 0.000001
42 22 0.000000 0.000000 0.000000
43 22 0.000000 0.000000 0.000000
44 22 0.000000 0.000000 0.000000
45 22 0.000000 0.000000 0.000000
46 22 0.000000 0.000000 0.000000
47 22 0.000000 0.000000 0.000000
48 22 0.000000 0.000000 0.000000
49 22 0.000000 0.000000 0.000000

0 23 0.000000 0.000000 0.000000
1 23 0.274855 0.027455 0.020241
2 23 0.025484 -0.068426 0.075150
3 23 -0.240520 -0.066954 -0.125449
4 23 -0.084946 0.002668 -0.110155
5 23 0.162229 0.033172 0.087589
6 23 0.071802 0.008043 0.105065
7 23 -0.133222 -0.014732 -0.051976
8 23 -0.077365 -0.000740 -0.090359
9 23 0.119557 0.014305 0.048480
10 23 0.064558 0.004543 0.085036
11 23 -0.098320 -0.005628 -0.039128
12 23 -0.053981 -0.004532 -0.068926
13 23 0.085863 0.001025 0.030220
14 23 0.061931 0.002413 0.070703
15 23 -0.088598 -0.001751 -0.025062
16 23 -0.063758 -0.000931 -0.072227
17 23 0.089323 0.003496 0.030003
18 23 0.051878 0.001033 0.066439
19 23 -0.079675 -0.003205 -0.030294
20 23 -0.040241 -0.000884 -0.053357
21 23 0.061113 0.002469 0.024751
22 23 0.034147 0.000964 0.042252
23 23 -0.040993 -0.001536 -0.013676
24 23 -0.034090 -0.000967 -0.033245
25 23 0.018621 0.000804 0.001050
26 23 0.031224 0.001012 0.024104
27 23 0.001922 -0.000036 0.010320
28 23 -0.022209 -0.000741 -0.011576
29 23 -0.020054 -0.000573 -0.016430
30 23 -0.004357 -0.000043 -0.006899
31 23 0.007768 0.000315 0.003570
32 23 0.011034 0.000380 0.007969
33 23 0.008720 0.000282 0.007212
34 23 0.005158 0.000161 0.004631
35 23 0.002492 0.000075 0.002379
36 23 0.001026 0.000030 0.001030
37 23 0.000369 0.000011 0.000386
38 23 0.000117 0.000003 0.000128
39 23 0.000034 0.000001 0.000038
40 23 0.000009 0.000000 0.000010
41 23 0.000002 0.000000 0.000002
42 23 0.000000 0.000000 0.000001
43 23 0.000000 0.000000 0.000000
44 23 0.000000 0.000000 0.000000
45 23 0.000000 0.000000 0.000000
46 23 0.000000 0.000000 0.000000
47 23 0.000000 0.000000 0.000000
48 23 0.000000 0.000000 0.000000
49 23 0.000000 0.000000 0.000000

0 24 0.000000 0.000000 0.000000
1 24 0.393616 0.304976 0.653100
2 24 0.271421 0.070161 0.359840
3 24 -0.131355 -0.006698 0.004611
4 24 -0.162819 -0.006774 -0.141194
5 24 0.106558 0.009343 0.022037
6 24 0.135326 0.005949 0.126544
7 24 -0.081417 -0.003360 -0.001662
8 24 -0.116908 -0.004000 -0.100891
9 24 0.077233 0.000025 0.005071
10 24 0.105257 0.001100 0.094961
11 24 -0.064660 -0.004374 -0.001079
12 24 -0.100634 -0.002315 -0.079853
13 24 0.043439 0.006114 -0.006178
14 24 0.101360 0.004398 0.077205
15 24 -0.042557 -0.003119 0.012560
16 24 -0.097836 -0.003212 -0.077102
17 24 0.051796 0.001272 -0.005097
18 24 0.083672 0.001679 0.073520
19 24 -0.053009 -0.000721 -0.001583
20 24 -0.066939 -0.000845 -0.061119
21 24 0.041719 0.000572 0.003063
22 24 0.052913 0.000596 0.047622
23 24 -0.025226 -0.000333 0.002281
24 24 -0.044094 -0.000460 -0.034499
25 24 0.005297 0.000120 -0.010072
26 24 0.033027 0.000372 0.021330
27 24 0.011502 0.000099 0.016455
28 24 -0.017689 -0.000204 -0.006447
29 24 -0.022686 -0.000226 -0.016839
30 24 -0.009020 -0.000066 -0.010198
31 24 0.005074 0.000078 0.001001
32 24 0.010757 0.000126 0.007267
33 24 0.009609 0.000105 0.007696
34 24 0.006130 0.000064 0.005384
35 24 0.003139 0.000032 0.002945
36 24 0.001357 0.000014 0.001341
37 24 0.000509 0.000005 0.000526
38 24 0.000169 0.000002 0.000181
39 24 0.000050 0.000000 0.000056
40 24 0.000013 0.000000 0.000015
41 24 0.000003 0.000000 0.000004
42 24 0.000001 0.000000 0.000001
43 24 0.000000 0.000000 0.000000
44 24 0.000000 0.000000 0.000000
45 24 0.000000 0.000000 0.000000
46 24 0.000000 0.000000 0.000000
47 24 0.000000 0.000000 0.000000
48 24 0.000000 0.000000 0.000000
49 24 0.000000 0.000000 0.000000

0 25 0.000000 0.000000 0.000000
1 25 0.279609 -0.323501 -0.094929
2 25 0.240197 -0.095600 0.156378
3 25 -0.105672 -0.004609 -0.005825
4 25 -0.196435 0.008753 -0.148263
5 25 0.060036 -0.006486 -0.016600
6 25 0.153758 -0.008643 0.122948
7 25 -0.039470 0.000958 0.032085
8 25 -0.142859 0.003309 -0.096143
9 25 0.027562 0.000499 -0.030947
10 25 0.124347 -0.001613 0.091468
11 25 -0.030146 0.003245 0.028047
12 25 -0.105610 0.005363 -0.074777
13 25 0.021740 -0.003006 -0.026624
14 25 0.107171 -0.006416 0.069032
15 25 -0.014106 0.000368 0.034559
16 25 -0.110787 0.003771 -0.069449
17 25 0.017547 0.000121 -0.031373
18 25 0.100311 -0.001855 0.069121
19 25 -0.022160 0.000125 0.023773
20 25 -0.082104 0.001017 -0.059224
21 25 0.017625 -0.000259 -0.017393
22 25 0.063168 -0.000732 0.045856
23 25 -0.006879 0.000119 0.017057
24 25 -0.048033 0.000521 -0.031128
25 25 -0.008178 0.000036 -0.019464
26 25 0.031028 -0.000360 0.016180
27 25 0.019500 -0.000193 0.020592
28 25 -0.011873 0.000143 -0.000945
29 25 -0.023666 0.000242 -0.015939
30 25 -0.013157 0.000114 -0.012803
31 25 0.002048 -0.000046 -0.001658
32 25 0.010007 -0.000119 0.006204
33 25 0.010232 -0.000112 0.007919
34 25 0.007036 -0.000074 0.006042
35 25 0.003806 -0.000039 0.003508
36 25 0.001721 -0.000017 0.001676
37 25 0.000671 -0.000007 0.000685
38 25 0.000231 -0.000002 0.000245
39 25 0.000071 -0.000001 0.000078
40 25 0.000020 -0.000000 0.000022
41 25 0.000005 -0.000000 0.000006
42 25 0.000001 -0.000000 0.000001
43 25 0.000000 -0.000000 0.000000
44 25 0.000000 -0.000000 0.000000
45 25 0.000000 -0.000000 0.000000
46 25 0.000000 -0.000000 0.000000
47 25 0.000000 -0.000000 0.000000
48 25 0.000000 -0.000000 0.000000
49 25 0.000000 0.000000 0.000000

0 26 0.000000 0.000000 0.000000
1 26 0.149185 -0.157556 0.006705
2 26 0.091780 -0.065959 0.072664
3 26 -0.156441 0.036383 -0.038994
4 26 -0.199971 0.040961 -0.134689
5 26 0.046995 -0.007955 -0.018977
6 26 0.164364 -0.022017 0.118265
7 26 -0.012410 0.001526 0.047188
8 26 -0.144112 0.014923 -0.088863
9 26 0.004260 -0.001586 -0.048522
10 26 0.132520 -0.011615 0.082140
11 26 0.005958 -0.001367 0.048698
12 26 -0.108043 0.002694 -0.063745
13 26 -0.022311 -0.001358 -0.048042
14 26 0.097573 -0.001907 0.052495
15 26 0.027044 0.001909 0.054999
16 26 -0.102789 0.003583 -0.051787
17 26 -0.018795 -0.001225 -0.052232
18 26 0.100079 -0.004161 0.055505
19 26 0.008553 0.000337 0.043769
20 26 -0.085650 0.003218 -0.050116
21 26 -0.006492 -0.000108 -0.034013
22 26 0.065596 -0.002384 0.039024
23 26 0.010961 -0.000261 0.028943
24 26 -0.046912 0.001571 -0.024729
25 26 -0.020184 0.000532 -0.026396
26 26 0.026338 -0.000942 0.009813
27 26 0.025471 -0.000796 0.022752
28 26 -0.005568 0.000222 0.004311
29 26 -0.023249 0.000725 -0.014083
30 26 -0.016562 0.000459 -0.014639
31 26 -0.001059 -0.000036 -0.004204
32 26 0.008895 -0.000324 0.004901
33 26 0.010588 -0.000351 0.007901
34 26 0.007837 -0.000250 0.006580
35 26 0.004463 -0.000139 0.004043
36 26 0.002103 -0.000064 0.002018
37 26 0.000850 -0.000026 0.000856
38 26 0.000302 -0.000009 0.000317
39 26 0.000095 -0.000003 0.000104
40 26 0.000027 -0.000001 0.000030
41 26 0.000007 -0.000000 0.000008
42 26 0.000002 -0.000000 0.000002
43 26 0.000000 -0.000000 0.000000
44 26 0.000000 -0.000000 0.000000
45 26 0.000000 -0.000000 0.000000
46 26 0.000000 -0.000000 0.000000
47 26 0.000000 -0.000000 0.000000
48 26 0.000000 -0.000000 0.000000
49 26 0.000000 0.000000 0.000000

0 27 0.000000 0.000000 0.000000
1 27 0.030614 -0.049198 0.026066
2 27 -0.047831 0.013237 0.021709
3 27 -0.186745 0.081638 -0.057750
4 27 -0.150787 0.054187 -0.098532
5 27 0.081788 -0.021497 0.007314
6 27 0.170214 -0.043084 0.116378
7 27 -0.010688 -0.002319 0.041777
8 27 -0.143817 0.020236 -0.085076
9 27 -0.019294 -0.000931 -0.057030
10 27 0.127883 -0.016936 0.072493
11 27 0.021245 -0.003065 0.060139
12 27 -0.115037 0.014450 -0.058459
13 27 -0.035222 0.006963 -0.057701
14 27 0.104175 -0.010664 0.046145
15 27 0.050192 -0.007068 0.065508
16 27 -0.101199 0.007136 -0.040024
17 27 -0.047800 0.003798 -0.065692
18 27 0.095865 -0.006262 0.041789
19 27 0.035627 -0.002159 0.057971
20 27 -0.082468 0.004952 -0.038387
21 27 -0.028077 0.001316 -0.046208
22 27 0.062512 -0.003767 0.029688
23 27 0.026546 -0.001392 0.037496
24 27 -0.042315 0.002371 -0.016917
25 27 -0.029926 0.001469 -0.030840
26 27 0.020136 -0.001230 0.003208
27 27 0.029422 -0.001567 0.023263
28 27 0.000583 0.000027 0.008924
29 27 -0.021805 0.001139 -0.011658
30 27 -0.019172 0.000917 -0.015754
31 27 -0.004040 0.000104 -0.006492
32 27 0.007552 -0.000470 0.003485
33 27 0.010705 -0.000594 0.007687
34 27 0.008514 -0.000454 0.006990
35 27 0.005085 -0.000265 0.004528
36 27 0.002487 -0.000127 0.002353
37 27 0.001038 -0.000052 0.001032
38 27 0.000379 -0.000019 0.000393
39 27 0.000123 -0.000006 0.000132
40 27 0.000036 -0.000002 0.000040
41 27 0.000009 -0.000000 0.000011
42 27 0.000002 -0.000000 0.000003
43 27 0.000001 -0.000000 0.000001
44 27 0.000000 -0.000000 0.000000
45 27 0.000000 -0.000000 0.000000
46 27 0.000000 -0.000000 0.000000
47 27 0.000000 -0.000000 0.000000
48 27 0.000000 -0.000000 0.000000
49 27 0.000000 0.000000 0.000000

0 28 0.000000 0.000000 0.000000
1 28 -0.034122 0.013493 0.006451
2 28 -0.101002 0.062661 -0.011770
3 28 -0.144302 0.086137 -0.053443
4 28 -0.052674 0.030194 -0.049781
5 28 0.131723 -0.049858 0.040851
6 28 0.150282 -0.054683 0.103518
7 28 -0.036523 0.004123 0.019152
8 28 -0.149956 0.033842 -0.088170
9 28 -0.019263 0.006114 -0.054207
10 28 0.134199 -0.022959 0.072131
11 28 0.033621 -0.005244 0.063751
12 28 -0.102925 0.015809 -0.052256
13 28 -0.040901 0.001112 -0.058967
14 28 0.084965 -0.015277 0.034655
15 28 0.056148 -0.004260 0.065287
16 28 -0.085934 0.012179 -0.026185
17 28 -0.062128 0.005243 -0.069436
18 28 0.085527 -0.009581 0.027881
19 28 0.054282 -0.004819 0.065256
20 28 -0.075161 0.006758 -0.026344
21 28 -0.044987 0.003483 -0.053811
22 28 0.056315 -0.004820 0.019874
23 28 0.038994 -0.003053 0.042921
24 28 -0.035891 0.002803 -0.009001
25 28 -0.037245 0.002676 -0.033191
26 28 0.013455 -0.001188 -0.002941
27 28 0.031658 -0.002385 0.022603
28 28 0.006151 -0.000402 0.012709
29 28 -0.019741 0.001441 -0.009024
30 28 -0.021039 0.001435 -0.016275
31 28 -0.006745 0.000357 -0.008440
32 28 0.006113 -0.000549 0.002072
33 28 0.010635 -0.000828 0.007335
34 28 0.009062 -0.000678 0.007278
35 28 0.005651 -0.000413 0.004950
36 28 0.002857 -0.000206 0.002665
37 28 0.001226 -0.000087 0.001203
38 28 0.000458 -0.000032 0.000470
39 28 0.000152 -0.000011 0.000162
40 28 0.000045 -0.000003 0.000050
41 28 0.000012 -0.000001 0.000014
42 28 0.000003 -0.000000 0.000003
43 28 0.000001 -0.000000 0.000001
44 28 0.000000 -0.000000 0.000000
45 28 0.000000 -0.000000 0.000000
46 28 0.000000 -0.000000 0.000000
47 28 0.000000 -0.000000 0.000000
48 28 0.000000 -0.000000 0.000000
49 28 0.000000 0.000000 0.000000

0 29 0.000000 0.000000 0.000000
1 29 -0.034879 0.028302 -0.015027
2 29 -0.061747 0.053761 -0.023853
3 29 -0.041906 0.041406 -0.032428
4 29 0.057996 -0.022779 -0.003922
5 29 0.157810 -0.077045 0.058238
6 29 0.104195 -0.051571 0.074332
7 29 -0.078095 0.018837 -0.013895
8 29 -0.141204 0.043207 -0.089853
9 29 0.005744 -0.000835 -0.036303
10 29 0.136006 -0.034256 0.074859
11 29 0.031890 -0.010346 0.059957
12 29 -0.110730 0.017587 -0.052879
13 29 -0.058429 0.010347 -0.064132
14 29 0.081607 -0.010017 0.029846
15 29 0.075668 -0.009568 0.070602
16 29 -0.073345 0.008517 -0.015854
17 29 -0.078740 0.008063 -0.073743
18 29 0.073083 -0.009158 0.015570
19 29 0.069336 -0.007452 0.069799
20 29 -0.065757 0.007355 -0.015263
21 29 -0.057880 0.005828 -0.058319
22 29 0.048799 -0.005335 0.010777
23 29 0.048389 -0.004940 0.045990
24 29 -0.028973 0.002856 -0.001821
25 29 -0.042421 0.003992 -0.034056
26 29 0.007066 -0.000855 -0.008234
27 29 0.032635 -0.003166 0.021274
28 29 0.010905 -0.001003 0.015647
29 29 -0.017435 0.001621 -0.006470
30 29 -0.022287 0.001973 -0.016368
31 29 -0.009084 0.000694 -0.010020
32 29 0.004702 -0.000564 0.000758
33 29 0.010440 -0.001044 0.006910
34 29 0.009488 -0.000912 0.007461
35 29 0.006146 -0.000579 0.005299
36 29 0.003196 -0.000297 0.002942
37 29 0.001404 -0.000129 0.001361
38 29 0.000536 -0.000049 0.000543
39 29 0.000181 -0.000016 0.000190
40 29 0.000055 -0.000005 0.000060
41 29 0.000015 -0.000001 0.000017
42 29 0.000004 -0.000000 0.000004
43 29 0.000001 -0.000000 0.000001
44 29 0.000000 -0.000000 0.000000
45 29 0.000000 -0.000000 0.000000
46 29 0.000000 -0.000000 0.000000
47 29 0.000000 -0.000000 0.000000
48 29 0.000000 -0.000000 0.000000
49 29 0.000000 0.000000 0.000000

0 30 0.000000 0.000000 0.000000
1 30 -0.003077 0.010156 -0.018207
2 30 0.007498 0.007886 -0.016210
3 30 0.049191 -0.021406 -0.007104
4 30 0.109611 -0.067919 0.022610
5 30 0.120657 -0.078972 0.049328
6 30 0.018618 -0.025876 0.031960
7 30 -0.127414 0.043588 -0.046901
8 30 -0.118899 0.046104 -0.079748
9 30 0.033403 -0.009090 -0.010498
10 30 0.132522 -0.038169 0.077886
11 30 0.015518 -0.006894 0.049505
12 30 -0.119861 0.029199 -0.060448
13 30 -0.043445 0.014123 -0.059517
14 30 0.095420 -0.021214 0.037176
15 30 0.072020 -0.017854 0.068429
16 30 -0.077922 0.013092 -0.016997
17 30 -0.085360 0.014822 -0.074394
18 30 0.068964 -0.010261 0.010289
19 30 0.079556 -0.011824 0.072111
20 30 -0.058942 0.007634 -0.007702
21 30 -0.067390 0.008692 -0.060953
22 30 0.042059 -0.005424 0.003557
23 30 0.055299 -0.006977 0.047625
24 30 -0.022661 0.002600 0.004074
25 30 -0.045981 0.005328 -0.034094
26 30 0.001495 -0.000307 -0.012496
27 30 0.032853 -0.003879 0.019732
28 30 0.014767 -0.001711 0.017825
29 30 -0.015206 0.001695 -0.004208
30 30 -0.023075 0.002505 -0.016207
31 30 -0.011014 0.001087 -0.011243
32 30 0.003421 -0.000528 -0.000385
33 30 0.010186 -0.001240 0.006474
34 30 0.009806 -0.001149 0.007561
35 30 0.006560 -0.000755 0.005573
36 30 0.003493 -0.000398 0.003174
37 30 0.001564 -0.000177 0.001499
38 30 0.000607 -0.000068 0.000608
39 30 0.000208 -0.000023 0.000217
40 30 0.000064 -0.000007 0.000069
41 30 0.000018 -0.000002 0.000020
42 30 0.000004 -0.000000 0.000005
43 30 0.000001 -0.000000 0.000001
44 30 0.000000 -0.000000 0.000000
45 30 0.000000 -0.000000 0.000000
46 30 0.000000 -0.000000 0.000000
47 30 0.000000 -0.000000 0.000000
48 30 0.000000 -0.000000 0.000000
49 30 0.000000 0.000000 0.000000

0 31 0.000000 0.000000 0.000000
1 31 0.018460 -0.010522 -0.007069
2 31 0.040616 -0.027040 -0.001807
3 31 0.067347 -0.051114 0.008631
4 31 0.074086 -0.064000 0.023413
5 31 0.029275 -0.038761 0.021880
6 31 -0.071989 0.023546 -0.009940
7 31 -0.140748 0.066915 -0.061063
8 31 -0.065535 0.038195 -0.052730
9 31 0.080698 -0.023886 0.021121
10 31 0.131326 -0.045719 0.079895
11 31 -0.009380 -0.002515 0.029702
12 31 -0.118500 0.032098 -0.067986
13 31 -0.027117 0.006025 -0.048727
14 31 0.087737 -0.024971 0.040399
15 31 0.058548 -0.012245 0.060383
16 31 -0.072108 0.017671 -0.016924
17 31 -0.080812 0.014901 -0.070137
18 31 0.064644 -0.013060 0.007386
19 31 0.082774 -0.014530 0.071462
20 31 -0.054394 0.008625 -0.003157
21 31 -0.073161 0.011392 -0.062030
22 31 0.037168 -0.005552 -0.001389
23 31 0.060134 -0.009036 0.048461
24 31 -0.017725 0.002223 0.008407
25 31 -0.048458 0.006652 -0.033858
26 31 -0.002929 0.000351 -0.015690
27 31 0.032770 -0.004532 0.018343
28 31 0.017750 -0.002467 0.019377
29 31 -0.013304 0.001702 -0.002382
30 31 -0.023570 0.003020 -0.015951
31 31 -0.012527 0.001508 -0.012143
32 31 0.002355 -0.000459 -0.001305
33 31 0.009935 -0.001419 0.006082
34 31 0.010038 -0.001386 0.007603
35 31 0.006889 -0.000937 0.005774
36 31 0.003735 -0.000503 0.003354
37 31 0.001697 -0.000227 0.001608
38 31 0.000667 -0.000089 0.000661
39 31 0.000231 -0.000031 0.000238
40 31 0.000072 -0.000009 0.000076
41 31 0.000020 -0.000003 0.000022
42 31 0.000005 -0.000001 0.000006
43 31 0.000001 -0.000000 0.000001
44 31 0.000000 -0.000000 0.000000
45 31 0.000000 -0.000000 0.000000
46 31 0.000000 -0.000000 0.000000
47 31 0.000000 -0.000000 0.000000
48 31 0.000000 -0.000000 0.000000
49 31 0.000000 0.000000 0.000000

0 32 0.000000 0.000000 0.000000
1 32 0.014683 -0.014434 0.003672
2 32 0.025521 -0.027242 0.006570
3 32 0.024244 -0.033163 0.009206
4 32 0.000332 -0.020109 0.009011
5 32 -0.053668 0.016868 -0.006135
6 32 -0.105202 0.058831 -0.031650
7 32 -0.094587 0.059577 -0.048058
8 32 0.014706 0.006373 -0.014569
9 32 0.121062 -0.050636 0.048884
10 32 0.097677 -0.047670 0.066803
11 32 -0.052562 0.010090 0.000083
12 32 -0.123722 0.037966 -0.074037
13 32 -0.015348 0.008036 -0.037073
14 32 0.095954 -0.022945 0.048409
15 32 0.060343 -0.015030 0.058306
16 32 -0.072942 0.014795 -0.020618
17 32 -0.083282 0.016444 -0.070045
18 32 0.062723 -0.012559 0.007297
19 32 0.085734 -0.016565 0.071842
20 32 -0.052143 0.008988 -0.001276
21 32 -0.076973 0.013683 -0.062972
22 32 0.034510 -0.005685 -0.004086
23 32 0.063553 -0.010990 0.049173
24 32 -0.014593 0.001874 0.011114
25 32 -0.050337 0.007956 -0.033793
26 32 -0.006019 0.001015 -0.017855
27 32 0.032762 -0.005164 0.017382
28 32 0.019912 -0.003223 0.020440
29 32 -0.011917 0.001690 -0.001084
30 32 -0.023918 0.003522 -0.015730
31 32 -0.013630 0.001930 -0.012760
32 32 0.001563 -0.000381 -0.001970
33 32 0.009739 -0.001590 0.005775
34 32 0.010203 -0.001618 0.007610
35 32 0.007130 -0.001117 0.005903
36 32 0.003915 -0.000609 0.003477
37 32 0.001797 -0.000278 0.001685
38 32 0.000712 -0.000110 0.000699
39 32 0.000249 -0.000038 0.000254
40 32 0.000077 -0.000012 0.000082
41 32 0.000022 -0.000003 0.000024
42 32 0.000006 -0.000001 0.000006
43 32 0.000001 -0.000000 0.000002
44 32 0.000000 -0.000000 0.000000
45 32 0.000000 -0.000000 0.000000
46 32 0.000000 -0.000000 0.000000
47 32 0.000000 -0.000000 0.000000
48 32 0.000000 -0.000000 0.000000
49 32 0.000000 0.000000 0.000000

0 33 0.000000 0.000000 0.000000
1 33 -0.002328 -0.004190 0.004926
2 33 -0.009347 -0.004430 0.004643
3 33 -0.026642 0.004684 0.000347
4 33 -0.051394 0.023942 -0.005465
5 33 -0.079118 0.048694 -0.020087
6 33 -0.071136 0.054489 -0.027138
7 33 -0.017423 0.023674 -0.019367
8 33 0.081704 -0.032858 0.020105
9 33 0.114535 -0.061644 0.056399
10 33 0.034334 -0.026477 0.036313
11 33 -0.092266 0.032077 -0.028423
12 33 -0.111160 0.044561 -0.072289
13 33 0.026723 0.000215 -0.014402
14 33 0.115830 -0.036919 0.063283
15 33 0.037715 -0.018776 0.047284
16 33 -0.093459 0.022754 -0.035491
17 33 -0.076524 0.021814 -0.067037
18 33 0.073438 -0.015551 0.015462
19 33 0.085770 -0.020364 0.072053
20 33 -0.056173 0.010176 -0.004240
21 33 -0.079196 0.016346 -0.064176
22 33 0.035317 -0.006130 -0.003907
23 33 0.066043 -0.012984 0.050218
24 33 -0.013714 0.001713 0.012047
25 33 -0.052001 0.009293 -0.034225
26 33 -0.007631 0.001586 -0.019012
27 33 0.033116 -0.005833 0.017045
28 33 0.021302 -0.003940 0.021117
29 33 -0.011180 0.001715 -0.000372
30 33 -0.024231 0.004023 -0.015638
31 33 -0.014335 0.002332 -0.013127
32 33 0.001092 -0.000316 -0.002360
33 33 0.009639 -0.001763 0.005586
34 33 0.010316 -0.001844 0.007599
35 33 0.007283 -0.001291 0.005965
36 33 0.004027 -0.000711 0.003540
37 33 0.001858 -0.000327 0.001725
38 33 0.000739 -0.000130 0.000719
39 33 0.000259 -0.000045 0.000262
40 33 0.000081 -0.000014 0.000085
41 33 0.000023 -0.000004 0.000025
42 33 0.000006 -0.000001 0.000007
43 33 0.000001 -0.000000 0.000002
44 33 0.000000 -0.000000 0.000000
45 33 0.000000 -0.000000 0.000000
46 33 0.000000 -0.000000 0.000000
47 33 0.000000 -0.000000 0.000000
48 33 0.000000 -0.000000 0.000000
49 33 0.000000 0.000000 0.000000

0 34 0.000000 0.000000 0.000000
1 34 -0.012424 0.006838 -0.001446
2 34 -0.026312 0.015759 -0.002875
3 34 -0.038979 0.027175 -0.007610
4 34 -0.046456 0.037536 -0.010875
5 34 -0.038191 0.039000 -0.016006
6 34 0.001352 0.017792 -0.007527
7 34 0.056047 -0.020747 0.008430
8 34 0.106322 -0.057586 0.037118
9 34 0.068089 -0.047940 0.040187
10 34 -0.027615 0.002926 0.001487
11 34 -0.110149 0.046657 -0.046834
12 34 -0.070760 0.035283 -0.057136
13 34 0.072170 -0.022042 0.015346
14 34 0.102231 -0.043233 0.066653
15 34 -0.004832 -0.004005 0.023679
16 34 -0.098899 0.033352 -0.046613
17 34 -0.051777 0.017606 -0.054678
18 34 0.084336 -0.022916 0.025991
19 34 0.076429 -0.021394 0.068064
20 34 -0.064558 0.013813 -0.011059
21 34 -0.077639 0.018518 -0.064276
22 34 0.039911 -0.007619 -0.000672
23 34 0.067235 -0.014950 0.051404
24 34 -0.015452 0.002021 0.011027
25 34 -0.053550 0.010708 -0.035254
26 34 -0.007607 0.001941 -0.019119
27 34 0.033996 -0.006606 0.017443
28 34 0.021923 -0.004579 0.021453
29 34 -0.011187 0.001835 -0.000290
30 34 -0.024576 0.004536 -0.015729
31 34 -0.014642 0.002692 -0.013261
32 34 0.000971 -0.000292 -0.002462
33 34 0.009660 -0.001947 0.005532
34 34 0.010387 -0.002063 0.007579
35 34 0.007346 -0.001452 0.005961
36 34 0.004065 -0.000802 0.003541
37 34 0.001877 -0.000370 0.001727
38 34 0.000747 -0.000147 0.000719
39 34 0.000262 -0.000052 0.000262
40 34 0.000082 -0.000016 0.000085
41 34 0.000023 -0.000005 0.000025
42 34 0.000006 -0.000001 0.000007
43 34 0.000001 -0.000000 0.000002
44 34 0.000000 -0.000000 0.000000
45 34 0.000000 -0.000000 0.000000
46 34 0.000000 -0.000000 0.000000
47 34 0.000000 -0.000000 0.000000
48 34 0.000000 -0.000000 0.000000
49 34 0.000000 0.000000 0.000000

0 35 0.000000 0.000000 0.000000
1 35 -0.006542 0.007593 -0.006554
2 35 -0.011108 0.014404 -0.006908
3 35 -0.008876 0.017189 -0.007862
4 35 0.002169 0.013754 -0.005945
5 35 0.026897 -0.001752 -0.002153
6 35 0.060290 -0.027325 0.010138
7 35 0.082262 -0.051399 0.021565
8 35 0.070392 -0.053757 0.029422
9 35 -0.004025 -0.016018 0.010095
10 35 -0.081183 0.031899 -0.027290
11 35 -0.103936 0.052102 -0.050530
12 35 -0.016554 0.016163 -0.029075
13 35 0.096820 -0.036775 0.039698
14 35 0.074361 -0.033470 0.057336
15 35 -0.030426 0.009295 0.002327
16 35 -0.091293 0.031862 -0.050366
17 35 -0.030982 0.009643 -0.041883
18 35 0.089524 -0.026388 0.034799
19 35 0.063782 -0.019074 0.062332
20 35 -0.073671 0.017713 -0.019649
21 35 -0.072583 0.019271 -0.063218
22 35 0.047403 -0.010057 0.005146
23 35 0.066716 -0.016569 0.052452
24 35 -0.019863 0.003001 0.007994
25 35 -0.054837 0.012171 -0.036804
26 35 -0.005792 0.001945 -0.018082
27 35 0.035432 -0.007536 0.018604
28 35 0.021712 -0.005089 0.021420
29 35 -0.011995 0.002109 -0.000866
30 35 -0.024965 0.005072 -0.016014
31 35 -0.014535 0.002983 -0.013160
32 35 0.001218 -0.000332 -0.002270
33 35 0.009810 -0.002155 0.005618
34 35 0.010416 -0.002273 0.007552
35 35 0.007318 -0.001596 0.005892
36 35 0.004030 -0.000879 0.003480
37 35 0.001853 -0.000405 0.001690
38 35 0.000735 -0.000161 0.000701
39 35 0.000257 -0.000056 0.000255
40 35 0.000080 -0.000018 0.000082
41 35 0.000023 -0.000005 0.000024
42 35 0.000006 -0.000001 0.000006
43 35 0.000001 -0.000000 0.000002
44 35 0.000000 -0.000000 0.000000
45 35 0.000000 -0.000000 0.000000
46 35 0.000000 -0.000000 0.000000
47 35 0.000000 -0.000000 0.000000
48 35 0.000000 -0.000000 0.000000
49 35 0.000000 0.000000 0.000000

0 36 0.000000 0.000000 0.000000
1 36 0.005019 -0.000204 -0.005042
2 36 0.012503 -0.002348 -0.003851
3 36 0.022788 -0.008333 -0.002323
4 36 0.038039 -0.018990 0.002503
5 36 0.050867 -0.033241 0.007152
6 36 0.057589 -0.044022 0.014241
7 36 0.038040 -0.041345 0.014493
8 36 -0.006879 -0.015011 0.005462
9 36 -0.070558 0.027066 -0.017098
10 36 -0.098427 0.054765 -0.039557
11 36 -0.054156 0.041731 -0.032945
12 36 0.047209 -0.010540 0.005719
13 36 0.109877 -0.046547 0.053031
14 36 0.046700 -0.026197 0.041477
15 36 -0.058889 0.016062 -0.018975
16 36 -0.093056 0.033191 -0.055322
17 36 -0.007799 0.006352 -0.027107
18 36 0.101151 -0.030191 0.047241
19 36 0.048180 -0.017485 0.054774
20 36 -0.086491 0.022050 -0.031694
21 36 -0.064188 0.019402 -0.060787
22 36 0.058073 -0.013375 0.013926
23 36 0.064061 -0.017783 0.052997
24 36 -0.027049 0.004783 0.002744
25 36 -0.055524 0.013625 -0.038652
26 36 -0.002008 0.001460 -0.015725
27 36 0.037313 -0.008651 0.020470
28 36 0.020536 -0.005401 0.020914
29 36 -0.013620 0.002594 -0.002119
30 36 -0.025347 0.005629 -0.016456
31 36 -0.013979 0.003179 -0.012796
32 36 0.001836 -0.000459 -0.001783
33 36 0.010078 -0.002391 0.005832
34 36 0.010395 -0.002471 0.007511
35 36 0.007194 -0.001715 0.005756
36 36 0.003920 -0.000937 0.003360
37 36 0.001787 -0.000428 0.001616
38 36 0.000704 -0.000169 0.000666
39 36 0.000244 -0.000059 0.000240
40 36 0.000076 -0.000018 0.000077
41 36 0.000021 -0.000005 0.000022
42 36 0.000005 -0.000001 0.000006
43 36 0.000001 -0.000000 0.000001
44 36 0.000000 -0.000000 0.000000
45 36 0.000000 -0.000000 0.000000
46 36 0.000000 -0.000000 0.000000
47 36 0.000000 -0.000000 0.000000
48 36 0.000000 -0.000000 0.000000
49 36 0.000000 0.000000 0.000000

0 37 0.000000 0.000000 0.000000
1 37 0.008461 -0.005790 -0.000256
2 37 0.016997 -0.012402 0.001265
3 37 0.023357 -0.018816 0.002033
4 37 0.028023 -0.025252 0.005890
5 37 0.020818 -0.025877 0.005211
6 37 0.007314 -0.019122 0.006142
7 37 -0.029027 0.002169 -0.002889
8 37 -0.059138 0.030508 -0.013893
9 37 -0.081313 0.052383 -0.026238
10 37 -0.050079 0.046387 -0.027988
11 37 0.027046 0.004811 -0.000224
12 37 0.093097 -0.041215 0.031472
13 37 0.093722 -0.050255 0.049537
14 37 -0.007520 -0.010729 0.014587
15 37 -0.098472 0.035071 -0.043658
16 37 -0.075749 0.037806 -0.051223
17 37 0.037433 -0.005638 -0.000713
18 37 0.109466 -0.039060 0.058873
19 37 0.018183 -0.012292 0.038600
20 37 -0.101280 0.029387 -0.046438
21 37 -0.048043 0.017978 -0.053839
22 37 0.071697 -0.018357 0.025809
23 37 0.057584 -0.018285 0.051727
24 37 -0.037044 0.007655 -0.004974
25 37 -0.054844 0.014940 -0.040242
26 37 0.003938 0.000309 -0.011797
27 37 0.039336 -0.009941 0.022855
28 37 0.018185 -0.005420 0.019749
29 37 -0.016018 0.003335 -0.004043
30 37 -0.025608 0.006190 -0.016965
31 37 -0.012923 0.003243 -0.012122
32 37 0.002809 -0.000693 -0.001009
33 37 0.010434 -0.002659 0.006149
34 37 0.010305 -0.002651 0.007439
35 37 0.006971 -0.001805 0.005550
36 37 0.003738 -0.000972 0.003182
37 37 0.001682 -0.000439 0.001510
38 37 0.000656 -0.000172 0.000615
39 37 0.000225 -0.000059 0.000220
40 37 0.000069 -0.000018 0.000070
41 37 0.000019 -0.000005 0.000020
42 37 0.000005 -0.000001 0.000005
43 37 0.000001 -0.000000 0.000001
44 37 0.000000 -0.000000 0.000000
45 37 0.000000 -0.000000 0.000000
46 37 0.000000 -0.000000 0.000000
47 37 0.000000 -0.000000 0.000000
48 37 0.000000 -0.000000 0.000000
49 37 0.000000 0.000000 0.000000

0 38 0.000000 0.000000 0.000000
1 38 0.002714 -0.003989 0.002041
2 38 0.003047 -0.007059 0.002628
3 38 0.001605 -0.007889 0.001592
4 38 -0.005928 -0.005373 0.002440
5 38 -0.019508 0.003743 -0.002464
6 38 -0.034476 0.016453 -0.003867
7 38 -0.055019 0.035043 -0.014211
8 38 -0.049381 0.042908 -0.015735
9 38 -0.033876 0.037672 -0.016568
10 38 0.027053 0.005875 -0.002437
11 38 0.079124 -0.034901 0.025127
12 38 0.086013 -0.051027 0.034388
13 38 0.036174 -0.029729 0.028115
14 38 -0.071893 0.023524 -0.018418
15 38 -0.101215 0.052561 -0.054505
16 38 -0.017195 0.022792 -0.025999
17 38 0.080386 -0.028391 0.027834
18 38 0.091203 -0.040653 0.056728
19 38 -0.022556 0.001976 0.014227
20 38 -0.106392 0.036560 -0.057130
21 38 -0.021707 0.012131 -0.040057
22 38 0.084477 -0.024658 0.038650
23 38 0.045163 -0.016975 0.046867
24 38 -0.048910 0.011782 -0.014806
25 38 -0.051573 0.015730 -0.040630
26 38 0.012050 -0.001702 -0.006122
27 38 0.040941 -0.011308 0.025382
28 38 0.014418 -0.005012 0.017683
29 38 -0.019051 0.004360 -0.006574
30 38 -0.025560 0.006711 -0.017398
31 38 -0.011312 0.003133 -0.011080
32 38 0.004100 -0.001049 0.000025
33 38 0.010828 -0.002953 0.006528
34 38 0.010124 -0.002804 0.007316
35 38 0.006648 -0.001858 0.005271
36 38 0.003490 -0.000982 0.002952
37 38 0.001544 -0.000437 0.001376
38 38 0.000593 -0.000168 0.000552
39 38 0.000202 -0.000057 0.000195
40 38 0.000061 -0.000018 0.000061
41 38 0.000017 -0.000005 0.000017
42 38 0.000004 -0.000001 0.000004
43 38 0.000001 -0.000000 0.000001
44 38 0.000000 -0.000000 0.000000
45 38 0.000000 -0.000000 0.000000
46 38 0.000000 -0.000000 0.000000
47 38 0.000000 -0.000000 0.000000
48 38 0.000000 -0.000000 0.000000
49 38 0.000000 0.000000 0.000000

0 39 0.000000 0.000000 0.000000
1 39 -0.004451 0.001136 0.000362
2 39 -0.011617 0.003820 -0.000123
3 39 -0.016732 0.007374 -0.001674
4 39 -0.027678 0.014383 -0.003062
5 39 -0.032925 0.021923 -0.007288
6 39 -0.037528 0.028792 -0.007743
7 39 -0.031271 0.031292 -0.012602
8 39 -0.004832 0.019414 -0.004985
9 39 0.023115 0.000267 -0.000522
10 39 0.070321 -0.031623 0.017268
11 39 0.069964 -0.044741 0.027830
12 39 0.036694 -0.029731 0.018000
13 39 -0.029274 0.008317 0.000035
14 39 -0.096461 0.051146 -0.039634
15 39 -0.050752 0.042366 -0.039861
16 39 0.044324 -0.007673 0.007236
17 39 0.088641 -0.040204 0.040849
18 39 0.053637 -0.026899 0.041260
19 39 -0.055183 0.018859 -0.008779
20 39 -0.095935 0.037866 -0.059370
21 39 0.010465 0.002020 -0.021148
22 39 0.091826 -0.030085 0.049518
23 39 0.026365 -0.012901 0.037546
24 39 -0.060609 0.016757 -0.025649
25 39 -0.044470 0.015421 -0.038761
26 39 0.021915 -0.004655 0.001229
27 39 0.041342 -0.012535 0.027484
28 39 0.009048 -0.004029 0.014481
29 39 -0.022451 0.005651 -0.009560
30 39 -0.024964 0.007115 -0.017560
31 39 -0.009109 0.002804 -0.009619
32 39 0.005635 -0.001527 0.001274
33 39 0.011191 -0.003258 0.006914
34 39 0.009823 -0.002917 0.007116
35 39 0.006224 -0.001870 0.004919
36 39 0.003184 -0.000964 0.002679
37 39 0.001381 -0.000421 0.001221
38 39 0.000521 -0.000160 0.000481
39 39 0.000174 -0.000054 0.000167
40 39 0.000052 -0.000016 0.000052
41 39 0.000014 -0.000004 0.000015
42 39 0.000004 -0.000001 0.000004
43 39 0.000001 -0.000000 0.000001
44 39 0.000000 -0.000000 0.000000
45 39 0.000000 -0.000000 0.000000
46 39 0.000000 -0.000000 0.000000
47 39 0.000000 -0.000000 0.000000
48 39 0.000000 -0.000000 0.000000
49 39 0.000000 0.000000 0.000000

0 40 0.000000 0.000000 0.000000
1 40 -0.005953 0.003782 -0.002530
2 40 -0.013150 0.008381 -0.003288
3 40 -0.015767 0.011516 -0.003786
4 40 -0.020964 0.015882 -0.005239
5 40 -0.014763 0.015325 -0.005681
6 40 -0.009427 0.012902 -0.004399
7 40 0.011025 0.001903 -0.002855
8 40 0.032265 -0.014682 0.006312
9 40 0.048649 -0.030339 0.009546
10 40 0.057775 -0.042348 0.019836
11 40 0.019361 -0.026432 0.011986
12 40 -0.021184 0.002213 -0.003991
13 40 -0.070058 0.036872 -0.021431
14 40 -0.074216 0.050617 -0.039940
15 40 0.010783 0.013129 -0.011515
16 40 0.072192 -0.027342 0.028691
17 40 0.072626 -0.033319 0.037963
18 40 0.019233 -0.008209 0.023150
19 40 -0.074411 0.030959 -0.026183
20 40 -0.073727 0.034012 -0.054272
21 40 0.044728 -0.009449 0.001033
22 40 0.091746 -0.032910 0.056706
23 40 0.002140 -0.005904 0.023633
24 40 -0.069628 0.021843 -0.036002
25 40 -0.032535 0.013475 -0.033621
26 40 0.032659 -0.008446 0.009873
27 40 0.039606 -0.013284 0.028436
28 40 0.002048 -0.002335 0.009991
29 40 -0.025788 0.007132 -0.012728
30 40 -0.023550 0.007296 -0.017221
31 40 -0.006319 0.002219 -0.007713
32 40 0.007303 -0.002115 0.002659
33 40 0.011443 -0.003551 0.007239
34 40 0.009378 -0.002976 0.006815
35 40 0.005706 -0.001835 0.004497
36 40 0.002834 -0.000920 0.002371
37 40 0.001200 -0.000392 0.001054
38 40 0.000444 -0.000146 0.000407
39 40 0.000146 -0.000048 0.000139
40 40 0.000043 -0.000014 0.000042
41 40 0.000012 -0.000004 0.000012
42 40 0.000003 -0.000001 0.000003
43 40 0.000001 -0.000000 0.000001
44 40 0.000000 -0.000000 0.000000
45 40 0.000000 -0.000000 0.000000
46 40 0.000000 -0.000000 0.000000
47 40 0.000000 -0.000000 0.000000
48 40 0.000000 -0.000000 0.000000
49 40 0.000000 0.000000 0.000000

0 41 0.000000 0.000000 0.000000
1 41 -0.000385 0.001911 -0.003251
2 41 -0.000589 0.003565 -0.003502
3 41 0.002893 0.002832 -0.002529
4 41 0.006158 0.001241 -0.002609
5 41 0.017238 -0.005780 0.000099
6 41 0.024231 -0.013240 0.001994
7 41 0.038710 -0.026212 0.006027
8 41 0.038807 -0.034304 0.010156
9 41 0.032366 -0.036892 0.008857
10 41 0.006966 -0.026853 0.007972
11 41 -0.039117 0.001249 -0.008433
12 41 -0.064177 0.025190 -0.019824
13 41 -0.077346 0.042184 -0.028650
14 41 -0.030275 0.026781 -0.023705
15 41 0.050373 -0.015353 0.013619
16 41 0.071238 -0.032847 0.033903
17 41 0.048639 -0.022073 0.027103
18 41 -0.015920 0.008078 0.003678
19 41 -0.086971 0.041081 -0.040458
20 41 -0.038344 0.027512 -0.040839
21 41 0.080727 -0.021450 0.026304
22 41 0.081713 -0.032010 0.057862
23 41 -0.026050 0.004352 0.005193
24 41 -0.072495 0.026275 -0.043571
25 41 -0.014938 0.009428 -0.024193
26 41 0.042871 -0.012738 0.019000
27 41 0.034789 -0.013103 0.027412
28 41 -0.006311 0.000146 0.004254
29 41 -0.028463 0.008643 -0.015658
30 41 -0.021069 0.007126 -0.016152
31 41 -0.003023 0.001357 -0.005390
32 41 0.008953 -0.002778 0.004069
33 41 0.011500 -0.003800 0.007433
34 41 0.008774 -0.002969 0.006397
35 41 0.005108 -0.001753 0.004015
36 41 0.002456 -0.000851 0.002044
37 41 0.001013 -0.000353 0.000883
38 41 0.000367 -0.000129 0.000333
39 41 0.000118 -0.000042 0.000111
40 41 0.000034 -0.000012 0.000033
41 41 0.000009 -0.000003 0.000009
42 41 0.000002 -0.000001 0.000002
43 41 0.000000 -0.000000 0.000001
44 41 0.000000 -0.000000 0.000000
45 41 0.000000 -0.000000 0.000000
46 41 0.000000 -0.000000 0.000000
47 41 0.000000 -0.000000 0.000000
48 41 0.000000 -0.000000 0.000000
49 41 0.000000 0.000000 0.000000

0 42 0.000000 0.000000 0.000000
1 42 0.005737 -0.001819 -0.001355
2 42 0.011865 -0.004195 -0.001086
3 42 0.018671 -0.007846 0.000425
4 42 0.025042 -0.012343 0.001235
5 42 0.031786 -0.018643 0.004183
6 42 0.032300 -0.022951 0.004903
7 42 0.030901 -0.026926 0.007107
8 42 0.013271 -0.021894 0.005104
9 42 -0.007252 -0.012239 0.000490
10 42 -0.040420 0.007227 -0.006414
11 42 -0.065220 0.026921 -0.018910
12 42 -0.062594 0.032366 -0.020257
13 42 -0.040161 0.023926 -0.017577
14 42 0.022678 -0.010222 0.001029
15 42 0.065289 -0.040335 0.027602
16 42 0.046823 -0.036254 0.025649
17 42 0.002518 -0.012100 0.007469
18 42 -0.065077 0.025986 -0.021496
19 42 -0.086448 0.048061 -0.048323
20 42 0.014091 0.013432 -0.015935
21 42 0.109182 -0.033728 0.049650
22 42 0.055754 -0.024242 0.048178
23 42 -0.053812 0.018399 -0.015895
24 42 -0.063952 0.028780 -0.044663
25 42 0.008410 0.003014 -0.009938
26 42 0.050502 -0.016729 0.027181
27 42 0.026288 -0.011415 0.023714
28 42 -0.015236 0.003376 -0.002318
29 42 -0.029717 0.009931 -0.017782
30 42 -0.017362 0.006477 -0.014177
31 42 0.000600 0.000235 -0.002758
32 42 0.010402 -0.003459 0.005369
33 42 0.011288 -0.003968 0.007433
34 42 0.008011 -0.002884 0.005858
35 42 0.004451 -0.001626 0.003490
36 42 0.002066 -0.000762 0.001710
37 42 0.000829 -0.000308 0.000718
38 42 0.000293 -0.000109 0.000264
39 42 0.000093 -0.000035 0.000086
40 42 0.000026 -0.000010 0.000025
41 42 0.000007 -0.000003 0.000007
42 42 0.000002 -0.000001 0.000002
43 42 0.000000 -0.000000 0.000000
44 42 0.000000 -0.000000 0.000000
45 42 0.000000 -0.000000 0.000000
46 42 0.000000 -0.000000 0.000000
47 42 0.000000 -0.000000 0.000000
48 42 0.000000 -0.000000 0.000000
49 42 0.000000 0.000000 0.000000

0 43 0.000000 0.000000 0.000000
1 43 0.004037 -0.003249 0.000748
2 43 0.007949 -0.006486 0.000925
3 43 0.010218 -0.008996 0.001574
4 43 0.011234 -0.010715 0.001679
5 43 0.008633 -0.010250 0.002369
6 43 0.001819 -0.006409 0.000959
7 43 -0.008509 0.000889 0.000088
8 43 -0.024881 0.013929 -0.004409
9 43 -0.035891 0.026435 -0.007912
10 43 -0.044900 0.038676 -0.012021
11 43 -0.032165 0.037699 -0.012972
12 43 -0.002324 0.021162 -0.004245
13 43 0.035295 -0.007228 0.006327
14 43 0.072159 -0.042187 0.023420
15 43 0.057068 -0.051312 0.028204
16 43 -0.000735 -0.029511 0.007541
17 43 -0.062151 0.004983 -0.018163
18 43 -0.104518 0.039616 -0.042610
19 43 -0.057107 0.035656 -0.040089
20 43 0.066186 -0.014782 0.014395
21 43 0.105087 -0.041565 0.057415
22 43 0.009460 -0.006471 0.023770
23 43 -0.072408 0.034027 -0.034480
24 43 -0.039726 0.027227 -0.035835
25 43 0.035191 -0.005091 0.007907
26 43 0.053269 -0.018853 0.032525
27 43 0.014618 -0.007602 0.017305
28 43 -0.023174 0.007126 -0.008740
29 43 -0.028716 0.010683 -0.018443
30 43 -0.012435 0.005272 -0.011237
31 43 0.004272 -0.001075 -0.000003
32 43 0.011469 -0.004079 0.006412
33 43 0.010763 -0.004019 0.007196
34 43 0.007112 -0.002717 0.005212
35 43 0.003766 -0.001459 0.002944
36 43 0.001685 -0.000660 0.001387
37 43 0.000656 -0.000258 0.000564
38 43 0.000226 -0.000090 0.000202
39 43 0.000070 -0.000028 0.000065
40 43 0.000020 -0.000008 0.000019
41 43 0.000005 -0.000002 0.000005
42 43 0.000001 -0.000000 0.000001
43 43 0.000000 -0.000000 0.000000
44 43 0.000000 -0.000000 0.000000
45 43 0.000000 -0.000000 0.000000
46 43 0.000000 -0.000000 0.000000
47 43 0.000000 -0.000000 0.000000
48 43 0.000000 -0.000000 0.000000
49 43 0.000000 0.000000 0.000000

0 44 0.000000 0.000000 0.000000
1 44 -0.003027 -0.001318 0.001258
2 44 -0.006452 -0.002178 0.001003
3 44 -0.011736 -0.001481 0.000423
4 44 -0.017839 0.000675 -0.000680
5 44 -0.026468 0.005747 -0.002182
6 44 -0.034619 0.012796 -0.004727
7 44 -0.041781 0.021820 -0.006870
8 44 -0.043671 0.030540 -0.009855
9 44 -0.034507 0.034449 -0.009619
10 44 -0.015024 0.031913 -0.007684
11 44 0.021173 0.016331 0.000063
12 44 0.057090 -0.005767 0.011884
13 44 0.082047 -0.028494 0.021530
14 44 0.077516 -0.039788 0.027341
15 44 0.024365 -0.023516 0.014951
16 44 -0.041461 0.006017 -0.010432
17 44 -0.085842 0.030586 -0.030449
18 44 -0.079750 0.033737 -0.037288
19 44 0.004000 -0.004395 -0.011440
20 44 0.084980 -0.049792 0.035133
21 44 0.049580 -0.038811 0.038654
22 44 -0.051650 0.016274 -0.012189
23 44 -0.075539 0.043283 -0.045116
24 44 -0.004112 0.019315 -0.018403
25 44 0.058621 -0.012701 0.024940
26 44 0.049494 -0.017019 0.033228
27 44 0.002070 -0.001278 0.009294
28 44 -0.027790 0.010997 -0.013457
29 44 -0.024649 0.010659 -0.016997
30 44 -0.006448 0.003571 -0.007405
31 44 0.007694 -0.002427 0.002654
32 44 0.012023 -0.004545 0.007090
33 44 0.009931 -0.003927 0.006719
34 44 0.006118 -0.002474 0.004489
35 44 0.003086 -0.001265 0.002405
36 44 0.001330 -0.000551 0.001089
37 44 0.000502 -0.000209 0.000429
38 44 0.000169 -0.000071 0.000150
39 44 0.000051 -0.000021 0.000047
40 44 0.000014 -0.000006 0.000013
41 44 0.000004 -0.000001 0.000003
42 44 0.000001 -0.000000 0.000001
43 44 0.000000 -0.000000 0.000000
44 44 0.000000 -0.000000 0.000000
45 44 0.000000 -0.000000 0.000000
46 44 0.000000 -0.000000 0.000000
47 44 0.000000 -0.000000 0.000000
48 44 0.000000 -0.000000 0.000000
49 44 0.000000 0.000000 0.000000

0 45 0.000000 0.000000 0.000000
1 45 -0.004309 0.002123 -0.000260
2 45 -0.008653 0.004345 -0.000534
3 45 -0.013509 0.007021 -0.001197
4 45 -0.017816 0.009590 -0.002028
5 45 -0.022007 0.012303 -0.003169
6 45 -0.023263 0.013426 -0.004220
7 45 -0.021696 0.012706 -0.004718
8 45 -0.013825 0.007723 -0.004493
9 45 -0.000205 -0.001837 -0.001892
10 45 0.017345 -0.015045 0.001627
11 45 0.035775 -0.029744 0.007523
12 45 0.041954 -0.036522 0.011479
13 45 0.033226 -0.030971 0.010987
14 45 0.003610 -0.007441 0.004718
15 45 -0.036302 0.028352 -0.010212
16 45 -0.052888 0.052311 -0.021225
17 45 -0.034797 0.049516 -0.018778
18 45 0.018878 0.013050 -0.002040
19 45 0.080125 -0.042962 0.027823
20 45 0.068526 -0.064323 0.040298
21 45 -0.030470 -0.023039 0.004451
22 45 -0.103845 0.029683 -0.044666
23 45 -0.065936 0.034956 -0.045612
24 45 0.025271 0.003274 -0.001006
25 45 0.066404 -0.017714 0.033381
26 45 0.037511 -0.010214 0.027553
27 45 -0.008297 0.007186 0.001380
28 45 -0.026696 0.014573 -0.014872
29 45 -0.016879 0.009921 -0.012974
30 45 0.000458 0.001670 -0.002794
31 45 0.010719 -0.003582 0.005078
32 45 0.012079 -0.004755 0.007397
33 45 0.008873 -0.003676 0.006059
34 45 0.005099 -0.002167 0.003742
35 45 0.002448 -0.001056 0.001900
36 45 0.001015 -0.000443 0.000826
37 45 0.000371 -0.000163 0.000315
38 45 0.000121 -0.000054 0.000107
39 45 0.000036 -0.000016 0.000033
40 45 0.000010 -0.000004 0.000009
41 45 0.000002 -0.000001 0.000002
42 45 0.000001 -0.000000 0.000001
43 45 0.000000 -0.000000 0.000000
44 45 0.000000 -0.000000 0.000000
45 45 0.000000 -0.000000 0.000000
46 45 0.000000 -0.000000 0.000000
47 45 0.000000 -0.000000 0.000000
48 45 0.000000 -0.000000 0.000000
49 45 0.000000 0.000000 0.000000

0 46 0.000000 0.000000 0.000000
1 46 0.000132 0.003610 -0.003008
2 46 0.000915 0.006874 -0.002928
3 46 0.002859 0.009442 -0.002794
4 46 0.006814 0.010560 -0.002285
5 46 0.012821 0.009705 -0.001476
6 46 0.021640 0.005581 0.000155
7 46 0.031565 -0.001874 0.002424
8 46 0.041898 -0.013363 0.005422
9 46 0.047650 -0.026604 0.008625
10 46 0.045051 -0.038827 0.010340
11 46 0.028947 -0.044725 0.009735
12 46 -0.003594 -0.038051 0.003569
13 46 -0.044314 -0.018121 -0.007197
14 46 -0.081948 0.012979 -0.020459
15 46 -0.091781 0.041202 -0.030453
16 46 -0.054911 0.048766 -0.025472
17 46 0.016760 0.030594 -0.004225
18 46 0.092539 -0.007907 0.025725
19 46 0.116521 -0.040006 0.047673
20 46 0.045318 -0.030791 0.033403
21 46 -0.065105 0.008875 -0.015416
22 46 -0.102135 0.027806 -0.048922
23 46 -0.042069 0.006868 -0.032255
24 46 0.031062 -0.020347 0.007967
25 46 0.045803 -0.021239 0.026046
26 46 0.013494 -0.001188 0.013280
27 46 -0.016502 0.015674 -0.006320
28 46 -0.019723 0.017331 -0.012849
29 46 -0.005520 0.008930 -0.006536
30 46 0.008305 0.000161 0.002507
31 46 0.013591 -0.004191 0.007378
32 46 0.011929 -0.004585 0.007520
33 46 0.007798 -0.003250 0.005365
34 46 0.004164 -0.001808 0.003055
35 46 0.001896 -0.000843 0.001466
36 46 0.000755 -0.000341 0.000610
37 46 0.000267 -0.000122 0.000225
38 46 0.000085 -0.000039 0.000074
39 46 0.000024 -0.000011 0.000022
40 46 0.000006 -0.000003 0.000006
41 46 0.000002 -0.000001 0.000001
42 46 0.000000 -0.000000 0.000000
43 46 0.000000 -0.000000 0.000000
44 46 0.000000 -0.000000 0.000000
45 46 0.000000 -0.000000 0.000000
46 46 0.000000 -0.000000 0.000000
47 46 0.000000 -0.000000 0.000000
48 46 0.000000 -0.000000 0.000000
49 46 0.000000 0.000000 0.000000

0 47 0.000000 0.000000 0.000000
1 47 0.001002 -0.000378 -0.002657
2 47 0.002527 -0.000937 -0.002525
3 47 0.005085 -0.001867 -0.002253
4 47 0.009053 -0.003283 -0.001659
5 47 0.014528 -0.005188 -0.000773
6 47 0.021344 -0.007473 0.000676
7 47 0.028206 -0.009456 0.002422
8 47 0.033756 -0.010565 0.004464
9 47 0.034594 -0.009128 0.006038
10 47 0.028711 -0.004587 0.006319
11 47 0.013589 0.003841 0.004529
12 47 -0.009288 0.014340 -0.000422
13 47 -0.033326 0.022326 -0.007039
14 47 -0.049994 0.022984 -0.013590
15 47 -0.046294 0.010349 -0.015851
16 47 -0.019619 -0.012895 -0.009602
17 47 0.017588 -0.034051 0.002597
18 47 0.045891 -0.038677 0.015196
19 47 0.039386 -0.014372 0.018572
20 47 -0.003689 0.029167 0.004104
21 47 -0.037423 0.051581 -0.015746
22 47 -0.023105 0.026601 -0.016536
23 47 0.014867 -0.019703 0.002035
24 47 0.026475 -0.041266 0.014904
25 47 0.002739 -0.025553 0.007385
26 47 -0.024359 0.003230 -0.009041
27 47 -0.028468 0.019353 -0.016444
28 47 -0.012263 0.017753 -0.010604
29 47 0.006754 0.007995 0.000382
30 47 0.016709 -0.000287 0.008023
31 47 0.016908 -0.003814 0.009848
32 47 0.012237 -0.003850 0.007888
33 47 0.007127 -0.002595 0.004936
34 47 0.003511 -0.001388 0.002575
35 47 0.001504 -0.000627 0.001158
36 47 0.000570 -0.000246 0.000458
37 47 0.000194 -0.000086 0.000162
38 47 0.000059 -0.000027 0.000051
39 47 0.000017 -0.000008 0.000015
40 47 0.000004 -0.000002 0.000004
41 47 0.000001 -0.000000 0.000001
42 47 0.000000 -0.000000 0.000000
43 47 0.000000 -0.000000 0.000000
44 47 0.000000 -0.000000 0.000000
45 47 0.000000 -0.000000 0.000000
46 47 0.000000 -0.000000 0.000000
47 47 0.000000 -0.000000 0.000000
48 47 0.000000 -0.000000 0.000000
49 47 0.000000 0.000000 0.000000

0 48 0.000000 0.000000 0.000000
1 48 0.001844 -0.004291 0.001434
2 48 0.003186 -0.008638 0.001516
3 48 0.003559 -0.013024 0.001622
4 48 0.002254 -0.017132 0.001655
5 48 -0.001236 -0.020408 0.001408
6 48 -0.007577 -0.021812 0.000717
7 48 -0.016783 -0.019995 -0.000767
8 48 -0.028171 -0.013612 -0.003030
9 48 -0.039834 -0.001552 -0.006189
10 48 -0.047710 0.015351 -0.009408
11 48 -0.047398 0.034571 -0.011667
12 48 -0.033272 0.049827 -0.011103
13 48 -0.004154 0.053336 -0.005741
14 48 0.034813 0.038783 0.004297
15 48 0.070415 0.005019 0.017173
16 48 0.080307 -0.036062 0.026144
17 48 0.050015 -0.063644 0.022737
18 48 -0.014708 -0.058402 0.004293
19 48 -0.082752 -0.014838 -0.023691
20 48 -0.099877 0.040341 -0.042459
21 48 -0.037990 0.060596 -0.029254
22 48 0.053381 0.030230 0.010966
23 48 0.090134 -0.016219 0.040890
24 48 0.047534 -0.036443 0.032807
25 48 -0.022359 -0.023517 -0.000793
26 48 -0.058650 -0.000082 -0.027057
27 48 -0.047414 0.013074 -0.028778
28 48 -0.014171 0.012593 -0.013365
29 48 0.012788 0.005970 0.003201
30 48 0.022988 0.000272 0.011731
31 48 0.020656 -0.002198 0.012278
32 48 0.013771 -0.002318 0.008943
33 48 0.007515 -0.001571 0.005210
34 48 0.003505 -0.000837 0.002564
35 48 0.001432 -0.000375 0.001098
36 48 0.000521 -0.000146 0.000416
37 48 0.000170 -0.000050 0.000141
38 48 0.000051 -0.000016 0.000043
39 48 0.000014 -0.000004 0.000012
40 48 0.000003 -0.000001 0.000003
41 48 0.000001 -0.000000 0.000001
42 48 0.000000 -0.000000 0.000000
43 48 0.000000 -0.000000 0.000000
44 48 0.000000 -0.000000 0.000000
45 48 0.000000 -0.000000 0.000000
46 48 0.000000 -0.000000 0.000000
47 48 0.000000 -0.000000 0.000000
48 48 0.000000 -0.000000 0.000000
49 48 0.000000 0.000000 0.000000

0 49 0.000000 0.000000 0.000000
1 49 0.000000 0.000000 0.000000
2 49 0.000000 0.000000 0.000000
3 49 0.000000 0.000000 0.000000
4 49 0.000000 0.000000 0.000000
5 49 0.000000 0.000000 0.000000
6 49 0.000000 0.000000 0.000000
7 49 0.000000 0.000000 0.000000
8 49 0.000000 0.000000 0.000000
9 49 0.000000 0.000000 0.000000
10 49 0.000000 0.000000 0.000000
11 49 0.000000 0.000000 0.000000
12 49 0.000000 0.000000 0.000000
13 49 0.000000 0.000000 0.000000
14 49 0.000000 0.000000 0.000000
15 49 0.000000 0.000000 0.000000
16 49 0.000000 0.000000 0.000000
17 49 0.000000 0.000000 0.000000
18 49 0.000000 0.000000 0.000000
19 49 0.000000 0.000000 0.000000
20 49 0.000000 0.000000 0.000000
21 49 0.000000 0.000000 0.000000
22 49 0.000000 0.000000 0.000000
23 49 0.000000 0.000000 0.000000
24 49 0.000000 0.000000 0.000000
25 49 0.000000 0.000000 0.000000
26 49 0.000000 0.000000 0.000000
27 49 0.000000 0.000000 0.000000
28 49 0.000000 0.000000 0.000000
29 49 0.000000 0.000000 0.000000
30 49 0.000000 0.000000 0.000000
31 49 0.000000 0.000000 0.000000
32 49 0.000000 0.000000 0.000000
33 49 0.000000 0.000000 0.000000
34 49 0.000000 0.000000 0.000000
35 49 0.000000 0.000000 0.000000
36 49 0.000000 0.000000 0.000000
37 49 0.000000 0.000000 0.000000
38 49 0.000000 0.000000 0.000000
39 49 0.000000 0.000000 0.000000
40 49 0.000000 0.000000 0.000000
41 49 0.000000 0.000000 0.000000
42 49 0.000000 0.000000 0.000000
43 49 0.000000 0.000000 0.000000
44 49 0.000000 0.000000 0.000000
45 49 0.000000 0.000000 0.000000
46 49 0.000000 0.000000 0.000000
47 49 0.000000 0.000000 0.000000
48 49 0.000000 0.000000 0.000000
49 49 0.000000 0.000000 0.000000

