#:x y Ey Bx Bz
0 0 0.000000 0.000000 0.000000
1 0 0.000000 0.000000 0.000000
2 0 0.000000 0.000000 0.000000
3 0 0.000000 0.000000 0.000000
4 0 0.000000 0.000000 0.000000
5 0 0.000000 0.000000 0.000000
6 0 0.000000 0.000000 0.000000
7 0 0.000000 0.000000 0.000000
8 0 0.000000 0.000000 0.000000
9 0 0.000000 0.000000 0.000000
10 0 0.000000 0.000000 0.000000
11 0 0.000000 0.000000 0.000000
12 0 0.000000 0.000000 0.000000
13 0 0.000000 0.000000 0.000000
14 0 0.000000 0.000000 0.000000
15 0 0.000000 0.000000 0.000000
16 0 0.000000 0.000000 0.000000
17 0 0.000000 0.000000 0.000000
18 0 0.000000 0.000000 0.000000
19 0 0.000000 0.000000 0.000000
20 0 0.000000 0.000000 0.000000
21 0 0.000000 0.000000 0.000000
22 0 0.000000 0.000000 0.000000
23 0 0.000000 0.000000 0.000000
24 0 0.000000 0.000000 0.000000
25 0 0.000000 0.000000 0.000000
26 0 0.000000 0.000000 0.000000
27 0 0.000000 0.000000 0.000000
28 0 0.000000 0.000000 0.000000
29 0 0.000000 0.000000 0.000000
30 0 0.000000 0.000000 0.000000
31 0 0.000000 0.000000 0.000000
32 0 0.000000 0.000000 0.000000
33 0 0.000000 0.000000 0.000000
34 0 0.000000 0.000000 0.000000
35 0 0.000000 0.000000 0.000000
36 0 0.000000 0.000000 0.000000
37 0 0.000000 0.000000 0.000000
38 0 0.000000 0.000000 0.000000
39 0 0.000000 0.000000 0.000000
40 0 0.000000 0.000000 0.000000
41 0 0.000000 0.000000 0.000000
42 0 0.000000 0.000000 0.000000
43 0 0.000000 0.000000 0.000000
44 0 0.000000 0.000000 0.000000
45 0 0.000000 0.000000 0.000000
46 0 0.000000 0.000000 0.000000
47 0 0.000000 0.000000 0.000000
48 0 0.000000 0.000000 0.000000
49 0 0.000000 0.000000 0.000000

0 1 0.000000 0.000000 0.000000
1 1 0.000469 0.000611 -0.000611
2 1 0.000945 0.001176 -0.000564
3 1 0.001427 0.001647 -0.000471
4 1 0.001889 0.001981 -0.000334
5 1 0.002286 0.002142 -0.000161
6 1 0.002553 0.002112 0.000030
7 1 0.002625 0.001902 0.000210
8 1 0.002465 0.001555 0.000347
9 1 0.002087 0.001143 0.000412
10 1 0.001571 0.000748 0.000396
11 1 0.001038 0.000431 0.000317
12 1 0.000597 0.000217 0.000214
13 1 0.000297 0.000096 0.000122
14 1 0.000128 0.000037 0.000059
15 1 0.000048 0.000012 0.000024
16 1 0.000016 0.000004 0.000009
17 1 0.000005 0.000001 0.000003
18 1 0.000001 0.000000 0.000001
19 1 0.000000 0.000000 0.000000
20 1 0.000000 0.000000 0.000000
21 1 0.000000 0.000000 0.000000
22 1 0.000000 0.000000 0.000000
23 1 0.000000 0.000000 0.000000
24 1 0.000000 0.000000 0.000000
25 1 0.000000 0.000000 0.000000
26 1 0.000000 0.000000 0.000000
27 1 0.000000 0.000000 0.000000
28 1 0.000000 0.000000 0.000000
29 1 0.000000 0.000000 0.000000
30 1 0.000000 0.000000 0.000000
31 1 0.000000 0.000000 0.000000
32 1 0.000000 0.000000 0.000000
33 1 0.000000 0.000000 0.000000
34 1 0.000000 0.000000 0.000000
35 1 0.000000 0.000000 0.000000
36 1 0.000000 0.000000 0.000000
37 1 0.000000 0.000000 0.000000
38 1 0.000000 0.000000 0.000000
39 1 0.000000 0.000000 0.000000
40 1 0.000000 0.000000 0.000000
41 1 0.000000 0.000000 0.000000
42 1 0.000000 0.000000 0.000000
43 1 0.000000 0.000000 0.000000
44 1 0.000000 0.000000 0.000000
45 1 0.000000 0.000000 0.000000
46 1 0.000000 0.000000 0.000000
47 1 0.000000 0.000000 0.000000
48 1 0.000000 0.000000 0.000000
49 1 0.000000 0.000000 0.000000

0 2 0.000000 0.000000 0.000000
1 2 0.000365 0.000672 -0.001377
2 2 0.000825 0.001341 -0.001329
3 2 0.001452 0.001994 -0.001221
4 2 0.002281 0.002601 -0.001033
5 2 0.003280 0.003108 -0.000747
6 2 0.004336 0.003445 -0.000361
7 2 0.005258 0.003539 0.000101
8 2 0.005809 0.003344 0.000574
9 2 0.005787 0.002872 0.000960
10 2 0.005128 0.002208 0.001163
11 2 0.003984 0.001498 0.001133
12 2 0.002682 0.000888 0.000912
13 2 0.001555 0.000457 0.000612
14 2 0.000775 0.000204 0.000346
15 2 0.000333 0.000079 0.000165
16 2 0.000124 0.000027 0.000068
17 2 0.000040 0.000008 0.000024
18 2 0.000011 0.000002 0.000007
19 2 0.000003 0.000000 0.000002
20 2 0.000001 0.000000 0.000000
21 2 0.000000 0.000000 0.000000
22 2 0.000000 0.000000 0.000000
23 2 0.000000 0.000000 0.000000
24 2 0.000000 0.000000 0.000000
25 2 0.000000 0.000000 0.000000
26 2 0.000000 0.000000 0.000000
27 2 0.000000 0.000000 0.000000
28 2 0.000000 0.000000 0.000000
29 2 0.000000 0.000000 0.000000
30 2 0.000000 0.000000 0.000000
31 2 0.000000 0.000000 0.000000
32 2 0.000000 0.000000 0.000000
33 2 0.000000 0.000000 0.000000
34 2 0.000000 0.000000 0.000000
35 2 0.000000 0.000000 0.000000
36 2 0.000000 0.000000 0.000000
37 2 0.000000 0.000000 0.000000
38 2 0.000000 0.000000 0.000000
39 2 0.000000 0.000000 0.000000
40 2 0.000000 0.000000 0.000000
41 2 0.000000 0.000000 0.000000
42 2 0.000000 0.000000 0.000000
43 2 0.000000 0.000000 0.000000
44 2 0.000000 0.000000 0.000000
45 2 0.000000 0.000000 0.000000
46 2 0.000000 0.000000 0.000000
47 2 0.000000 0.000000 0.000000
48 2 0.000000 0.000000 0.000000
49 2 0.000000 0.000000 0.000000

0 3 0.000000 0.000000 0.000000
1 3 -0.000915 0.000106 -0.001556
2 3 -0.001675 0.000302 -0.001617
3 3 -0.002112 0.000669 -0.001713
4 3 -0.002047 0.001265 -0.001795
5 3 -0.001313 0.002106 -0.001788
6 3 0.000189 0.003135 -0.001601
7 3 0.002400 0.004201 -0.001149
8 3 0.005012 0.005066 -0.000401
9 3 0.007453 0.005465 0.000565
10 3 0.009002 0.005214 0.001545
11 3 0.009090 0.004339 0.002237
12 3 0.007704 0.003112 0.002399
13 3 0.005483 0.001913 0.002037
14 3 0.003288 0.001007 0.001408
15 3 0.001672 0.000455 0.000805
16 3 0.000726 0.000178 0.000387
17 3 0.000272 0.000060 0.000158
18 3 0.000088 0.000018 0.000056
19 3 0.000025 0.000005 0.000017
20 3 0.000006 0.000001 0.000005
21 3 0.000001 0.000000 0.000001
22 3 0.000000 0.000000 0.000000
23 3 0.000000 0.000000 0.000000
24 3 0.000000 0.000000 0.000000
25 3 0.000000 0.000000 0.000000
26 3 0.000000 0.000000 0.000000
27 3 0.000000 0.000000 0.000000
28 3 0.000000 0.000000 0.000000
29 3 0.000000 0.000000 0.000000
30 3 0.000000 0.000000 0.000000
31 3 0.000000 0.000000 0.000000
32 3 0.000000 0.000000 0.000000
33 3 0.000000 0.000000 0.000000
34 3 0.000000 0.000000 0.000000
35 3 0.000000 0.000000 0.000000
36 3 0.000000 0.000000 0.000000
37 3 0.000000 0.000000 0.000000
38 3 0.000000 0.000000 0.000000
39 3 0.000000 0.000000 0.000000
40 3 0.000000 0.000000 0.000000
41 3 0.000000 0.000000 0.000000
42 3 0.000000 0.000000 0.000000
43 3 0.000000 0.000000 0.000000
44 3 0.000000 0.000000 0.000000
45 3 0.000000 0.000000 0.000000
46 3 0.000000 0.000000 0.000000
47 3 0.000000 0.000000 0.000000
48 3 0.000000 0.000000 0.000000
49 3 0.000000 0.000000 0.000000

0 4 0.000000 0.000000 0.000000
1 4 -0.001740 -0.001029 -0.000345
2 4 -0.003569 -0.001994 -0.000500
3 4 -0.005513 -0.002801 -0.000818
4 4 -0.007480 -0.003307 -0.001302
5 4 -0.009193 -0.003316 -0.001926
6 4 -0.010165 -0.002622 -0.002595
7 4 -0.009763 -0.001091 -0.003122
8 4 -0.007389 0.001203 -0.003218
9 4 -0.002899 0.003868 -0.002588
10 4 0.003049 0.006203 -0.001100
11 4 0.008793 0.007412 0.001011
12 4 0.012206 0.007080 0.003008
13 4 0.012178 0.005531 0.004030
14 4 0.009497 0.003581 0.003797
15 4 0.006003 0.001944 0.002766
16 4 0.003147 0.000895 0.001625
17 4 0.001391 0.000353 0.000791
18 4 0.000526 0.000120 0.000325
19 4 0.000172 0.000036 0.000114
20 4 0.000049 0.000009 0.000035
21 4 0.000012 0.000002 0.000009
22 4 0.000003 0.000000 0.000002
23 4 0.000001 0.000000 0.000000
24 4 0.000000 0.000000 0.000000
25 4 0.000000 0.000000 0.000000
26 4 0.000000 0.000000 0.000000
27 4 0.000000 0.000000 0.000000
28 4 0.000000 0.000000 0.000000
29 4 0.000000 0.000000 0.000000
30 4 0.000000 0.000000 0.000000
31 4 0.000000 0.000000 0.000000
32 4 0.000000 0.000000 0.000000
33 4 0.000000 0.000000 0.000000
34 4 0.000000 0.000000 0.000000
35 4 0.000000 0.000000 0.000000
36 4 0.000000 0.000000 0.000000
37 4 0.000000 0.000000 0.000000
38 4 0.000000 0.000000 0.000000
39 4 0.000000 0.000000 0.000000
40 4 0.000000 0.000000 0.000000
41 4 0.000000 0.000000 0.000000
42 4 0.000000 0.000000 0.000000
43 4 0.000000 0.000000 0.000000
44 4 0.000000 0.000000 0.000000
45 4 0.000000 0.000000 0.000000
46 4 0.000000 0.000000 0.000000
47 4 0.000000 0.000000 0.000000
48 4 0.000000 0.000000 0.000000
49 4 0.000000 0.000000 0.000000

0 5 0.000000 0.000000 0.000000
1 5 0.000837 -0.000621 0.000624
2 5 0.001333 -0.001435 0.000681
3 5 0.001109 -0.002601 0.000737
4 5 -0.000218 -0.004194 0.000685
5 5 -0.003005 -0.006133 0.000355
6 5 -0.007310 -0.008093 -0.000440
7 5 -0.012701 -0.009478 -0.001817
8 5 -0.017864 -0.009464 -0.003706
9 5 -0.020627 -0.007357 -0.005594
10 5 -0.018712 -0.003046 -0.006601
11 5 -0.010906 0.002493 -0.005677
12 5 0.000806 0.007188 -0.002370
13 5 0.011145 0.009169 0.002054
14 5 0.015615 0.008244 0.005258
15 5 0.014049 0.005762 0.005946
16 5 0.009553 0.003268 0.004691
17 5 0.005213 0.001543 0.002867
18 5 0.002358 0.000618 0.001423
19 5 0.000903 0.000212 0.000590
20 5 0.000297 0.000064 0.000208
21 5 0.000085 0.000017 0.000063
22 5 0.000021 0.000004 0.000017
23 5 0.000005 0.000001 0.000004
24 5 0.000001 0.000000 0.000001
25 5 0.000000 0.000000 0.000000
26 5 0.000000 0.000000 0.000000
27 5 0.000000 0.000000 0.000000
28 5 0.000000 0.000000 0.000000
29 5 0.000000 0.000000 0.000000
30 5 0.000000 0.000000 0.000000
31 5 0.000000 0.000000 0.000000
32 5 0.000000 0.000000 0.000000
33 5 0.000000 0.000000 0.000000
34 5 0.000000 0.000000 0.000000
35 5 0.000000 0.000000 0.000000
36 5 0.000000 0.000000 0.000000
37 5 0.000000 0.000000 0.000000
38 5 0.000000 0.000000 0.000000
39 5 0.000000 0.000000 0.000000
40 5 0.000000 0.000000 0.000000
41 5 0.000000 0.000000 0.000000
42 5 0.000000 0.000000 0.000000
43 5 0.000000 0.000000 0.000000
44 5 0.000000 0.000000 0.000000
45 5 0.000000 0.000000 0.000000
46 5 0.000000 0.000000 0.000000
47 5 0.000000 0.000000 0.000000
48 5 0.000000 0.000000 0.000000
49 5 0.000000 0.000000 0.000000

0 6 0.000000 0.000000 0.000000
1 6 0.002606 0.001789 -0.001332
2 6 0.005460 0.003440 -0.001070
3 6 0.008671 0.004730 -0.000509
4 6 0.012064 0.005327 0.000353
5 6 0.015015 0.004737 0.001503
6 6 0.016237 0.002478 0.002680
7 6 0.014133 -0.001714 0.003452
8 6 0.006916 -0.007426 0.003038
9 6 -0.005449 -0.013100 0.000634
10 6 -0.020264 -0.016306 -0.003778
11 6 -0.031442 -0.014454 -0.009091
12 6 -0.030757 -0.007056 -0.012109
13 6 -0.016237 0.002392 -0.009462
14 6 0.003096 0.008891 -0.002135
15 6 0.015724 0.010262 0.004889
16 6 0.017842 0.008004 0.007848
17 6 0.013359 0.004807 0.006932
18 6 0.007655 0.002344 0.004457
19 6 0.003558 0.000956 0.002269
20 6 0.001384 0.000333 0.000953
21 6 0.000460 0.000100 0.000338
22 6 0.000133 0.000026 0.000103
23 6 0.000034 0.000006 0.000028
24 6 0.000008 0.000001 0.000006
25 6 0.000001 0.000000 0.000001
26 6 0.000000 0.000000 0.000000
27 6 0.000000 0.000000 0.000000
28 6 0.000000 0.000000 0.000000
29 6 0.000000 0.000000 0.000000
30 6 0.000000 0.000000 0.000000
31 6 0.000000 0.000000 0.000000
32 6 0.000000 0.000000 0.000000
33 6 0.000000 0.000000 0.000000
34 6 0.000000 0.000000 0.000000
35 6 0.000000 0.000000 0.000000
36 6 0.000000 0.000000 0.000000
37 6 0.000000 0.000000 0.000000
38 6 0.000000 0.000000 0.000000
39 6 0.000000 0.000000 0.000000
40 6 0.000000 0.000000 0.000000
41 6 0.000000 0.000000 0.000000
42 6 0.000000 0.000000 0.000000
43 6 0.000000 0.000000 0.000000
44 6 0.000000 0.000000 0.000000
45 6 0.000000 0.000000 0.000000
46 6 0.000000 0.000000 0.000000
47 6 0.000000 0.000000 0.000000
48 6 0.000000 0.000000 0.000000
49 6 0.000000 0.000000 0.000000

0 7 0.000000 0.000000 0.000000
1 7 -0.002745 0.000565 -0.002418
2 7 -0.004993 0.001547 -0.002623
3 7 -0.005979 0.003336 -0.002939
4 7 -0.004967 0.006155 -0.003145
5 7 -0.000757 0.009989 -0.002921
6 7 0.007145 0.014104 -0.001680
7 7 0.018313 0.017164 0.000813
8 7 0.030180 0.016835 0.004810
9 7 0.036356 0.011079 0.008863
10 7 0.030683 -0.000266 0.010530
11 7 0.008642 -0.014086 0.006964
12 7 -0.023742 -0.022602 -0.003729
13 7 -0.044425 -0.019232 -0.015736
14 7 -0.037199 -0.006779 -0.018455
15 7 -0.011364 0.005298 -0.009714
16 7 0.011365 0.010615 0.002107
17 7 0.019645 0.009673 0.008772
18 7 0.016609 0.006235 0.009036
19 7 0.010056 0.003157 0.006165
20 7 0.004812 0.001317 0.003228
21 7 0.001904 0.000465 0.001375
22 7 0.000640 0.000141 0.000492
23 7 0.000186 0.000037 0.000151
24 7 0.000047 0.000009 0.000040
25 7 0.000011 0.000002 0.000009
26 7 0.000002 0.000000 0.000002
27 7 0.000000 0.000000 0.000000
28 7 0.000000 0.000000 0.000000
29 7 0.000000 0.000000 0.000000
30 7 0.000000 0.000000 0.000000
31 7 0.000000 0.000000 0.000000
32 7 0.000000 0.000000 0.000000
33 7 0.000000 0.000000 0.000000
34 7 0.000000 0.000000 0.000000
35 7 0.000000 0.000000 0.000000
36 7 0.000000 0.000000 0.000000
37 7 0.000000 0.000000 0.000000
38 7 0.000000 0.000000 0.000000
39 7 0.000000 0.000000 0.000000
40 7 0.000000 0.000000 0.000000
41 7 0.000000 0.000000 0.000000
42 7 0.000000 0.000000 0.000000
43 7 0.000000 0.000000 0.000000
44 7 0.000000 0.000000 0.000000
45 7 0.000000 0.000000 0.000000
46 7 0.000000 0.000000 0.000000
47 7 0.000000 0.000000 0.000000
48 7 0.000000 0.000000 0.000000
49 7 0.000000 0.000000 0.000000

0 8 0.000000 0.000000 0.000000
1 8 -0.002504 -0.003154 0.001285
2 8 -0.005821 -0.006350 0.001022
3 8 -0.010813 -0.009358 0.000267
4 8 -0.017406 -0.011713 -0.000993
5 8 -0.025568 -0.012294 -0.003182
6 8 -0.032090 -0.009638 -0.005916
7 8 -0.034118 -0.002588 -0.008471
8 8 -0.025064 0.009243 -0.009394
9 8 -0.001903 0.022217 -0.005346
10 8 0.029777 0.030335 0.003547
11 8 0.057882 0.025865 0.015843
12 8 0.055181 0.005333 0.023279
13 8 0.010085 -0.018745 0.012479
14 8 -0.040603 -0.027306 -0.011339
15 8 -0.052955 -0.016927 -0.025260
16 8 -0.027572 -0.000682 -0.018684
17 8 0.003798 0.009087 -0.002654
18 8 0.019142 0.010307 0.008424
19 8 0.018666 0.007206 0.010576
20 8 0.011953 0.003800 0.007683
21 8 0.005883 0.001622 0.004136
22 8 0.002365 0.000580 0.001787
23 8 0.000802 0.000178 0.000644
24 8 0.000234 0.000048 0.000199
25 8 0.000060 0.000011 0.000053
26 8 0.000013 0.000002 0.000013
27 8 0.000003 0.000000 0.000003
28 8 0.000000 0.000000 0.000000
29 8 0.000000 0.000000 0.000000
30 8 0.000000 0.000000 0.000000
31 8 0.000000 0.000000 0.000000
32 8 0.000000 0.000000 0.000000
33 8 0.000000 0.000000 0.000000
34 8 0.000000 0.000000 0.000000
35 8 0.000000 0.000000 0.000000
36 8 0.000000 0.000000 0.000000
37 8 0.000000 0.000000 0.000000
38 8 0.000000 0.000000 0.000000
39 8 0.000000 0.000000 0.000000
40 8 0.000000 0.000000 0.000000
41 8 0.000000 0.000000 0.000000
42 8 0.000000 0.000000 0.000000
43 8 0.000000 0.000000 0.000000
44 8 0.000000 0.000000 0.000000
45 8 0.000000 0.000000 0.000000
46 8 0.000000 0.000000 0.000000
47 8 0.000000 0.000000 0.000000
48 8 0.000000 0.000000 0.000000
49 8 0.000000 0.000000 0.000000

0 9 0.000000 0.000000 0.000000
1 9 0.006358 0.001732 0.000054
2 9 0.012724 0.002771 0.000647
3 9 0.018054 0.002054 0.001982
4 9 0.021429 -0.000953 0.003332
5 9 0.020007 -0.007483 0.004980
6 9 0.010007 -0.016559 0.004465
7 9 -0.008653 -0.026599 0.001976
8 9 -0.037948 -0.032457 -0.005348
9 9 -0.061520 -0.026786 -0.015649
10 9 -0.064753 -0.007739 -0.021836
11 9 -0.032832 0.021811 -0.019328
12 9 0.037701 0.042989 0.002642
13 9 0.086066 0.031871 0.032616
14 9 0.053636 -0.002818 0.033487
15 9 -0.020567 -0.026737 0.001130
16 9 -0.057733 -0.023654 -0.026843
17 9 -0.039709 -0.006590 -0.025993
18 9 -0.003851 0.006470 -0.007704
19 9 0.017191 0.009898 0.007243
20 9 0.019388 0.007528 0.011395
21 9 0.013030 0.004126 0.008752
22 9 0.006559 0.001798 0.004818
23 9 0.002669 0.000652 0.002103
24 9 0.000911 0.000202 0.000762
25 9 0.000267 0.000054 0.000236
26 9 0.000069 0.000013 0.000063
27 9 0.000015 0.000003 0.000015
28 9 0.000003 0.000001 0.000003
29 9 0.000001 0.000000 0.000001
30 9 0.000000 0.000000 0.000000
31 9 0.000000 0.000000 0.000000
32 9 0.000000 0.000000 0.000000
33 9 0.000000 0.000000 0.000000
34 9 0.000000 0.000000 0.000000
35 9 0.000000 0.000000 0.000000
36 9 0.000000 0.000000 0.000000
37 9 0.000000 0.000000 0.000000
38 9 0.000000 0.000000 0.000000
39 9 0.000000 0.000000 0.000000
40 9 0.000000 0.000000 0.000000
41 9 0.000000 0.000000 0.000000
42 9 0.000000 0.000000 0.000000
43 9 0.000000 0.000000 0.000000
44 9 0.000000 0.000000 0.000000
45 9 0.000000 0.000000 0.000000
46 9 0.000000 0.000000 0.000000
47 9 0.000000 0.000000 0.000000
48 9 0.000000 0.000000 0.000000
49 9 0.000000 0.000000 0.000000

0 10 0.000000 0.000000 0.000000
1 10 -0.002271 0.003568 -0.004786
2 10 -0.003545 0.007891 -0.004949
3 10 -0.000095 0.013496 -0.004688
4 10 0.006637 0.019929 -0.003776
5 10 0.022362 0.026432 -0.001238
6 10 0.040463 0.028430 0.004467
7 10 0.058544 0.023776 0.010362
8 10 0.064083 0.005883 0.018404
9 10 0.034709 -0.020735 0.015684
10 10 -0.016315 -0.043891 0.001966
11 10 -0.080661 -0.048964 -0.020639
12 10 -0.103653 -0.016052 -0.044377
13 10 -0.021983 0.034278 -0.027387
14 10 0.082037 0.047636 0.026615
15 10 0.082850 0.015021 0.048586
16 10 0.002007 -0.019524 0.015135
17 10 -0.053667 -0.024965 -0.024157
18 10 -0.044727 -0.010127 -0.029713
19 10 -0.008591 0.004025 -0.011117
20 10 0.015198 0.008850 0.006130
21 10 0.019085 0.007232 0.011642
22 10 0.013217 0.004085 0.009259
23 10 0.006737 0.001809 0.005158
24 10 0.002757 0.000662 0.002260
25 10 0.000944 0.000206 0.000820
26 10 0.000278 0.000056 0.000253
27 10 0.000071 0.000013 0.000068
28 10 0.000016 0.000003 0.000016
29 10 0.000003 0.000001 0.000003
30 10 0.000001 0.000000 0.000001
31 10 0.000000 0.000000 0.000000
32 10 0.000000 0.000000 0.000000
33 10 0.000000 0.000000 0.000000
34 10 0.000000 0.000000 0.000000
35 10 0.000000 0.000000 0.000000
36 10 0.000000 0.000000 0.000000
37 10 0.000000 0.000000 0.000000
38 10 0.000000 0.000000 0.000000
39 10 0.000000 0.000000 0.000000
40 10 0.000000 0.000000 0.000000
41 10 0.000000 0.000000 0.000000
42 10 0.000000 0.000000 0.000000
43 10 0.000000 0.000000 0.000000
44 10 0.000000 0.000000 0.000000
45 10 0.000000 0.000000 0.000000
46 10 0.000000 0.000000 0.000000
47 10 0.000000 0.000000 0.000000
48 10 0.000000 0.000000 0.000000
49 10 0.000000 0.000000 0.000000

0 11 0.000000 0.000000 0.000000
1 11 -0.006783 -0.005635 0.001303
2 11 -0.014733 -0.011161 0.000832
3 11 -0.025916 -0.014631 -0.001909
4 11 -0.036490 -0.015767 -0.003986
5 11 -0.049520 -0.010414 -0.009737
6 11 -0.046174 0.002794 -0.012361
7 11 -0.033621 0.022272 -0.012732
8 11 0.012373 0.045380 -0.005812
9 11 0.067664 0.050316 0.016622
10 11 0.091535 0.032098 0.030389
11 11 0.075255 -0.010547 0.034875
12 11 -0.026743 -0.057895 0.007570
13 11 -0.127185 -0.050418 -0.051199
14 11 -0.073039 0.010162 -0.054769
15 11 0.059008 0.046035 0.012550
16 11 0.088696 0.024313 0.053025
17 11 0.013750 -0.011815 0.023106
18 11 -0.047458 -0.022261 -0.021056
19 11 -0.043394 -0.010599 -0.030006
20 11 -0.009215 0.002626 -0.011852
21 11 0.014167 0.007656 0.005834
22 11 0.018204 0.006507 0.011581
23 11 0.012641 0.003731 0.009230
24 11 0.006433 0.001664 0.005124
25 11 0.002625 0.000611 0.002235
26 11 0.000897 0.000191 0.000807
27 11 0.000263 0.000052 0.000248
28 11 0.000067 0.000012 0.000066
29 11 0.000015 0.000003 0.000016
30 11 0.000003 0.000000 0.000003
31 11 0.000001 0.000000 0.000001
32 11 0.000000 0.000000 0.000000
33 11 0.000000 0.000000 0.000000
34 11 0.000000 0.000000 0.000000
35 11 0.000000 0.000000 0.000000
36 11 0.000000 0.000000 0.000000
37 11 0.000000 0.000000 0.000000
38 11 0.000000 0.000000 0.000000
39 11 0.000000 0.000000 0.000000
40 11 0.000000 0.000000 0.000000
41 11 0.000000 0.000000 0.000000
42 11 0.000000 0.000000 0.000000
43 11 0.000000 0.000000 0.000000
44 11 0.000000 0.000000 0.000000
45 11 0.000000 0.000000 0.000000
46 11 0.000000 0.000000 0.000000
47 11 0.000000 0.000000 0.000000
48 11 0.000000 0.000000 0.000000
49 11 0.000000 0.000000 0.000000

0 12 0.000000 0.000000 0.000000
1 12 0.009351 0.001077 0.001582
2 12 0.019609 0.001062 0.002437
3 12 0.023579 -0.003685 0.005075
4 12 0.024829 -0.010992 0.005435
5 12 0.011593 -0.025972 0.007849
6 12 -0.018557 -0.038075 -0.000928
7 12 -0.050872 -0.045719 -0.007598
8 12 -0.092697 -0.034028 -0.026702
9 12 -0.069784 0.003911 -0.032375
10 12 -0.008176 0.039310 -0.009785
11 12 0.066921 0.060333 0.017108
12 12 0.121810 0.033962 0.054341
13 12 0.029192 -0.035311 0.038162
14 12 -0.112130 -0.057064 -0.043845
15 12 -0.085042 -0.006246 -0.064676
16 12 0.044503 0.035835 0.005006
17 12 0.079443 0.023243 0.050687
18 12 0.011497 -0.007890 0.022319
19 12 -0.043676 -0.018210 -0.020499
20 12 -0.038127 -0.008826 -0.028072
21 12 -0.006346 0.002355 -0.010024
22 12 0.014233 0.006598 0.006532
23 12 0.017022 0.005568 0.011372
24 12 0.011505 0.003176 0.008758
25 12 0.005756 0.001410 0.004763
26 12 0.002319 0.000516 0.002047
27 12 0.000785 0.000160 0.000730
28 12 0.000228 0.000043 0.000223
29 12 0.000058 0.000010 0.000059
30 12 0.000013 0.000002 0.000014
31 12 0.000003 0.000000 0.000003
32 12 0.000000 0.000000 0.000001
33 12 0.000000 0.000000 0.000000
34 12 0.000000 0.000000 0.000000
35 12 0.000000 0.000000 0.000000
36 12 0.000000 0.000000 0.000000
37 12 0.000000 0.000000 0.000000
38 12 0.000000 0.000000 0.000000
39 12 0.000000 0.000000 0.000000
40 12 0.000000 0.000000 0.000000
41 12 0.000000 0.000000 0.000000
42 12 0.000000 0.000000 0.000000
43 12 0.000000 0.000000 0.000000
44 12 0.000000 0.000000 0.000000
45 12 0.000000 0.000000 0.000000
46 12 0.000000 0.000000 0.000000
47 12 0.000000 0.000000 0.000000
48 12 0.000000 0.000000 0.000000
49 12 0.000000 0.000000 0.000000

0 13 0.000000 0.000000 0.000000
1 13 -0.000207 0.006605 -0.006893
2 13 -0.000440 0.014266 -0.007275
3 13 0.012257 0.023201 -0.004654
4 13 0.022770 0.030644 -0.002257
5 13 0.054033 0.035500 0.005640
6 13 0.065991 0.023668 0.016934
7 13 0.066107 0.003259 0.019273
8 13 0.024025 -0.034888 0.019810
9 13 -0.065946 -0.054445 -0.017400
10 13 -0.089478 -0.035232 -0.041319
11 13 -0.061045 0.001926 -0.035069
12 13 0.032183 0.048025 -0.002737
13 13 0.120400 0.045318 0.059394
14 13 0.034827 -0.017214 0.046951
15 13 -0.099602 -0.045212 -0.042096
16 13 -0.067146 -0.006680 -0.059434
17 13 0.046810 0.027192 0.009827
18 13 0.064957 0.016677 0.046423
19 13 0.000224 -0.007591 0.014804
20 13 -0.042097 -0.014377 -0.022396
21 13 -0.030678 -0.006064 -0.024692
22 13 -0.001445 0.002747 -0.006396
23 13 0.014867 0.005695 0.007867
24 13 0.015588 0.004565 0.010992
25 13 0.010002 0.002537 0.007941
26 13 0.004848 0.001107 0.004164
27 13 0.001910 0.000400 0.001744
28 13 0.000635 0.000123 0.000610
29 13 0.000182 0.000033 0.000183
30 13 0.000046 0.000008 0.000048
31 13 0.000010 0.000002 0.000011
32 13 0.000002 0.000000 0.000002
33 13 0.000000 0.000000 0.000000
34 13 0.000000 0.000000 0.000000
35 13 0.000000 0.000000 0.000000
36 13 0.000000 0.000000 0.000000
37 13 0.000000 0.000000 0.000000
38 13 0.000000 0.000000 0.000000
39 13 0.000000 0.000000 0.000000
40 13 0.000000 0.000000 0.000000
41 13 0.000000 0.000000 0.000000
42 13 0.000000 0.000000 0.000000
43 13 0.000000 0.000000 0.000000
44 13 0.000000 0.000000 0.000000
45 13 0.000000 0.000000 0.000000
46 13 0.000000 0.000000 0.000000
47 13 0.000000 0.000000 0.000000
48 13 0.000000 0.000000 0.000000
49 13 0.000000 0.000000 0.000000

0 14 0.000000 0.000000 0.000000
1 14 -0.011075 -0.006465 -0.000386
2 14 -0.023644 -0.012600 -0.001094
3 14 -0.038425 -0.012598 -0.007195
4 14 -0.045995 -0.007943 -0.009016
5 14 -0.048336 0.009429 -0.017984
6 14 -0.007238 0.033866 -0.009894
7 14 0.038067 0.049230 0.003886
8 14 0.100524 0.046671 0.030786
9 14 0.079913 0.000127 0.047138
10 14 -0.026059 -0.040390 0.003903
11 14 -0.094548 -0.040731 -0.040414
12 14 -0.079878 -0.008016 -0.054097
13 14 0.043579 0.037874 -0.004140
14 14 0.117038 0.033548 0.068392
15 14 0.005731 -0.017348 0.035685
16 14 -0.098268 -0.032274 -0.051000
17 14 -0.037689 0.000786 -0.046025
18 14 0.055536 0.021801 0.021778
19 14 0.047552 0.009226 0.040326
20 14 -0.013810 -0.008535 0.003830
21 14 -0.039962 -0.010914 -0.024597
22 14 -0.021800 -0.003223 -0.019933
23 14 0.004030 0.003253 -0.001872
24 14 0.015352 0.004848 0.009253
25 14 0.013850 0.003582 0.010324
26 14 0.008300 0.001906 0.006870
27 14 0.003851 0.000808 0.003430
28 14 0.001471 0.000286 0.001388
29 14 0.000477 0.000087 0.000473
30 14 0.000135 0.000023 0.000139
31 14 0.000033 0.000005 0.000036
32 14 0.000007 0.000001 0.000008
33 14 0.000001 0.000000 0.000002
34 14 0.000000 0.000000 0.000000
35 14 0.000000 0.000000 0.000000
36 14 0.000000 0.000000 0.000000
37 14 0.000000 0.000000 0.000000
38 14 0.000000 0.000000 0.000000
39 14 0.000000 0.000000 0.000000
40 14 0.000000 0.000000 0.000000
41 14 0.000000 0.000000 0.000000
42 14 0.000000 0.000000 0.000000
43 14 0.000000 0.000000 0.000000
44 14 0.000000 0.000000 0.000000
45 14 0.000000 0.000000 0.000000
46 14 0.000000 0.000000 0.000000
47 14 0.000000 0.000000 0.000000
48 14 0.000000 0.000000 0.000000
49 14 0.000000 0.000000 0.000000

0 15 0.000000 0.000000 0.000000
1 15 0.009513 -0.002085 0.003913
2 15 0.017883 -0.006154 0.005490
3 15 0.012476 -0.017537 0.007144
4 15 -0.003489 -0.030211 0.005172
5 15 -0.045439 -0.044887 -0.002840
6 15 -0.087884 -0.038154 -0.024847
7 15 -0.089266 -0.007332 -0.035997
8 15 -0.022320 0.038033 -0.027071
9 15 0.095699 0.061764 0.027529
10 15 0.117940 0.022847 0.064015
11 15 0.012382 -0.033431 0.029561
12 15 -0.114769 -0.046443 -0.044019
13 15 -0.091555 -0.003206 -0.072068
14 15 0.072581 0.039993 0.010501
15 15 0.106730 0.020916 0.077024
16 15 -0.030888 -0.022073 0.012789
17 15 -0.089377 -0.021457 -0.058756
18 15 -0.004361 0.007664 -0.025988
19 15 0.058794 0.016750 0.032836
20 15 0.026421 0.002746 0.030107
21 15 -0.025985 -0.008860 -0.007761
22 15 -0.034977 -0.007571 -0.024854
23 15 -0.012115 -0.000790 -0.013820
24 15 0.008902 0.003513 0.002686
25 15 0.015150 0.003979 0.010159
26 15 0.011803 0.002673 0.009287
27 15 0.006548 0.001345 0.005647
28 15 0.002884 0.000549 0.002660
29 15 0.001060 0.000189 0.001032
30 15 0.000334 0.000056 0.000340
31 15 0.000092 0.000015 0.000098
32 15 0.000022 0.000003 0.000025
33 15 0.000005 0.000001 0.000006
34 15 0.000001 0.000000 0.000001
35 15 0.000000 0.000000 0.000000
36 15 0.000000 0.000000 0.000000
37 15 0.000000 0.000000 0.000000
38 15 0.000000 0.000000 0.000000
39 15 0.000000 0.000000 0.000000
40 15 0.000000 0.000000 0.000000
41 15 0.000000 0.000000 0.000000
42 15 0.000000 0.000000 0.000000
43 15 0.000000 0.000000 0.000000
44 15 0.000000 0.000000 0.000000
45 15 0.000000 0.000000 0.000000
46 15 0.000000 0.000000 0.000000
47 15 0.000000 0.000000 0.000000
48 15 0.000000 0.000000 0.000000
49 15 0.000000 0.000000 0.000000

0 16 0.000000 0.000000 0.000000
1 16 0.007072 0.011674 -0.009664
2 16 0.021022 0.023105 -0.007615
3 16 0.043777 0.032030 -0.000700
4 16 0.073944 0.029760 0.010636
5 16 0.084653 0.008334 0.026976
6 16 0.040864 -0.032725 0.024701
7 16 -0.057538 -0.063092 -0.005354
8 16 -0.136366 -0.047097 -0.056455
9 16 -0.074130 0.011997 -0.055168
10 16 0.061149 0.057822 0.013742
11 16 0.125625 0.039534 0.068961
12 16 0.027314 -0.022993 0.043938
13 16 -0.121277 -0.045658 -0.054045
14 16 -0.063030 0.001391 -0.069376
15 16 0.096130 0.035426 0.036160
16 16 0.066722 0.008012 0.067726
17 16 -0.063267 -0.021696 -0.017350
18 16 -0.062445 -0.010214 -0.054473
19 16 0.026861 0.011177 -0.001186
20 16 0.050906 0.010692 0.037067
21 16 0.003476 -0.002089 0.015501
22 16 -0.032974 -0.007933 -0.017212
23 16 -0.026547 -0.004393 -0.021932
24 16 -0.002666 0.000978 -0.006889
25 16 0.012315 0.003396 0.006491
26 16 0.014040 0.003088 0.010264
27 16 0.009551 0.001879 0.007907
28 16 0.004887 0.000888 0.004384
29 16 0.002032 0.000346 0.001939
30 16 0.000714 0.000115 0.000717
31 16 0.000217 0.000033 0.000228
32 16 0.000058 0.000008 0.000063
33 16 0.000014 0.000002 0.000016
34 16 0.000003 0.000000 0.000003
35 16 0.000001 0.000000 0.000001
36 16 0.000000 0.000000 0.000000
37 16 0.000000 0.000000 0.000000
38 16 0.000000 0.000000 0.000000
39 16 0.000000 0.000000 0.000000
40 16 0.000000 0.000000 0.000000
41 16 0.000000 0.000000 0.000000
42 16 0.000000 0.000000 0.000000
43 16 0.000000 0.000000 0.000000
44 16 0.000000 0.000000 0.000000
45 16 0.000000 0.000000 0.000000
46 16 0.000000 0.000000 0.000000
47 16 0.000000 0.000000 0.000000
48 16 0.000000 0.000000 0.000000
49 16 0.000000 0.000000 0.000000

0 17 0.000000 0.000000 0.000000
1 17 -0.021939 -0.005467 -0.005611
2 17 -0.044203 -0.004978 -0.010894
3 17 -0.054659 0.006555 -0.016784
4 17 -0.039161 0.034700 -0.023543
5 17 0.037313 0.063854 -0.004320
6 17 0.113980 0.063172 0.034141
7 17 0.124636 0.015818 0.061680
8 17 -0.008583 -0.047902 0.023030
9 17 -0.127607 -0.052999 -0.062518
10 17 -0.069237 -0.004162 -0.062151
11 17 0.063450 0.037007 0.014896
12 17 0.106324 0.027178 0.073429
13 17 -0.025776 -0.019518 0.022369
14 17 -0.117758 -0.026975 -0.073569
15 17 0.007150 0.012369 -0.035016
16 17 0.102879 0.023037 0.062939
17 17 0.006978 -0.005121 0.036806
18 17 -0.076796 -0.016516 -0.043243
19 17 -0.022465 -0.000158 -0.035405
20 17 0.046025 0.010953 0.021147
21 17 0.031900 0.004523 0.031417
22 17 -0.016483 -0.004745 -0.000654
23 17 -0.032855 -0.005937 -0.022025
24 17 -0.015703 -0.001692 -0.015910
25 17 0.005258 0.001971 -0.000168
26 17 0.013819 0.002939 0.008951
27 17 0.012114 0.002233 0.009510
28 17 0.007281 0.001232 0.006318
29 17 0.003433 0.000545 0.003197
30 17 0.001343 0.000202 0.001323
31 17 0.000450 0.000064 0.000465
32 17 0.000131 0.000018 0.000141
33 17 0.000034 0.000004 0.000038
34 17 0.000008 0.000001 0.000009
35 17 0.000002 0.000000 0.000002
36 17 0.000000 0.000000 0.000000
37 17 0.000000 0.000000 0.000000
38 17 0.000000 0.000000 0.000000
39 17 0.000000 0.000000 0.000000
40 17 0.000000 0.000000 0.000000
41 17 0.000000 0.000000 0.000000
42 17 0.000000 0.000000 0.000000
43 17 0.000000 0.000000 0.000000
44 17 0.000000 0.000000 0.000000
45 17 0.000000 0.000000 0.000000
46 17 0.000000 0.000000 0.000000
47 17 0.000000 0.000000 0.000000
48 17 0.000000 0.000000 0.000000
49 17 0.000000 0.000000 0.000000

0 18 0.000000 0.000000 0.000000
1 18 0.010568 -0.010672 0.009449
2 18 0.005109 -0.028178 0.011065
3 18 -0.028474 -0.048864 0.005993
4 18 -0.097997 -0.058088 -0.017418
5 18 -0.130809 -0.024616 -0.053087
6 18 -0.049102 0.035376 -0.041184
7 18 0.097607 0.067850 0.027075
8 18 0.136072 0.031923 0.085602
9 18 -0.017893 -0.032968 0.026177
10 18 -0.131822 -0.036527 -0.070266
11 18 -0.045761 0.010844 -0.059012
12 18 0.111061 0.033867 0.041832
13 18 0.081136 0.003818 0.078838
14 18 -0.092988 -0.027048 -0.024307
15 18 -0.083820 -0.008274 -0.078771
16 18 0.071142 0.019979 0.015540
17 18 0.071244 0.009610 0.066356
18 18 -0.045820 -0.011762 -0.005117
19 18 -0.059656 -0.008478 -0.049555
20 18 0.017278 0.005747 -0.006776
21 18 0.045916 0.007615 0.032374
22 18 0.006947 -0.000322 0.016960
23 18 -0.028534 -0.005150 -0.013923
24 18 -0.025903 -0.003477 -0.021014
25 18 -0.004522 0.000220 -0.008058
26 18 0.010610 0.002242 0.005217
27 18 0.013441 0.002277 0.009816
28 18 0.009682 0.001487 0.008074
29 18 0.005195 0.000747 0.004708
30 18 0.002260 0.000308 0.002180
31 18 0.000830 0.000108 0.000843
32 18 0.000264 0.000033 0.000280
33 18 0.000074 0.000009 0.000081
34 18 0.000018 0.000002 0.000021
35 18 0.000004 0.000000 0.000005
36 18 0.000001 0.000000 0.000001
37 18 0.000000 0.000000 0.000000
38 18 0.000000 0.000000 0.000000
39 18 0.000000 0.000000 0.000000
40 18 0.000000 0.000000 0.000000
41 18 0.000000 0.000000 0.000000
42 18 0.000000 0.000000 0.000000
43 18 0.000000 0.000000 0.000000
44 18 0.000000 0.000000 0.000000
45 18 0.000000 0.000000 0.000000
46 18 0.000000 0.000000 0.000000
47 18 0.000000 0.000000 0.000000
48 18 0.000000 0.000000 0.000000
49 18 0.000000 0.000000 0.000000

0 19 0.000000 0.000000 0.000000
1 19 0.026903 0.023033 -0.015698
2 19 0.067910 0.038350 -0.003160
3 19 0.112526 0.026036 0.025024
4 19 0.081185 -0.022297 0.044819
5 19 -0.054424 -0.069378 0.000556
6 19 -0.161464 -0.053958 -0.072945
7 19 -0.075993 0.015966 -0.072190
8 19 0.114543 0.055522 0.038352
9 19 0.116160 0.021345 0.091147
10 19 -0.043427 -0.031604 0.005470
11 19 -0.120819 -0.030221 -0.077607
12 19 0.001046 0.016044 -0.035798
13 19 0.121323 0.028844 0.072024
14 19 0.004687 -0.007077 0.046438
15 19 -0.112895 -0.020753 -0.066928
16 19 -0.003282 0.004911 -0.041117
17 19 0.091654 0.015241 0.056006
18 19 0.007704 -0.001827 0.035364
19 19 -0.067424 -0.010245 -0.038370
20 19 -0.019230 -0.000595 -0.031813
21 19 0.041080 0.006772 0.019279
22 19 0.027965 0.003083 0.028443
23 19 -0.015442 -0.002905 -0.000839
24 19 -0.030208 -0.003924 -0.020520
25 19 -0.014637 -0.001261 -0.014997
26 19 0.004750 0.001225 -0.000296
27 19 0.012980 0.001985 0.008490
28 19 0.011625 0.001574 0.009237
29 19 0.007145 0.000901 0.006277
30 19 0.003453 0.000413 0.003255
31 19 0.001387 0.000159 0.001383
32 19 0.000478 0.000053 0.000500
33 19 0.000144 0.000015 0.000157
34 19 0.000038 0.000004 0.000043
35 19 0.000009 0.000001 0.000011
36 19 0.000002 0.000000 0.000002
37 19 0.000000 0.000000 0.000000
38 19 0.000000 0.000000 0.000000
39 19 0.000000 0.000000 0.000000
40 19 0.000000 0.000000 0.000000
41 19 0.000000 0.000000 0.000000
42 19 0.000000 0.000000 0.000000
43 19 0.000000 0.000000 0.000000
44 19 0.000000 0.000000 0.000000
45 19 0.000000 0.000000 0.000000
46 19 0.000000 0.000000 0.000000
47 19 0.000000 0.000000 0.000000
48 19 0.000000 0.000000 0.000000
49 19 0.000000 0.000000 0.000000

0 20 0.000000 0.000000 0.000000
1 20 -0.046093 0.004729 -0.025807
2 20 -0.063142 0.031713 -0.038346
3 20 0.014030 0.076998 -0.029184
4 20 0.156528 0.082856 0.045229
5 20 0.151213 0.018991 0.091543
6 20 -0.031698 -0.051436 0.018889
7 20 -0.165387 -0.049069 -0.091651
8 20 -0.032909 0.014003 -0.062827
9 20 0.127265 0.037037 0.067789
10 20 0.048629 0.004595 0.069829
11 20 -0.100135 -0.018959 -0.038575
12 20 -0.069149 -0.005236 -0.073894
13 20 0.093517 0.016437 0.026295
14 20 0.077146 0.006113 0.080089
15 20 -0.087627 -0.014211 -0.023087
16 20 -0.068228 -0.005110 -0.072140
17 20 0.070601 0.011400 0.020509
18 20 0.055286 0.005108 0.058446
19 20 -0.047947 -0.007064 -0.011173
20 20 -0.048067 -0.004524 -0.043992
21 20 0.021649 0.003751 -0.001058
22 20 0.039955 0.004397 0.030420
23 20 0.001873 -0.000473 0.012713
24 20 -0.027753 -0.003224 -0.014816
25 20 -0.022765 -0.002077 -0.019259
26 20 -0.002733 0.000213 -0.006464
27 20 0.010586 0.001448 0.005609
28 20 0.012700 0.001461 0.009495
29 20 0.009044 0.000962 0.007672
30 20 0.004856 0.000490 0.004466
31 20 0.002127 0.000206 0.002080
32 20 0.000791 0.000074 0.000813
33 20 0.000255 0.000023 0.000274
34 20 0.000073 0.000006 0.000081
35 20 0.000018 0.000002 0.000021
36 20 0.000004 0.000000 0.000005
37 20 0.000001 0.000000 0.000001
38 20 0.000000 0.000000 0.000000
39 20 0.000000 0.000000 0.000000
40 20 0.000000 0.000000 0.000000
41 20 0.000000 0.000000 0.000000
42 20 0.000000 0.000000 0.000000
43 20 0.000000 0.000000 0.000000
44 20 0.000000 0.000000 0.000000
45 20 0.000000 0.000000 0.000000
46 20 0.000000 0.000000 0.000000
47 20 0.000000 0.000000 0.000000
48 20 0.000000 0.000000 0.000000
49 20 0.000000 0.000000 0.000000

0 21 0.000000 0.000000 0.000000
1 21 -0.013723 -0.040423 0.023834
2 21 -0.118260 -0.070714 -0.004645
3 21 -0.201212 -0.034106 -0.081227
4 21 -0.062997 0.048777 -0.066153
5 21 0.151167 0.077196 0.064187
6 21 0.128919 0.021336 0.111332
7 21 -0.090094 -0.031994 -0.011583
8 21 -0.126318 -0.018846 -0.102471
9 21 0.058378 0.022115 -0.005206
10 21 0.122723 0.018622 0.089049
11 21 -0.023459 -0.015978 0.025777
12 21 -0.124038 -0.017975 -0.078094
13 21 0.012278 0.010870 -0.035083
14 21 0.118483 0.015924 0.078310
15 21 -0.020036 -0.006116 0.031907
16 21 -0.102218 -0.010760 -0.071376
17 21 0.021350 0.004501 -0.022518
18 21 0.079990 0.007736 0.058274
19 21 -0.012401 -0.002321 0.019531
20 21 -0.060652 -0.005328 -0.040961
21 21 -0.004188 0.000611 -0.020940
22 21 0.040694 0.003851 0.023519
23 21 0.018512 0.001200 0.022980
24 21 -0.019664 -0.001953 -0.005738
25 21 -0.027375 -0.002149 -0.020060
26 21 -0.010520 -0.000518 -0.012101
27 21 0.006531 0.000829 0.001599
28 21 0.012661 0.001177 0.008724
29 21 0.010643 0.000903 0.008678
30 21 0.006361 0.000511 0.005696
31 21 0.003031 0.000234 0.002904
32 21 0.001211 0.000090 0.001224
33 21 0.000417 0.000030 0.000441
34 21 0.000126 0.000009 0.000139
35 21 0.000034 0.000002 0.000039
36 21 0.000008 0.000001 0.000010
37 21 0.000002 0.000000 0.000002
38 21 0.000000 0.000000 0.000000
39 21 0.000000 0.000000 0.000000
40 21 0.000000 0.000000 0.000000
41 21 0.000000 0.000000 0.000000
42 21 0.000000 0.000000 0.000000
43 21 0.000000 0.000000 0.000000
44 21 0.000000 0.000000 0.000000
45 21 0.000000 0.000000 0.000000
46 21 0.000000 0.000000 0.000000
47 21 0.000000 0.000000 0.000000
48 21 0.000000 0.000000 0.000000
49 21 0.000000 0.000000 0.000000

0 22 0.000000 0.000000 0.000000
1 22 0.155606 0.040753 -0.014174
2 22 0.152271 -0.025387 0.082403
3 22 -0.098396 -0.086058 -0.003966
4 22 -0.210394 -0.048984 -0.130869
5 22 -0.005443 0.025585 -0.053216
6 22 0.169867 0.039842 0.101525
7 22 0.032651 -0.005466 0.077528
8 22 -0.144864 -0.024462 -0.076231
9 22 -0.033023 -0.000029 -0.066578
10 22 0.111054 0.015382 0.060769
11 22 0.036690 0.005980 0.064416
12 22 -0.103617 -0.007350 -0.044649
13 22 -0.044195 -0.002777 -0.066920
14 22 0.107933 0.007626 0.046666
15 22 0.038640 0.001177 0.066060
16 22 -0.100297 -0.007076 -0.046686
17 22 -0.029073 -0.000375 -0.053933
18 22 0.079580 0.005863 0.040308
19 22 0.024709 0.000888 0.042983
20 22 -0.056637 -0.003865 -0.026557
21 22 -0.028434 -0.001234 -0.034863
22 22 0.031826 0.002363 0.010946
23 22 0.030905 0.001758 0.028021
24 22 -0.008211 -0.000729 0.004384
25 22 -0.027989 -0.001662 -0.017584
26 22 -0.017408 -0.000825 -0.016310
27 22 0.001375 0.000296 -0.002932
28 22 0.011467 0.000796 0.006997
29 22 0.011745 0.000728 0.009150
30 22 0.007839 0.000459 0.006821
31 22 0.004054 0.000228 0.003800
32 22 0.001733 0.000094 0.001722
33 22 0.000634 0.000034 0.000661
34 22 0.000202 0.000010 0.000220
35 22 0.000057 0.000003 0.000065
36 22 0.000015 0.000001 0.000017
37 22 0.000003 0.000000 0.000004
38 22 0.000001 0.000000 0.000001
39 22 0.000000 0.000000 0.000000
40 22 0.000000 0.000000 0.000000
41 22 0.000000 0.000000 0.000000
42 22 0.000000 0.000000 0.000000
43 22 0.000000 0.000000 0.000000
44 22 0.000000 0.000000 0.000000
45 22 0.000000 0.000000 0.000000
46 22 0.000000 0.000000 0.000000
47 22 0.000000 0.000000 0.000000
48 22 0.000000 0.000000 0.000000
49 22 0.000000 0.000000 0.000000

0 23 0.000000 0.000000 0.000000
1 23 0.030713 0.166622 -0.211918
2 23 0.287489 0.128366 0.121326
3 23 0.150791 0.016096 0.158437
4 23 -0.156179 -0.039261 -0.053113
5 23 -0.127711 -0.010681 -0.122786
6 23 0.113295 0.021212 0.034570
7 23 0.108894 0.012761 0.113422
8 23 -0.099976 -0.008079 -0.019888
9 23 -0.096344 -0.004224 -0.092801
10 23 0.080567 0.011174 0.016555
11 23 0.101494 0.003967 0.086496
12 23 -0.063931 -0.010814 -0.001807
13 23 -0.103514 -0.005224 -0.084394
14 23 0.066211 0.007530 0.003487
15 23 0.089357 0.004766 0.082683
16 23 -0.069330 -0.004325 -0.009808
17 23 -0.069899 -0.002847 -0.069656
18 23 0.058621 0.002965 0.012765
19 23 0.054058 0.002020 0.054903
20 23 -0.040109 -0.001767 -0.006500
21 23 -0.045971 -0.001544 -0.040728
22 23 0.016916 0.000892 -0.003542
23 23 0.037433 0.001378 0.027718
24 23 0.004155 0.000027 0.013558
25 23 -0.025036 -0.000929 -0.012673
26 23 -0.022580 -0.000710 -0.018645
27 23 -0.004212 -0.000025 -0.007374
28 23 0.009271 0.000410 0.004544
29 23 0.012243 0.000464 0.009041
30 23 0.009170 0.000327 0.007739
31 23 0.005135 0.000176 0.004708
32 23 0.002341 0.000078 0.002284
33 23 0.000905 0.000029 0.000929
34 23 0.000304 0.000010 0.000326
35 23 0.000090 0.000003 0.000101
36 23 0.000024 0.000001 0.000028
37 23 0.000006 0.000000 0.000007
38 23 0.000001 0.000000 0.000002
39 23 0.000000 0.000000 0.000000
40 23 0.000000 0.000000 0.000000
41 23 0.000000 0.000000 0.000000
42 23 0.000000 0.000000 0.000000
43 23 0.000000 0.000000 0.000000
44 23 0.000000 0.000000 0.000000
45 23 0.000000 0.000000 0.000000
46 23 0.000000 0.000000 0.000000
47 23 0.000000 0.000000 0.000000
48 23 0.000000 0.000000 0.000000
49 23 0.000000 0.000000 0.000000

0 24 0.000000 0.000000 0.000000
1 24 -0.506137 0.135226 0.045709
2 24 0.075575 0.086980 0.118218
3 24 0.223328 0.038553 0.234204
4 24 -0.063138 0.000207 0.046627
5 24 -0.167723 -0.006531 -0.121742
6 24 0.046349 0.004508 -0.024670
7 24 0.153268 0.005084 0.113726
8 24 -0.039733 -0.004298 0.031268
9 24 -0.125374 -0.004736 -0.093088
10 24 0.033226 -0.002091 -0.021472
11 24 0.106151 0.001092 0.079128
12 24 -0.025905 0.003758 0.028612
13 24 -0.111905 0.001268 -0.073987
14 24 0.027073 -0.000667 -0.028524
15 24 0.109720 -0.000080 0.077467
16 24 -0.032357 -0.000652 0.022501
17 24 -0.092784 -0.000746 -0.069449
18 24 0.028986 0.000683 -0.014367
19 24 0.071532 0.000869 0.055630
20 24 -0.017538 -0.000335 0.013537
21 24 -0.055072 -0.000659 -0.039231
22 24 -0.000145 0.000086 -0.016865
23 24 0.038234 0.000490 0.023212
24 24 0.015476 0.000156 0.020548
25 24 -0.019493 -0.000250 -0.006429
26 24 -0.025696 -0.000283 -0.019102
27 24 -0.009622 -0.000075 -0.011256
28 24 0.006349 0.000104 0.001668
29 24 0.012125 0.000156 0.008394
30 24 0.010263 0.000123 0.008387
31 24 0.006210 0.000072 0.005567
32 24 0.003006 0.000034 0.002881
33 24 0.001223 0.000013 0.001237
34 24 0.000430 0.000005 0.000455
35 24 0.000133 0.000001 0.000147
36 24 0.000037 0.000000 0.000042
37 24 0.000009 0.000000 0.000011
38 24 0.000002 0.000000 0.000002
39 24 0.000000 0.000000 0.000001
40 24 0.000000 0.000000 0.000000
41 24 0.000000 0.000000 0.000000
42 24 0.000000 0.000000 0.000000
43 24 0.000000 0.000000 0.000000
44 24 0.000000 0.000000 0.000000
45 24 0.000000 0.000000 0.000000
46 24 0.000000 0.000000 0.000000
47 24 0.000000 0.000000 0.000000
48 24 0.000000 0.000000 0.000000
49 24 0.000000 0.000000 0.000000

0 25 0.000000 0.000000 0.000000
1 25 -0.192849 -0.051602 -0.200457
2 25 0.114983 -0.058395 0.008668
3 25 0.251654 -0.039535 0.185794
4 25 -0.009058 -0.005516 0.069901
5 25 -0.181103 0.006502 -0.112843
6 25 -0.006094 -0.002160 -0.058823
7 25 0.152404 -0.007435 0.097617
8 25 0.001760 0.001477 0.060956
9 25 -0.134542 0.004788 -0.079270
10 25 -0.013832 0.002586 -0.050990
11 25 0.115741 0.001381 0.065748
12 25 0.030758 -0.001852 0.058256
13 25 -0.111465 -0.002418 -0.056221
14 25 -0.026222 -0.000576 -0.058161
15 25 0.110153 -0.000062 0.060424
16 25 0.010632 0.000703 0.050152
17 25 -0.097995 0.001061 -0.057721
18 25 -0.003364 -0.000345 -0.037315
19 25 0.076837 -0.001040 0.047815
20 25 0.005997 0.000025 0.030286
21 25 -0.056318 0.000709 -0.032408
22 25 -0.016350 0.000128 -0.027270
23 25 0.034507 -0.000456 0.016121
24 25 0.024582 -0.000277 0.024921
25 25 -0.012510 0.000167 0.000120
26 25 -0.026829 0.000304 -0.017998
27 25 -0.014409 0.000136 -0.014303
28 25 0.003026 -0.000065 -0.001325
29 25 0.011466 -0.000150 0.007324
30 25 0.011069 -0.000134 0.008743
31 25 0.007222 -0.000084 0.006327
32 25 0.003697 -0.000042 0.003480
33 25 0.001576 -0.000018 0.001569
34 25 0.000577 -0.000006 0.000603
35 25 0.000185 -0.000002 0.000202
36 25 0.000053 -0.000001 0.000060
37 25 0.000014 -0.000000 0.000016
38 25 0.000003 -0.000000 0.000004
39 25 0.000001 -0.000000 0.000001
40 25 0.000000 -0.000000 0.000000
41 25 0.000000 -0.000000 0.000000
42 25 0.000000 -0.000000 0.000000
43 25 0.000000 -0.000000 0.000000
44 25 0.000000 -0.000000 0.000000
45 25 0.000000 -0.000000 0.000000
46 25 0.000000 -0.000000 0.000000
47 25 0.000000 -0.000000 0.000000
48 25 0.000000 -0.000000 0.000000
49 25 0.000000 0.000000 0.000000

0 26 0.000000 0.000000 0.000000
1 26 -0.003424 -0.054494 -0.107393
2 26 0.177497 -0.118164 0.010771
3 26 0.225275 -0.088219 0.128514
4 26 -0.024568 -0.006035 0.039859
5 26 -0.186803 0.028733 -0.113202
6 26 -0.028304 0.002777 -0.067868
7 26 0.152573 -0.015849 0.084543
8 26 0.041744 -0.003505 0.078741
9 26 -0.128343 0.009966 -0.065481
10 26 -0.034503 0.000999 -0.066164
11 26 0.111229 -0.013185 0.054017
12 26 0.044289 -0.004999 0.067067
13 26 -0.108318 0.009719 -0.042495
14 26 -0.052414 0.004675 -0.070166
15 26 0.106201 -0.006260 0.044084
16 26 0.043113 -0.002776 0.066572
17 26 -0.094754 0.004052 -0.042824
18 26 -0.031808 0.001197 -0.053386
19 26 0.073995 -0.003035 0.036007
20 26 0.027029 -0.000958 0.042377
21 26 -0.051942 0.001956 -0.022860
22 26 -0.029971 0.000948 -0.034255
23 26 0.027910 -0.001129 0.008026
24 26 0.031078 -0.001096 0.026873
25 26 -0.005121 0.000230 0.006213
26 26 -0.026342 0.000906 -0.015810
27 26 -0.018330 0.000559 -0.016440
28 26 -0.000387 -0.000072 -0.004181
29 26 0.010399 -0.000415 0.005979
30 26 0.011585 -0.000423 0.008831
31 26 0.008126 -0.000286 0.006959
32 26 0.004380 -0.000150 0.004049
33 26 0.001946 -0.000066 0.001909
34 26 0.000739 -0.000025 0.000761
35 26 0.000245 -0.000008 0.000264
36 26 0.000072 -0.000002 0.000081
37 26 0.000019 -0.000001 0.000022
38 26 0.000005 -0.000000 0.000005
39 26 0.000001 -0.000000 0.000001
40 26 0.000000 -0.000000 0.000000
41 26 0.000000 -0.000000 0.000000
42 26 0.000000 -0.000000 0.000000
43 26 0.000000 -0.000000 0.000000
44 26 0.000000 -0.000000 0.000000
45 26 0.000000 -0.000000 0.000000
46 26 0.000000 -0.000000 0.000000
47 26 0.000000 -0.000000 0.000000
48 26 0.000000 -0.000000 0.000000
49 26 0.000000 0.000000 0.000000

0 27 0.000000 0.000000 0.000000
1 27 0.066610 -0.071588 -0.035120
2 27 0.161670 -0.123346 0.026345
3 27 0.127509 -0.078255 0.073868
4 27 -0.086582 0.018369 -0.006796
5 27 -0.185171 0.048385 -0.110771
6 27 -0.017587 0.003230 -0.054413
7 27 0.156983 -0.032766 0.084364
8 27 0.048679 -0.012097 0.080238
9 27 -0.130461 0.016680 -0.060241
10 27 -0.057702 0.005336 -0.073588
11 27 0.091932 -0.009900 0.040106
12 27 0.066750 -0.001751 0.072306
13 27 -0.079638 0.008530 -0.022255
14 27 -0.072782 0.002071 -0.074887
15 27 0.084848 -0.008835 0.023267
16 27 0.065537 -0.003751 0.074105
17 27 -0.082099 0.006617 -0.025618
18 27 -0.053215 0.003137 -0.062496
19 27 0.065541 -0.004768 0.022751
20 27 0.043612 -0.002742 0.049744
21 27 -0.044274 0.002819 -0.012626
22 27 -0.040324 0.002289 -0.038119
23 27 0.020024 -0.001389 0.000128
24 27 0.035140 -0.002103 0.026954
25 27 0.001900 -0.000057 0.011406
26 27 -0.024732 0.001422 -0.013044
27 27 -0.021327 0.001124 -0.017745
28 27 -0.003636 0.000079 -0.006725
29 27 0.009084 -0.000614 0.004515
30 27 0.011843 -0.000723 0.008703
31 27 0.008897 -0.000523 0.007451
32 27 0.005023 -0.000289 0.004564
33 27 0.002316 -0.000131 0.002237
34 27 0.000908 -0.000051 0.000922
35 27 0.000310 -0.000017 0.000329
36 27 0.000094 -0.000005 0.000103
37 27 0.000025 -0.000001 0.000029
38 27 0.000006 -0.000000 0.000007
39 27 0.000001 -0.000000 0.000002
40 27 0.000000 -0.000000 0.000000
41 27 0.000000 -0.000000 0.000000
42 27 0.000000 -0.000000 0.000000
43 27 0.000000 -0.000000 0.000000
44 27 0.000000 -0.000000 0.000000
45 27 0.000000 -0.000000 0.000000
46 27 0.000000 -0.000000 0.000000
47 27 0.000000 -0.000000 0.000000
48 27 0.000000 -0.000000 0.000000
49 27 0.000000 0.000000 0.000000

0 28 0.000000 0.000000 0.000000
1 28 0.047639 -0.054083 0.005640
2 28 0.068873 -0.073320 0.026571
3 28 -0.005443 -0.017119 0.024498
4 28 -0.148868 0.060046 -0.041143
5 28 -0.160632 0.063099 -0.094106
6 28 0.024289 -0.003980 -0.020850
7 28 0.155753 -0.043562 0.089032
8 28 0.039531 -0.010084 0.068421
9 28 -0.130253 0.026009 -0.060506
10 28 -0.061281 0.013144 -0.075275
11 28 0.102432 -0.015787 0.039111
12 28 0.083690 -0.016433 0.077988
13 28 -0.079769 0.007172 -0.016582
14 28 -0.095018 0.011890 -0.080977
15 28 0.073275 -0.006965 0.010596
16 28 0.086258 -0.008851 0.079854
17 28 -0.069182 0.006426 -0.011367
18 28 -0.070337 0.006178 -0.068025
19 28 0.055088 -0.005334 0.010512
20 28 0.056165 -0.005010 0.053806
21 28 -0.035409 0.003076 -0.003136
22 28 -0.047673 0.003885 -0.039718
23 28 0.012088 -0.001217 -0.006840
24 28 0.037291 -0.003141 0.025854
25 28 0.008077 -0.000628 0.015541
26 28 -0.022519 0.001801 -0.010146
27 28 -0.023479 0.001765 -0.018390
28 28 -0.006543 0.000364 -0.008861
29 28 0.007685 -0.000739 0.003074
30 28 0.011902 -0.001017 0.008430
31 28 0.009526 -0.000785 0.007808
32 28 0.005602 -0.000453 0.005006
33 28 0.002666 -0.000212 0.002538
34 28 0.001073 -0.000085 0.001076
35 28 0.000375 -0.000029 0.000393
36 28 0.000116 -0.000009 0.000126
37 28 0.000032 -0.000002 0.000036
38 28 0.000008 -0.000001 0.000009
39 28 0.000002 -0.000000 0.000002
40 28 0.000000 -0.000000 0.000000
41 28 0.000000 -0.000000 0.000000
42 28 0.000000 -0.000000 0.000000
43 28 0.000000 -0.000000 0.000000
44 28 0.000000 -0.000000 0.000000
45 28 0.000000 -0.000000 0.000000
46 28 0.000000 -0.000000 0.000000
47 28 0.000000 -0.000000 0.000000
48 28 0.000000 -0.000000 0.000000
49 28 0.000000 0.000000 0.000000

0 29 0.000000 0.000000 0.000000
1 29 0.001047 -0.015514 0.011626
2 29 -0.024229 -0.003541 0.010351
3 29 -0.087612 0.045547 -0.009726
4 29 -0.145384 0.082471 -0.049382
5 29 -0.077841 0.048007 -0.057290
6 29 0.091530 -0.030541 0.020713
7 29 0.154515 -0.056360 0.088558
8 29 0.018084 -0.011329 0.046634
9 29 -0.137634 0.031483 -0.069362
10 29 -0.051289 0.011975 -0.069561
11 29 0.102910 -0.025935 0.044279
12 29 0.067589 -0.015631 0.071432
13 29 -0.078853 0.018152 -0.017673
14 29 -0.089200 0.016114 -0.075889
15 29 0.068316 -0.012536 0.005587
16 29 0.092855 -0.014297 0.079018
17 29 -0.060755 0.007997 -0.002573
18 29 -0.080908 0.010138 -0.069935
19 29 0.046188 -0.005685 0.001250
20 29 0.064970 -0.007696 0.055602
21 29 -0.027235 0.002892 0.004591
22 29 -0.052656 0.005601 -0.039974
23 29 0.005009 -0.000701 -0.012490
24 29 0.038192 -0.004128 0.024240
25 29 0.013179 -0.001394 0.018650
26 29 -0.020172 0.002042 -0.007464
27 29 -0.024951 0.002434 -0.018590
28 29 -0.008999 0.000745 -0.010560
29 29 0.006349 -0.000798 0.001770
30 29 0.011834 -0.001297 0.008086
31 29 0.010018 -0.001061 0.008048
32 29 0.006098 -0.000635 0.005364
33 29 0.002979 -0.000306 0.002797
34 29 0.001226 -0.000125 0.001213
35 29 0.000437 -0.000044 0.000452
36 29 0.000137 -0.000014 0.000148
37 29 0.000038 -0.000004 0.000043
38 29 0.000010 -0.000001 0.000011
39 29 0.000002 -0.000000 0.000003
40 29 0.000000 -0.000000 0.000001
41 29 0.000000 -0.000000 0.000000
42 29 0.000000 -0.000000 0.000000
43 29 0.000000 -0.000000 0.000000
44 29 0.000000 -0.000000 0.000000
45 29 0.000000 -0.000000 0.000000
46 29 0.000000 -0.000000 0.000000
47 29 0.000000 -0.000000 0.000000
48 29 0.000000 -0.000000 0.000000
49 29 0.000000 0.000000 0.000000

0 30 0.000000 0.000000 0.000000
1 30 -0.024106 0.012353 -0.000937
2 30 -0.055145 0.035102 -0.007342
3 30 -0.081286 0.060123 -0.022070
4 30 -0.068915 0.055710 -0.033415
5 30 0.026527 -0.002174 -0.012913
6 30 0.134812 -0.063753 0.048418
7 30 0.117141 -0.060003 0.072211
8 30 -0.040039 0.003617 0.010300
9 30 -0.148943 0.045689 -0.080289
10 30 -0.033220 0.013094 -0.054235
11 30 0.106221 -0.025545 0.052078
12 30 0.068341 -0.014143 0.067094
13 30 -0.067431 0.014282 -0.016810
14 30 -0.090340 0.013741 -0.073278
15 30 0.055926 -0.012040 -0.000135
16 30 0.096065 -0.015287 0.077357
17 30 -0.051589 0.008571 0.004291
18 30 -0.086856 0.012792 -0.070126
19 30 0.038836 -0.005884 -0.005493
20 30 0.070724 -0.010210 0.056171
21 30 -0.020667 0.002512 0.010311
22 30 -0.055976 0.007304 -0.039681
23 30 -0.000680 0.000009 -0.016728
24 30 0.038476 -0.005043 0.022655
25 30 0.017150 -0.002266 0.020876
26 30 -0.018070 0.002181 -0.005241
27 30 -0.025937 0.003100 -0.018553
28 30 -0.010954 0.001184 -0.011834
29 30 0.005198 -0.000807 0.000691
30 30 0.011712 -0.001559 0.007741
31 30 0.010389 -0.001342 0.008194
32 30 0.006498 -0.000827 0.005633
33 30 0.003239 -0.000408 0.003003
34 30 0.001355 -0.000170 0.001325
35 30 0.000490 -0.000061 0.000501
36 30 0.000156 -0.000019 0.000166
37 30 0.000044 -0.000005 0.000049
38 30 0.000011 -0.000001 0.000013
39 30 0.000003 -0.000000 0.000003
40 30 0.000001 -0.000000 0.000001
41 30 0.000000 -0.000000 0.000000
42 30 0.000000 -0.000000 0.000000
43 30 0.000000 -0.000000 0.000000
44 30 0.000000 -0.000000 0.000000
45 30 0.000000 -0.000000 0.000000
46 30 0.000000 -0.000000 0.000000
47 30 0.000000 -0.000000 0.000000
48 30 0.000000 -0.000000 0.000000
49 30 0.000000 0.000000 0.000000

0 31 0.000000 0.000000 0.000000
1 31 -0.016941 0.015771 -0.011886
2 31 -0.027301 0.028589 -0.013953
3 31 -0.019286 0.028545 -0.016799
4 31 0.023835 0.000464 -0.007808
5 31 0.090918 -0.048736 0.017199
6 31 0.123113 -0.072813 0.050838
7 31 0.040109 -0.034848 0.037780
8 31 -0.095142 0.034439 -0.027551
9 31 -0.129945 0.053064 -0.077133
10 31 0.008937 0.004006 -0.028322
11 31 0.127489 -0.037689 0.065884
12 31 0.057256 -0.023233 0.060214
13 31 -0.089230 0.017468 -0.030357
14 31 -0.094987 0.023468 -0.074696
15 31 0.062816 -0.010824 0.004903
16 31 0.102699 -0.020868 0.079373
17 31 -0.050096 0.007657 0.005298
18 31 -0.092500 0.016213 -0.071629
19 31 0.035080 -0.005551 -0.008867
20 31 0.075125 -0.012731 0.056974
21 31 -0.016449 0.002004 0.013854
22 31 -0.058466 0.008983 -0.039599
23 31 -0.004674 0.000785 -0.019589
24 31 0.038699 -0.005919 0.021528
25 31 0.020025 -0.003168 0.022390
26 31 -0.016504 0.002274 -0.003639
27 31 -0.026622 0.003755 -0.018461
28 31 -0.012389 0.001642 -0.012717
29 31 0.004329 -0.000793 -0.000105
30 31 0.011602 -0.001809 0.007454
31 31 0.010655 -0.001620 0.008270
32 31 0.006795 -0.001022 0.005813
33 31 0.003435 -0.000513 0.003146
34 31 0.001453 -0.000216 0.001405
35 31 0.000531 -0.000079 0.000537
36 31 0.000170 -0.000025 0.000179
37 31 0.000049 -0.000007 0.000053
38 31 0.000013 -0.000002 0.000014
39 31 0.000003 -0.000000 0.000003
40 31 0.000001 -0.000000 0.000001
41 31 0.000000 -0.000000 0.000000
42 31 0.000000 -0.000000 0.000000
43 31 0.000000 -0.000000 0.000000
44 31 0.000000 -0.000000 0.000000
45 31 0.000000 -0.000000 0.000000
46 31 0.000000 -0.000000 0.000000
47 31 0.000000 -0.000000 0.000000
48 31 0.000000 -0.000000 0.000000
49 31 0.000000 0.000000 0.000000

0 32 0.000000 0.000000 0.000000
1 32 0.005059 0.002241 -0.010739
2 32 0.016031 -0.001445 -0.008195
3 32 0.039579 -0.016217 -0.003629
4 32 0.071730 -0.043353 0.010704
5 32 0.088971 -0.063479 0.023908
6 32 0.059093 -0.050490 0.031409
7 32 -0.043709 0.006357 -0.002465
8 32 -0.117114 0.054395 -0.048539
9 32 -0.087226 0.042455 -0.058233
10 32 0.057589 -0.016717 0.003074
11 32 0.126648 -0.049275 0.074733
12 32 0.011202 -0.012713 0.037698
13 32 -0.107350 0.034251 -0.048023
14 32 -0.068722 0.024100 -0.063393
15 32 0.079719 -0.020766 0.018208
16 32 0.095285 -0.025500 0.076130
17 32 -0.058313 0.011179 -0.000822
18 32 -0.093598 0.020223 -0.072192
19 32 0.037078 -0.006387 -0.007773
20 32 0.078052 -0.015528 0.058106
21 32 -0.015502 0.001803 0.014838
22 32 -0.060615 0.010757 -0.040150
23 32 -0.006692 0.001465 -0.021056
24 32 0.039276 -0.006837 0.021155
25 32 0.021839 -0.004034 0.023323
26 32 -0.015685 0.002397 -0.002765
27 32 -0.027154 0.004405 -0.018445
28 32 -0.013299 0.002083 -0.013242
29 32 0.003809 -0.000787 -0.000578
30 32 0.011555 -0.002057 0.007269
31 32 0.010832 -0.001892 0.008295
32 32 0.006983 -0.001210 0.005903
33 32 0.003557 -0.000614 0.003221
34 32 0.001515 -0.000261 0.001448
35 32 0.000556 -0.000095 0.000556
36 32 0.000179 -0.000031 0.000187
37 32 0.000051 -0.000009 0.000056
38 32 0.000013 -0.000002 0.000015
39 32 0.000003 -0.000001 0.000004
40 32 0.000001 -0.000000 0.000001
41 32 0.000000 -0.000000 0.000000
42 32 0.000000 -0.000000 0.000000
43 32 0.000000 -0.000000 0.000000
44 32 0.000000 -0.000000 0.000000
45 32 0.000000 -0.000000 0.000000
46 32 0.000000 -0.000000 0.000000
47 32 0.000000 -0.000000 0.000000
48 32 0.000000 -0.000000 0.000000
49 32 0.000000 0.000000 0.000000

0 33 0.000000 0.000000 0.000000
1 33 0.015487 -0.010246 -0.001504
2 33 0.030113 -0.022139 0.001502
3 33 0.045222 -0.036483 0.006005
4 33 0.046653 -0.045386 0.013177
5 33 0.025173 -0.037061 0.012135
6 33 -0.030557 -0.002067 0.002391
7 33 -0.099727 0.046060 -0.030032
8 33 -0.102133 0.058841 -0.046639
9 33 -0.025316 0.022197 -0.027567
10 33 0.100264 -0.037285 0.033592
11 33 0.102288 -0.045868 0.069504
12 33 -0.027787 0.005427 0.009493
13 33 -0.099864 0.036476 -0.055362
14 33 -0.041503 0.012759 -0.047402
15 33 0.083130 -0.026221 0.027500
16 33 0.080983 -0.022598 0.069394
17 33 -0.065813 0.015712 -0.008413
18 33 -0.089579 0.021764 -0.071186
19 33 0.042685 -0.008594 -0.003550
20 33 0.078883 -0.017903 0.059220
21 33 -0.017898 0.002318 0.013327
22 33 -0.062456 0.012593 -0.041401
23 33 -0.006534 0.001847 -0.021095
24 33 0.040423 -0.007876 0.021685
25 33 0.022582 -0.004796 0.023731
26 33 -0.015754 0.002629 -0.002685
27 33 -0.027619 0.005060 -0.018583
28 33 -0.013673 0.002472 -0.013425
29 33 0.003686 -0.000821 -0.000707
30 33 0.011603 -0.002311 0.007210
31 33 0.010927 -0.002152 0.008280
32 33 0.007059 -0.001385 0.005906
33 33 0.003600 -0.000705 0.003226
34 33 0.001534 -0.000300 0.001452
35 33 0.000563 -0.000110 0.000558
36 33 0.000182 -0.000036 0.000187
37 33 0.000052 -0.000010 0.000056
38 33 0.000013 -0.000003 0.000015
39 33 0.000003 -0.000001 0.000004
40 33 0.000001 -0.000000 0.000001
41 33 0.000000 -0.000000 0.000000
42 33 0.000000 -0.000000 0.000000
43 33 0.000000 -0.000000 0.000000
44 33 0.000000 -0.000000 0.000000
45 33 0.000000 -0.000000 0.000000
46 33 0.000000 -0.000000 0.000000
47 33 0.000000 -0.000000 0.000000
48 33 0.000000 -0.000000 0.000000
49 33 0.000000 0.000000 0.000000

0 34 0.000000 0.000000 0.000000
1 34 0.006457 -0.008964 0.004362
2 34 0.009101 -0.015657 0.005270
3 34 0.004713 -0.017872 0.005199
4 34 -0.013229 -0.008817 0.003836
5 34 -0.044399 0.012542 -0.004927
6 34 -0.079101 0.043431 -0.017352
7 34 -0.088812 0.059647 -0.032414
8 34 -0.036381 0.037859 -0.024369
9 34 0.054602 -0.014174 0.009103
10 34 0.121508 -0.056871 0.051172
11 34 0.060859 -0.036310 0.048538
12 34 -0.063983 0.017252 -0.018054
13 34 -0.100924 0.036284 -0.059979
14 34 -0.021968 0.009908 -0.032697
15 34 0.094930 -0.027615 0.040096
16 34 0.070724 -0.022107 0.064315
17 34 -0.077844 0.018584 -0.019744
18 34 -0.084773 0.022869 -0.070718
19 34 0.052180 -0.011183 0.004050
20 34 0.078277 -0.019885 0.060682
21 34 -0.023699 0.003569 0.009229
22 34 -0.063968 0.014453 -0.043373
23 34 -0.004024 0.001772 -0.019599
24 34 0.042190 -0.009099 0.023164
25 34 0.022168 -0.005377 0.023577
26 34 -0.016791 0.003048 -0.003443
27 34 -0.028027 0.005725 -0.018887
28 34 -0.013487 0.002771 -0.013259
29 34 0.003984 -0.000927 -0.000481
30 34 0.011755 -0.002584 0.007283
31 34 0.010941 -0.002396 0.008228
32 34 0.007019 -0.001538 0.005821
33 34 0.003561 -0.000781 0.003161
34 34 0.001511 -0.000332 0.001416
35 34 0.000553 -0.000121 0.000542
36 34 0.000178 -0.000039 0.000181
37 34 0.000051 -0.000011 0.000054
38 34 0.000013 -0.000003 0.000014
39 34 0.000003 -0.000001 0.000003
40 34 0.000001 -0.000000 0.000001
41 34 0.000000 -0.000000 0.000000
42 34 0.000000 -0.000000 0.000000
43 34 0.000000 -0.000000 0.000000
44 34 0.000000 -0.000000 0.000000
45 34 0.000000 -0.000000 0.000000
46 34 0.000000 -0.000000 0.000000
47 34 0.000000 -0.000000 0.000000
48 34 0.000000 -0.000000 0.000000
49 34 0.000000 0.000000 0.000000

0 35 0.000000 0.000000 0.000000
1 35 -0.006387 0.000876 0.002194
2 35 -0.014909 0.003999 0.001619
3 35 -0.028149 0.012048 -0.001972
4 35 -0.042519 0.024677 -0.005204
5 35 -0.057073 0.039559 -0.013575
6 35 -0.050356 0.045588 -0.016441
7 35 -0.020391 0.030055 -0.014938
8 35 0.047154 -0.009839 0.005038
9 35 0.099044 -0.052238 0.033306
10 35 0.088143 -0.057371 0.042924
11 35 -0.007362 -0.011954 0.015251
12 35 -0.107087 0.038647 -0.043686
13 35 -0.088584 0.042970 -0.056914
14 35 0.026280 0.000292 -0.005811
15 35 0.114574 -0.039790 0.056798
16 35 0.043367 -0.021118 0.050485
17 35 -0.099708 0.026788 -0.037937
18 35 -0.072719 0.024201 -0.066745
19 35 0.068106 -0.015977 0.016836
20 35 0.074601 -0.021791 0.061277
21 35 -0.033688 0.006014 0.001819
22 35 -0.064606 0.016377 -0.045682
23 35 0.001187 0.001026 -0.016236
24 35 0.044411 -0.010555 0.025501
25 35 0.020395 -0.005675 0.022701
26 35 -0.018807 0.003732 -0.005058
27 35 -0.028305 0.006393 -0.019300
28 35 -0.012695 0.002937 -0.012711
29 35 0.004702 -0.001135 0.000097
30 35 0.011996 -0.002879 0.007473
31 35 0.010863 -0.002618 0.008130
32 35 0.006861 -0.001660 0.005647
33 35 0.003441 -0.000835 0.003028
34 35 0.001447 -0.000352 0.001343
35 35 0.000525 -0.000128 0.000510
36 35 0.000168 -0.000041 0.000169
37 35 0.000048 -0.000012 0.000050
38 35 0.000012 -0.000003 0.000013
39 35 0.000003 -0.000001 0.000003
40 35 0.000001 -0.000000 0.000001
41 35 0.000000 -0.000000 0.000000
42 35 0.000000 -0.000000 0.000000
43 35 0.000000 -0.000000 0.000000
44 35 0.000000 -0.000000 0.000000
45 35 0.000000 -0.000000 0.000000
46 35 0.000000 -0.000000 0.000000
47 35 0.000000 -0.000000 0.000000
48 35 0.000000 -0.000000 0.000000
49 35 0.000000 0.000000 0.000000

0 36 0.000000 0.000000 0.000000
1 36 -0.008783 0.006528 -0.003056
2 36 -0.017798 0.013401 -0.003550
3 36 -0.023824 0.020747 -0.006670
4 36 -0.024872 0.025114 -0.006698
5 36 -0.017073 0.024512 -0.010063
6 36 0.011135 0.009256 -0.002529
7 36 0.041973 -0.015744 0.004069
8 36 0.083088 -0.047040 0.022825
9 36 0.070250 -0.054712 0.030600
10 36 0.014401 -0.024859 0.015251
11 36 -0.072001 0.025909 -0.016416
12 36 -0.113421 0.056727 -0.054560
13 36 -0.027574 0.028563 -0.032450
14 36 0.082648 -0.028234 0.028013
15 36 0.101099 -0.047633 0.058539
16 36 -0.006112 -0.006020 0.023113
17 36 -0.113296 0.038292 -0.053635
18 36 -0.045620 0.019934 -0.053785
19 36 0.085989 -0.023911 0.032517
20 36 0.063894 -0.022036 0.058102
21 36 -0.047348 0.010321 -0.008880
22 36 -0.062814 0.018008 -0.047185
23 36 0.009342 -0.000723 -0.010664
24 36 0.046548 -0.012208 0.028341
25 36 0.016969 -0.005533 0.020830
26 36 -0.021704 0.004739 -0.007490
27 36 -0.028282 0.007028 -0.019689
28 36 -0.011241 0.002920 -0.011726
29 36 0.005809 -0.001467 0.001004
30 36 0.012284 -0.003197 0.007744
31 36 0.010673 -0.002808 0.007967
32 36 0.006583 -0.001744 0.005384
33 36 0.003245 -0.000864 0.002832
34 36 0.001345 -0.000360 0.001237
35 36 0.000482 -0.000129 0.000464
36 36 0.000152 -0.000041 0.000152
37 36 0.000043 -0.000012 0.000044
38 36 0.000011 -0.000003 0.000012
39 36 0.000003 -0.000001 0.000003
40 36 0.000001 -0.000000 0.000001
41 36 0.000000 -0.000000 0.000000
42 36 0.000000 -0.000000 0.000000
43 36 0.000000 -0.000000 0.000000
44 36 0.000000 -0.000000 0.000000
45 36 0.000000 -0.000000 0.000000
46 36 0.000000 -0.000000 0.000000
47 36 0.000000 -0.000000 0.000000
48 36 0.000000 -0.000000 0.000000
49 36 0.000000 0.000000 0.000000

0 37 0.000000 0.000000 0.000000
1 37 -0.001546 0.003933 -0.005233
2 37 -0.003316 0.007207 -0.005020
3 37 0.002715 0.006927 -0.005185
4 37 0.009620 0.002866 -0.002427
5 37 0.027551 -0.007831 -0.000926
6 37 0.046660 -0.024909 0.008907
7 37 0.056521 -0.038634 0.011626
8 37 0.056090 -0.045160 0.021128
9 37 0.003787 -0.021003 0.009011
10 37 -0.045911 0.016326 -0.010907
11 37 -0.092559 0.049292 -0.032102
12 37 -0.065481 0.045205 -0.042188
13 37 0.044863 -0.008354 0.003939
14 37 0.095490 -0.047817 0.045432
15 37 0.054309 -0.033221 0.040253
16 37 -0.047579 0.015483 -0.004149
17 37 -0.105916 0.041665 -0.058379
18 37 -0.010400 0.008689 -0.034344
19 37 0.098033 -0.031542 0.046426
20 37 0.045075 -0.018813 0.049793
21 37 -0.062146 0.016106 -0.021551
22 37 -0.056907 0.018556 -0.046542
23 37 0.020125 -0.003689 -0.002850
24 37 0.047707 -0.013844 0.031055
25 37 0.011613 -0.004757 0.017659
26 37 -0.025225 0.006085 -0.010597
27 37 -0.027700 0.007554 -0.019842
28 37 -0.009077 0.002663 -0.010244
29 37 0.007235 -0.001934 0.002192
30 37 0.012552 -0.003525 0.008040
31 37 0.010346 -0.002953 0.007718
32 37 0.006186 -0.001783 0.005032
33 37 0.002980 -0.000865 0.002582
34 37 0.001213 -0.000354 0.001106
35 37 0.000428 -0.000125 0.000408
36 37 0.000133 -0.000039 0.000132
37 37 0.000037 -0.000011 0.000038
38 37 0.000009 -0.000003 0.000010
39 37 0.000002 -0.000001 0.000002
40 37 0.000000 -0.000000 0.000000
41 37 0.000000 -0.000000 0.000000
42 37 0.000000 -0.000000 0.000000
43 37 0.000000 -0.000000 0.000000
44 37 0.000000 -0.000000 0.000000
45 37 0.000000 -0.000000 0.000000
46 37 0.000000 -0.000000 0.000000
47 37 0.000000 -0.000000 0.000000
48 37 0.000000 -0.000000 0.000000
49 37 0.000000 0.000000 0.000000

0 38 0.000000 0.000000 0.000000
1 38 0.006389 -0.002169 -0.002755
2 38 0.011521 -0.004607 -0.002228
3 38 0.022759 -0.010815 -0.000184
4 38 0.028170 -0.016877 0.002255
5 38 0.040358 -0.026743 0.005353
6 38 0.036987 -0.031493 0.009836
7 38 0.026806 -0.028936 0.007097
8 38 -0.001615 -0.014158 0.006435
9 38 -0.049795 0.017885 -0.012571
10 38 -0.066596 0.039138 -0.022221
11 38 -0.067852 0.045285 -0.028920
12 38 0.002595 0.012377 -0.014696
13 38 0.082458 -0.036868 0.031115
14 38 0.070003 -0.042179 0.040617
15 38 0.010764 -0.010720 0.017030
16 38 -0.069579 0.028030 -0.022521
17 38 -0.087852 0.036820 -0.055502
18 38 0.025096 -0.004163 -0.012464
19 38 0.102489 -0.036397 0.056973
20 38 0.019384 -0.012325 0.036312
21 38 -0.075580 0.022372 -0.034803
22 38 -0.045666 0.017349 -0.042568
23 38 0.032706 -0.007837 0.006930
24 38 0.046772 -0.015105 0.032807
25 38 0.004185 -0.003158 0.012931
26 38 -0.028920 0.007711 -0.014099
27 38 -0.026242 0.007856 -0.019492
28 38 -0.006199 0.002115 -0.008227
29 38 0.008860 -0.002530 0.003574
30 38 0.012714 -0.003840 0.008287
31 38 0.009858 -0.003037 0.007356
32 38 0.005678 -0.001771 0.004597
33 38 0.002662 -0.000837 0.002289
34 38 0.001059 -0.000335 0.000958
35 38 0.000367 -0.000117 0.000346
36 38 0.000112 -0.000036 0.000110
37 38 0.000031 -0.000010 0.000031
38 38 0.000008 -0.000002 0.000008
39 38 0.000002 -0.000001 0.000002
40 38 0.000000 -0.000000 0.000000
41 38 0.000000 -0.000000 0.000000
42 38 0.000000 -0.000000 0.000000
43 38 0.000000 -0.000000 0.000000
44 38 0.000000 -0.000000 0.000000
45 38 0.000000 -0.000000 0.000000
46 38 0.000000 -0.000000 0.000000
47 38 0.000000 -0.000000 0.000000
48 38 0.000000 -0.000000 0.000000
49 38 0.000000 0.000000 0.000000

0 39 0.000000 0.000000 0.000000
1 39 0.006985 -0.005215 0.001182
2 39 0.012027 -0.009800 0.001330
3 39 0.018155 -0.015408 0.003176
4 39 0.016039 -0.017347 0.003112
5 39 0.014911 -0.018928 0.004496
6 39 -0.003641 -0.010601 0.002183
7 39 -0.020076 0.001391 -0.002858
8 39 -0.048613 0.022048 -0.008538
9 39 -0.063474 0.040004 -0.020891
10 39 -0.046054 0.038372 -0.017229
11 39 -0.012838 0.021418 -0.011715
12 39 0.060628 -0.021042 0.013676
13 39 0.084447 -0.045604 0.039704
14 39 0.035157 -0.026367 0.023871
15 39 -0.024639 0.005962 -0.003450
16 39 -0.086354 0.035693 -0.036184
17 39 -0.061053 0.030246 -0.046400
18 39 0.064296 -0.018216 0.013407
19 39 0.097299 -0.039106 0.062385
20 39 -0.014054 -0.002504 0.016331
21 39 -0.084792 0.028504 -0.046818
22 39 -0.027716 0.013733 -0.033780
23 39 0.045658 -0.012986 0.017975
24 39 0.042406 -0.015492 0.032499
25 39 -0.005194 -0.000584 0.006540
26 39 -0.032107 0.009466 -0.017528
27 39 -0.023583 0.007780 -0.018341
28 39 -0.002680 0.001239 -0.005696
29 39 0.010512 -0.003223 0.005024
30 39 0.012674 -0.004109 0.008401
31 39 0.009191 -0.003046 0.006865
32 39 0.005076 -0.001705 0.004091
33 39 0.002305 -0.000781 0.001969
34 39 0.000895 -0.000305 0.000802
35 39 0.000303 -0.000104 0.000283
36 39 0.000091 -0.000031 0.000088
37 39 0.000025 -0.000008 0.000025
38 39 0.000006 -0.000002 0.000006
39 39 0.000001 -0.000000 0.000001
40 39 0.000000 -0.000000 0.000000
41 39 0.000000 -0.000000 0.000000
42 39 0.000000 -0.000000 0.000000
43 39 0.000000 -0.000000 0.000000
44 39 0.000000 -0.000000 0.000000
45 39 0.000000 -0.000000 0.000000
46 39 0.000000 -0.000000 0.000000
47 39 0.000000 -0.000000 0.000000
48 39 0.000000 -0.000000 0.000000
49 39 0.000000 0.000000 0.000000

0 40 0.000000 0.000000 0.000000
1 40 0.000012 -0.002204 0.001989
2 40 -0.001392 -0.003384 0.001502
3 40 -0.004623 -0.003169 0.001736
4 40 -0.012691 0.000836 -0.000469
5 40 -0.021338 0.006871 -0.001314
6 40 -0.037060 0.019051 -0.006286
7 40 -0.042866 0.028730 -0.009250
8 40 -0.048557 0.038736 -0.012836
9 40 -0.027424 0.033821 -0.013004
10 40 0.008619 0.014369 -0.001261
11 40 0.049457 -0.013510 0.009521
12 40 0.087026 -0.043998 0.029470
13 40 0.055158 -0.038502 0.029444
14 40 -0.009803 -0.006182 0.001410
15 40 -0.063316 0.025030 -0.022704
16 40 -0.088392 0.043789 -0.042599
17 40 -0.009662 0.016169 -0.023840
18 40 0.102495 -0.036698 0.041204
19 40 0.071564 -0.036572 0.055659
20 40 -0.054015 0.012307 -0.010278
21 40 -0.083543 0.032923 -0.053286
22 40 -0.002223 0.006618 -0.018890
23 40 0.056157 -0.018573 0.028492
24 40 0.033213 -0.014285 0.028862
25 40 -0.015852 0.003003 -0.001228
26 40 -0.033868 0.011057 -0.020199
27 40 -0.019485 0.007150 -0.016139
28 40 0.001279 0.000038 -0.002764
29 40 0.011974 -0.003950 0.006375
30 40 0.012343 -0.004288 0.008307
31 40 0.008348 -0.002967 0.006240
32 40 0.004404 -0.001587 0.003534
33 40 0.001933 -0.000703 0.001639
34 40 0.000729 -0.000267 0.000648
35 40 0.000241 -0.000089 0.000224
36 40 0.000071 -0.000026 0.000068
37 40 0.000019 -0.000007 0.000019
38 40 0.000005 -0.000002 0.000005
39 40 0.000001 -0.000000 0.000001
40 40 0.000000 -0.000000 0.000000
41 40 0.000000 -0.000000 0.000000
42 40 0.000000 -0.000000 0.000000
43 40 0.000000 -0.000000 0.000000
44 40 0.000000 -0.000000 0.000000
45 40 0.000000 -0.000000 0.000000
46 40 0.000000 -0.000000 0.000000
47 40 0.000000 -0.000000 0.000000
48 40 0.000000 -0.000000 0.000000
49 40 0.000000 0.000000 0.000000

0 41 0.000000 0.000000 0.000000
1 41 -0.006128 0.003011 -0.001024
2 41 -0.012182 0.006501 -0.001707
3 41 -0.019151 0.011323 -0.002440
4 41 -0.025138 0.017050 -0.004584
5 41 -0.029244 0.022998 -0.005533
6 41 -0.029486 0.028046 -0.008190
7 41 -0.018573 0.026740 -0.006783
8 41 -0.001962 0.020201 -0.005159
9 41 0.031625 0.000426 0.002544
10 41 0.058179 -0.021367 0.013323
11 41 0.073591 -0.039831 0.019818
12 41 0.058562 -0.041570 0.023696
13 41 -0.004923 -0.010880 0.005128
14 41 -0.059068 0.024277 -0.020755
15 41 -0.080311 0.045292 -0.033016
16 41 -0.045886 0.037641 -0.029934
17 41 0.061080 -0.013292 0.011347
18 41 0.113371 -0.051771 0.057250
19 41 0.018332 -0.020999 0.031074
20 41 -0.088121 0.030621 -0.036782
21 41 -0.063966 0.031577 -0.048337
22 41 0.027926 -0.004530 0.000952
23 41 0.059757 -0.023036 0.035322
24 41 0.018626 -0.010681 0.021095
25 41 -0.026249 0.007321 -0.009417
26 41 -0.033202 0.012037 -0.021311
27 41 -0.013951 0.005826 -0.012805
28 41 0.005324 -0.001417 0.000326
29 41 0.013012 -0.004620 0.007439
30 41 0.011664 -0.004336 0.007950
31 41 0.007351 -0.002794 0.005497
32 41 0.003697 -0.001424 0.002954
33 41 0.001564 -0.000608 0.001318
34 41 0.000573 -0.000224 0.000505
35 41 0.000185 -0.000073 0.000170
36 41 0.000053 -0.000021 0.000051
37 41 0.000014 -0.000005 0.000014
38 41 0.000003 -0.000001 0.000003
39 41 0.000001 -0.000000 0.000001
40 41 0.000000 -0.000000 0.000000
41 41 0.000000 -0.000000 0.000000
42 41 0.000000 -0.000000 0.000000
43 41 0.000000 -0.000000 0.000000
44 41 0.000000 -0.000000 0.000000
45 41 0.000000 -0.000000 0.000000
46 41 0.000000 -0.000000 0.000000
47 41 0.000000 -0.000000 0.000000
48 41 0.000000 -0.000000 0.000000
49 41 0.000000 0.000000 0.000000

0 42 0.000000 0.000000 0.000000
1 42 -0.004475 0.003811 -0.003609
2 42 -0.007789 0.007187 -0.003873
3 42 -0.010195 0.010333 -0.004192
4 42 -0.008636 0.011525 -0.004578
5 42 -0.004073 0.010769 -0.003955
6 42 0.006750 0.005675 -0.003047
7 42 0.022311 -0.004153 0.000863
8 42 0.038895 -0.017198 0.004564
9 42 0.054399 -0.032466 0.011094
10 42 0.050904 -0.038218 0.013765
11 42 0.031308 -0.032379 0.010896
12 42 -0.012949 -0.007121 0.001444
13 42 -0.062993 0.029619 -0.018916
14 42 -0.073531 0.049277 -0.029584
15 42 -0.042355 0.043422 -0.022912
16 42 0.032886 0.005874 0.000729
17 42 0.108219 -0.044554 0.040382
18 42 0.075333 -0.045786 0.048025
19 42 -0.045591 0.008792 -0.004496
20 42 -0.095891 0.044018 -0.050718
21 42 -0.024820 0.020579 -0.029729
22 42 0.054381 -0.017589 0.020743
23 42 0.052433 -0.023882 0.035248
24 42 0.000170 -0.004388 0.009828
25 42 -0.034077 0.011587 -0.016417
26 42 -0.029408 0.011898 -0.020232
27 42 -0.007367 0.003790 -0.008547
28 42 0.008984 -0.002971 0.003232
29 42 0.013427 -0.005124 0.008055
30 42 0.010632 -0.004221 0.007316
31 42 0.006251 -0.002533 0.004671
32 42 0.002995 -0.001229 0.002380
33 42 0.001220 -0.000505 0.001020
34 42 0.000433 -0.000180 0.000378
35 42 0.000136 -0.000057 0.000124
36 42 0.000038 -0.000016 0.000036
37 42 0.000010 -0.000004 0.000010
38 42 0.000002 -0.000001 0.000002
39 42 0.000000 -0.000000 0.000000
40 42 0.000000 -0.000000 0.000000
41 42 0.000000 -0.000000 0.000000
42 42 0.000000 -0.000000 0.000000
43 42 0.000000 -0.000000 0.000000
44 42 0.000000 -0.000000 0.000000
45 42 0.000000 -0.000000 0.000000
46 42 0.000000 -0.000000 0.000000
47 42 0.000000 -0.000000 0.000000
48 42 0.000000 -0.000000 0.000000
49 42 0.000000 0.000000 0.000000

0 43 0.000000 0.000000 0.000000
1 43 0.002057 -0.000299 -0.002416
2 43 0.004994 -0.001367 -0.002142
3 43 0.008680 -0.003434 -0.001644
4 43 0.014591 -0.007734 -0.000589
5 43 0.020739 -0.013543 0.000941
6 43 0.028061 -0.021679 0.002924
7 43 0.031703 -0.029335 0.005406
8 43 0.029721 -0.034477 0.006390
9 43 0.017607 -0.032866 0.006382
10 43 -0.008618 -0.019401 0.000998
11 43 -0.039426 0.002815 -0.007400
12 43 -0.069429 0.031304 -0.018193
13 43 -0.072556 0.048688 -0.026292
14 43 -0.033865 0.039734 -0.018523
15 43 0.027750 0.009037 0.001550
16 43 0.088903 -0.032650 0.027368
17 43 0.092357 -0.050254 0.042919
18 43 0.003756 -0.012785 0.017132
19 43 -0.084985 0.039732 -0.032827
20 43 -0.065919 0.042623 -0.043549
21 43 0.023002 0.001464 -0.002784
22 43 0.067129 -0.027351 0.033718
23 43 0.034043 -0.019068 0.027354
24 43 -0.018138 0.003719 -0.002506
25 43 -0.037013 0.014642 -0.020492
26 43 -0.022511 0.010305 -0.016829
27 43 -0.000496 0.001221 -0.003871
28 43 0.011780 -0.004404 0.005587
29 43 0.013116 -0.005366 0.008128
30 43 0.009303 -0.003935 0.006444
31 43 0.005115 -0.002204 0.003816
32 43 0.002334 -0.001018 0.001845
33 43 0.000915 -0.000402 0.000760
34 43 0.000315 -0.000139 0.000273
35 43 0.000096 -0.000043 0.000087
36 43 0.000027 -0.000012 0.000025
37 43 0.000007 -0.000003 0.000006
38 43 0.000002 -0.000001 0.000001
39 43 0.000000 -0.000000 0.000000
40 43 0.000000 -0.000000 0.000000
41 43 0.000000 -0.000000 0.000000
42 43 0.000000 -0.000000 0.000000
43 43 0.000000 -0.000000 0.000000
44 43 0.000000 -0.000000 0.000000
45 43 0.000000 -0.000000 0.000000
46 43 0.000000 -0.000000 0.000000
47 43 0.000000 -0.000000 0.000000
48 43 0.000000 -0.000000 0.000000
49 43 0.000000 0.000000 0.000000

0 44 0.000000 0.000000 0.000000
1 44 0.005360 -0.003174 0.000347
2 44 0.010627 -0.006656 0.000753
3 44 0.015232 -0.010441 0.001404
4 44 0.018901 -0.014652 0.002440
5 44 0.019714 -0.018243 0.003303
6 44 0.017136 -0.020733 0.003949
7 44 0.007912 -0.019527 0.003472
8 44 -0.007210 -0.013915 0.001175
9 44 -0.028748 -0.002104 -0.003006
10 44 -0.051165 0.013986 -0.009847
11 44 -0.064370 0.028460 -0.015713
12 44 -0.060597 0.035103 -0.018836
13 44 -0.028103 0.023308 -0.013871
14 44 0.022309 -0.004596 0.001644
15 44 0.063995 -0.033994 0.018624
16 44 0.071728 -0.047250 0.028394
17 44 0.020388 -0.022900 0.017878
18 44 -0.059234 0.028366 -0.016413
19 44 -0.077685 0.053070 -0.039784
20 44 -0.009919 0.024972 -0.019263
21 44 0.061211 -0.017357 0.021760
22 44 0.061587 -0.028216 0.035751
23 44 0.010176 -0.008632 0.014388
24 44 -0.030945 0.011700 -0.012402
25 44 -0.033700 0.015483 -0.020499
26 44 -0.013374 0.007344 -0.011590
27 44 0.005738 -0.001492 0.000561
28 44 0.013375 -0.005481 0.007121
29 44 0.012110 -0.005290 0.007669
30 44 0.007788 -0.003499 0.005416
31 44 0.004017 -0.001834 0.002989
32 44 0.001749 -0.000807 0.001374
33 44 0.000660 -0.000307 0.000544
34 44 0.000220 -0.000103 0.000189
35 44 0.000066 -0.000031 0.000058
36 44 0.000018 -0.000008 0.000016
37 44 0.000004 -0.000002 0.000004
38 44 0.000001 -0.000000 0.000001
39 44 0.000000 -0.000000 0.000000
40 44 0.000000 -0.000000 0.000000
41 44 0.000000 -0.000000 0.000000
42 44 0.000000 -0.000000 0.000000
43 44 0.000000 -0.000000 0.000000
44 44 0.000000 -0.000000 0.000000
45 44 0.000000 -0.000000 0.000000
46 44 0.000000 -0.000000 0.000000
47 44 0.000000 -0.000000 0.000000
48 44 0.000000 -0.000000 0.000000
49 44 0.000000 0.000000 0.000000

0 45 0.000000 0.000000 0.000000
1 45 0.001643 -0.001520 0.000794
2 45 0.002804 -0.002704 0.000884
3 45 0.002958 -0.003156 0.000935
4 45 0.001561 -0.002405 0.000955
5 45 -0.002060 0.000193 0.000543
6 45 -0.007880 0.004902 -0.000245
7 45 -0.016076 0.012126 -0.001907
8 45 -0.024221 0.020425 -0.004100
9 45 -0.030387 0.028229 -0.006502
10 45 -0.029142 0.031009 -0.008143
11 45 -0.017191 0.024738 -0.006801
12 45 0.005390 0.007266 -0.002118
13 45 0.034055 -0.019904 0.006800
14 45 0.050757 -0.044113 0.015770
15 45 0.040317 -0.050887 0.017062
16 45 -0.000945 -0.031034 0.006995
17 45 -0.058979 0.012136 -0.015024
18 45 -0.084538 0.046961 -0.035313
19 45 -0.038649 0.039018 -0.028151
20 45 0.040000 -0.000265 0.006466
21 45 0.073776 -0.026270 0.033539
22 45 0.041514 -0.018187 0.027593
23 45 -0.010122 0.004979 0.001504
24 45 -0.033751 0.017597 -0.016796
25 45 -0.024177 0.013940 -0.016291
26 45 -0.003261 0.003649 -0.005365
27 45 0.010650 -0.003836 0.004224
28 45 0.013731 -0.006016 0.007775
29 45 0.010589 -0.004897 0.006802
30 45 0.006234 -0.002958 0.004342
31 45 0.003026 -0.001458 0.002243
32 45 0.001258 -0.000612 0.000982
33 45 0.000457 -0.000224 0.000374
34 45 0.000148 -0.000073 0.000126
35 45 0.000043 -0.000021 0.000038
36 45 0.000011 -0.000006 0.000010
37 45 0.000003 -0.000001 0.000003
38 45 0.000001 -0.000000 0.000001
39 45 0.000000 -0.000000 0.000000
40 45 0.000000 -0.000000 0.000000
41 45 0.000000 -0.000000 0.000000
42 45 0.000000 -0.000000 0.000000
43 45 0.000000 -0.000000 0.000000
44 45 0.000000 -0.000000 0.000000
45 45 0.000000 -0.000000 0.000000
46 45 0.000000 -0.000000 0.000000
47 45 0.000000 -0.000000 0.000000
48 45 0.000000 -0.000000 0.000000
49 45 0.000000 0.000000 0.000000

0 46 0.000000 0.000000 0.000000
1 46 -0.004210 0.000862 -0.000396
2 46 -0.008650 0.002192 -0.000678
3 46 -0.013359 0.004372 -0.001277
4 46 -0.018253 0.007764 -0.002158
5 46 -0.022690 0.012397 -0.003365
6 46 -0.025582 0.017943 -0.004627
7 46 -0.025282 0.023455 -0.005780
8 46 -0.019457 0.027003 -0.006020
9 46 -0.006768 0.026516 -0.004781
10 46 0.013684 0.019277 -0.001154
11 46 0.038136 0.005011 0.005075
12 46 0.059444 -0.014045 0.012421
13 46 0.066600 -0.031416 0.018438
14 46 0.047716 -0.036878 0.017891
15 46 0.003518 -0.025147 0.007418
16 46 -0.050780 0.000903 -0.010802
17 46 -0.085490 0.026607 -0.029121
18 46 -0.067672 0.028772 -0.032366
19 46 -0.003574 0.002989 -0.011546
20 46 0.051230 -0.023434 0.017160
21 46 0.052052 -0.023491 0.026840
22 46 0.012897 -0.001687 0.012241
23 46 -0.021033 0.017751 -0.007606
24 46 -0.025553 0.020527 -0.014846
25 46 -0.009707 0.011024 -0.008703
26 46 0.006955 0.000342 0.001135
27 46 0.014271 -0.005256 0.007039
28 46 0.013252 -0.005891 0.007793
29 46 0.008893 -0.004227 0.005767
30 46 0.004810 -0.002364 0.003349
31 46 0.002198 -0.001102 0.001622
32 46 0.000872 -0.000442 0.000676
33 46 0.000306 -0.000156 0.000247
34 46 0.000096 -0.000049 0.000081
35 46 0.000027 -0.000014 0.000024
36 46 0.000007 -0.000004 0.000006
37 46 0.000002 -0.000001 0.000002
38 46 0.000000 -0.000000 0.000000
39 46 0.000000 -0.000000 0.000000
40 46 0.000000 -0.000000 0.000000
41 46 0.000000 -0.000000 0.000000
42 46 0.000000 -0.000000 0.000000
43 46 0.000000 -0.000000 0.000000
44 46 0.000000 -0.000000 0.000000
45 46 0.000000 -0.000000 0.000000
46 46 0.000000 -0.000000 0.000000
47 46 0.000000 -0.000000 0.000000
48 46 0.000000 -0.000000 0.000000
49 46 0.000000 0.000000 0.000000

0 47 0.000000 0.000000 0.000000
1 47 -0.003261 0.001282 -0.000836
2 47 -0.006526 0.002531 -0.001039
3 47 -0.009660 0.003634 -0.001437
4 47 -0.012441 0.004448 -0.001993
5 47 -0.014264 0.004609 -0.002640
6 47 -0.014420 0.003745 -0.003184
7 47 -0.011893 0.001328 -0.003422
8 47 -0.005884 -0.002939 -0.002919
9 47 0.003654 -0.008793 -0.001465
10 47 0.015716 -0.015221 0.001184
11 47 0.026803 -0.019563 0.004527
12 47 0.032496 -0.018806 0.007402
13 47 0.027747 -0.010004 0.008205
14 47 0.010686 0.006722 0.004942
15 47 -0.012689 0.025002 -0.002023
16 47 -0.031036 0.034728 -0.009668
17 47 -0.030781 0.025636 -0.013088
18 47 -0.007319 -0.003189 -0.007105
19 47 0.020332 -0.033097 0.005543
20 47 0.024265 -0.039185 0.012287
21 47 0.001459 -0.017748 0.005239
22 47 -0.023167 0.010466 -0.008142
23 47 -0.027382 0.024255 -0.014609
24 47 -0.012296 0.020182 -0.009870
25 47 0.006466 0.008305 0.000005
26 47 0.016914 -0.001286 0.007393
27 47 0.017539 -0.005185 0.009475
28 47 0.012903 -0.004976 0.007789
29 47 0.007590 -0.003295 0.004958
30 47 0.003755 -0.001741 0.002613
31 47 0.001606 -0.000776 0.001179
32 47 0.000605 -0.000301 0.000466
33 47 0.000203 -0.000103 0.000163
34 47 0.000061 -0.000032 0.000051
35 47 0.000017 -0.000009 0.000015
36 47 0.000004 -0.000002 0.000004
37 47 0.000001 -0.000001 0.000001
38 47 0.000000 -0.000000 0.000000
39 47 0.000000 -0.000000 0.000000
40 47 0.000000 -0.000000 0.000000
41 47 0.000000 -0.000000 0.000000
42 47 0.000000 -0.000000 0.000000
43 47 0.000000 -0.000000 0.000000
44 47 0.000000 -0.000000 0.000000
45 47 0.000000 -0.000000 0.000000
46 47 0.000000 -0.000000 0.000000
47 47 0.000000 -0.000000 0.000000
48 47 0.000000 -0.000000 0.000000
49 47 0.000000 0.000000 0.000000

0 48 0.000000 0.000000 0.000000
1 48 0.002490 0.001631 -0.001814
2 48 0.005301 0.002875 -0.001631
3 48 0.008709 0.003293 -0.001228
4 48 0.012804 0.002425 -0.000569
5 48 0.017479 -0.000251 0.000401
6 48 0.022115 -0.005066 0.001662
7 48 0.025683 -0.012088 0.003094
8 48 0.026401 -0.020600 0.004391
9 48 0.022275 -0.028934 0.004962
10 48 0.011490 -0.034284 0.004122
11 48 -0.006374 -0.033031 0.001056
12 48 -0.028501 -0.022441 -0.004326
13 48 -0.048585 -0.002215 -0.011072
14 48 -0.056532 0.022734 -0.016595
15 48 -0.043157 0.042147 -0.016760
16 48 -0.007679 0.044861 -0.008712
17 48 0.037884 0.025050 0.006673
18 48 0.067788 -0.009200 0.022452
19 48 0.057123 -0.035589 0.026402
20 48 0.009209 -0.036033 0.011945
21 48 -0.040813 -0.014674 -0.011560
22 48 -0.058605 0.008420 -0.026311
23 48 -0.040362 0.018149 -0.023494
24 48 -0.007880 0.014440 -0.009179
25 48 0.016387 0.005802 0.004890
26 48 0.024628 -0.000719 0.011825
27 48 0.021308 -0.003223 0.011854
28 48 0.013996 -0.003045 0.008537
29 48 0.007568 -0.001977 0.004953
30 48 0.003499 -0.001026 0.002428
31 48 0.001415 -0.000449 0.001033
32 48 0.000508 -0.000171 0.000388
33 48 0.000163 -0.000058 0.000130
34 48 0.000048 -0.000017 0.000039
35 48 0.000013 -0.000005 0.000011
36 48 0.000003 -0.000001 0.000003
37 48 0.000001 -0.000000 0.000001
38 48 0.000000 -0.000000 0.000000
39 48 0.000000 -0.000000 0.000000
40 48 0.000000 -0.000000 0.000000
41 48 0.000000 -0.000000 0.000000
42 48 0.000000 -0.000000 0.000000
43 48 0.000000 -0.000000 0.000000
44 48 0.000000 -0.000000 0.000000
45 48 0.000000 -0.000000 0.000000
46 48 0.000000 -0.000000 0.000000
47 48 0.000000 -0.000000 0.000000
48 48 0.000000 -0.000000 0.000000
49 48 0.000000 0.000000 0.000000

0 49 0.000000 0.000000 0.000000
1 49 0.000000 0.000000 0.000000
2 49 0.000000 0.000000 0.000000
3 49 0.000000 0.000000 0.000000
4 49 0.000000 0.000000 0.000000
5 49 0.000000 0.000000 0.000000
6 49 0.000000 0.000000 0.000000
7 49 0.000000 0.000000 0.000000
8 49 0.000000 0.000000 0.000000
9 49 0.000000 0.000000 0.000000
10 49 0.000000 0.000000 0.000000
11 49 0.000000 0.000000 0.000000
12 49 0.000000 0.000000 0.000000
13 49 0.000000 0.000000 0.000000
14 49 0.000000 0.000000 0.000000
15 49 0.000000 0.000000 0.000000
16 49 0.000000 0.000000 0.000000
17 49 0.000000 0.000000 0.000000
18 49 0.000000 0.000000 0.000000
19 49 0.000000 0.000000 0.000000
20 49 0.000000 0.000000 0.000000
21 49 0.000000 0.000000 0.000000
22 49 0.000000 0.000000 0.000000
23 49 0.000000 0.000000 0.000000
24 49 0.000000 0.000000 0.000000
25 49 0.000000 0.000000 0.000000
26 49 0.000000 0.000000 0.000000
27 49 0.000000 0.000000 0.000000
28 49 0.000000 0.000000 0.000000
29 49 0.000000 0.000000 0.000000
30 49 0.000000 0.000000 0.000000
31 49 0.000000 0.000000 0.000000
32 49 0.000000 0.000000 0.000000
33 49 0.000000 0.000000 0.000000
34 49 0.000000 0.000000 0.000000
35 49 0.000000 0.000000 0.000000
36 49 0.000000 0.000000 0.000000
37 49 0.000000 0.000000 0.000000
38 49 0.000000 0.000000 0.000000
39 49 0.000000 0.000000 0.000000
40 49 0.000000 0.000000 0.000000
41 49 0.000000 0.000000 0.000000
42 49 0.000000 0.000000 0.000000
43 49 0.000000 0.000000 0.000000
44 49 0.000000 0.000000 0.000000
45 49 0.000000 0.000000 0.000000
46 49 0.000000 0.000000 0.000000
47 49 0.000000 0.000000 0.000000
48 49 0.000000 0.000000 0.000000
49 49 0.000000 0.000000 0.000000

