#:x y Ey Bx Bz
0 0 0.000000 0.000000 0.000000
1 0 0.000000 0.000000 0.000000
2 0 0.000000 0.000000 0.000000
3 0 0.000000 0.000000 0.000000
4 0 0.000000 0.000000 0.000000
5 0 0.000000 0.000000 0.000000
6 0 0.000000 0.000000 0.000000
7 0 0.000000 0.000000 0.000000
8 0 0.000000 0.000000 0.000000
9 0 0.000000 0.000000 0.000000
10 0 0.000000 0.000000 0.000000
11 0 0.000000 0.000000 0.000000
12 0 0.000000 0.000000 0.000000
13 0 0.000000 0.000000 0.000000
14 0 0.000000 0.000000 0.000000
15 0 0.000000 0.000000 0.000000
16 0 0.000000 0.000000 0.000000
17 0 0.000000 0.000000 0.000000
18 0 0.000000 0.000000 0.000000
19 0 0.000000 0.000000 0.000000
20 0 0.000000 0.000000 0.000000
21 0 0.000000 0.000000 0.000000
22 0 0.000000 0.000000 0.000000
23 0 0.000000 0.000000 0.000000
24 0 0.000000 0.000000 0.000000
25 0 0.000000 0.000000 0.000000
26 0 0.000000 0.000000 0.000000
27 0 0.000000 0.000000 0.000000
28 0 0.000000 0.000000 0.000000
29 0 0.000000 0.000000 0.000000
30 0 0.000000 0.000000 0.000000
31 0 0.000000 0.000000 0.000000
32 0 0.000000 0.000000 0.000000
33 0 0.000000 0.000000 0.000000
34 0 0.000000 0.000000 0.000000
35 0 0.000000 0.000000 0.000000
36 0 0.000000 0.000000 0.000000
37 0 0.000000 0.000000 0.000000
38 0 0.000000 0.000000 0.000000
39 0 0.000000 0.000000 0.000000
40 0 0.000000 0.000000 0.000000
41 0 0.000000 0.000000 0.000000
42 0 0.000000 0.000000 0.000000
43 0 0.000000 0.000000 0.000000
44 0 0.000000 0.000000 0.000000
45 0 0.000000 0.000000 0.000000
46 0 0.000000 0.000000 0.000000
47 0 0.000000 0.000000 0.000000
48 0 0.000000 0.000000 0.000000
49 0 0.000000 0.000000 0.000000

0 1 0.000000 0.000000 0.000000
1 1 0.095405 -0.019070 0.002926
2 1 0.085627 -0.021455 0.005328
3 1 0.076154 -0.022195 0.007243
4 1 0.067733 -0.021783 0.008774
5 1 0.060746 -0.020686 0.010044
6 1 0.055316 -0.019265 0.011174
7 1 0.051401 -0.017765 0.012267
8 1 0.048873 -0.016325 0.013404
9 1 0.047569 -0.015015 0.014647
10 1 0.047328 -0.013854 0.016041
11 1 0.048000 -0.012837 0.017612
12 1 0.049437 -0.011965 0.019364
13 1 0.051518 -0.011259 0.021305
14 1 0.054174 -0.010732 0.023448
15 1 0.057351 -0.010390 0.025788
16 1 0.060980 -0.010265 0.028295
17 1 0.065034 -0.010437 0.030981
18 1 0.069649 -0.010928 0.033956
19 1 0.075101 -0.011545 0.037395
20 1 0.081532 -0.011812 0.041337
21 1 0.088561 -0.011140 0.045483
22 1 0.095086 -0.009128 0.049142
23 1 0.099511 -0.005819 0.051415
24 1 0.100296 -0.001725 0.051531
25 1 0.096557 0.002373 0.049146
26 1 0.088392 0.005729 0.044462
27 1 0.076811 0.007873 0.038130
28 1 0.063370 0.008697 0.031024
29 1 0.049698 0.008402 0.023991
30 1 0.037119 0.007353 0.017670
31 1 0.026460 0.005943 0.012424
32 1 0.018043 0.004490 0.008359
33 1 0.011795 0.003198 0.005395
34 1 0.007407 0.002160 0.003346
35 1 0.004479 0.001391 0.001999
36 1 0.002612 0.000857 0.001152
37 1 0.001472 0.000507 0.000642
38 1 0.000803 0.000288 0.000347
39 1 0.000424 0.000158 0.000181
40 1 0.000218 0.000084 0.000092
41 1 0.000109 0.000043 0.000046
42 1 0.000053 0.000022 0.000022
43 1 0.000025 0.000011 0.000010
44 1 0.000012 0.000005 0.000005
45 1 0.000005 0.000002 0.000002
46 1 0.000002 0.000001 0.000001
47 1 0.000001 0.000000 0.000000
48 1 0.000000 0.000000 0.000000
49 1 0.000000 0.000000 0.000000

0 2 0.000000 0.000000 0.000000
1 2 0.077739 -0.024650 0.002473
2 2 0.074274 -0.028854 0.004709
3 2 0.070722 -0.031571 0.006699
4 2 0.067200 -0.033163 0.008453
5 2 0.063853 -0.033926 0.010006
6 2 0.060848 -0.034081 0.011412
7 2 0.058355 -0.033779 0.012741
8 2 0.056530 -0.033119 0.014070
9 2 0.055476 -0.032172 0.015466
10 2 0.055249 -0.031003 0.016995
11 2 0.055885 -0.029643 0.018720
12 2 0.057358 -0.028108 0.020668
13 2 0.059560 -0.026448 0.022824
14 2 0.062355 -0.024730 0.025178
15 2 0.065641 -0.022963 0.027734
16 2 0.069265 -0.021105 0.030425
17 2 0.072867 -0.019197 0.033045
18 2 0.075939 -0.017431 0.035332
19 2 0.078140 -0.015988 0.037174
20 2 0.079580 -0.014749 0.038709
21 2 0.080740 -0.013186 0.040206
22 2 0.082025 -0.010612 0.041781
23 2 0.083301 -0.006618 0.043197
24 2 0.083797 -0.001396 0.043902
25 2 0.082434 0.004280 0.043282
26 2 0.078361 0.009381 0.040957
27 2 0.071365 0.013037 0.036954
28 2 0.061964 0.014815 0.031693
29 2 0.051191 0.014780 0.025818
30 2 0.040236 0.013363 0.019995
31 2 0.030122 0.011147 0.014745
32 2 0.021516 0.008678 0.010377
33 2 0.014694 0.006357 0.006984
34 2 0.009615 0.004410 0.004506
35 2 0.006041 0.002911 0.002793
36 2 0.003652 0.001836 0.001667
37 2 0.002129 0.001110 0.000959
38 2 0.001198 0.000645 0.000534
39 2 0.000653 0.000362 0.000287
40 2 0.000344 0.000196 0.000150
41 2 0.000176 0.000103 0.000076
42 2 0.000088 0.000052 0.000037
43 2 0.000043 0.000026 0.000018
44 2 0.000020 0.000012 0.000008
45 2 0.000009 0.000006 0.000004
46 2 0.000004 0.000003 0.000002
47 2 0.000002 0.000001 0.000001
48 2 0.000001 0.000000 0.000000
49 2 0.000000 0.000000 0.000000

0 3 0.000000 0.000000 0.000000
1 3 0.053503 -0.020923 0.001766
2 3 0.054634 -0.027684 0.003485
3 3 0.054958 -0.033770 0.005098
4 3 0.054427 -0.038933 0.006564
5 3 0.053247 -0.042998 0.007884
6 3 0.051739 -0.045894 0.009081
7 3 0.050239 -0.047664 0.010215
8 3 0.049065 -0.048409 0.011369
9 3 0.048457 -0.048245 0.012616
10 3 0.048527 -0.047333 0.014001
11 3 0.049348 -0.045833 0.015596
12 3 0.051000 -0.043806 0.017477
13 3 0.053436 -0.041270 0.019625
14 3 0.056430 -0.038327 0.021948
15 3 0.059788 -0.035087 0.024436
16 3 0.063504 -0.031459 0.027162
17 3 0.067449 -0.027187 0.030024
18 3 0.070919 -0.022214 0.032537
19 3 0.072729 -0.016976 0.034042
20 3 0.072012 -0.012196 0.034220
21 3 0.069031 -0.008330 0.033428
22 3 0.065210 -0.005189 0.032532
23 3 0.062281 -0.002086 0.032328
24 3 0.061209 0.001626 0.033034
25 3 0.061665 0.006061 0.034166
26 3 0.062301 0.010706 0.034844
27 3 0.061538 0.014702 0.034267
28 3 0.058327 0.017274 0.032058
29 3 0.052514 0.018052 0.028360
30 3 0.044735 0.017142 0.023693
31 3 0.036049 0.015001 0.018717
32 3 0.027525 0.012221 0.014015
33 3 0.019965 0.009341 0.009976
34 3 0.013794 0.006740 0.006771
35 3 0.009105 0.004615 0.004394
36 3 0.005757 0.003011 0.002734
37 3 0.003495 0.001879 0.001635
38 3 0.002043 0.001125 0.000942
39 3 0.001152 0.000648 0.000524
40 3 0.000628 0.000360 0.000282
41 3 0.000331 0.000193 0.000147
42 3 0.000169 0.000101 0.000074
43 3 0.000084 0.000051 0.000036
44 3 0.000041 0.000025 0.000017
45 3 0.000019 0.000012 0.000008
46 3 0.000009 0.000005 0.000004
47 3 0.000004 0.000002 0.000002
48 3 0.000002 0.000001 0.000001
49 3 0.000000 0.000000 0.000000

0 4 0.000000 0.000000 0.000000
1 4 0.024761 -0.022918 0.000816
2 4 0.023790 -0.031401 0.001474
3 4 0.022571 -0.038791 0.001993
4 4 0.021353 -0.044746 0.002409
5 4 0.020365 -0.049164 0.002791
6 4 0.019785 -0.052085 0.003210
7 4 0.019670 -0.053668 0.003699
8 4 0.020026 -0.054142 0.004318
9 4 0.020908 -0.053666 0.005144
10 4 0.022283 -0.052363 0.006160
11 4 0.023989 -0.050446 0.007322
12 4 0.026012 -0.048086 0.008712
13 4 0.028516 -0.045229 0.010425
14 4 0.031403 -0.041806 0.012321
15 4 0.034244 -0.038033 0.014160
16 4 0.036912 -0.034194 0.016023
17 4 0.039981 -0.030108 0.018330
18 4 0.044032 -0.025136 0.021250
19 4 0.048535 -0.018898 0.024202
20 4 0.051771 -0.011915 0.026126
21 4 0.052118 -0.005404 0.026363
22 4 0.049511 -0.000405 0.025284
23 4 0.045706 0.002942 0.024097
24 4 0.043131 0.005362 0.024012
25 4 0.043320 0.007801 0.025460
26 4 0.046062 0.010740 0.027888
27 4 0.049691 0.013953 0.030139
28 4 0.052105 0.016742 0.031096
29 4 0.051776 0.018388 0.030152
30 4 0.048263 0.018510 0.027356
31 4 0.042134 0.017177 0.023248
32 4 0.034527 0.014796 0.018568
33 4 0.026655 0.011911 0.013995
34 4 0.019465 0.009014 0.009995
35 4 0.013499 0.006448 0.006789
36 4 0.008923 0.004379 0.004402
37 4 0.005640 0.002836 0.002733
38 4 0.003419 0.001757 0.001629
39 4 0.001993 0.001044 0.000935
40 4 0.001120 0.000597 0.000518
41 4 0.000608 0.000330 0.000277
42 4 0.000319 0.000176 0.000144
43 4 0.000163 0.000091 0.000072
44 4 0.000080 0.000045 0.000035
45 4 0.000039 0.000022 0.000017
46 4 0.000018 0.000010 0.000008
47 4 0.000008 0.000005 0.000004
48 4 0.000003 0.000002 0.000002
49 4 0.000000 0.000000 0.000000

0 5 0.000000 0.000000 0.000000
1 5 -0.011148 -0.032220 -0.000377
2 5 -0.014910 -0.038219 -0.001020
3 5 -0.016967 -0.042724 -0.001751
4 5 -0.017439 -0.045922 -0.002435
5 5 -0.016684 -0.048065 -0.002991
6 5 -0.015031 -0.049343 -0.003317
7 5 -0.012768 -0.049818 -0.003400
8 5 -0.010262 -0.049614 -0.003303
9 5 -0.007674 -0.048852 -0.002955
10 5 -0.004898 -0.047436 -0.002278
11 5 -0.002096 -0.045315 -0.001450
12 5 0.000364 -0.042759 -0.000614
13 5 0.002642 -0.039938 0.000468
14 5 0.005269 -0.036558 0.001996
15 5 0.008033 -0.032435 0.003575
16 5 0.009926 -0.028123 0.004616
17 5 0.010697 -0.024430 0.005307
18 5 0.011829 -0.021325 0.006695
19 5 0.015267 -0.017777 0.009578
20 5 0.021210 -0.012827 0.013473
21 5 0.027551 -0.006684 0.016891
22 5 0.031623 -0.000645 0.018627
23 5 0.032463 0.003973 0.018771
24 5 0.031506 0.006807 0.018576
25 5 0.031331 0.008522 0.019438
26 5 0.033728 0.010128 0.021899
27 5 0.038591 0.012212 0.025369
28 5 0.044180 0.014636 0.028566
29 5 0.048242 0.016762 0.030253
30 5 0.049157 0.017906 0.029778
31 5 0.046490 0.017701 0.027219
32 5 0.040888 0.016209 0.023190
33 5 0.033600 0.013811 0.018509
34 5 0.025934 0.011011 0.013910
35 5 0.018895 0.008259 0.009891
36 5 0.013055 0.005858 0.006683
37 5 0.008589 0.003946 0.004308
38 5 0.005400 0.002535 0.002657
39 5 0.003255 0.001558 0.001574
40 5 0.001886 0.000919 0.000897
41 5 0.001053 0.000522 0.000493
42 5 0.000568 0.000286 0.000262
43 5 0.000296 0.000151 0.000135
44 5 0.000150 0.000078 0.000067
45 5 0.000074 0.000039 0.000033
46 5 0.000035 0.000019 0.000015
47 5 0.000016 0.000009 0.000007
48 5 0.000007 0.000004 0.000004
49 5 0.000000 0.000000 0.000000

0 6 0.000000 0.000000 0.000000
1 6 -0.041367 -0.038295 -0.001441
2 6 -0.043161 -0.041053 -0.003055
3 6 -0.043126 -0.043297 -0.004664
4 6 -0.041885 -0.045171 -0.006122
5 6 -0.040000 -0.046649 -0.007432
6 6 -0.037907 -0.047762 -0.008548
7 6 -0.035592 -0.048359 -0.009320
8 6 -0.033127 -0.048236 -0.009862
9 6 -0.030865 -0.047557 -0.010291
10 6 -0.028579 -0.046425 -0.010309
11 6 -0.025735 -0.044478 -0.009784
12 6 -0.022751 -0.041654 -0.009188
13 6 -0.020371 -0.038563 -0.008720
14 6 -0.017967 -0.035445 -0.007700
15 6 -0.014259 -0.031568 -0.005655
16 6 -0.009745 -0.026419 -0.003431
17 6 -0.006714 -0.020888 -0.002319
18 6 -0.006258 -0.016511 -0.002254
19 6 -0.006338 -0.013703 -0.001582
20 6 -0.003631 -0.011305 0.001198
21 6 0.003025 -0.007897 0.005815
22 6 0.011476 -0.003262 0.010483
23 6 0.018361 0.001534 0.013570
24 6 0.022036 0.005244 0.014930
25 6 0.023604 0.007485 0.015796
26 6 0.025583 0.008844 0.017609
27 6 0.029764 0.010218 0.020900
28 6 0.035999 0.012081 0.025004
29 6 0.042498 0.014234 0.028577
30 6 0.047030 0.016044 0.030380
31 6 0.048080 0.016884 0.029832
32 6 0.045371 0.016459 0.027112
33 6 0.039698 0.014874 0.022925
34 6 0.032399 0.012517 0.018141
35 6 0.024814 0.009862 0.013511
36 6 0.017931 0.007314 0.009519
37 6 0.012285 0.005132 0.006372
38 6 0.008014 0.003421 0.004069
39 6 0.004995 0.002176 0.002487
40 6 0.002985 0.001324 0.001460
41 6 0.001715 0.000774 0.000825
42 6 0.000950 0.000435 0.000450
43 6 0.000508 0.000236 0.000237
44 6 0.000263 0.000124 0.000121
45 6 0.000132 0.000063 0.000060
46 6 0.000064 0.000031 0.000029
47 6 0.000030 0.000015 0.000014
48 6 0.000013 0.000007 0.000008
49 6 0.000000 0.000000 0.000000

0 7 0.000000 0.000000 0.000000
1 7 -0.056055 -0.043981 -0.002203
2 7 -0.057241 -0.047025 -0.004549
3 7 -0.058081 -0.049554 -0.006990
4 7 -0.058686 -0.051456 -0.009348
5 7 -0.058820 -0.052498 -0.011516
6 7 -0.058693 -0.052734 -0.013632
7 7 -0.058320 -0.052470 -0.015445
8 7 -0.057128 -0.051511 -0.016692
9 7 -0.055471 -0.049778 -0.017810
10 7 -0.054124 -0.047908 -0.018894
11 7 -0.052287 -0.046014 -0.019171
12 7 -0.049002 -0.043313 -0.018567
13 7 -0.045521 -0.039799 -0.018167
14 7 -0.043280 -0.036638 -0.018194
15 7 -0.040730 -0.034170 -0.017158
16 7 -0.035161 -0.031017 -0.014057
17 7 -0.027095 -0.025997 -0.010211
18 7 -0.020314 -0.019944 -0.007787
19 7 -0.017241 -0.014802 -0.007063
20 7 -0.015962 -0.011415 -0.006088
21 7 -0.012489 -0.008850 -0.002964
22 7 -0.005102 -0.005742 0.002146
23 7 0.004195 -0.001788 0.007357
24 7 0.012025 0.002158 0.010987
25 7 0.016798 0.005132 0.012961
26 7 0.019682 0.006945 0.014571
27 7 0.023107 0.008200 0.017186
28 7 0.028596 0.009642 0.021153
29 7 0.035705 0.011549 0.025634
30 7 0.042495 0.013603 0.029222
31 7 0.046810 0.015174 0.030755
32 7 0.047364 0.015726 0.029807
33 7 0.044138 0.015073 0.026710
34 7 0.038112 0.013393 0.022268
35 7 0.030698 0.011088 0.017379
36 7 0.023211 0.008602 0.012772
37 7 0.016565 0.006287 0.008883
38 7 0.011214 0.004351 0.005874
39 7 0.007232 0.002863 0.003707
40 7 0.004458 0.001798 0.002240
41 7 0.002636 0.001082 0.001301
42 7 0.001499 0.000625 0.000727
43 7 0.000822 0.000348 0.000392
44 7 0.000436 0.000187 0.000205
45 7 0.000224 0.000097 0.000104
46 7 0.000111 0.000049 0.000051
47 7 0.000054 0.000024 0.000025
48 7 0.000024 0.000011 0.000014
49 7 0.000000 0.000000 0.000000

0 8 0.000000 0.000000 0.000000
1 8 -0.069432 -0.054642 -0.003009
2 8 -0.072640 -0.056410 -0.006176
3 8 -0.074704 -0.056696 -0.009377
4 8 -0.075843 -0.055985 -0.012565
5 8 -0.075857 -0.054692 -0.015295
6 8 -0.074754 -0.052753 -0.017731
7 8 -0.073659 -0.050722 -0.020209
8 8 -0.072347 -0.048996 -0.022018
9 8 -0.069843 -0.046829 -0.023025
10 8 -0.067502 -0.044158 -0.024341
11 8 -0.066505 -0.042062 -0.025803
12 8 -0.064723 -0.040349 -0.025859
13 8 -0.060634 -0.037546 -0.024733
14 8 -0.056901 -0.033732 -0.024471
15 8 -0.055965 -0.030767 -0.025319
16 8 -0.055192 -0.029313 -0.024840
17 8 -0.050149 -0.027696 -0.021412
18 8 -0.040903 -0.024270 -0.016600
19 8 -0.031928 -0.019496 -0.013044
20 8 -0.026340 -0.015048 -0.011169
21 8 -0.022550 -0.011689 -0.009024
22 8 -0.016905 -0.008739 -0.004886
23 8 -0.008120 -0.005304 0.000816
24 8 0.001648 -0.001415 0.006169
25 8 0.009417 0.002112 0.009795
26 8 0.014272 0.004614 0.011991
27 8 0.017810 0.006188 0.014182
28 8 0.022347 0.007487 0.017549
29 8 0.028917 0.009095 0.022104
30 8 0.036590 0.011080 0.026759
31 8 0.043242 0.013013 0.030078
32 8 0.046865 0.014294 0.031054
33 8 0.046516 0.014512 0.029489
34 8 0.042507 0.013607 0.025902
35 8 0.036017 0.011834 0.021187
36 8 0.028497 0.009600 0.016242
37 8 0.021187 0.007307 0.011737
38 8 0.014885 0.005246 0.008036
39 8 0.009928 0.003571 0.005235
40 8 0.006313 0.002313 0.003258
41 8 0.003841 0.001432 0.001943
42 8 0.002243 0.000850 0.001114
43 8 0.001261 0.000485 0.000615
44 8 0.000684 0.000267 0.000328
45 8 0.000358 0.000142 0.000170
46 8 0.000182 0.000073 0.000085
47 8 0.000089 0.000036 0.000042
48 8 0.000040 0.000016 0.000025
49 8 0.000000 0.000000 0.000000

0 9 0.000000 0.000000 0.000000
1 9 -0.082634 -0.058342 -0.003736
2 9 -0.082622 -0.056776 -0.007479
3 9 -0.081060 -0.054846 -0.010838
4 9 -0.078842 -0.052778 -0.014159
5 9 -0.077057 -0.051229 -0.017251
6 9 -0.074821 -0.049883 -0.019507
7 9 -0.072636 -0.048141 -0.021879
8 9 -0.072123 -0.046860 -0.024573
9 9 -0.071395 -0.046057 -0.026033
10 9 -0.068854 -0.044259 -0.026651
11 9 -0.067357 -0.041734 -0.028342
12 9 -0.068030 -0.040138 -0.030200
13 9 -0.066783 -0.038956 -0.029746
14 9 -0.061699 -0.036145 -0.027717
15 9 -0.057090 -0.031781 -0.027092
16 9 -0.056465 -0.028012 -0.028121
17 9 -0.056807 -0.025788 -0.027905
18 9 -0.053171 -0.023860 -0.024763
19 9 -0.045482 -0.020977 -0.020337
20 9 -0.037718 -0.017453 -0.016918
21 9 -0.032113 -0.014252 -0.014453
22 9 -0.026824 -0.011507 -0.011067
23 9 -0.019100 -0.008537 -0.005720
24 9 -0.008940 -0.004939 0.000536
25 9 0.000992 -0.001162 0.005795
26 9 0.008281 0.001977 0.009206
27 9 0.012964 0.004104 0.011574
28 9 0.017112 0.005557 0.014405
29 9 0.022772 0.006980 0.018545
30 9 0.030301 0.008757 0.023572
31 9 0.038223 0.010753 0.028156
32 9 0.044303 0.012468 0.030913
33 9 0.046821 0.013379 0.031086
34 9 0.045277 0.013223 0.028760
35 9 0.040354 0.012069 0.024648
36 9 0.033404 0.010230 0.019704
37 9 0.025864 0.008103 0.014789
38 9 0.018849 0.006032 0.010479
39 9 0.012999 0.004244 0.007045
40 9 0.008522 0.002834 0.004512
41 9 0.005332 0.001804 0.002763
42 9 0.003196 0.001099 0.001624
43 9 0.001840 0.000642 0.000918
44 9 0.001020 0.000361 0.000500
45 9 0.000546 0.000196 0.000264
46 9 0.000283 0.000103 0.000135
47 9 0.000141 0.000052 0.000068
48 9 0.000064 0.000024 0.000041
49 9 0.000000 0.000000 0.000000

0 10 0.000000 0.000000 0.000000
1 10 -0.080464 -0.055695 -0.004015
2 10 -0.077476 -0.054426 -0.007984
3 10 -0.075358 -0.053435 -0.011540
4 10 -0.073381 -0.052167 -0.014642
5 10 -0.072794 -0.050666 -0.018235
6 10 -0.073372 -0.049721 -0.021242
7 10 -0.072608 -0.048346 -0.023233
8 10 -0.072419 -0.046261 -0.026159
9 10 -0.074526 -0.045084 -0.029359
10 10 -0.074964 -0.044436 -0.030485
11 10 -0.072597 -0.042472 -0.030987
12 10 -0.072225 -0.039915 -0.033304
13 10 -0.074471 -0.038675 -0.035562
14 10 -0.073719 -0.038101 -0.034832
15 10 -0.068096 -0.036174 -0.032337
16 10 -0.062371 -0.032766 -0.031075
17 10 -0.059725 -0.029258 -0.030903
18 10 -0.057453 -0.026158 -0.029344
19 10 -0.052272 -0.022880 -0.025733
20 10 -0.045209 -0.019249 -0.021889
21 10 -0.039191 -0.015899 -0.019095
22 10 -0.034410 -0.013216 -0.016326
23 10 -0.028262 -0.010715 -0.011847
24 10 -0.019052 -0.007693 -0.005541
25 10 -0.008208 -0.004121 0.000905
26 10 0.001275 -0.000677 0.005792
27 10 0.007816 0.001969 0.008951
28 10 0.012431 0.003752 0.011647
29 10 0.017432 0.005162 0.015268
30 10 0.024299 0.006736 0.020163
31 10 0.032574 0.008620 0.025443
32 10 0.040308 0.010508 0.029630
33 10 0.045333 0.011890 0.031518
34 10 0.046378 0.012367 0.030691
35 10 0.043462 0.011833 0.027540
36 10 0.037620 0.010469 0.022944
37 10 0.030316 0.008620 0.017872
38 10 0.022903 0.006647 0.013098
39 10 0.016318 0.004829 0.009079
40 10 0.011021 0.003321 0.005981
41 10 0.007087 0.002172 0.003759
42 10 0.004356 0.001356 0.002262
43 10 0.002567 0.000811 0.001307
44 10 0.001455 0.000466 0.000728
45 10 0.000795 0.000258 0.000391
46 10 0.000419 0.000138 0.000203
47 10 0.000213 0.000071 0.000105
48 10 0.000098 0.000033 0.000065
49 10 0.000000 0.000000 0.000000

0 11 0.000000 0.000000 0.000000
1 11 -0.075296 -0.055138 -0.004227
2 11 -0.073245 -0.052457 -0.008149
3 11 -0.072053 -0.049339 -0.012141
4 11 -0.070713 -0.046487 -0.015094
5 11 -0.068601 -0.043322 -0.018003
6 11 -0.068664 -0.040838 -0.021721
7 11 -0.069026 -0.039697 -0.024035
8 11 -0.067288 -0.038224 -0.025621
9 11 -0.067668 -0.036493 -0.028986
10 11 -0.070878 -0.036113 -0.032161
11 11 -0.071442 -0.036177 -0.032856
12 11 -0.069476 -0.034936 -0.033500
13 11 -0.070293 -0.033074 -0.036084
14 11 -0.073515 -0.031963 -0.038259
15 11 -0.074098 -0.031296 -0.037974
16 11 -0.071283 -0.030244 -0.036717
17 11 -0.068260 -0.028855 -0.036018
18 11 -0.065514 -0.027254 -0.034691
19 11 -0.060547 -0.024941 -0.031305
20 11 -0.052974 -0.021636 -0.026839
21 11 -0.045591 -0.017995 -0.023231
22 11 -0.040223 -0.014879 -0.020554
23 11 -0.035173 -0.012331 -0.017009
24 11 -0.027613 -0.009680 -0.011357
25 11 -0.017182 -0.006483 -0.004454
26 11 -0.006386 -0.003051 0.001716
27 11 0.002095 -0.000082 0.006025
28 11 0.007861 0.002053 0.009066
29 11 0.012750 0.003579 0.012344
30 11 0.018896 0.005022 0.016864
31 11 0.026915 0.006726 0.022359
32 11 0.035524 0.008604 0.027539
33 11 0.042497 0.010242 0.030940
34 11 0.045974 0.011192 0.031678
35 11 0.045272 0.011210 0.029735
36 11 0.040945 0.010338 0.025792
37 11 0.034310 0.008838 0.020830
38 11 0.026843 0.007051 0.015772
39 11 0.019740 0.005282 0.011262
40 11 0.013722 0.003736 0.007623
41 11 0.009060 0.002507 0.004912
42 11 0.005705 0.001603 0.003025
43 11 0.003439 0.000980 0.001786
44 11 0.001990 0.000575 0.001014
45 11 0.001109 0.000324 0.000555
46 11 0.000596 0.000176 0.000294
47 11 0.000308 0.000092 0.000154
48 11 0.000142 0.000043 0.000097
49 11 0.000000 0.000000 0.000000

0 12 0.000000 0.000000 0.000000
1 12 -0.068446 -0.045093 -0.004269
2 12 -0.062687 -0.040057 -0.007578
3 12 -0.057296 -0.035793 -0.010899
4 12 -0.054337 -0.033219 -0.013958
5 12 -0.051398 -0.031932 -0.015746
6 12 -0.049699 -0.030809 -0.018585
7 12 -0.051915 -0.030800 -0.022121
8 12 -0.053740 -0.031754 -0.023936
9 12 -0.054005 -0.032034 -0.025948
10 12 -0.057208 -0.031935 -0.029757
11 12 -0.062083 -0.032446 -0.032742
12 12 -0.064055 -0.032997 -0.033878
13 12 -0.064360 -0.032832 -0.035291
14 12 -0.065899 -0.031999 -0.037218
15 12 -0.067267 -0.030481 -0.037937
16 12 -0.066927 -0.028309 -0.037700
17 12 -0.066636 -0.026214 -0.038038
18 12 -0.067194 -0.024821 -0.038324
19 12 -0.065821 -0.023627 -0.036450
20 12 -0.060333 -0.021669 -0.032249
21 12 -0.052667 -0.018852 -0.027829
22 12 -0.046149 -0.015939 -0.024578
23 12 -0.041073 -0.013440 -0.021448
24 12 -0.034769 -0.011055 -0.016602
25 12 -0.025374 -0.008252 -0.009829
26 12 -0.014162 -0.005025 -0.002802
27 12 -0.004095 -0.001935 0.002714
28 12 0.003156 0.000480 0.006475
29 12 0.008489 0.002183 0.009714
30 12 0.014150 0.003582 0.013837
31 12 0.021624 0.005109 0.019222
32 12 0.030485 0.006868 0.024975
33 12 0.038793 0.008590 0.029586
34 12 0.044358 0.009846 0.031808
35 12 0.045864 0.010307 0.031195
36 12 0.043298 0.009894 0.028136
37 12 0.037684 0.008768 0.023531
38 12 0.030498 0.007226 0.018386
39 12 0.023121 0.005575 0.013508
40 12 0.016521 0.004051 0.009383
41 12 0.011187 0.002786 0.006192
42 12 0.007210 0.001822 0.003898
43 12 0.004440 0.001138 0.002349
44 12 0.002621 0.000680 0.001359
45 12 0.001488 0.000391 0.000757
46 12 0.000814 0.000216 0.000408
47 12 0.000427 0.000115 0.000218
48 12 0.000200 0.000054 0.000140
49 12 0.000000 0.000000 0.000000

0 13 0.000000 0.000000 0.000000
1 13 -0.046084 -0.031443 -0.003579
2 13 -0.039782 -0.027738 -0.006325
3 13 -0.035230 -0.025104 -0.008345
4 13 -0.033825 -0.023158 -0.011157
5 13 -0.035045 -0.022470 -0.013379
6 13 -0.035737 -0.022348 -0.015204
7 13 -0.038360 -0.022298 -0.018581
8 13 -0.043391 -0.022923 -0.021958
9 13 -0.047217 -0.024087 -0.024410
10 13 -0.050657 -0.025233 -0.027619
11 13 -0.055575 -0.026128 -0.031224
12 13 -0.060188 -0.026635 -0.033950
13 13 -0.063985 -0.027124 -0.036676
14 13 -0.068106 -0.028153 -0.039599
15 13 -0.070718 -0.029149 -0.040782
16 13 -0.069618 -0.028854 -0.039901
17 13 -0.067056 -0.027157 -0.039230
18 13 -0.066389 -0.025130 -0.039688
19 13 -0.066500 -0.023372 -0.039259
20 13 -0.063740 -0.021443 -0.036296
21 13 -0.057590 -0.018939 -0.031960
22 13 -0.051020 -0.016225 -0.028282
23 13 -0.045894 -0.013837 -0.025285
24 13 -0.040579 -0.011713 -0.021188
25 13 -0.032503 -0.009338 -0.014919
26 13 -0.021613 -0.006471 -0.007497
27 13 -0.010516 -0.003470 -0.000930
28 13 -0.001761 -0.000910 0.003759
29 13 0.004437 0.000960 0.007271
30 13 0.009972 0.002373 0.011123
31 13 0.016872 0.003759 0.016234
32 13 0.025572 0.005354 0.022218
33 13 0.034658 0.007039 0.027710
34 13 0.041876 0.008451 0.031236
35 13 0.045422 0.009231 0.031960
36 13 0.044706 0.009207 0.029930
37 13 0.040359 0.008445 0.025884
38 13 0.033739 0.007177 0.020840
39 13 0.026331 0.005694 0.015731
40 13 0.019315 0.004243 0.011200
41 13 0.013395 0.002986 0.007560
42 13 0.008824 0.001995 0.004859
43 13 0.005545 0.001270 0.002985
44 13 0.003336 0.000774 0.001759
45 13 0.001927 0.000452 0.000997
46 13 0.001071 0.000254 0.000546
47 13 0.000570 0.000137 0.000296
48 13 0.000269 0.000065 0.000194
49 13 0.000000 0.000000 0.000000

0 14 0.000000 0.000000 0.000000
1 14 -0.025784 -0.018217 -0.002471
2 14 -0.020533 -0.012449 -0.004394
3 14 -0.016969 -0.008356 -0.005460
4 14 -0.014499 -0.006007 -0.006755
5 14 -0.014684 -0.005237 -0.008626
6 14 -0.016238 -0.005965 -0.010352
7 14 -0.018755 -0.007898 -0.012884
8 14 -0.023100 -0.010340 -0.016011
9 14 -0.028086 -0.012569 -0.019093
10 14 -0.033970 -0.014912 -0.023095
11 14 -0.041057 -0.017782 -0.027324
12 14 -0.046617 -0.020119 -0.030070
13 14 -0.050424 -0.020938 -0.032651
14 14 -0.056122 -0.021096 -0.036834
15 14 -0.063641 -0.021747 -0.040771
16 14 -0.068395 -0.022591 -0.042082
17 14 -0.068992 -0.022829 -0.041829
18 14 -0.068681 -0.022480 -0.042057
19 14 -0.068944 -0.021861 -0.042077
20 14 -0.067291 -0.020746 -0.039916
21 14 -0.062055 -0.018801 -0.035754
22 14 -0.055338 -0.016320 -0.031656
23 14 -0.049842 -0.013957 -0.028537
24 14 -0.045089 -0.011932 -0.025022
25 14 -0.038335 -0.009867 -0.019458
26 14 -0.028306 -0.007382 -0.012071
27 14 -0.016810 -0.004608 -0.004749
28 14 -0.006796 -0.002049 0.000899
29 14 0.000475 -0.000077 0.004922
30 14 0.006233 0.001370 0.008692
31 14 0.012692 0.002653 0.013500
32 14 0.021017 0.004076 0.019479
33 14 0.030439 0.005648 0.025546
34 14 0.038867 0.007097 0.030146
35 14 0.044182 0.008076 0.032125
36 14 0.045272 0.008354 0.031184
37 14 0.042326 0.007915 0.027839
38 14 0.036490 0.006925 0.023058
39 14 0.029271 0.005639 0.017855
40 14 0.022009 0.004302 0.013010
41 14 0.015609 0.003094 0.008969
42 14 0.010496 0.002108 0.005878
43 14 0.006721 0.001367 0.003677
44 14 0.004115 0.000847 0.002202
45 14 0.002416 0.000503 0.001268
46 14 0.001364 0.000287 0.000704
47 14 0.000736 0.000156 0.000388
48 14 0.000350 0.000075 0.000258
49 14 0.000000 0.000000 0.000000

0 15 0.000000 0.000000 0.000000
1 15 0.000844 0.004269 -0.000812
2 15 0.009176 0.009227 -0.000751
3 15 0.013974 0.011155 -0.000349
4 15 0.015341 0.010570 -0.000503
5 15 0.013401 0.007984 -0.001416
6 15 0.009691 0.004752 -0.002770
7 15 0.003839 0.001312 -0.005802
8 15 -0.004542 -0.002930 -0.009786
9 15 -0.012103 -0.007116 -0.012972
10 15 -0.018857 -0.010155 -0.017044
11 15 -0.028337 -0.012851 -0.022957
12 15 -0.038497 -0.015996 -0.027887
13 15 -0.044964 -0.018837 -0.030811
14 15 -0.049392 -0.020631 -0.034037
15 15 -0.055057 -0.021511 -0.037927
16 15 -0.060396 -0.021609 -0.040382
17 15 -0.063144 -0.020940 -0.041236
18 15 -0.064913 -0.019986 -0.042283
19 15 -0.067372 -0.019282 -0.043467
20 15 -0.068394 -0.018635 -0.042678
21 15 -0.065323 -0.017432 -0.039215
22 15 -0.059259 -0.015562 -0.034923
23 15 -0.053458 -0.013522 -0.031496
24 15 -0.048826 -0.011698 -0.028274
25 15 -0.043082 -0.009920 -0.023392
26 15 -0.034100 -0.007809 -0.016318
27 15 -0.022698 -0.005338 -0.008553
28 15 -0.011776 -0.002898 -0.002045
29 15 -0.003411 -0.000907 0.002624
30 15 0.002828 0.000558 0.006497
31 15 0.009045 0.001763 0.011056
32 15 0.016933 0.003025 0.016894
33 15 0.026384 0.004443 0.023285
34 15 0.035625 0.005844 0.028721
35 15 0.042395 0.006916 0.031817
36 15 0.045152 0.007405 0.031951
37 15 0.043638 0.007232 0.029389
38 15 0.038728 0.006500 0.024996
39 15 0.031873 0.005422 0.019820
40 15 0.024523 0.004228 0.014755
41 15 0.017758 0.003101 0.010373
42 15 0.012170 0.002152 0.006921
43 15 0.007931 0.001419 0.004402
44 15 0.004934 0.000893 0.002678
45 15 0.002941 0.000538 0.001564
46 15 0.001683 0.000311 0.000881
47 15 0.000920 0.000171 0.000492
48 15 0.000442 0.000082 0.000333
49 15 0.000000 0.000000 0.000000

0 16 0.000000 0.000000 0.000000
1 16 0.034060 0.022870 0.001644
2 16 0.038830 0.026428 0.003771
3 16 0.039779 0.027037 0.006021
4 16 0.038478 0.025780 0.007148
5 16 0.033663 0.022846 0.006278
6 16 0.027537 0.018421 0.005163
7 16 0.021811 0.013865 0.002861
8 16 0.013144 0.009420 -0.001916
9 16 0.002635 0.004564 -0.006712
10 16 -0.005975 -0.000215 -0.010925
11 16 -0.014642 -0.004249 -0.016495
12 16 -0.025231 -0.007451 -0.022617
13 16 -0.035249 -0.009960 -0.027668
14 16 -0.043994 -0.012235 -0.032615
15 16 -0.052893 -0.014732 -0.037790
16 16 -0.060241 -0.017041 -0.041139
17 16 -0.063498 -0.018279 -0.042064
18 16 -0.064407 -0.018332 -0.042694
19 16 -0.066200 -0.017857 -0.044040
20 16 -0.068098 -0.017219 -0.044254
21 16 -0.066815 -0.016173 -0.041747
22 16 -0.061903 -0.014564 -0.037661
23 16 -0.056252 -0.012732 -0.034047
24 16 -0.051735 -0.011074 -0.030985
25 16 -0.046812 -0.009540 -0.026711
26 16 -0.038937 -0.007782 -0.020111
27 16 -0.027987 -0.005657 -0.012181
28 16 -0.016526 -0.003432 -0.004977
29 16 -0.007176 -0.001512 0.000375
30 16 -0.000306 -0.000067 0.004498
31 16 0.005867 0.001065 0.008900
32 16 0.013356 0.002179 0.014542
33 16 0.022649 0.003429 0.021074
34 16 0.032383 0.004723 0.027125
35 16 0.040296 0.005802 0.031170
36 16 0.044522 0.006416 0.032312
37 16 0.044389 0.006444 0.030555
38 16 0.040470 0.005937 0.026632
39 16 0.034105 0.005063 0.021584
40 16 0.026801 0.004027 0.016387
41 16 0.019780 0.003007 0.011729
42 16 0.013793 0.002121 0.007955
43 16 0.009133 0.001420 0.005136
44 16 0.005767 0.000906 0.003169
45 16 0.003485 0.000553 0.001875
46 16 0.002020 0.000323 0.001070
47 16 0.001116 0.000180 0.000606
48 16 0.000540 0.000087 0.000416
49 16 0.000000 0.000000 0.000000

0 17 0.000000 0.000000 0.000000
1 17 0.060657 0.046833 0.004914
2 17 0.066142 0.050255 0.010062
3 17 0.067376 0.048869 0.014209
4 17 0.066204 0.043949 0.017203
5 17 0.062146 0.037345 0.017417
6 17 0.054399 0.030064 0.015702
7 17 0.045742 0.022551 0.013022
8 17 0.036009 0.015355 0.008406
9 17 0.024497 0.009116 0.002792
10 17 0.012924 0.003983 -0.003005
11 17 0.000899 -0.000755 -0.009894
12 17 -0.011635 -0.005407 -0.016744
13 17 -0.021792 -0.009068 -0.021836
14 17 -0.029764 -0.011108 -0.026698
15 17 -0.039212 -0.012200 -0.032879
16 17 -0.049833 -0.013154 -0.038410
17 17 -0.057534 -0.013945 -0.041302
18 17 -0.061568 -0.014358 -0.042832
19 17 -0.064853 -0.014547 -0.044647
20 17 -0.067976 -0.014597 -0.045640
21 17 -0.068177 -0.014202 -0.043946
22 17 -0.064264 -0.013132 -0.040110
23 17 -0.058720 -0.011649 -0.036301
24 17 -0.054116 -0.010193 -0.033245
25 17 -0.049718 -0.008864 -0.029447
26 17 -0.042847 -0.007403 -0.023378
27 17 -0.032553 -0.005616 -0.015494
28 17 -0.020878 -0.003658 -0.007785
29 17 -0.010730 -0.001884 -0.001788
30 17 -0.003183 -0.000511 0.002674
31 17 0.003104 0.000540 0.007017
32 17 0.010279 0.001516 0.012461
33 17 0.019325 0.002594 0.019013
34 17 0.029314 0.003744 0.025492
35 17 0.038086 0.004767 0.030316
36 17 0.043556 0.005429 0.032359
37 17 0.044693 0.005595 0.031386
38 17 0.041763 0.005271 0.027970
39 17 0.035961 0.004584 0.023121
40 17 0.028805 0.003711 0.017868
41 17 0.021628 0.002817 0.012996
42 17 0.015319 0.002016 0.008945
43 17 0.010289 0.001368 0.005854
44 17 0.006583 0.000883 0.003657
45 17 0.004027 0.000545 0.002189
46 17 0.002360 0.000322 0.001263
47 17 0.001318 0.000181 0.000724
48 17 0.000641 0.000088 0.000503
49 17 0.000000 0.000000 0.000000

0 18 0.000000 0.000000 0.000000
1 18 0.095534 0.070331 0.009514
2 18 0.098229 0.068930 0.018552
3 18 0.095793 0.062721 0.025044
4 18 0.089865 0.054398 0.028645
5 18 0.081500 0.045282 0.028952
6 18 0.071413 0.036360 0.027018
7 18 0.060958 0.028648 0.023394
8 18 0.048713 0.021751 0.017262
9 18 0.034964 0.015000 0.010453
10 18 0.023033 0.009117 0.004363
11 18 0.011422 0.004669 -0.003086
12 18 -0.003008 0.000924 -0.011966
13 18 -0.017324 -0.002763 -0.019398
14 18 -0.028172 -0.006236 -0.025184
15 18 -0.037527 -0.009221 -0.031201
16 18 -0.046935 -0.011502 -0.036753
17 18 -0.054072 -0.012768 -0.040023
18 18 -0.058102 -0.013027 -0.041853
19 18 -0.061696 -0.012810 -0.044077
20 18 -0.065896 -0.012563 -0.045966
21 18 -0.067900 -0.012178 -0.045333
22 18 -0.065531 -0.011367 -0.042056
23 18 -0.060571 -0.010194 -0.038232
24 18 -0.056018 -0.008988 -0.035142
25 18 -0.051988 -0.007888 -0.031687
26 18 -0.045963 -0.006710 -0.026123
27 18 -0.036386 -0.005255 -0.018414
28 18 -0.024729 -0.003599 -0.010372
29 18 -0.013981 -0.002030 -0.003813
30 18 -0.005787 -0.000779 0.001027
31 18 0.000717 0.000170 0.005390
32 18 0.007676 0.001011 0.010665
33 18 0.016453 0.001918 0.017168
34 18 0.026533 0.002905 0.023930
35 18 0.035926 0.003824 0.029368
36 18 0.042414 0.004474 0.032188
37 18 0.044671 0.004716 0.031937
38 18 0.042676 0.004532 0.029031
39 18 0.037459 0.004010 0.024422
40 18 0.030517 0.003297 0.019172
41 18 0.023264 0.002537 0.014144
42 18 0.016706 0.001839 0.009862
43 18 0.011363 0.001263 0.006531
44 18 0.007355 0.000824 0.004126
45 18 0.004547 0.000514 0.002495
46 18 0.002692 0.000307 0.001454
47 18 0.001516 0.000174 0.000842
48 18 0.000741 0.000085 0.000591
49 18 0.000000 0.000000 0.000000

0 19 0.000000 0.000000 0.000000
1 19 0.119030 0.093487 0.015961
2 19 0.118416 0.089567 0.029370
3 19 0.114226 0.079331 0.038051
4 19 0.108603 0.066795 0.042676
5 19 0.101163 0.054656 0.042638
6 19 0.090466 0.043362 0.039405
7 19 0.079655 0.033121 0.035238
8 19 0.068503 0.024598 0.028821
9 19 0.054198 0.017654 0.020404
10 19 0.039307 0.011637 0.012428
11 19 0.025885 0.006247 0.004417
12 19 0.012028 0.001677 -0.004398
13 19 -0.001803 -0.001614 -0.012380
14 19 -0.013992 -0.003586 -0.019396
15 19 -0.026313 -0.004986 -0.027084
16 19 -0.039593 -0.006521 -0.034567
17 19 -0.050393 -0.008075 -0.039382
18 19 -0.056574 -0.009189 -0.041825
19 19 -0.060716 -0.009799 -0.044128
20 19 -0.065113 -0.010099 -0.046347
21 19 -0.067881 -0.010069 -0.046381
22 19 -0.066478 -0.009555 -0.043581
23 19 -0.061981 -0.008644 -0.039800
24 19 -0.057467 -0.007642 -0.036666
25 19 -0.053682 -0.006728 -0.033462
26 19 -0.048353 -0.005787 -0.028352
27 19 -0.039484 -0.004635 -0.020889
28 19 -0.028002 -0.003288 -0.012655
29 19 -0.016843 -0.001968 -0.005638
30 19 -0.008083 -0.000885 -0.000430
31 19 -0.001313 -0.000063 0.004010
32 19 0.005518 0.000640 0.009156
33 19 0.014045 0.001380 0.015577
34 19 0.024118 0.002193 0.022514
35 19 0.033942 0.002976 0.028423
36 19 0.041236 0.003565 0.031889
37 19 0.044441 0.003832 0.032274
38 19 0.043283 0.003745 0.029846
39 19 0.038630 0.003363 0.025490
40 19 0.031935 0.002802 0.020282
41 19 0.024665 0.002182 0.015146
42 19 0.017923 0.001598 0.010679
43 19 0.012323 0.001108 0.007145
44 19 0.008055 0.000730 0.004556
45 19 0.005026 0.000459 0.002780
46 19 0.003001 0.000276 0.001633
47 19 0.001703 0.000157 0.000954
48 19 0.000836 0.000077 0.000676
49 19 0.000000 0.000000 0.000000

0 20 0.000000 0.000000 0.000000
1 20 0.144577 0.122139 0.025851
2 20 0.142293 0.107520 0.044999
3 20 0.135797 0.087240 0.055045
4 20 0.126434 0.068193 0.058565
5 20 0.116162 0.052337 0.057300
6 20 0.103939 0.039980 0.052355
7 20 0.090493 0.030585 0.045781
8 20 0.076582 0.022917 0.037593
9 20 0.061509 0.016296 0.028313
10 20 0.046871 0.011096 0.019492
11 20 0.032586 0.007304 0.010031
12 20 0.016201 0.003941 -0.000713
13 20 -0.000224 0.000427 -0.010119
14 20 -0.012835 -0.002790 -0.017229
15 20 -0.023245 -0.005193 -0.024282
16 20 -0.034526 -0.006748 -0.031664
17 20 -0.044998 -0.007573 -0.037153
18 20 -0.052111 -0.007812 -0.040379
19 20 -0.057371 -0.007781 -0.043275
20 20 -0.062898 -0.007764 -0.046163
21 20 -0.067026 -0.007722 -0.046997
22 20 -0.066889 -0.007418 -0.044758
23 20 -0.063040 -0.006804 -0.041092
24 20 -0.058630 -0.006073 -0.037907
25 20 -0.054988 -0.005383 -0.034858
26 20 -0.050171 -0.004676 -0.030111
27 20 -0.041914 -0.003809 -0.022903
28 20 -0.030672 -0.002772 -0.014578
29 20 -0.019251 -0.001727 -0.007208
30 20 -0.010029 -0.000848 -0.001672
31 20 -0.002991 -0.000178 0.002872
32 20 0.003778 0.000381 0.007928
33 20 0.012096 0.000955 0.014263
34 20 0.022112 0.001589 0.021302
35 20 0.032223 0.002215 0.027559
36 20 0.040133 0.002706 0.031538
37 20 0.044107 0.002957 0.032456
38 20 0.043662 0.002929 0.030448
39 20 0.039513 0.002663 0.026334
40 20 0.033066 0.002242 0.021190
41 20 0.025817 0.001763 0.015984
42 20 0.018944 0.001303 0.011374
43 20 0.013142 0.000910 0.007674
44 20 0.008661 0.000604 0.004932
45 20 0.005445 0.000382 0.003031
46 20 0.003274 0.000231 0.001793
47 20 0.001869 0.000133 0.001056
48 20 0.000921 0.000065 0.000754
49 20 0.000000 0.000000 0.000000

0 21 0.000000 0.000000 0.000000
1 21 0.158571 0.153366 0.042567
2 21 0.150680 0.122067 0.066814
3 21 0.141935 0.090358 0.075813
4 21 0.133320 0.066486 0.076423
5 21 0.124166 0.049745 0.071867
6 21 0.112780 0.037374 0.064429
7 21 0.101206 0.027853 0.056618
8 21 0.089262 0.020849 0.047307
9 21 0.073882 0.015480 0.036188
10 21 0.057570 0.010764 0.025965
11 21 0.043311 0.006644 0.016473
12 21 0.028512 0.003529 0.005909
13 21 0.012209 0.001538 -0.004421
14 21 -0.002909 0.000309 -0.013240
15 21 -0.016904 -0.000798 -0.021911
16 21 -0.031261 -0.002170 -0.030527
17 21 -0.043750 -0.003612 -0.036805
18 21 -0.051678 -0.004697 -0.040268
19 21 -0.056801 -0.005301 -0.043082
20 21 -0.062064 -0.005585 -0.046069
21 21 -0.066480 -0.005645 -0.047335
22 21 -0.067025 -0.005437 -0.045530
23 21 -0.063672 -0.004983 -0.042016
24 21 -0.059403 -0.004439 -0.038822
25 21 -0.055890 -0.003932 -0.035890
26 21 -0.051470 -0.003431 -0.031430
27 21 -0.043721 -0.002826 -0.024454
28 21 -0.032730 -0.002093 -0.016100
29 21 -0.021159 -0.001339 -0.008476
30 21 -0.011587 -0.000693 -0.002671
31 21 -0.004312 -0.000198 0.001979
32 21 0.002440 0.000209 0.006979
33 21 0.010596 0.000619 0.013236
34 21 0.020540 0.001072 0.020329
35 21 0.030834 0.001527 0.026832
36 21 0.039191 0.001895 0.031200
37 21 0.043756 0.002096 0.032537
38 21 0.043879 0.002099 0.030874
39 21 0.040150 0.001925 0.026969
40 21 0.033923 0.001634 0.021894
41 21 0.026714 0.001294 0.016647
42 21 0.019753 0.000963 0.011931
43 21 0.013799 0.000677 0.008103
44 21 0.009153 0.000452 0.005239
45 21 0.005789 0.000287 0.003238
46 21 0.003500 0.000175 0.001927
47 21 0.002007 0.000101 0.001141
48 21 0.000992 0.000050 0.000819
49 21 0.000000 0.000000 0.000000

0 22 0.000000 0.000000 0.000000
1 22 0.166628 0.210810 0.075894
2 22 0.158792 0.129775 0.100748
3 22 0.150837 0.078049 0.101785
4 22 0.141720 0.049371 0.095219
5 22 0.132387 0.032889 0.086201
6 22 0.120630 0.023061 0.075350
7 22 0.106809 0.016796 0.064531
8 22 0.092897 0.012099 0.053633
9 22 0.077712 0.008386 0.041945
10 22 0.061734 0.005849 0.030756
11 22 0.045991 0.004159 0.019684
12 22 0.028899 0.002437 0.007754
13 22 0.011625 0.000360 -0.003021
14 22 -0.002229 -0.001552 -0.011337
15 22 -0.013717 -0.002771 -0.019294
16 22 -0.026282 -0.003291 -0.027840
17 22 -0.038767 -0.003383 -0.034773
18 22 -0.047890 -0.003290 -0.039038
19 22 -0.054294 -0.003193 -0.042415
20 22 -0.060533 -0.003191 -0.045840
21 22 -0.065803 -0.003232 -0.047561
22 22 -0.067100 -0.003176 -0.046111
23 22 -0.064177 -0.002967 -0.042710
24 22 -0.060000 -0.002677 -0.039490
25 22 -0.056534 -0.002388 -0.036613
26 22 -0.052359 -0.002095 -0.032348
27 22 -0.044969 -0.001739 -0.025551
28 22 -0.034186 -0.001302 -0.017199
29 22 -0.022536 -0.000847 -0.009406
30 22 -0.012722 -0.000452 -0.003405
31 22 -0.005265 -0.000148 0.001335
32 22 0.001490 0.000100 0.006303
33 22 0.009535 0.000346 0.012501
34 22 0.019413 0.000618 0.019620
35 22 0.029817 0.000894 0.026286
36 22 0.038477 0.001121 0.030924
37 22 0.043457 0.001250 0.032562
38 22 0.043991 0.001261 0.031154
39 22 0.040576 0.001164 0.027410
40 22 0.034522 0.000993 0.022394
41 22 0.027353 0.000790 0.017124
42 22 0.020338 0.000591 0.012337
43 22 0.014279 0.000417 0.008419
44 22 0.009515 0.000279 0.005467
45 22 0.006044 0.000178 0.003393
46 22 0.003668 0.000109 0.002027
47 22 0.002111 0.000063 0.001205
48 22 0.001046 0.000031 0.000869
49 22 0.000000 0.000000 0.000000

0 23 0.000000 0.000000 0.000000
1 23 0.161541 0.325125 0.155174
2 23 0.151770 0.098281 0.151093
3 23 0.145315 0.039683 0.129774
4 23 0.138966 0.021487 0.111481
5 23 0.131505 0.014372 0.096245
6 23 0.121497 0.010377 0.082540
7 23 0.110504 0.007581 0.070671
8 23 0.098671 0.005866 0.058740
9 23 0.083285 0.004664 0.045716
10 23 0.066671 0.003287 0.033962
11 23 0.052054 0.001917 0.023377
12 23 0.036782 0.001174 0.011765
13 23 0.019363 0.001162 0.000171
14 23 0.002890 0.001373 -0.009650
15 23 -0.011844 0.001260 -0.018848
16 23 -0.026576 0.000690 -0.028009
17 23 -0.039816 -0.000073 -0.035073
18 23 -0.048717 -0.000700 -0.039184
19 23 -0.054488 -0.001056 -0.042339
20 23 -0.060221 -0.001194 -0.045704
21 23 -0.065424 -0.001206 -0.047589
22 23 -0.066987 -0.001142 -0.046359
23 23 -0.064334 -0.001031 -0.043068
24 23 -0.060271 -0.000910 -0.039863
25 23 -0.056872 -0.000803 -0.037031
26 23 -0.052860 -0.000703 -0.032886
27 23 -0.045697 -0.000585 -0.026204
28 23 -0.035052 -0.000441 -0.017863
29 23 -0.023369 -0.000289 -0.009973
30 23 -0.013412 -0.000157 -0.003853
31 23 -0.005841 -0.000054 0.000945
32 23 0.000923 0.000029 0.005898
33 23 0.008902 0.000111 0.012060
34 23 0.018736 0.000202 0.019189
35 23 0.029197 0.000294 0.025947
36 23 0.038031 0.000371 0.030744
37 23 0.043258 0.000416 0.032564
38 23 0.044041 0.000421 0.031312
39 23 0.040819 0.000389 0.027669
40 23 0.034875 0.000333 0.022692
41 23 0.027736 0.000266 0.017413
42 23 0.020692 0.000199 0.012584
43 23 0.014572 0.000141 0.008612
44 23 0.009737 0.000094 0.005607
45 23 0.006200 0.000060 0.003489
46 23 0.003772 0.000037 0.002089
47 23 0.002175 0.000021 0.001245
48 23 0.001079 0.000011 0.000900
49 23 0.000000 0.000000 0.000000

0 24 0.000000 0.000000 0.000000
1 24 0.139594 -0.325125 0.380762
2 24 0.146745 -0.098281 0.210135
3 24 0.147090 -0.039683 0.148810
4 24 0.142322 -0.021487 0.119562
5 24 0.135368 -0.014372 0.101079
6 24 0.124854 -0.010377 0.085596
7 24 0.111545 -0.007581 0.072215
8 24 0.097984 -0.005866 0.059862
9 24 0.082965 -0.004664 0.047092
10 24 0.066667 -0.003287 0.034948
11 24 0.050520 -0.001917 0.023246
12 24 0.033283 -0.001174 0.010884
13 24 0.015793 -0.001162 -0.000389
14 24 0.001496 -0.001373 -0.009182
15 24 -0.010424 -0.001260 -0.017493
16 24 -0.023436 -0.000690 -0.026435
17 24 -0.036572 0.000073 -0.033859
18 24 -0.046372 0.000700 -0.038501
19 24 -0.053180 0.001056 -0.042059
20 24 -0.059650 0.001194 -0.045655
21 24 -0.065277 0.001206 -0.047671
22 24 -0.067060 0.001142 -0.046508
23 24 -0.064488 0.001031 -0.043226
24 24 -0.060420 0.000910 -0.040004
25 24 -0.057009 0.000803 -0.037175
26 24 -0.053032 0.000703 -0.033064
27 24 -0.045938 0.000585 -0.026420
28 24 -0.035339 0.000441 -0.018084
29 24 -0.023647 0.000289 -0.010164
30 24 -0.013644 0.000157 -0.004004
31 24 -0.006034 0.000054 0.000815
32 24 0.000734 -0.000029 0.005764
33 24 0.008692 -0.000111 0.011913
34 24 0.018510 -0.000202 0.019045
35 24 0.028988 -0.000294 0.025832
36 24 0.037880 -0.000371 0.030682
37 24 0.043189 -0.000416 0.032563
38 24 0.044055 -0.000421 0.031363
39 24 0.040898 -0.000389 0.027754
40 24 0.034992 -0.000333 0.022792
41 24 0.027864 -0.000266 0.017509
42 24 0.020810 -0.000199 0.012666
43 24 0.014670 -0.000141 0.008677
44 24 0.009812 -0.000094 0.005655
45 24 0.006253 -0.000060 0.003521
46 24 0.003807 -0.000037 0.002110
47 24 0.002197 -0.000021 0.001258
48 24 0.001090 -0.000011 0.000911
49 24 0.000000 0.000000 0.000000

0 25 0.000000 0.000000 0.000000
1 25 0.161541 -0.210810 0.155174
2 25 0.151770 -0.129775 0.151093
3 25 0.145315 -0.078049 0.129774
4 25 0.138966 -0.049371 0.111481
5 25 0.131505 -0.032889 0.096245
6 25 0.121497 -0.023061 0.082540
7 25 0.110504 -0.016796 0.070671
8 25 0.098671 -0.012099 0.058740
9 25 0.083285 -0.008386 0.045716
10 25 0.066671 -0.005849 0.033962
11 25 0.052054 -0.004159 0.023377
12 25 0.036782 -0.002437 0.011765
13 25 0.019363 -0.000360 0.000171
14 25 0.002890 0.001552 -0.009650
15 25 -0.011844 0.002771 -0.018848
16 25 -0.026576 0.003291 -0.028009
17 25 -0.039816 0.003383 -0.035073
18 25 -0.048717 0.003290 -0.039184
19 25 -0.054488 0.003193 -0.042339
20 25 -0.060221 0.003191 -0.045704
21 25 -0.065424 0.003232 -0.047589
22 25 -0.066987 0.003176 -0.046359
23 25 -0.064334 0.002967 -0.043068
24 25 -0.060271 0.002677 -0.039863
25 25 -0.056872 0.002388 -0.037031
26 25 -0.052860 0.002095 -0.032886
27 25 -0.045697 0.001739 -0.026204
28 25 -0.035052 0.001302 -0.017863
29 25 -0.023369 0.000847 -0.009973
30 25 -0.013412 0.000452 -0.003853
31 25 -0.005841 0.000148 0.000945
32 25 0.000923 -0.000100 0.005898
33 25 0.008902 -0.000346 0.012060
34 25 0.018736 -0.000618 0.019189
35 25 0.029197 -0.000894 0.025947
36 25 0.038031 -0.001121 0.030744
37 25 0.043258 -0.001250 0.032564
38 25 0.044041 -0.001261 0.031312
39 25 0.040819 -0.001164 0.027669
40 25 0.034875 -0.000993 0.022692
41 25 0.027736 -0.000790 0.017413
42 25 0.020692 -0.000591 0.012584
43 25 0.014572 -0.000417 0.008612
44 25 0.009737 -0.000279 0.005607
45 25 0.006200 -0.000178 0.003489
46 25 0.003772 -0.000109 0.002089
47 25 0.002175 -0.000063 0.001245
48 25 0.001079 -0.000031 0.000900
49 25 0.000000 0.000000 0.000000

0 26 0.000000 0.000000 0.000000
1 26 0.166628 -0.153366 0.075894
2 26 0.158792 -0.122067 0.100748
3 26 0.150837 -0.090358 0.101785
4 26 0.141720 -0.066486 0.095219
5 26 0.132387 -0.049745 0.086201
6 26 0.120630 -0.037374 0.075350
7 26 0.106809 -0.027853 0.064531
8 26 0.092897 -0.020849 0.053633
9 26 0.077712 -0.015480 0.041945
10 26 0.061734 -0.010764 0.030756
11 26 0.045991 -0.006644 0.019684
12 26 0.028899 -0.003529 0.007754
13 26 0.011625 -0.001538 -0.003021
14 26 -0.002229 -0.000309 -0.011337
15 26 -0.013717 0.000798 -0.019294
16 26 -0.026282 0.002170 -0.027840
17 26 -0.038767 0.003612 -0.034773
18 26 -0.047890 0.004697 -0.039038
19 26 -0.054294 0.005301 -0.042415
20 26 -0.060533 0.005585 -0.045840
21 26 -0.065803 0.005645 -0.047561
22 26 -0.067100 0.005437 -0.046111
23 26 -0.064177 0.004983 -0.042710
24 26 -0.060000 0.004439 -0.039490
25 26 -0.056534 0.003932 -0.036613
26 26 -0.052359 0.003431 -0.032348
27 26 -0.044969 0.002826 -0.025551
28 26 -0.034186 0.002093 -0.017199
29 26 -0.022536 0.001339 -0.009406
30 26 -0.012722 0.000693 -0.003405
31 26 -0.005265 0.000198 0.001335
32 26 0.001490 -0.000209 0.006303
33 26 0.009535 -0.000619 0.012501
34 26 0.019413 -0.001072 0.019620
35 26 0.029817 -0.001527 0.026286
36 26 0.038477 -0.001895 0.030924
37 26 0.043457 -0.002096 0.032562
38 26 0.043991 -0.002099 0.031154
39 26 0.040576 -0.001925 0.027410
40 26 0.034522 -0.001634 0.022394
41 26 0.027353 -0.001294 0.017124
42 26 0.020338 -0.000963 0.012337
43 26 0.014279 -0.000677 0.008419
44 26 0.009515 -0.000452 0.005467
45 26 0.006044 -0.000287 0.003393
46 26 0.003668 -0.000175 0.002027
47 26 0.002111 -0.000101 0.001205
48 26 0.001046 -0.000050 0.000869
49 26 0.000000 0.000000 0.000000

0 27 0.000000 0.000000 0.000000
1 27 0.158571 -0.122139 0.042567
2 27 0.150680 -0.107520 0.066814
3 27 0.141935 -0.087240 0.075813
4 27 0.133320 -0.068193 0.076423
5 27 0.124166 -0.052337 0.071867
6 27 0.112780 -0.039980 0.064429
7 27 0.101206 -0.030585 0.056618
8 27 0.089262 -0.022917 0.047307
9 27 0.073882 -0.016296 0.036188
10 27 0.057570 -0.011096 0.025965
11 27 0.043311 -0.007304 0.016473
12 27 0.028512 -0.003941 0.005909
13 27 0.012209 -0.000427 -0.004421
14 27 -0.002909 0.002790 -0.013240
15 27 -0.016904 0.005193 -0.021911
16 27 -0.031261 0.006748 -0.030527
17 27 -0.043750 0.007573 -0.036805
18 27 -0.051678 0.007812 -0.040268
19 27 -0.056801 0.007781 -0.043082
20 27 -0.062064 0.007764 -0.046069
21 27 -0.066480 0.007722 -0.047335
22 27 -0.067025 0.007418 -0.045530
23 27 -0.063672 0.006804 -0.042016
24 27 -0.059403 0.006073 -0.038822
25 27 -0.055890 0.005383 -0.035890
26 27 -0.051470 0.004676 -0.031430
27 27 -0.043721 0.003809 -0.024454
28 27 -0.032730 0.002772 -0.016100
29 27 -0.021159 0.001727 -0.008476
30 27 -0.011587 0.000848 -0.002671
31 27 -0.004312 0.000178 0.001979
32 27 0.002440 -0.000381 0.006979
33 27 0.010596 -0.000955 0.013236
34 27 0.020540 -0.001589 0.020329
35 27 0.030834 -0.002215 0.026832
36 27 0.039191 -0.002706 0.031200
37 27 0.043756 -0.002957 0.032537
38 27 0.043879 -0.002929 0.030874
39 27 0.040150 -0.002663 0.026969
40 27 0.033923 -0.002242 0.021894
41 27 0.026714 -0.001763 0.016647
42 27 0.019753 -0.001303 0.011931
43 27 0.013799 -0.000910 0.008103
44 27 0.009153 -0.000604 0.005239
45 27 0.005789 -0.000382 0.003238
46 27 0.003500 -0.000231 0.001927
47 27 0.002007 -0.000133 0.001141
48 27 0.000992 -0.000065 0.000819
49 27 0.000000 0.000000 0.000000

0 28 0.000000 0.000000 0.000000
1 28 0.144577 -0.093487 0.025851
2 28 0.142293 -0.089567 0.044999
3 28 0.135797 -0.079331 0.055045
4 28 0.126434 -0.066795 0.058565
5 28 0.116162 -0.054656 0.057300
6 28 0.103939 -0.043362 0.052355
7 28 0.090493 -0.033121 0.045781
8 28 0.076582 -0.024598 0.037593
9 28 0.061509 -0.017654 0.028313
10 28 0.046871 -0.011637 0.019492
11 28 0.032586 -0.006247 0.010031
12 28 0.016201 -0.001677 -0.000713
13 28 -0.000224 0.001614 -0.010119
14 28 -0.012835 0.003586 -0.017229
15 28 -0.023245 0.004986 -0.024282
16 28 -0.034526 0.006521 -0.031664
17 28 -0.044998 0.008075 -0.037153
18 28 -0.052111 0.009189 -0.040379
19 28 -0.057371 0.009799 -0.043275
20 28 -0.062898 0.010099 -0.046163
21 28 -0.067026 0.010069 -0.046997
22 28 -0.066889 0.009555 -0.044758
23 28 -0.063040 0.008644 -0.041092
24 28 -0.058630 0.007642 -0.037907
25 28 -0.054988 0.006728 -0.034858
26 28 -0.050171 0.005787 -0.030111
27 28 -0.041914 0.004635 -0.022903
28 28 -0.030672 0.003288 -0.014578
29 28 -0.019251 0.001968 -0.007208
30 28 -0.010029 0.000885 -0.001672
31 28 -0.002991 0.000063 0.002872
32 28 0.003778 -0.000640 0.007928
33 28 0.012096 -0.001380 0.014263
34 28 0.022112 -0.002193 0.021302
35 28 0.032223 -0.002976 0.027559
36 28 0.040133 -0.003565 0.031538
37 28 0.044107 -0.003832 0.032456
38 28 0.043662 -0.003745 0.030448
39 28 0.039513 -0.003363 0.026334
40 28 0.033066 -0.002802 0.021190
41 28 0.025817 -0.002182 0.015984
42 28 0.018944 -0.001598 0.011374
43 28 0.013142 -0.001108 0.007674
44 28 0.008661 -0.000730 0.004932
45 28 0.005445 -0.000459 0.003031
46 28 0.003274 -0.000276 0.001793
47 28 0.001869 -0.000157 0.001056
48 28 0.000921 -0.000077 0.000754
49 28 0.000000 0.000000 0.000000

0 29 0.000000 0.000000 0.000000
1 29 0.119030 -0.070331 0.015961
2 29 0.118416 -0.068930 0.029370
3 29 0.114226 -0.062721 0.038051
4 29 0.108603 -0.054398 0.042676
5 29 0.101163 -0.045282 0.042638
6 29 0.090466 -0.036360 0.039405
7 29 0.079655 -0.028648 0.035238
8 29 0.068503 -0.021751 0.028821
9 29 0.054198 -0.015000 0.020404
10 29 0.039307 -0.009117 0.012428
11 29 0.025885 -0.004669 0.004417
12 29 0.012028 -0.000924 -0.004398
13 29 -0.001803 0.002763 -0.012380
14 29 -0.013992 0.006236 -0.019396
15 29 -0.026313 0.009221 -0.027084
16 29 -0.039593 0.011502 -0.034567
17 29 -0.050393 0.012768 -0.039382
18 29 -0.056574 0.013027 -0.041825
19 29 -0.060716 0.012810 -0.044128
20 29 -0.065113 0.012563 -0.046347
21 29 -0.067881 0.012178 -0.046381
22 29 -0.066478 0.011367 -0.043581
23 29 -0.061981 0.010194 -0.039800
24 29 -0.057467 0.008988 -0.036666
25 29 -0.053682 0.007888 -0.033462
26 29 -0.048353 0.006710 -0.028352
27 29 -0.039484 0.005255 -0.020889
28 29 -0.028002 0.003599 -0.012655
29 29 -0.016843 0.002030 -0.005638
30 29 -0.008083 0.000779 -0.000430
31 29 -0.001313 -0.000170 0.004010
32 29 0.005518 -0.001011 0.009156
33 29 0.014045 -0.001918 0.015577
34 29 0.024118 -0.002905 0.022514
35 29 0.033942 -0.003824 0.028423
36 29 0.041236 -0.004474 0.031889
37 29 0.044441 -0.004716 0.032274
38 29 0.043283 -0.004532 0.029846
39 29 0.038630 -0.004010 0.025490
40 29 0.031935 -0.003297 0.020282
41 29 0.024665 -0.002537 0.015146
42 29 0.017923 -0.001839 0.010679
43 29 0.012323 -0.001263 0.007145
44 29 0.008055 -0.000824 0.004556
45 29 0.005026 -0.000514 0.002780
46 29 0.003001 -0.000307 0.001633
47 29 0.001703 -0.000174 0.000954
48 29 0.000836 -0.000085 0.000676
49 29 0.000000 0.000000 0.000000

0 30 0.000000 0.000000 0.000000
1 30 0.095534 -0.046833 0.009514
2 30 0.098229 -0.050255 0.018552
3 30 0.095793 -0.048869 0.025044
4 30 0.089865 -0.043949 0.028645
5 30 0.081500 -0.037345 0.028952
6 30 0.071413 -0.030064 0.027018
7 30 0.060958 -0.022551 0.023394
8 30 0.048713 -0.015355 0.017262
9 30 0.034964 -0.009116 0.010453
10 30 0.023033 -0.003983 0.004363
11 30 0.011422 0.000755 -0.003086
12 30 -0.003008 0.005407 -0.011966
13 30 -0.017324 0.009068 -0.019398
14 30 -0.028172 0.011108 -0.025184
15 30 -0.037527 0.012200 -0.031201
16 30 -0.046935 0.013154 -0.036753
17 30 -0.054072 0.013945 -0.040023
18 30 -0.058102 0.014358 -0.041853
19 30 -0.061696 0.014547 -0.044077
20 30 -0.065896 0.014597 -0.045966
21 30 -0.067900 0.014202 -0.045333
22 30 -0.065531 0.013132 -0.042056
23 30 -0.060571 0.011649 -0.038232
24 30 -0.056018 0.010193 -0.035142
25 30 -0.051988 0.008864 -0.031687
26 30 -0.045963 0.007403 -0.026123
27 30 -0.036386 0.005616 -0.018414
28 30 -0.024729 0.003658 -0.010372
29 30 -0.013981 0.001884 -0.003813
30 30 -0.005787 0.000511 0.001027
31 30 0.000717 -0.000540 0.005390
32 30 0.007676 -0.001516 0.010665
33 30 0.016453 -0.002594 0.017168
34 30 0.026533 -0.003744 0.023930
35 30 0.035926 -0.004767 0.029368
36 30 0.042414 -0.005429 0.032188
37 30 0.044671 -0.005595 0.031937
38 30 0.042676 -0.005271 0.029031
39 30 0.037459 -0.004584 0.024422
40 30 0.030517 -0.003711 0.019172
41 30 0.023264 -0.002817 0.014144
42 30 0.016706 -0.002016 0.009862
43 30 0.011363 -0.001368 0.006531
44 30 0.007355 -0.000883 0.004126
45 30 0.004547 -0.000545 0.002495
46 30 0.002692 -0.000322 0.001454
47 30 0.001516 -0.000181 0.000842
48 30 0.000741 -0.000088 0.000591
49 30 0.000000 0.000000 0.000000

0 31 0.000000 0.000000 0.000000
1 31 0.060657 -0.022870 0.004914
2 31 0.066142 -0.026428 0.010062
3 31 0.067376 -0.027037 0.014209
4 31 0.066204 -0.025780 0.017203
5 31 0.062146 -0.022846 0.017417
6 31 0.054399 -0.018421 0.015702
7 31 0.045742 -0.013865 0.013022
8 31 0.036009 -0.009420 0.008406
9 31 0.024497 -0.004564 0.002792
10 31 0.012924 0.000215 -0.003005
11 31 0.000899 0.004249 -0.009894
12 31 -0.011635 0.007451 -0.016744
13 31 -0.021792 0.009960 -0.021836
14 31 -0.029764 0.012235 -0.026698
15 31 -0.039212 0.014732 -0.032879
16 31 -0.049833 0.017041 -0.038410
17 31 -0.057534 0.018279 -0.041302
18 31 -0.061568 0.018332 -0.042832
19 31 -0.064853 0.017857 -0.044647
20 31 -0.067976 0.017219 -0.045640
21 31 -0.068177 0.016173 -0.043946
22 31 -0.064264 0.014564 -0.040110
23 31 -0.058720 0.012732 -0.036301
24 31 -0.054116 0.011074 -0.033245
25 31 -0.049718 0.009540 -0.029447
26 31 -0.042847 0.007782 -0.023378
27 31 -0.032553 0.005657 -0.015494
28 31 -0.020878 0.003432 -0.007785
29 31 -0.010730 0.001512 -0.001788
30 31 -0.003183 0.000067 0.002674
31 31 0.003104 -0.001065 0.007017
32 31 0.010279 -0.002179 0.012461
33 31 0.019325 -0.003429 0.019013
34 31 0.029314 -0.004723 0.025492
35 31 0.038086 -0.005802 0.030316
36 31 0.043556 -0.006416 0.032359
37 31 0.044693 -0.006444 0.031386
38 31 0.041763 -0.005937 0.027970
39 31 0.035961 -0.005063 0.023121
40 31 0.028805 -0.004027 0.017868
41 31 0.021628 -0.003007 0.012996
42 31 0.015319 -0.002121 0.008945
43 31 0.010289 -0.001420 0.005854
44 31 0.006583 -0.000906 0.003657
45 31 0.004027 -0.000553 0.002189
46 31 0.002360 -0.000323 0.001263
47 31 0.001318 -0.000180 0.000724
48 31 0.000641 -0.000087 0.000503
49 31 0.000000 0.000000 0.000000

0 32 0.000000 0.000000 0.000000
1 32 0.034060 -0.004269 0.001644
2 32 0.038830 -0.009227 0.003771
3 32 0.039779 -0.011155 0.006021
4 32 0.038478 -0.010570 0.007148
5 32 0.033663 -0.007984 0.006278
6 32 0.027537 -0.004752 0.005163
7 32 0.021811 -0.001312 0.002861
8 32 0.013144 0.002930 -0.001916
9 32 0.002635 0.007115 -0.006712
10 32 -0.005975 0.010155 -0.010925
11 32 -0.014642 0.012851 -0.016495
12 32 -0.025231 0.015996 -0.022617
13 32 -0.035249 0.018837 -0.027668
14 32 -0.043994 0.020631 -0.032615
15 32 -0.052893 0.021511 -0.037790
16 32 -0.060241 0.021609 -0.041139
17 32 -0.063498 0.020940 -0.042064
18 32 -0.064407 0.019986 -0.042694
19 32 -0.066200 0.019282 -0.044040
20 32 -0.068098 0.018635 -0.044254
21 32 -0.066815 0.017432 -0.041747
22 32 -0.061903 0.015562 -0.037661
23 32 -0.056252 0.013522 -0.034047
24 32 -0.051735 0.011698 -0.030985
25 32 -0.046812 0.009920 -0.026711
26 32 -0.038937 0.007809 -0.020111
27 32 -0.027987 0.005338 -0.012181
28 32 -0.016526 0.002898 -0.004977
29 32 -0.007176 0.000907 0.000375
30 32 -0.000306 -0.000558 0.004498
31 32 0.005867 -0.001763 0.008900
32 32 0.013356 -0.003025 0.014542
33 32 0.022649 -0.004443 0.021074
34 32 0.032383 -0.005844 0.027125
35 32 0.040296 -0.006916 0.031170
36 32 0.044522 -0.007405 0.032312
37 32 0.044389 -0.007232 0.030555
38 32 0.040470 -0.006500 0.026632
39 32 0.034105 -0.005422 0.021584
40 32 0.026801 -0.004228 0.016387
41 32 0.019780 -0.003101 0.011729
42 32 0.013793 -0.002152 0.007955
43 32 0.009133 -0.001419 0.005136
44 32 0.005767 -0.000893 0.003169
45 32 0.003485 -0.000538 0.001875
46 32 0.002020 -0.000311 0.001070
47 32 0.001116 -0.000171 0.000606
48 32 0.000540 -0.000082 0.000416
49 32 0.000000 0.000000 0.000000

0 33 0.000000 0.000000 0.000000
1 33 0.000844 0.018217 -0.000812
2 33 0.009175 0.012449 -0.000751
3 33 0.013974 0.008356 -0.000349
4 33 0.015341 0.006006 -0.000503
5 33 0.013400 0.005237 -0.001416
6 33 0.009691 0.005965 -0.002770
7 33 0.003839 0.007898 -0.005802
8 33 -0.004543 0.010339 -0.009786
9 33 -0.012104 0.012568 -0.012972
10 33 -0.018858 0.014911 -0.017044
11 33 -0.028337 0.017781 -0.022957
12 33 -0.038498 0.020118 -0.027887
13 33 -0.044965 0.020937 -0.030811
14 33 -0.049392 0.021095 -0.034037
15 33 -0.055057 0.021746 -0.037927
16 33 -0.060396 0.022591 -0.040382
17 33 -0.063145 0.022829 -0.041236
18 33 -0.064913 0.022480 -0.042283
19 33 -0.067372 0.021861 -0.043467
20 33 -0.068394 0.020746 -0.042678
21 33 -0.065323 0.018801 -0.039215
22 33 -0.059259 0.016320 -0.034923
23 33 -0.053458 0.013957 -0.031496
24 33 -0.048826 0.011932 -0.028274
25 33 -0.043082 0.009867 -0.023392
26 33 -0.034100 0.007382 -0.016318
27 33 -0.022698 0.004608 -0.008553
28 33 -0.011776 0.002049 -0.002045
29 33 -0.003411 0.000077 0.002624
30 33 0.002828 -0.001370 0.006497
31 33 0.009045 -0.002653 0.011056
32 33 0.016933 -0.004076 0.016894
33 33 0.026384 -0.005648 0.023285
34 33 0.035625 -0.007097 0.028721
35 33 0.042395 -0.008076 0.031817
36 33 0.045152 -0.008354 0.031951
37 33 0.043638 -0.007915 0.029389
38 33 0.038728 -0.006925 0.024996
39 33 0.031873 -0.005639 0.019820
40 33 0.024523 -0.004302 0.014755
41 33 0.017758 -0.003094 0.010373
42 33 0.012170 -0.002108 0.006921
43 33 0.007931 -0.001367 0.004402
44 33 0.004934 -0.000847 0.002678
45 33 0.002941 -0.000503 0.001564
46 33 0.001683 -0.000287 0.000881
47 33 0.000920 -0.000156 0.000492
48 33 0.000442 -0.000075 0.000333
49 33 0.000000 0.000000 0.000000

0 34 0.000000 0.000000 0.000000
1 34 -0.025784 0.031443 -0.002471
2 34 -0.020533 0.027737 -0.004394
3 34 -0.016969 0.025103 -0.005460
4 34 -0.014499 0.023157 -0.006755
5 34 -0.014685 0.022468 -0.008626
6 34 -0.016239 0.022345 -0.010352
7 34 -0.018756 0.022295 -0.012884
8 34 -0.023101 0.022919 -0.016011
9 34 -0.028088 0.024083 -0.019093
10 34 -0.033972 0.025229 -0.023095
11 34 -0.041059 0.026123 -0.027324
12 34 -0.046619 0.026631 -0.030071
13 34 -0.050426 0.027120 -0.032652
14 34 -0.056124 0.028150 -0.036835
15 34 -0.063643 0.029145 -0.040771
16 34 -0.068396 0.028851 -0.042082
17 34 -0.068993 0.027155 -0.041830
18 34 -0.068682 0.025128 -0.042057
19 34 -0.068945 0.023371 -0.042077
20 34 -0.067291 0.021442 -0.039916
21 34 -0.062055 0.018938 -0.035754
22 34 -0.055339 0.016224 -0.031656
23 34 -0.049842 0.013837 -0.028537
24 34 -0.045089 0.011713 -0.025022
25 34 -0.038335 0.009337 -0.019458
26 34 -0.028306 0.006471 -0.012071
27 34 -0.016810 0.003470 -0.004749
28 34 -0.006796 0.000910 0.000899
29 34 0.000475 -0.000960 0.004922
30 34 0.006233 -0.002373 0.008692
31 34 0.012692 -0.003759 0.013500
32 34 0.021017 -0.005354 0.019479
33 34 0.030439 -0.007039 0.025546
34 34 0.038867 -0.008451 0.030146
35 34 0.044182 -0.009231 0.032125
36 34 0.045272 -0.009207 0.031184
37 34 0.042326 -0.008445 0.027839
38 34 0.036490 -0.007177 0.023058
39 34 0.029271 -0.005694 0.017855
40 34 0.022009 -0.004243 0.013010
41 34 0.015609 -0.002986 0.008969
42 34 0.010496 -0.001995 0.005878
43 34 0.006721 -0.001270 0.003677
44 34 0.004115 -0.000774 0.002202
45 34 0.002416 -0.000452 0.001268
46 34 0.001364 -0.000254 0.000704
47 34 0.000736 -0.000137 0.000388
48 34 0.000350 -0.000065 0.000258
49 34 0.000000 0.000000 0.000000

0 35 0.000000 0.000000 0.000000
1 35 -0.046084 0.045091 -0.003579
2 35 -0.039783 0.040054 -0.006325
3 35 -0.035231 0.035789 -0.008345
4 35 -0.033827 0.033214 -0.011157
5 35 -0.035049 0.031925 -0.013379
6 35 -0.035742 0.030799 -0.015205
7 35 -0.038366 0.030788 -0.018582
8 35 -0.043399 0.031739 -0.021960
9 35 -0.047226 0.032018 -0.024412
10 35 -0.050667 0.031917 -0.027622
11 35 -0.055585 0.032427 -0.031227
12 35 -0.060198 0.032979 -0.033953
13 35 -0.063995 0.032815 -0.036679
14 35 -0.068115 0.031983 -0.039601
15 35 -0.070726 0.030467 -0.040784
16 35 -0.069625 0.028298 -0.039903
17 35 -0.067062 0.026205 -0.039231
18 35 -0.066394 0.024814 -0.039689
19 35 -0.066503 0.023621 -0.039260
20 35 -0.063742 0.021665 -0.036297
21 35 -0.057591 0.018849 -0.031960
22 35 -0.051021 0.015937 -0.028282
23 35 -0.045895 0.013438 -0.025285
24 35 -0.040579 0.011055 -0.021189
25 35 -0.032504 0.008251 -0.014919
26 35 -0.021613 0.005025 -0.007497
27 35 -0.010516 0.001935 -0.000930
28 35 -0.001761 -0.000480 0.003759
29 35 0.004437 -0.002183 0.007271
30 35 0.009972 -0.003582 0.011123
31 35 0.016872 -0.005109 0.016234
32 35 0.025572 -0.006868 0.022218
33 35 0.034658 -0.008590 0.027710
34 35 0.041876 -0.009846 0.031236
35 35 0.045422 -0.010307 0.031960
36 35 0.044706 -0.009894 0.029930
37 35 0.040359 -0.008768 0.025884
38 35 0.033739 -0.007226 0.020840
39 35 0.026331 -0.005575 0.015731
40 35 0.019315 -0.004051 0.011200
41 35 0.013395 -0.002786 0.007560
42 35 0.008824 -0.001822 0.004859
43 35 0.005545 -0.001138 0.002985
44 35 0.003336 -0.000680 0.001759
45 35 0.001927 -0.000391 0.000997
46 35 0.001071 -0.000216 0.000546
47 35 0.000570 -0.000115 0.000296
48 35 0.000269 -0.000054 0.000194
49 35 0.000000 0.000000 0.000000

0 36 0.000000 0.000000 0.000000
1 36 -0.068449 0.055132 -0.004269
2 36 -0.062692 0.052447 -0.007578
3 36 -0.057304 0.049323 -0.010900
4 36 -0.054349 0.046463 -0.013960
5 36 -0.051415 0.043290 -0.015748
6 36 -0.049721 0.040797 -0.018588
7 36 -0.051943 0.039647 -0.022127
8 36 -0.053773 0.038164 -0.023943
9 36 -0.054042 0.036427 -0.025957
10 36 -0.057248 0.036041 -0.029767
11 36 -0.062126 0.036103 -0.032753
12 36 -0.064098 0.034862 -0.033890
13 36 -0.064401 0.033004 -0.035302
14 36 -0.065937 0.031899 -0.037229
15 36 -0.067300 0.031239 -0.037947
16 36 -0.066955 0.030196 -0.037709
17 36 -0.066660 0.028815 -0.038045
18 36 -0.067213 0.027223 -0.038329
19 36 -0.065835 0.024917 -0.036454
20 36 -0.060343 0.021618 -0.032252
21 36 -0.052674 0.017982 -0.027831
22 36 -0.046154 0.014870 -0.024579
23 36 -0.041077 0.012325 -0.021450
24 36 -0.034771 0.009677 -0.016603
25 36 -0.025375 0.006480 -0.009830
26 36 -0.014163 0.003050 -0.002802
27 36 -0.004096 0.000081 0.002714
28 36 0.003156 -0.002054 0.006475
29 36 0.008489 -0.003579 0.009714
30 36 0.014150 -0.005023 0.013837
31 36 0.021624 -0.006726 0.019222
32 36 0.030485 -0.008604 0.024974
33 36 0.038793 -0.010242 0.029586
34 36 0.044358 -0.011192 0.031808
35 36 0.045864 -0.011210 0.031195
36 36 0.043298 -0.010338 0.028136
37 36 0.037684 -0.008838 0.023531
38 36 0.030498 -0.007051 0.018386
39 36 0.023121 -0.005282 0.013508
40 36 0.016521 -0.003736 0.009383
41 36 0.011187 -0.002507 0.006192
42 36 0.007210 -0.001603 0.003898
43 36 0.004440 -0.000980 0.002349
44 36 0.002621 -0.000575 0.001359
45 36 0.001488 -0.000324 0.000757
46 36 0.000814 -0.000176 0.000408
47 36 0.000427 -0.000092 0.000218
48 36 0.000200 -0.000043 0.000140
49 36 0.000000 0.000000 0.000000

0 37 0.000000 0.000000 0.000000
1 37 -0.075310 0.055668 -0.004228
2 37 -0.073269 0.054381 -0.008150
3 37 -0.072088 0.053369 -0.012145
4 37 -0.070764 0.052074 -0.015100
5 37 -0.068671 0.050543 -0.018014
6 37 -0.068754 0.049565 -0.021736
7 37 -0.069137 0.048157 -0.024055
8 37 -0.067418 0.046043 -0.025648
9 37 -0.067815 0.044842 -0.029018
10 37 -0.071037 0.044177 -0.032199
11 37 -0.071607 0.042206 -0.032898
12 37 -0.069640 0.039651 -0.033544
13 37 -0.070452 0.038422 -0.036129
14 37 -0.073662 0.037868 -0.038302
15 37 -0.074230 0.035967 -0.038014
16 37 -0.071397 0.032588 -0.036752
17 37 -0.068354 0.029110 -0.036048
18 37 -0.065590 0.026039 -0.034716
19 37 -0.060605 0.022788 -0.031325
20 37 -0.053018 0.019180 -0.026854
21 37 -0.045623 0.015849 -0.023242
22 37 -0.040245 0.013181 -0.020562
23 37 -0.035188 0.010692 -0.017014
24 37 -0.027622 0.007678 -0.011360
25 37 -0.017188 0.004111 -0.004456
26 37 -0.006390 0.000671 0.001715
27 37 0.002093 -0.001972 0.006025
28 37 0.007860 -0.003754 0.009066
29 37 0.012749 -0.005163 0.012343
30 37 0.018896 -0.006736 0.016864
31 37 0.026915 -0.008620 0.022359
32 37 0.035524 -0.010508 0.027539
33 37 0.042497 -0.011890 0.030940
34 37 0.045974 -0.012367 0.031678
35 37 0.045272 -0.011833 0.029735
36 37 0.040945 -0.010469 0.025792
37 37 0.034310 -0.008620 0.020830
38 37 0.026843 -0.006647 0.015772
39 37 0.019740 -0.004829 0.011262
40 37 0.013722 -0.003321 0.007623
41 37 0.009060 -0.002172 0.004912
42 37 0.005705 -0.001356 0.003025
43 37 0.003439 -0.000811 0.001786
44 37 0.001990 -0.000466 0.001014
45 37 0.001109 -0.000258 0.000555
46 37 0.000596 -0.000138 0.000294
47 37 0.000308 -0.000071 0.000154
48 37 0.000142 -0.000033 0.000097
49 37 0.000000 0.000000 0.000000

0 38 0.000000 0.000000 0.000000
1 38 -0.080524 0.058232 -0.004017
2 38 -0.077571 0.056608 -0.007991
3 38 -0.075499 0.054603 -0.011553
4 38 -0.073578 0.052448 -0.014665
5 38 -0.073056 0.050801 -0.018272
6 38 -0.073703 0.049354 -0.021296
7 38 -0.073007 0.047514 -0.023307
8 38 -0.072881 0.046146 -0.026254
9 38 -0.075041 0.045273 -0.029474
10 38 -0.075517 0.043428 -0.030618
11 38 -0.073171 0.040883 -0.031133
12 38 -0.072798 0.039295 -0.033458
13 38 -0.075024 0.038148 -0.035718
14 38 -0.074235 0.035396 -0.034984
15 38 -0.068561 0.031108 -0.032479
16 38 -0.062776 0.027427 -0.031202
17 38 -0.060066 0.025296 -0.031013
18 38 -0.057730 0.023460 -0.029435
19 38 -0.052490 0.020662 -0.025806
20 38 -0.045375 0.017214 -0.021945
21 38 -0.039312 0.014076 -0.019136
22 38 -0.034496 0.011382 -0.016356
23 38 -0.028321 0.008452 -0.011867
24 38 -0.019090 0.004882 -0.005554
25 38 -0.008233 0.001125 0.000897
26 38 0.001259 -0.002000 0.005786
27 38 0.007807 -0.004118 0.008948
28 38 0.012426 -0.005565 0.011645
29 38 0.017429 -0.006984 0.015267
30 38 0.024297 -0.008760 0.020163
31 38 0.032573 -0.010755 0.025443
32 38 0.040308 -0.012468 0.029630
33 38 0.045333 -0.013379 0.031518
34 38 0.046378 -0.013223 0.030691
35 38 0.043462 -0.012069 0.027540
36 38 0.037620 -0.010230 0.022944
37 38 0.030316 -0.008103 0.017872
38 38 0.022903 -0.006032 0.013098
39 38 0.016318 -0.004244 0.009079
40 38 0.011021 -0.002834 0.005981
41 38 0.007087 -0.001804 0.003759
42 38 0.004356 -0.001099 0.002262
43 38 0.002567 -0.000642 0.001307
44 38 0.001455 -0.000361 0.000728
45 38 0.000795 -0.000196 0.000391
46 38 0.000419 -0.000103 0.000203
47 38 0.000213 -0.000052 0.000105
48 38 0.000098 -0.000024 0.000065
49 38 0.000000 0.000000 0.000000

0 39 0.000000 0.000000 0.000000
1 39 -0.082866 0.054252 -0.003744
2 39 -0.082974 0.055837 -0.007502
3 39 -0.081562 0.055900 -0.010883
4 39 -0.079521 0.054937 -0.014238
5 39 -0.077933 0.053373 -0.017374
6 39 -0.075901 0.051161 -0.019684
7 39 -0.073917 0.048873 -0.022115
8 39 -0.073584 0.046923 -0.024871
9 39 -0.073005 0.044581 -0.026392
10 39 -0.070570 0.041796 -0.027063
11 39 -0.069126 0.039654 -0.028795
12 39 -0.069798 0.037967 -0.030679
13 39 -0.068496 0.035256 -0.030233
14 39 -0.063307 0.031595 -0.028194
15 39 -0.058553 0.028831 -0.027543
16 39 -0.057753 0.027611 -0.028531
17 39 -0.057906 0.026245 -0.028264
18 39 -0.054079 0.023072 -0.025066
19 39 -0.046207 0.018537 -0.020584
20 39 -0.038277 0.014305 -0.017112
21 39 -0.032530 0.011132 -0.014599
22 39 -0.027126 0.008336 -0.011173
23 39 -0.019310 0.005021 -0.005795
24 39 -0.009082 0.001223 0.000485
25 39 0.000899 -0.002238 0.005762
26 39 0.008223 -0.004694 0.009185
27 39 0.012928 -0.006237 0.011561
28 39 0.017091 -0.007516 0.014397
29 39 0.022760 -0.009112 0.018541
30 39 0.030294 -0.011090 0.023569
31 39 0.038219 -0.013018 0.028155
32 39 0.044301 -0.014297 0.030912
33 39 0.046820 -0.014513 0.031086
34 39 0.045277 -0.013608 0.028760
35 39 0.040354 -0.011834 0.024648
36 39 0.033404 -0.009600 0.019704
37 39 0.025864 -0.007307 0.014789
38 39 0.018849 -0.005246 0.010479
39 39 0.012999 -0.003571 0.007045
40 39 0.008522 -0.002313 0.004512
41 39 0.005332 -0.001432 0.002763
42 39 0.003196 -0.000850 0.001624
43 39 0.001840 -0.000485 0.000918
44 39 0.001020 -0.000267 0.000500
45 39 0.000546 -0.000142 0.000264
46 39 0.000283 -0.000073 0.000135
47 39 0.000141 -0.000036 0.000068
48 39 0.000064 -0.000016 0.000041
49 39 0.000000 0.000000 0.000000

0 40 0.000000 0.000000 0.000000
1 40 -0.070230 0.042746 -0.003035
2 40 -0.073797 0.045292 -0.006248
3 40 -0.076292 0.047244 -0.009520
4 40 -0.077919 0.048517 -0.012805
5 40 -0.078456 0.048910 -0.015658
6 40 -0.077882 0.048515 -0.018239
7 40 -0.077290 0.047675 -0.020875
8 40 -0.076424 0.046228 -0.022848
9 40 -0.074280 0.044125 -0.024013
10 40 -0.072190 0.042021 -0.025469
11 40 -0.071320 0.040044 -0.027041
12 40 -0.069532 0.037411 -0.027171
13 40 -0.065307 0.034112 -0.026075
14 40 -0.061317 0.031296 -0.025798
15 40 -0.060022 0.029282 -0.026587
16 40 -0.058813 0.026663 -0.026010
17 40 -0.053286 0.022227 -0.022456
18 40 -0.043538 0.016772 -0.017498
19 40 -0.034073 0.012213 -0.013789
20 40 -0.028030 0.009367 -0.011766
21 40 -0.023839 0.007280 -0.009485
22 40 -0.017855 0.004577 -0.005230
23 40 -0.008798 0.000953 0.000568
24 40 0.001180 -0.002739 0.005997
25 40 0.009104 -0.005522 0.009680
26 40 0.014070 -0.007199 0.011917
27 40 0.017683 -0.008360 0.014135
28 40 0.022270 -0.009739 0.017520
29 40 0.028872 -0.011607 0.022087
30 40 0.036564 -0.013636 0.026749
31 40 0.043227 -0.015192 0.030073
32 40 0.046858 -0.015736 0.031052
33 40 0.046512 -0.015079 0.029488
34 40 0.042505 -0.013396 0.025902
35 40 0.036016 -0.011090 0.021186
36 40 0.028496 -0.008603 0.016242
37 40 0.021187 -0.006287 0.011737
38 40 0.014884 -0.004351 0.008036
39 40 0.009928 -0.002863 0.005235
40 40 0.006313 -0.001798 0.003258
41 40 0.003841 -0.001082 0.001943
42 40 0.002243 -0.000625 0.001114
43 40 0.001261 -0.000348 0.000615
44 40 0.000684 -0.000187 0.000328
45 40 0.000358 -0.000097 0.000170
46 40 0.000182 -0.000049 0.000085
47 40 0.000089 -0.000024 0.000042
48 40 0.000040 -0.000011 0.000025
49 40 0.000000 0.000000 0.000000

0 41 0.000000 0.000000 0.000000
1 41 -0.058477 0.034864 -0.002280
2 41 -0.060598 0.036452 -0.004754
3 41 -0.062508 0.037415 -0.007381
4 41 -0.064273 0.037957 -0.009985
5 41 -0.065600 0.038123 -0.012452
6 41 -0.066639 0.038010 -0.014911
7 41 -0.067342 0.037530 -0.017092
8 41 -0.067080 0.036527 -0.018715
9 41 -0.066159 0.035205 -0.020190
10 41 -0.065315 0.033691 -0.021594
11 41 -0.063725 0.031635 -0.022130
12 41 -0.060420 0.028974 -0.021708
13 41 -0.056654 0.026308 -0.021400
14 41 -0.053879 0.023851 -0.021422
15 41 -0.050577 0.020842 -0.020284
16 41 -0.044077 0.016725 -0.016991
17 41 -0.034954 0.012341 -0.012878
18 41 -0.027050 0.009170 -0.010132
19 41 -0.022845 0.007573 -0.009057
20 41 -0.020482 0.006334 -0.007725
21 41 -0.016021 0.003988 -0.004261
22 41 -0.007773 0.000284 0.001154
23 41 0.002241 -0.003729 0.006626
24 41 0.010643 -0.006810 0.010467
25 41 0.015852 -0.008566 0.012604
26 41 0.019056 -0.009566 0.014334
27 41 0.022706 -0.010684 0.017033
28 41 0.028347 -0.012373 0.021059
29 41 0.035555 -0.014411 0.025577
30 41 0.042408 -0.016148 0.029189
31 41 0.046760 -0.016944 0.030736
32 41 0.047337 -0.016492 0.029797
33 41 0.044123 -0.014892 0.026705
34 41 0.038105 -0.012526 0.022265
35 41 0.030695 -0.009867 0.017377
36 41 0.023209 -0.007316 0.012771
37 41 0.016564 -0.005133 0.008883
38 41 0.011214 -0.003422 0.005874
39 41 0.007231 -0.002176 0.003707
40 41 0.004458 -0.001324 0.002240
41 41 0.002636 -0.000774 0.001301
42 41 0.001499 -0.000435 0.000727
43 41 0.000822 -0.000236 0.000392
44 41 0.000436 -0.000124 0.000205
45 41 0.000224 -0.000063 0.000104
46 41 0.000111 -0.000031 0.000051
47 41 0.000054 -0.000015 0.000025
48 41 0.000024 -0.000007 0.000014
49 41 0.000000 0.000000 0.000000

0 42 0.000000 0.000000 0.000000
1 42 -0.047819 0.023901 -0.001641
2 42 -0.051689 0.027597 -0.003565
3 42 -0.053903 0.029726 -0.005601
4 42 -0.054982 0.030594 -0.007596
5 42 -0.055379 0.030560 -0.009536
6 42 -0.055427 0.029906 -0.011350
7 42 -0.055019 0.028763 -0.012857
8 42 -0.054152 0.027302 -0.014134
9 42 -0.053121 0.025676 -0.015261
10 42 -0.051656 0.023798 -0.015906
11 42 -0.049199 0.021618 -0.015904
12 42 -0.046158 0.019396 -0.015698
13 42 -0.043279 0.017283 -0.015463
14 42 -0.039956 0.014960 -0.014504
15 42 -0.034939 0.012209 -0.012342
16 42 -0.028777 0.009541 -0.009824
17 42 -0.023825 0.007710 -0.008260
18 42 -0.021260 0.006624 -0.007608
19 42 -0.019138 0.005171 -0.006257
20 42 -0.014239 0.002309 -0.002749
21 42 -0.005501 -0.001838 0.002596
22 42 0.004840 -0.006049 0.007948
23 42 0.013363 -0.009064 0.011645
24 42 0.018396 -0.010552 0.013520
25 42 0.021042 -0.011186 0.014800
26 42 0.023840 -0.011960 0.016930
27 42 0.028617 -0.013430 0.020453
28 42 0.035269 -0.015419 0.024720
29 42 0.042048 -0.017250 0.028402
30 42 0.046761 -0.018200 0.030276
31 42 0.047924 -0.017873 0.029771
32 42 0.045283 -0.016306 0.027078
33 42 0.039650 -0.013865 0.022907
34 42 0.032374 -0.011040 0.018132
35 42 0.024801 -0.008274 0.013506
36 42 0.017924 -0.005866 0.009516
37 42 0.012282 -0.003950 0.006371
38 42 0.008012 -0.002537 0.004069
39 42 0.004995 -0.001559 0.002487
40 42 0.002985 -0.000919 0.001460
41 42 0.001715 -0.000522 0.000825
42 42 0.000950 -0.000286 0.000450
43 42 0.000508 -0.000151 0.000237
44 42 0.000263 -0.000078 0.000121
45 42 0.000132 -0.000039 0.000060
46 42 0.000064 -0.000019 0.000029
47 42 0.000030 -0.000009 0.000014
48 42 0.000013 -0.000004 0.000008
49 42 0.000000 0.000000 0.000000

0 43 0.000000 0.000000 0.000000
1 43 -0.026066 0.005524 -0.000830
2 43 -0.033661 0.010312 -0.002124
3 43 -0.039618 0.014161 -0.003694
4 43 -0.043882 0.016879 -0.005382
5 43 -0.046661 0.018475 -0.007066
6 43 -0.048164 0.019059 -0.008599
7 43 -0.048590 0.018820 -0.009921
8 43 -0.048250 0.017992 -0.011044
9 43 -0.047268 0.016721 -0.011850
10 43 -0.045523 0.015106 -0.012219
11 43 -0.043171 0.013334 -0.012288
12 43 -0.040581 0.011551 -0.012164
13 43 -0.037598 0.009678 -0.011577
14 43 -0.033701 0.007628 -0.010298
15 43 -0.029121 0.005600 -0.008703
16 43 -0.024892 0.003858 -0.007366
17 43 -0.021313 0.002194 -0.006102
18 43 -0.016973 -0.000070 -0.003879
19 43 -0.010031 -0.003376 0.000059
20 43 -0.000423 -0.007290 0.005169
21 43 0.009583 -0.010707 0.009886
22 43 0.017159 -0.012712 0.012921
23 43 0.021195 -0.013285 0.014289
24 43 0.023021 -0.013250 0.015183
25 43 0.025159 -0.013612 0.016962
26 43 0.029392 -0.014875 0.020158
27 43 0.035650 -0.016794 0.024188
28 43 0.042251 -0.018627 0.027793
29 43 0.047019 -0.019597 0.029764
30 43 0.048407 -0.019261 0.029479
31 43 0.046044 -0.017628 0.027042
32 43 0.040632 -0.015059 0.023089
33 43 0.033457 -0.012059 0.018452
34 43 0.025856 -0.009095 0.013879
35 43 0.018854 -0.006491 0.009875
36 43 0.013034 -0.004402 0.006675
37 43 0.008579 -0.002847 0.004304
38 43 0.005395 -0.001762 0.002655
39 43 0.003252 -0.001047 0.001573
40 43 0.001885 -0.000599 0.000896
41 43 0.001053 -0.000330 0.000493
42 43 0.000568 -0.000176 0.000262
43 43 0.000296 -0.000091 0.000135
44 43 0.000150 -0.000046 0.000067
45 43 0.000074 -0.000022 0.000033
46 43 0.000035 -0.000010 0.000015
47 43 0.000016 -0.000005 0.000007
48 43 0.000007 -0.000002 0.000004
49 43 0.000000 0.000000 0.000000

0 44 0.000000 0.000000 0.000000
1 44 -0.004813 -0.010057 -0.000067
2 44 -0.011457 -0.007890 -0.000573
3 44 -0.018017 -0.005803 -0.001456
4 44 -0.024059 -0.003949 -0.002623
5 44 -0.029239 -0.002485 -0.003939
6 44 -0.033322 -0.001508 -0.005273
7 44 -0.036243 -0.001036 -0.006534
8 44 -0.038017 -0.001043 -0.007613
9 44 -0.038627 -0.001484 -0.008391
10 44 -0.038143 -0.002262 -0.008845
11 44 -0.036759 -0.003269 -0.008987
12 44 -0.034508 -0.004476 -0.008700
13 44 -0.031232 -0.005884 -0.007856
14 44 -0.027019 -0.007395 -0.006560
15 44 -0.022278 -0.008893 -0.005015
16 44 -0.017111 -0.010450 -0.003104
17 44 -0.010920 -0.012302 -0.000374
18 44 -0.003118 -0.014481 0.003368
19 44 0.005733 -0.016545 0.007536
20 44 0.013826 -0.017795 0.011034
21 44 0.019376 -0.017849 0.013126
22 44 0.022097 -0.017026 0.014068
23 44 0.023487 -0.016185 0.014931
24 44 0.025732 -0.016154 0.016798
25 44 0.030171 -0.017212 0.019996
26 44 0.036478 -0.018961 0.023904
27 44 0.042954 -0.020593 0.027343
28 44 0.047537 -0.021327 0.029204
29 44 0.048786 -0.020743 0.028919
30 44 0.046373 -0.018866 0.026580
31 44 0.040979 -0.016069 0.022776
32 44 0.033843 -0.012860 0.018290
33 44 0.026263 -0.009712 0.013837
34 44 0.019248 -0.006949 0.009907
35 44 0.013382 -0.004729 0.006743
36 44 0.008861 -0.003072 0.004378
37 44 0.005608 -0.001910 0.002721
38 44 0.003403 -0.001141 0.001623
39 44 0.001986 -0.000656 0.000932
40 44 0.001116 -0.000364 0.000516
41 44 0.000606 -0.000195 0.000277
42 44 0.000319 -0.000101 0.000143
43 44 0.000162 -0.000051 0.000072
44 44 0.000080 -0.000025 0.000035
45 44 0.000039 -0.000012 0.000017
46 44 0.000018 -0.000006 0.000008
47 44 0.000008 -0.000002 0.000004
48 44 0.000003 -0.000001 0.000002
49 44 0.000000 0.000000 0.000000

0 45 0.000000 0.000000 0.000000
1 45 0.003874 -0.021853 0.000304
2 45 -0.001306 -0.021668 0.000262
3 45 -0.006327 -0.021950 -0.000095
4 45 -0.011199 -0.022428 -0.000720
5 45 -0.015769 -0.022948 -0.001540
6 45 -0.019819 -0.023445 -0.002471
7 45 -0.023145 -0.023915 -0.003412
8 45 -0.025557 -0.024384 -0.004247
9 45 -0.026926 -0.024876 -0.004883
10 45 -0.027223 -0.025395 -0.005256
11 45 -0.026433 -0.025950 -0.005278
12 45 -0.024502 -0.026547 -0.004852
13 45 -0.021472 -0.027138 -0.003974
14 45 -0.017540 -0.027645 -0.002704
15 45 -0.012846 -0.028034 -0.001010
16 45 -0.007321 -0.028312 0.001228
17 45 -0.000996 -0.028395 0.003969
18 45 0.005538 -0.028027 0.006802
19 45 0.011213 -0.026942 0.009140
20 45 0.015242 -0.025176 0.010713
21 45 0.017876 -0.023201 0.011878
22 45 0.020395 -0.021726 0.013417
23 45 0.024251 -0.021279 0.015977
24 45 0.030040 -0.021878 0.019574
25 45 0.037039 -0.023009 0.023517
26 45 0.043566 -0.023893 0.026751
27 45 0.047820 -0.023855 0.028358
28 45 0.048659 -0.022573 0.027911
29 45 0.045951 -0.020135 0.025559
30 45 0.040441 -0.016922 0.021871
31 45 0.033338 -0.013427 0.017574
32 45 0.025872 -0.010088 0.013323
33 45 0.018989 -0.007200 0.009571
34 45 0.013237 -0.004897 0.006541
35 45 0.008797 -0.003184 0.004268
36 45 0.005591 -0.001984 0.002667
37 45 0.003409 -0.001188 0.001600
38 45 0.001999 -0.000685 0.000924
39 45 0.001130 -0.000382 0.000515
40 45 0.000617 -0.000206 0.000278
41 45 0.000326 -0.000107 0.000145
42 45 0.000167 -0.000054 0.000073
43 45 0.000083 -0.000027 0.000036
44 45 0.000040 -0.000013 0.000017
45 45 0.000019 -0.000006 0.000008
46 45 0.000009 -0.000003 0.000004
47 45 0.000004 -0.000001 0.000002
48 45 0.000002 -0.000000 0.000001
49 45 0.000000 0.000000 0.000000

0 46 0.000000 0.000000 0.000000
1 46 0.007963 -0.039613 0.000425
2 46 -0.000081 -0.039091 0.000415
3 46 -0.006843 -0.039215 0.000070
4 46 -0.012452 -0.039763 -0.000516
5 46 -0.017031 -0.040509 -0.001255
6 46 -0.020670 -0.041282 -0.002067
7 46 -0.023409 -0.041977 -0.002868
8 46 -0.025257 -0.042547 -0.003579
9 46 -0.026222 -0.042976 -0.004137
10 46 -0.026314 -0.043272 -0.004475
11 46 -0.025530 -0.043444 -0.004529
12 46 -0.023895 -0.043482 -0.004267
13 46 -0.021497 -0.043347 -0.003689
14 46 -0.018426 -0.042997 -0.002784
15 46 -0.014720 -0.042397 -0.001515
16 46 -0.010456 -0.041479 0.000086
17 46 -0.005899 -0.040142 0.001858
18 46 -0.001430 -0.038336 0.003615
19 46 0.002803 -0.036202 0.005356
20 46 0.007172 -0.034096 0.007374
21 46 0.012419 -0.032436 0.010082
22 46 0.019112 -0.031452 0.013676
23 46 0.027074 -0.031013 0.017878
24 46 0.035246 -0.030668 0.021960
25 46 0.042061 -0.029855 0.025033
26 46 0.046094 -0.028151 0.026409
27 46 0.046604 -0.025437 0.025842
28 46 0.043722 -0.021898 0.023555
29 46 0.038282 -0.017924 0.020100
30 46 0.031454 -0.013949 0.016135
31 46 0.024372 -0.010336 0.012239
32 46 0.017888 -0.007307 0.008809
33 46 0.012486 -0.004938 0.006038
34 46 0.008316 -0.003198 0.003954
35 46 0.005302 -0.001989 0.002482
36 46 0.003245 -0.001191 0.001496
37 46 0.001911 -0.000687 0.000869
38 46 0.001085 -0.000383 0.000487
39 46 0.000595 -0.000207 0.000264
40 46 0.000316 -0.000108 0.000139
41 46 0.000163 -0.000055 0.000071
42 46 0.000082 -0.000027 0.000035
43 46 0.000040 -0.000013 0.000017
44 46 0.000019 -0.000006 0.000008
45 46 0.000009 -0.000003 0.000004
46 46 0.000004 -0.000001 0.000002
47 46 0.000002 -0.000001 0.000001
48 46 0.000001 -0.000000 0.000000
49 46 0.000000 0.000000 0.000000

0 47 0.000000 0.000000 0.000000
1 47 0.013125 -0.063489 0.000484
2 47 0.002241 -0.063018 0.000421
3 47 -0.007318 -0.062051 -0.000074
4 47 -0.015219 -0.060833 -0.000860
5 47 -0.021396 -0.059530 -0.001804
6 47 -0.025957 -0.058249 -0.002792
7 47 -0.029088 -0.057054 -0.003736
8 47 -0.031007 -0.055984 -0.004574
9 47 -0.031918 -0.055059 -0.005261
10 47 -0.031993 -0.054284 -0.005761
11 47 -0.031364 -0.053647 -0.006053
12 47 -0.030141 -0.053118 -0.006127
13 47 -0.028397 -0.052657 -0.005968
14 47 -0.026144 -0.052220 -0.005545
15 47 -0.023362 -0.051751 -0.004828
16 47 -0.020039 -0.051183 -0.003812
17 47 -0.016141 -0.050461 -0.002468
18 47 -0.011513 -0.049587 -0.000678
19 47 -0.005833 -0.048613 0.001761
20 47 0.001217 -0.047570 0.005015
21 47 0.009623 -0.046382 0.009015
22 47 0.018783 -0.044826 0.013354
23 47 0.027540 -0.042604 0.017354
24 47 0.034531 -0.039478 0.020298
25 47 0.038666 -0.035396 0.021677
26 47 0.039481 -0.030535 0.021351
27 47 0.037230 -0.025257 0.019551
28 47 0.032711 -0.019997 0.016751
29 47 0.026961 -0.015149 0.013503
30 47 0.020961 -0.010987 0.010290
31 47 0.015443 -0.007636 0.007443
32 47 0.010825 -0.005094 0.005130
33 47 0.007244 -0.003266 0.003379
34 47 0.004642 -0.002017 0.002134
35 47 0.002856 -0.001201 0.001295
36 47 0.001691 -0.000691 0.000757
37 47 0.000966 -0.000384 0.000427
38 47 0.000533 -0.000207 0.000233
39 47 0.000285 -0.000108 0.000123
40 47 0.000148 -0.000055 0.000063
41 47 0.000074 -0.000027 0.000031
42 47 0.000036 -0.000013 0.000015
43 47 0.000017 -0.000006 0.000007
44 47 0.000008 -0.000003 0.000003
45 47 0.000004 -0.000001 0.000001
46 47 0.000002 -0.000001 0.000001
47 47 0.000001 -0.000000 0.000000
48 47 0.000000 -0.000000 0.000000
49 47 0.000000 0.000000 0.000000

0 48 0.000000 0.000000 0.000000
1 48 0.011662 -0.081064 0.000364
2 48 0.003643 -0.081611 0.000325
3 48 -0.003830 -0.080328 -0.000054
4 48 -0.010265 -0.077816 -0.000672
5 48 -0.015433 -0.074629 -0.001424
6 48 -0.019310 -0.071226 -0.002216
7 48 -0.022004 -0.067941 -0.002977
8 48 -0.023691 -0.064995 -0.003661
9 48 -0.024567 -0.062514 -0.004239
10 48 -0.024806 -0.060552 -0.004695
11 48 -0.024553 -0.059109 -0.005024
12 48 -0.023908 -0.058155 -0.005218
13 48 -0.022915 -0.057645 -0.005260
14 48 -0.021563 -0.057514 -0.005123
15 48 -0.019803 -0.057687 -0.004772
16 48 -0.017540 -0.058074 -0.004152
17 48 -0.014612 -0.058573 -0.003162
18 48 -0.010794 -0.059036 -0.001670
19 48 -0.005905 -0.059230 0.000419
20 48 0.000017 -0.058815 0.003063
21 48 0.006569 -0.057394 0.006013
22 48 0.012999 -0.054631 0.008849
23 48 0.018409 -0.050385 0.011106
24 48 0.022039 -0.044789 0.012426
25 48 0.023508 -0.038240 0.012668
26 48 0.022888 -0.031294 0.011923
27 48 0.020630 -0.024528 0.010457
28 48 0.017375 -0.018415 0.008604
29 48 0.013768 -0.013253 0.006680
30 48 0.010320 -0.009153 0.004916
31 48 0.007350 -0.006075 0.003443
32 48 0.004993 -0.003880 0.002303
33 48 0.003245 -0.002388 0.001475
34 48 0.002023 -0.001419 0.000907
35 48 0.001213 -0.000815 0.000537
36 48 0.000702 -0.000453 0.000307
37 48 0.000392 -0.000244 0.000169
38 48 0.000212 -0.000128 0.000091
39 48 0.000111 -0.000065 0.000047
40 48 0.000056 -0.000032 0.000024
41 48 0.000028 -0.000016 0.000012
42 48 0.000013 -0.000007 0.000006
43 48 0.000006 -0.000003 0.000003
44 48 0.000003 -0.000002 0.000001
45 48 0.000001 -0.000001 0.000001
46 48 0.000001 -0.000000 0.000000
47 48 0.000000 -0.000000 0.000000
48 48 0.000000 -0.000000 0.000000
49 48 0.000000 0.000000 0.000000

0 49 0.000000 0.000000 0.000000
1 49 0.000000 0.000000 0.000000
2 49 0.000000 0.000000 0.000000
3 49 0.000000 0.000000 0.000000
4 49 0.000000 0.000000 0.000000
5 49 0.000000 0.000000 0.000000
6 49 0.000000 0.000000 0.000000
7 49 0.000000 0.000000 0.000000
8 49 0.000000 0.000000 0.000000
9 49 0.000000 0.000000 0.000000
10 49 0.000000 0.000000 0.000000
11 49 0.000000 0.000000 0.000000
12 49 0.000000 0.000000 0.000000
13 49 0.000000 0.000000 0.000000
14 49 0.000000 0.000000 0.000000
15 49 0.000000 0.000000 0.000000
16 49 0.000000 0.000000 0.000000
17 49 0.000000 0.000000 0.000000
18 49 0.000000 0.000000 0.000000
19 49 0.000000 0.000000 0.000000
20 49 0.000000 0.000000 0.000000
21 49 0.000000 0.000000 0.000000
22 49 0.000000 0.000000 0.000000
23 49 0.000000 0.000000 0.000000
24 49 0.000000 0.000000 0.000000
25 49 0.000000 0.000000 0.000000
26 49 0.000000 0.000000 0.000000
27 49 0.000000 0.000000 0.000000
28 49 0.000000 0.000000 0.000000
29 49 0.000000 0.000000 0.000000
30 49 0.000000 0.000000 0.000000
31 49 0.000000 0.000000 0.000000
32 49 0.000000 0.000000 0.000000
33 49 0.000000 0.000000 0.000000
34 49 0.000000 0.000000 0.000000
35 49 0.000000 0.000000 0.000000
36 49 0.000000 0.000000 0.000000
37 49 0.000000 0.000000 0.000000
38 49 0.000000 0.000000 0.000000
39 49 0.000000 0.000000 0.000000
40 49 0.000000 0.000000 0.000000
41 49 0.000000 0.000000 0.000000
42 49 0.000000 0.000000 0.000000
43 49 0.000000 0.000000 0.000000
44 49 0.000000 0.000000 0.000000
45 49 0.000000 0.000000 0.000000
46 49 0.000000 0.000000 0.000000
47 49 0.000000 0.000000 0.000000
48 49 0.000000 0.000000 0.000000
49 49 0.000000 0.000000 0.000000

