#:x y Ey Bx Bz
0 0 0.006638 0.254959 0.002694
1 0 -0.029824 0.249122 -0.002196
2 0 -0.096989 0.237011 -0.019993
3 0 -0.200509 0.212401 -0.058190
4 0 -0.313852 0.175178 -0.105881
5 0 -0.434516 0.129224 -0.169040
6 0 -0.522532 0.065560 -0.211109
7 0 -0.533345 0.011359 -0.222028
8 0 -0.485140 -0.051703 -0.201952
9 0 -0.304996 -0.129185 -0.094466
10 0 0.013596 -0.147731 0.074964
11 0 0.277229 -0.085604 0.186369
12 0 0.338774 -0.010051 0.185893
13 0 0.249447 0.025783 0.122660
14 0 0.132839 0.025939 0.060328
15 0 0.054914 0.014771 0.023385
16 0 0.018326 0.006101 0.007388
17 0 0.005066 0.001981 0.001946
18 0 0.001181 0.000526 0.000437
19 0 0.000230 0.000114 0.000097

0 1 0.010886 0.436256 0.008531
1 1 -0.011818 0.430342 0.009915
2 1 -0.058140 0.410484 0.004616
3 1 -0.126599 0.372167 -0.020967
4 1 -0.220610 0.297736 -0.059926
5 1 -0.299846 0.200971 -0.105377
6 1 -0.375522 0.073512 -0.156908
7 1 -0.372472 -0.055547 -0.158966
8 1 -0.278140 -0.144061 -0.124469
9 1 -0.173434 -0.203100 -0.075920
10 1 -0.034477 -0.205297 0.012837
11 1 0.138350 -0.125721 0.110815
12 1 0.241251 -0.022527 0.150060
13 1 0.224451 0.035583 0.122503
14 1 0.144009 0.041860 0.071497
15 1 0.069669 0.026362 0.032054
16 1 0.026668 0.011874 0.011508
17 1 0.008332 0.004174 0.003401
18 1 0.002170 0.001194 0.000849
19 1 0.000465 0.000276 0.000211

0 2 0.045732 0.366956 0.014446
1 2 0.058148 0.369345 0.029773
2 2 0.065697 0.361195 0.042933
3 2 0.081443 0.336308 0.053463
4 2 0.057026 0.274260 0.036839
5 2 0.030576 0.174302 0.022083
6 2 -0.021421 0.055817 -0.027850
7 2 -0.099429 -0.085169 -0.070452
8 2 -0.093051 -0.183432 -0.065430
9 2 -0.086348 -0.208848 -0.073723
10 2 -0.108222 -0.188154 -0.066739
11 2 -0.038170 -0.123536 0.007622
12 2 0.101025 -0.034629 0.091949
13 2 0.177523 0.028565 0.116226
14 2 0.155173 0.044751 0.086995
15 2 0.092278 0.032676 0.046542
16 2 0.041330 0.016555 0.019208
17 2 0.014685 0.006449 0.006382
18 2 0.004269 0.002023 0.001767
19 2 0.001004 0.000507 0.000487

0 3 0.059665 0.095554 0.012056
1 3 0.103636 0.112601 0.037923
2 3 0.173272 0.137600 0.067820
3 3 0.261681 0.149895 0.115512
4 3 0.332167 0.142365 0.136796
5 3 0.340758 0.092724 0.140567
6 3 0.319239 0.026963 0.113137
7 3 0.184486 -0.049293 0.027810
8 3 0.025586 -0.120416 -0.040014
9 3 -0.087279 -0.149041 -0.094417
10 3 -0.185807 -0.142659 -0.131356
11 3 -0.176657 -0.107464 -0.081285
12 3 -0.028384 -0.044851 0.028755
13 3 0.117667 0.013564 0.100041
14 3 0.156125 0.038356 0.099069
15 3 0.114068 0.033555 0.062663
16 3 0.058955 0.019294 0.029314
17 3 0.023485 0.008346 0.010807
18 3 0.007528 0.002871 0.003284
19 3 0.001921 0.000777 0.000994

0 4 0.000119 -0.199419 -0.004990
1 4 0.055630 -0.161608 0.012924
2 4 0.165193 -0.095279 0.055524
3 4 0.291194 -0.024427 0.123043
4 4 0.422497 0.032120 0.186437
5 4 0.467633 0.054655 0.206329
6 4 0.442852 0.039222 0.189392
7 4 0.314583 0.000504 0.098934
8 4 0.103606 -0.044210 -0.011389
9 4 -0.079207 -0.074867 -0.100799
10 4 -0.222470 -0.091342 -0.166552
11 4 -0.259443 -0.087212 -0.143898
12 4 -0.128834 -0.050660 -0.029660
13 4 0.054031 -0.001494 0.075249
14 4 0.144511 0.027913 0.103869
15 4 0.129582 0.030303 0.076924
16 4 0.076211 0.019718 0.040262
17 4 0.033597 0.009388 0.016283
18 4 0.011743 0.003506 0.005377
19 4 0.003221 0.001016 0.001771

0 5 -0.193317 -0.405584 -0.042801
1 5 -0.142134 -0.355788 -0.053405
2 5 -0.026440 -0.264286 -0.015328
3 5 0.132079 -0.152648 0.066496
4 5 0.312145 -0.045624 0.163902
5 5 0.428649 0.028673 0.221762
6 5 0.452713 0.064286 0.228110
7 5 0.347885 0.055648 0.143648
8 5 0.138635 0.012913 0.019267
9 5 -0.050644 -0.027292 -0.084323
10 5 -0.208294 -0.054283 -0.170682
11 5 -0.289577 -0.065934 -0.180450
12 5 -0.198581 -0.048727 -0.078826
13 5 -0.006477 -0.011438 0.045842
14 5 0.123430 0.017445 0.101479
15 5 0.137405 0.024611 0.087509
16 5 0.090837 0.017989 0.050592
17 5 0.043721 0.009307 0.022165
18 5 0.016456 0.003724 0.007867
19 5 0.004798 0.001142 0.002787

0 6 -0.378346 -0.445664 -0.092597
1 6 -0.364744 -0.403480 -0.144908
2 6 -0.285032 -0.314974 -0.126965
3 6 -0.135344 -0.200853 -0.040528
4 6 0.084063 -0.083958 0.089605
5 6 0.268827 0.005926 0.186149
6 6 0.378051 0.053412 0.236748
7 6 0.364372 0.064559 0.186383
8 6 0.189750 0.040058 0.059472
9 6 -0.006988 0.001970 -0.057333
10 6 -0.175195 -0.029351 -0.159031
11 6 -0.289681 -0.046950 -0.197657
12 6 -0.241600 -0.040834 -0.116115
13 6 -0.057415 -0.014906 0.016959
14 6 0.098578 0.009336 0.094314
15 6 0.138853 0.018038 0.094131
16 6 0.101819 0.014613 0.059274
17 6 0.052738 0.008093 0.027748
18 6 0.021088 0.003420 0.010448
19 6 0.006459 0.001096 0.003930

0 7 -0.361402 -0.339950 -0.134781
1 7 -0.434133 -0.328634 -0.233414
2 7 -0.444049 -0.271771 -0.241086
3 7 -0.341470 -0.182847 -0.157423
4 7 -0.119334 -0.087151 -0.000279
5 7 0.123241 -0.007496 0.138663
6 7 0.292636 0.040130 0.225600
7 7 0.346720 0.052214 0.210885
8 7 0.227632 0.035676 0.097560
9 7 0.043149 0.009493 -0.026012
10 7 -0.135073 -0.013635 -0.141432
11 7 -0.277440 -0.029162 -0.203774
12 7 -0.266339 -0.028823 -0.142043
13 7 -0.095879 -0.013014 -0.007283
14 7 0.075549 0.004138 0.085612
15 7 0.136615 0.011581 0.097556
16 7 0.109176 0.010191 0.065795
17 7 0.059886 0.005937 0.032421
18 7 0.025076 0.002610 0.012772
19 7 0.007969 0.000863 0.005026

0 8 -0.062091 -0.102080 -0.146097
1 8 -0.311562 -0.162026 -0.290276
2 8 -0.473821 -0.150684 -0.330011
3 8 -0.457150 -0.108253 -0.253118
4 8 -0.259065 -0.056271 -0.079934
5 8 0.009136 -0.011763 0.091037
6 8 0.232257 0.016161 0.213516
7 8 0.340866 0.027454 0.227423
8 8 0.253595 0.021685 0.123743
9 8 0.076154 0.007585 -0.002884
10 8 -0.104798 -0.005328 -0.125905
11 8 -0.263243 -0.014003 -0.204113
12 8 -0.278449 -0.014775 -0.157852
13 8 -0.121093 -0.007389 -0.024435
14 8 0.058237 0.001396 0.078169
15 8 0.133388 0.005604 0.098947
16 8 0.113495 0.005208 0.070049
17 8 0.064764 0.003131 0.035747
18 8 0.027977 0.001410 0.014519
19 8 0.009113 0.000475 0.005889

0 9 0.550411 -0.006364 -0.086151
1 9 -0.082476 -0.005889 -0.301619
2 9 -0.420653 -0.005026 -0.372442
3 9 -0.487330 -0.003930 -0.305099
4 9 -0.319752 -0.002787 -0.124443
5 9 -0.045730 -0.001771 0.063112
6 9 0.195005 -0.000994 0.202224
7 9 0.330051 -0.000486 0.233192
8 9 0.266319 -0.000205 0.137843
9 9 0.095194 -0.000074 0.010029
10 9 -0.088326 -0.000023 -0.117230
11 9 -0.254967 -0.000006 -0.203341
12 9 -0.283315 -0.000001 -0.165238
13 9 -0.133420 -0.000000 -0.033219
14 9 0.049069 -0.000000 0.073960
15 9 0.131234 -0.000000 0.099343
16 9 0.115442 -0.000000 0.072125
17 9 0.067221 -0.000000 0.037468
18 9 0.029498 -0.000000 0.015454
19 9 0.009727 -0.000000 0.006364

0 10 0.540684 0.080262 -0.086626
1 10 -0.091588 0.141618 -0.302482
2 10 -0.428623 0.132886 -0.373538
3 10 -0.493789 0.093875 -0.306241
4 10 -0.324550 0.045618 -0.125459
5 10 -0.048951 0.004615 0.062335
6 10 0.193085 -0.020437 0.201716
7 10 0.329051 -0.029698 0.232911
8 10 0.265869 -0.022706 0.137712
9 10 0.095021 -0.007985 0.009978
10 10 -0.088383 0.005194 -0.117247
11 10 -0.254983 0.013964 -0.203346
12 10 -0.283319 0.014765 -0.165239
13 10 -0.133421 0.007387 -0.033219
14 10 0.049069 -0.001396 0.073960
15 10 0.131234 -0.005604 0.099343
16 10 0.115442 -0.005208 0.072125
17 10 0.067221 -0.003131 0.037468
18 10 0.029498 -0.001410 0.015454
19 10 0.009727 -0.000475 0.006364

0 11 -0.101315 0.287028 -0.147983
1 11 -0.348651 0.278368 -0.293750
2 11 -0.506867 0.226579 -0.334527
3 11 -0.484697 0.144651 -0.257984
4 11 -0.280320 0.057120 -0.084457
5 11 -0.005826 -0.014161 0.087387
6 11 0.222814 -0.054208 0.210978
7 11 0.335622 -0.060308 0.225919
8 11 0.251071 -0.039725 0.122991
9 11 0.075112 -0.011235 -0.003201
10 11 -0.105165 0.012994 -0.126017
11 11 -0.263354 0.028960 -0.204147
12 11 -0.278478 0.028769 -0.157861
13 11 -0.121099 0.013001 -0.024437
14 11 0.058236 -0.004140 0.078168
15 11 0.133388 -0.011582 0.098947
16 11 0.113495 -0.010191 0.070049
17 11 0.064764 -0.005937 0.035747
18 11 0.027977 -0.002610 0.014519
19 11 0.009113 -0.000863 0.005889

0 12 -0.458121 0.336070 -0.139322
1 12 -0.526874 0.297684 -0.241961
2 12 -0.529011 0.216758 -0.252599
3 12 -0.415296 0.113831 -0.170454
4 12 -0.179510 0.011204 -0.013175
5 12 0.077909 -0.062456 0.127434
6 12 0.261662 -0.093464 0.217078
7 12 0.327928 -0.089874 0.205335
8 12 0.217705 -0.054037 0.094501
9 12 0.038645 -0.008611 -0.027429
10 12 -0.136815 0.026658 -0.141983
11 12 -0.278015 0.046020 -0.203955
12 12 -0.266500 0.040559 -0.142094
13 12 -0.095918 0.014836 -0.007295
14 12 0.075541 -0.009352 0.085610
15 12 0.136614 -0.018041 0.097556
16 12 0.109176 -0.014614 0.065795
17 12 0.059886 -0.008093 0.032421
18 12 0.025076 -0.003420 0.012772
19 12 0.007969 -0.001096 0.005026

0 13 -0.561010 0.234116 -0.100936
1 13 -0.543003 0.186793 -0.161035
2 13 -0.454094 0.100935 -0.149672
3 13 -0.289899 -0.000754 -0.067827
4 13 -0.050486 -0.092461 0.060485
5 13 0.159065 -0.145781 0.158442
6 13 0.295819 -0.155935 0.213489
7 13 0.309146 -0.120209 0.169498
8 13 0.157303 -0.052813 0.049075
9 13 -0.023359 0.006092 -0.062698
10 13 -0.182216 0.044710 -0.161345
11 13 -0.292233 0.062273 -0.198495
12 13 -0.242388 0.047539 -0.116371
13 13 -0.057623 0.011109 0.016893
14 13 0.098531 -0.017524 0.094299
15 13 0.138844 -0.024627 0.094128
16 13 0.101817 -0.017992 0.059274
17 13 0.052738 -0.009307 0.027748
18 13 0.021088 -0.003724 0.010448
19 13 0.006459 -0.001142 0.003930

0 14 -0.439993 0.026116 -0.053613
1 14 -0.389016 -0.015506 -0.075177
2 14 -0.272230 -0.087887 -0.047982
3 14 -0.108584 -0.164003 0.023880
4 14 0.083953 -0.221031 0.113805
5 14 0.223093 -0.235101 0.168595
6 14 0.280647 -0.199616 0.177763
7 14 0.217578 -0.129659 0.102101
8 14 0.051954 -0.047194 -0.009830
9 14 -0.100068 0.019469 -0.101316
10 14 -0.232110 0.063027 -0.178908
11 14 -0.299233 0.075066 -0.183760
12 14 -0.201882 0.046278 -0.079941
13 14 -0.007434 0.000156 0.045525
14 14 0.123193 -0.028261 0.101403
15 14 0.137355 -0.030380 0.087493
16 14 0.090828 -0.019733 0.050589
17 14 0.043719 -0.009391 0.022165
18 14 0.016456 -0.003506 0.007866
19 14 0.004798 -0.001016 0.002787

0 15 -0.180184 -0.136295 -0.011991
1 15 -0.135994 -0.166333 -0.002797
2 15 -0.046963 -0.215916 0.028134
3 15 0.053810 -0.261100 0.080908
4 15 0.161901 -0.289361 0.127875
5 15 0.194569 -0.270514 0.133111
6 15 0.176436 -0.221448 0.107806
7 15 0.078880 -0.140335 0.019637
8 15 -0.079391 -0.040167 -0.076494
9 15 -0.200149 0.034205 -0.144874
10 15 -0.289280 0.074507 -0.190947
11 15 -0.290124 0.074047 -0.154972
12 15 -0.140582 0.031258 -0.033820
13 15 0.050254 -0.018188 0.073942
14 15 0.143483 -0.039684 0.103522
15 15 0.129342 -0.033881 0.076846
16 15 0.076163 -0.019363 0.040247
17 15 0.033589 -0.008359 0.016280
18 15 0.011741 -0.002873 0.005377
19 15 0.003220 -0.000777 0.001771

0 16 0.144016 -0.168497 0.018047
1 16 0.166498 -0.187049 0.046787
2 16 0.193643 -0.211815 0.073318
3 16 0.220733 -0.236884 0.109168
4 16 0.216194 -0.240112 0.109028
5 16 0.146043 -0.215588 0.084045
6 16 0.058108 -0.171185 0.026694
7 16 -0.113126 -0.088089 -0.080532
8 16 -0.262389 -0.014508 -0.150866
9 16 -0.318353 0.029548 -0.185176
10 16 -0.337018 0.058901 -0.190487
11 16 -0.257143 0.048913 -0.112183
12 16 -0.063468 -0.000288 0.015627
13 16 0.105006 -0.041993 0.095438
14 16 0.152298 -0.049053 0.097719
15 16 0.113089 -0.033840 0.062328
16 16 0.058740 -0.016824 0.029243
17 16 0.023445 -0.006502 0.010794
18 16 0.007521 -0.002032 0.003281
19 16 0.001920 -0.000508 0.000994

0 17 0.462472 -0.067672 0.036600
1 17 0.457720 -0.068340 0.071552
2 17 0.428085 -0.064472 0.098386
3 17 0.381284 -0.057496 0.112397
4 17 0.265517 -0.034932 0.084503
5 17 0.117471 -0.015707 0.039642
6 17 -0.075053 0.011338 -0.056402
7 17 -0.291348 0.028878 -0.154112
8 17 -0.388334 0.014483 -0.194922
9 17 -0.408583 0.014021 -0.214529
10 17 -0.374209 0.022115 -0.180499
11 17 -0.208589 -0.005576 -0.062982
12 17 0.014396 -0.050374 0.057332
13 17 0.141872 -0.067903 0.102499
14 17 0.143080 -0.053566 0.082505
15 17 0.088846 -0.029890 0.045312
16 17 0.040504 -0.012772 0.018921
17 17 0.014514 -0.004369 0.006325
18 17 0.004239 -0.001231 0.001757
19 17 0.000999 -0.000282 0.000486

0 18 0.549189 0.065634 0.037268
1 18 0.529994 0.081021 0.067685
2 18 0.486255 0.108803 0.091411
3 18 0.407406 0.146830 0.089833
4 18 0.277780 0.184947 0.065278
5 18 0.120627 0.207702 0.012597
6 18 -0.087107 0.210634 -0.073942
7 18 -0.261653 0.168569 -0.139718
8 18 -0.375751 0.101884 -0.194460
9 18 -0.449408 0.041166 -0.222623
10 18 -0.374506 -0.025583 -0.152808
11 18 -0.143640 -0.088230 -0.018185
12 18 0.067577 -0.110761 0.074861
13 18 0.141078 -0.089335 0.088162
14 18 0.111814 -0.052415 0.058828
15 18 0.059436 -0.023764 0.028194
16 18 0.023944 -0.008644 0.010519
17 18 0.007716 -0.002590 0.003186
18 18 0.002050 -0.000651 0.000808
19 18 0.000445 -0.000135 0.000204

0 19 0.350004 0.107269 0.021881
1 19 0.338623 0.129150 0.039902
2 19 0.317435 0.169051 0.053384
3 19 0.272029 0.222435 0.051716
4 19 0.209829 0.274152 0.042523
5 19 0.119078 0.316674 0.009665
6 19 -0.000053 0.326339 -0.031877
7 19 -0.110562 0.294463 -0.073033
8 19 -0.243385 0.221430 -0.133742
9 19 -0.330694 0.087688 -0.155874
10 19 -0.251530 -0.068186 -0.090161
11 19 -0.068400 -0.158347 0.004346
12 19 0.062384 -0.154001 0.053435
13 19 0.089432 -0.100566 0.051242
14 19 0.061158 -0.049324 0.030177
15 19 0.029104 -0.019147 0.013074
16 19 0.010664 -0.006072 0.004464
17 19 0.003155 -0.001608 0.001247
18 19 0.000775 -0.000361 0.000293
19 19 0.000157 -0.000068 0.000068

