#:x y Ey Bx Bz
0 0 -0.420643 -0.174297 -0.028851
1 0 -0.399230 -0.182901 -0.054917
2 0 -0.341967 -0.198543 -0.063375
3 0 -0.259725 -0.208645 -0.061878
4 0 -0.126275 -0.216237 -0.020140
5 0 0.037002 -0.196188 0.031671
6 0 0.209038 -0.170146 0.115228
7 0 0.393301 -0.115544 0.194636
8 0 0.469425 -0.050387 0.225422
9 0 0.490807 -0.001797 0.239676
10 0 0.394267 0.067791 0.159428
11 0 0.124096 0.107738 0.007894
12 0 -0.123688 0.086710 -0.109032
13 0 -0.305463 0.060171 -0.213317
14 0 -0.464303 0.034816 -0.289015
15 0 -0.459378 -0.010963 -0.231023
16 0 -0.221205 -0.049858 -0.049765
17 0 0.068267 -0.051459 0.121514
18 0 0.204835 -0.028481 0.200232
19 0 0.154113 -0.008617 0.212824

0 1 -0.240474 -0.273696 -0.020247
1 1 -0.230374 -0.291520 -0.039276
2 1 -0.211503 -0.321884 -0.053273
3 1 -0.162376 -0.348694 -0.054286
4 1 -0.094752 -0.360730 -0.040188
5 1 0.018485 -0.337910 0.005629
6 1 0.143738 -0.277493 0.060626
7 1 0.263157 -0.180286 0.129479
8 1 0.356131 -0.060157 0.176832
9 1 0.343848 0.051515 0.170088
10 1 0.249672 0.135228 0.119480
11 1 0.105375 0.160714 0.028922
12 1 -0.080620 0.142181 -0.082493
13 1 -0.271687 0.114474 -0.187962
14 1 -0.401490 0.057377 -0.243236
15 1 -0.378208 -0.032364 -0.192128
16 1 -0.187500 -0.094502 -0.048164
17 1 0.042594 -0.090304 0.098536
18 1 0.161739 -0.048697 0.180368
19 1 0.127898 -0.014736 0.204207

0 2 0.059033 -0.193897 -0.002422
1 2 0.042164 -0.217773 -0.008912
2 2 0.004087 -0.257820 -0.026463
3 2 -0.030904 -0.301172 -0.042251
4 2 -0.068368 -0.326155 -0.063008
5 2 -0.073598 -0.319369 -0.054789
6 2 -0.044110 -0.265078 -0.036581
7 2 0.003409 -0.171061 0.009350
8 2 0.092032 -0.053378 0.065160
9 2 0.132354 0.067210 0.086374
10 2 0.137259 0.157050 0.093995
11 2 0.090505 0.196497 0.047455
12 2 -0.063327 0.189267 -0.054787
13 2 -0.212521 0.138280 -0.130864
14 2 -0.262566 0.042110 -0.153495
15 2 -0.234669 -0.065428 -0.129989
16 2 -0.142924 -0.122512 -0.052363
17 2 -0.009855 -0.107094 0.056929
18 2 0.086320 -0.056798 0.146408
19 2 0.083225 -0.017649 0.189471

0 3 0.321739 0.000042 0.021454
1 3 0.283928 -0.025627 0.031134
2 3 0.204991 -0.073783 0.016890
3 3 0.096150 -0.131423 -0.017268
4 3 -0.032928 -0.182021 -0.069794
5 3 -0.145573 -0.203230 -0.109080
6 3 -0.216339 -0.180911 -0.130598
7 3 -0.227349 -0.117344 -0.108333
8 3 -0.165688 -0.017234 -0.055428
9 3 -0.092758 0.082864 -0.003466
10 3 -0.003667 0.162125 0.054547
11 3 0.037738 0.210825 0.054685
12 3 -0.029282 0.193420 -0.003800
13 3 -0.079600 0.106525 -0.034694
14 3 -0.068047 -0.004842 -0.045958
15 3 -0.085913 -0.092123 -0.072905
16 3 -0.117807 -0.124647 -0.067781
17 3 -0.081797 -0.101708 0.006633
18 3 -0.002492 -0.054679 0.107258
19 3 0.031562 -0.018211 0.171822

0 4 0.474040 0.204189 0.047124
1 4 0.436630 0.184998 0.079289
2 4 0.347888 0.142125 0.074530
3 4 0.206315 0.078812 0.033331
4 4 0.018262 0.011085 -0.048585
5 4 -0.180554 -0.042330 -0.131398
6 4 -0.331111 -0.056543 -0.194165
7 4 -0.416020 -0.031811 -0.208442
8 4 -0.379421 0.031464 -0.155526
9 4 -0.278678 0.107884 -0.082727
10 4 -0.148623 0.160991 0.005847
11 4 -0.003584 0.171584 0.072091
12 4 0.079856 0.122298 0.083094
13 4 0.117492 0.032706 0.076674
14 4 0.114435 -0.047578 0.041323
15 4 0.012292 -0.093352 -0.040381
16 4 -0.123361 -0.103467 -0.090720
17 4 -0.156492 -0.082782 -0.040396
18 4 -0.085714 -0.047140 0.070790
19 4 -0.017228 -0.017487 0.153611

0 5 0.439678 0.327800 0.066315
1 5 0.429725 0.331104 0.122163
2 5 0.380636 0.315699 0.137843
3 5 0.257133 0.269856 0.101057
4 5 0.062260 0.203062 0.004830
5 5 -0.187369 0.133824 -0.117186
6 5 -0.401220 0.083414 -0.218897
7 5 -0.543631 0.062666 -0.271717
8 5 -0.540491 0.067355 -0.231946
9 5 -0.400191 0.081765 -0.135834
10 5 -0.185461 0.087380 -0.004746
11 5 0.067530 0.070487 0.121377
12 5 0.240593 0.025073 0.172686
13 5 0.282379 -0.027777 0.156958
14 5 0.217922 -0.060112 0.087097
15 5 0.047567 -0.071738 -0.030266
16 5 -0.145328 -0.072222 -0.111405
17 5 -0.217160 -0.060399 -0.076037
18 5 -0.151997 -0.037953 0.041137
19 5 -0.057818 -0.015882 0.136124

0 6 0.136591 0.294568 0.063011
1 6 0.189984 0.340481 0.137568
2 6 0.235948 0.368164 0.183686
3 6 0.202889 0.350618 0.167851
4 6 0.067584 0.292191 0.074068
5 6 -0.156795 0.210990 -0.066776
6 6 -0.376733 0.132114 -0.198149
7 6 -0.529102 0.067719 -0.276406
8 6 -0.523817 0.026566 -0.246356
9 6 -0.364347 0.003082 -0.141449
10 6 -0.116582 -0.016692 0.012146
11 6 0.173941 -0.031676 0.166791
12 6 0.355274 -0.041819 0.225535
13 6 0.355076 -0.047443 0.189294
14 6 0.239749 -0.045740 0.098723
15 6 0.044221 -0.042943 -0.029782
16 6 -0.164966 -0.043704 -0.123228
17 6 -0.256555 -0.040633 -0.098483
18 6 -0.198808 -0.028637 0.019066
19 6 -0.088819 -0.013291 0.120242

0 7 -0.302130 0.032892 0.017098
1 7 -0.147718 0.161801 0.109885
2 7 0.044403 0.245138 0.201232
3 7 0.153295 0.259250 0.226278
4 7 0.131220 0.218699 0.155269
5 7 -0.028374 0.145004 0.012100
6 7 -0.221643 0.063137 -0.133753
7 7 -0.376881 -0.008499 -0.235253
8 7 -0.393510 -0.060092 -0.222872
9 7 -0.248262 -0.086130 -0.121674
10 7 -0.025438 -0.090301 0.027130
11 7 0.224602 -0.077719 0.176934
12 7 0.371113 -0.057342 0.231160
13 7 0.344836 -0.038636 0.187591
14 7 0.219769 -0.025319 0.095926
15 7 0.032256 -0.020500 -0.029021
16 7 -0.173901 -0.023200 -0.126299
17 7 -0.277372 -0.024774 -0.110479
18 7 -0.228973 -0.019304 0.003720
19 7 -0.110804 -0.009633 0.106951

0 8 -0.745915 -0.419423 -0.111811
1 8 -0.447952 -0.096080 0.026547
2 8 -0.090373 0.025212 0.187120
3 8 0.165872 0.054056 0.266829
4 8 0.253364 0.033530 0.228964
5 8 0.157762 -0.011351 0.093967
6 8 -0.021641 -0.060745 -0.062118
7 8 -0.197047 -0.101031 -0.183660
8 8 -0.263202 -0.122419 -0.196834
9 8 -0.180083 -0.122708 -0.117504
10 8 -0.014312 -0.106376 0.014549
11 8 0.194567 -0.078196 0.156557
12 8 0.325531 -0.047799 0.212454
13 8 0.303077 -0.025058 0.174274
14 8 0.193154 -0.012315 0.091106
15 8 0.024364 -0.008352 -0.026321
16 8 -0.174695 -0.010110 -0.124724
17 8 -0.286317 -0.011834 -0.115949
18 8 -0.246532 -0.009779 -0.005951
19 8 -0.124799 -0.005075 0.097318

0 9 -1.147509 -0.092210 -0.435154
1 9 -0.616103 -0.097180 -0.094745
2 9 -0.123441 -0.106456 0.158276
3 9 0.221638 -0.118681 0.287356
4 9 0.362051 -0.131800 0.273844
5 9 0.283311 -0.143139 0.143362
6 9 0.090063 -0.149712 -0.021832
7 9 -0.122846 -0.148761 -0.162271
8 9 -0.238425 -0.138572 -0.196546
9 9 -0.199348 -0.119318 -0.133836
10 9 -0.067181 -0.093506 -0.013631
11 9 0.125848 -0.065635 0.126160
12 9 0.265105 -0.040709 0.189713
13 9 0.263238 -0.022110 0.161531
14 9 0.173501 -0.010472 0.087143
15 9 0.019809 -0.004324 -0.024563
16 9 -0.173866 -0.001561 -0.123001
17 9 -0.289493 -0.000494 -0.118004
18 9 -0.254611 -0.000138 -0.010656
19 9 -0.131608 -0.000033 0.092243

0 10 -1.015825 0.337973 -0.430184
1 10 -0.491002 0.005260 -0.085469
2 10 -0.011619 -0.134056 0.170501
3 10 0.313445 -0.188010 0.300474
4 10 0.427481 -0.197085 0.285184
5 10 0.317239 -0.182519 0.149935
6 10 0.089857 -0.159277 -0.022783
7 10 -0.155941 -0.135526 -0.172461
8 10 -0.298281 -0.116036 -0.215799
9 10 -0.275185 -0.100082 -0.159649
10 10 -0.145458 -0.083891 -0.041502
11 10 0.057807 -0.067924 0.101235
12 10 0.214974 -0.051523 0.171113
13 10 0.231882 -0.034000 0.149893
14 10 0.156801 -0.018216 0.080995
15 10 0.012197 -0.005354 -0.027326
16 10 -0.176854 0.004757 -0.124067
17 10 -0.290511 0.010007 -0.118360
18 10 -0.254913 0.009233 -0.010761
19 10 -0.131684 0.004937 0.092210

0 11 -0.359318 0.096229 -0.097470
1 11 -0.075189 -0.038211 0.053847
2 11 0.253944 -0.133246 0.224455
3 11 0.465985 -0.166318 0.309549
4 11 0.492834 -0.153111 0.270618
5 11 0.321063 -0.115722 0.126692
6 11 0.053828 -0.078197 -0.046534
7 11 -0.213436 -0.055802 -0.191951
8 11 -0.363903 -0.052293 -0.231753
9 11 -0.344104 -0.064716 -0.175839
10 11 -0.209239 -0.080599 -0.057469
11 11 0.005632 -0.088800 0.084833
12 11 0.172375 -0.081693 0.153590
13 11 0.198538 -0.060195 0.134109
14 11 0.132795 -0.034357 0.068133
15 11 -0.005291 -0.010188 -0.037437
16 11 -0.187181 0.009684 -0.129318
17 11 -0.290857 0.019641 -0.117586
18 11 -0.247965 0.017615 -0.006465
19 11 -0.125176 0.009171 0.097148

0 12 0.243294 -0.052141 0.036970
1 12 0.389784 -0.095001 0.148882
2 12 0.564250 -0.118137 0.257527
3 12 0.642335 -0.097700 0.296343
4 12 0.572104 -0.042427 0.233229
5 12 0.342908 0.024244 0.089167
6 12 0.056691 0.072200 -0.068929
7 12 -0.212725 0.086142 -0.195460
8 12 -0.356334 0.058011 -0.219330
9 12 -0.334874 0.000611 -0.159956
10 12 -0.211928 -0.058750 -0.049269
11 12 -0.016908 -0.103273 0.077727
12 12 0.130493 -0.116607 0.132092
13 12 0.150793 -0.095723 0.108271
14 12 0.090693 -0.058379 0.043964
15 12 -0.039471 -0.019379 -0.057309
16 12 -0.207580 0.012496 -0.139274
17 12 -0.290874 0.027384 -0.115560
18 12 -0.233626 0.023830 0.001979
19 12 -0.112124 0.011869 0.106319

0 13 0.603956 -0.176407 0.079830
1 13 0.664017 -0.168180 0.172019
2 13 0.721381 -0.130994 0.237089
3 13 0.700286 -0.055894 0.241071
4 13 0.571227 0.043044 0.166557
5 13 0.338867 0.140919 0.041212
6 13 0.086750 0.207883 -0.082871
7 13 -0.130810 0.224397 -0.167329
8 13 -0.229644 0.186180 -0.161931
9 13 -0.209125 0.105528 -0.100595
10 13 -0.118866 0.006115 -0.004745
11 13 0.024674 -0.083730 0.091061
12 13 0.109761 -0.129784 0.111208
13 13 0.091197 -0.122834 0.070926
14 13 0.023940 -0.083530 0.004964
15 13 -0.096934 -0.032696 -0.089184
16 13 -0.240843 0.011271 -0.154162
17 13 -0.290715 0.031014 -0.112006
18 13 -0.211829 0.026075 0.013940
19 13 -0.092825 0.012052 0.118187

0 14 0.604336 -0.257858 0.071603
1 14 0.611597 -0.224605 0.134833
2 14 0.596145 -0.153957 0.161990
3 14 0.521046 -0.049664 0.142132
4 14 0.384982 0.069848 0.068682
5 14 0.198296 0.182581 -0.025752
6 14 0.039464 0.256567 -0.099385
7 14 -0.069787 0.283180 -0.129113
8 14 -0.073550 0.251650 -0.081279
9 14 0.002730 0.173435 -0.001182
10 14 0.092200 0.077727 0.085100
11 14 0.166298 -0.019334 0.137115
12 14 0.144343 -0.090183 0.104258
13 14 0.045415 -0.113868 0.031622
14 14 -0.056673 -0.093615 -0.045869
15 14 -0.177394 -0.044411 -0.133152
16 14 -0.288496 0.005378 -0.173905
17 14 -0.291024 0.027709 -0.107066
18 14 -0.183539 0.021963 0.027963
19 14 -0.068418 0.008576 0.130239

0 15 0.305042 -0.230930 0.038350
1 15 0.284815 -0.194400 0.064184
2 15 0.230963 -0.123805 0.057697
3 15 0.144208 -0.030397 0.022620
4 15 0.030466 0.070071 -0.044051
5 15 -0.074918 0.154828 -0.099738
6 15 -0.118844 0.207709 -0.125998
7 15 -0.096243 0.222665 -0.097583
8 15 0.035064 0.198188 -0.003064
9 15 0.188515 0.155559 0.094526
10 15 0.307864 0.101785 0.182161
11 15 0.361629 0.039419 0.207964
12 15 0.257315 -0.014381 0.127943
13 15 0.059184 -0.052672 0.011369
14 15 -0.117928 -0.064753 -0.095073
15 15 -0.265403 -0.039982 -0.182942
16 15 -0.345224 -0.001550 -0.196236
17 15 -0.291593 0.015779 -0.101320
18 15 -0.151417 0.009326 0.041349
19 15 -0.041539 0.000425 0.138815

0 16 -0.066944 -0.127109 0.001820
1 16 -0.095462 -0.100163 -0.006411
2 16 -0.153337 -0.051335 -0.035711
3 16 -0.225266 0.009442 -0.077847
4 16 -0.295078 0.067176 -0.128808
5 16 -0.324980 0.109392 -0.152619
6 16 -0.282965 0.125603 -0.140954
7 16 -0.164097 0.116396 -0.073105
8 16 0.040152 0.090667 0.039565
9 16 0.247392 0.061108 0.148300
10 16 0.425949 0.036981 0.244527
11 16 0.505076 0.036669 0.261764
12 16 0.382553 0.051049 0.166234
13 16 0.134673 0.039689 0.023451
14 16 -0.120566 0.008099 -0.119844
15 16 -0.324064 -0.005237 -0.221374
16 16 -0.391216 -0.000587 -0.213565
17 16 -0.288076 -0.002502 -0.094867
18 16 -0.119334 -0.011993 0.050251
19 16 -0.016494 -0.012589 0.139241

0 17 -0.387822 0.001347 -0.025126
1 17 -0.410236 0.009571 -0.055240
2 17 -0.453405 0.025003 -0.096488
3 17 -0.490320 0.035212 -0.135581
4 17 -0.509060 0.040513 -0.171025
5 17 -0.472378 0.028158 -0.168829
6 17 -0.359904 0.004062 -0.131748
7 17 -0.187835 -0.022147 -0.047376
8 17 0.050227 -0.051980 0.069124
9 17 0.270514 -0.052659 0.172427
10 17 0.428249 -0.032945 0.244839
11 17 0.484617 0.004994 0.247384
12 17 0.403765 0.067584 0.177594
13 17 0.212156 0.108071 0.055040
14 17 -0.061134 0.097190 -0.106508
15 17 -0.316950 0.058518 -0.226023
16 17 -0.393859 0.015658 -0.211650
17 17 -0.268312 -0.020910 -0.085377
18 17 -0.089887 -0.038365 0.050847
19 17 0.001738 -0.028789 0.126651

0 18 -0.513255 0.114565 -0.033350
1 18 -0.526553 0.102741 -0.070671
2 18 -0.549006 0.079140 -0.106697
3 18 -0.555022 0.037668 -0.140881
4 18 -0.541962 -0.013939 -0.158670
5 18 -0.461373 -0.080392 -0.144733
6 18 -0.340306 -0.137503 -0.105539
7 18 -0.149638 -0.178263 -0.017543
8 18 0.060725 -0.188951 0.069803
9 18 0.230437 -0.147640 0.152713
10 18 0.362676 -0.085676 0.206900
11 18 0.376027 -0.016804 0.184795
12 18 0.304997 0.065647 0.137107
13 18 0.203900 0.138245 0.065921
14 18 0.002096 0.163827 -0.067836
15 18 -0.239122 0.124508 -0.183163
16 18 -0.324069 0.041897 -0.175082
17 18 -0.215617 -0.033202 -0.067921
18 18 -0.062180 -0.062464 0.041271
19 18 0.009725 -0.044179 0.097862

0 19 -0.332992 0.201151 -0.021526
1 19 -0.341941 0.179625 -0.047070
2 19 -0.350676 0.132555 -0.065226
3 19 -0.355987 0.067330 -0.089275
4 19 -0.345869 -0.021945 -0.092217
5 19 -0.294966 -0.114162 -0.087622
6 19 -0.237811 -0.201785 -0.064778
7 19 -0.106788 -0.266563 -0.006855
8 19 0.003047 -0.273418 0.028492
9 19 0.116871 -0.244926 0.090749
10 19 0.249840 -0.154178 0.138028
11 19 0.235427 -0.016150 0.102344
12 19 0.148636 0.086194 0.064509
13 19 0.107315 0.150703 0.040339
14 19 0.019873 0.191042 -0.028517
15 19 -0.121853 0.162525 -0.100552
16 19 -0.182301 0.061973 -0.099984
17 19 -0.122188 -0.038011 -0.038659
18 19 -0.032710 -0.076669 0.022986
19 19 0.007795 -0.053683 0.053683

