#:x y Ey Bx Bz
0 0 0.000000 0.000000 0.000000
1 0 0.000000 0.000000 0.000000
2 0 0.000000 0.000000 0.000000
3 0 0.000000 0.000000 0.000000
4 0 0.000000 0.000000 0.000000
5 0 0.000000 0.000000 0.000000
6 0 0.000000 0.000000 0.000000
7 0 0.000000 0.000000 0.000000
8 0 0.000000 0.000000 0.000000
9 0 0.000000 0.000000 0.000000
10 0 0.000000 0.000000 0.000000
11 0 0.000000 0.000000 0.000000
12 0 0.000000 0.000000 0.000000
13 0 0.000000 0.000000 0.000000
14 0 0.000000 0.000000 0.000000
15 0 0.000000 0.000000 0.000000
16 0 0.000000 0.000000 0.000000
17 0 0.000000 0.000000 0.000000
18 0 0.000000 0.000000 0.000000
19 0 0.000000 0.000000 0.000000
20 0 0.000000 0.000000 0.000000
21 0 0.000000 0.000000 0.000000
22 0 0.000000 0.000000 0.000000
23 0 0.000000 0.000000 0.000000
24 0 0.000000 0.000000 0.000000
25 0 0.000000 0.000000 0.000000
26 0 0.000000 0.000000 0.000000
27 0 0.000000 0.000000 0.000000
28 0 0.000000 0.000000 0.000000
29 0 0.000000 0.000000 0.000000
30 0 0.000000 0.000000 0.000000
31 0 0.000000 0.000000 0.000000
32 0 0.000000 0.000000 0.000000
33 0 0.000000 0.000000 0.000000
34 0 0.000000 0.000000 0.000000
35 0 0.000000 0.000000 0.000000
36 0 0.000000 0.000000 0.000000
37 0 0.000000 0.000000 0.000000
38 0 0.000000 0.000000 0.000000
39 0 0.000000 0.000000 0.000000
40 0 0.000000 0.000000 0.000000
41 0 0.000000 0.000000 0.000000
42 0 0.000000 0.000000 0.000000
43 0 0.000000 0.000000 0.000000
44 0 0.000000 0.000000 0.000000
45 0 0.000000 0.000000 0.000000
46 0 0.000000 0.000000 0.000000
47 0 0.000000 0.000000 0.000000
48 0 0.000000 0.000000 0.000000
49 0 0.000000 0.000000 0.000000

0 1 0.000000 0.000000 0.000000
1 1 0.108577 0.011351 0.003406
2 1 0.112222 0.005533 0.006938
3 1 0.113230 0.000087 0.010386
4 1 0.112326 -0.004586 0.013626
5 1 0.110239 -0.008301 0.016610
6 1 0.107610 -0.011036 0.019349
7 1 0.104944 -0.012879 0.021890
8 1 0.102599 -0.013966 0.024295
9 1 0.100801 -0.014444 0.026627
10 1 0.099664 -0.014449 0.028939
11 1 0.099224 -0.014084 0.031276
12 1 0.099452 -0.013411 0.033659
13 1 0.100256 -0.012454 0.036084
14 1 0.101492 -0.011209 0.038522
15 1 0.102968 -0.009637 0.040918
16 1 0.104433 -0.007649 0.043176
17 1 0.105509 -0.005132 0.045112
18 1 0.105623 -0.002040 0.046411
19 1 0.104041 0.001498 0.046672
20 1 0.100051 0.005131 0.045521
21 1 0.093238 0.008369 0.042767
22 1 0.083695 0.010736 0.038507
23 1 0.072061 0.011940 0.033124
24 1 0.059362 0.011946 0.027180
25 1 0.046736 0.010963 0.021270
26 1 0.035167 0.009338 0.015884
27 1 0.025309 0.007445 0.011335
28 1 0.017441 0.005592 0.007740
29 1 0.011526 0.003977 0.005066
30 1 0.007316 0.002689 0.003185
31 1 0.004468 0.001735 0.001926
32 1 0.002629 0.001072 0.001123
33 1 0.001494 0.000636 0.000632
34 1 0.000820 0.000363 0.000344
35 1 0.000436 0.000200 0.000181
36 1 0.000225 0.000106 0.000093
37 1 0.000113 0.000055 0.000046
38 1 0.000055 0.000027 0.000022
39 1 0.000026 0.000013 0.000010
40 1 0.000012 0.000006 0.000005
41 1 0.000005 0.000003 0.000002
42 1 0.000002 0.000001 0.000001
43 1 0.000001 0.000001 0.000000
44 1 0.000000 0.000000 0.000000
45 1 0.000000 0.000000 0.000000
46 1 0.000000 0.000000 0.000000
47 1 0.000000 0.000000 0.000000
48 1 0.000000 0.000000 0.000000
49 1 0.000000 0.000000 0.000000

0 2 0.000000 0.000000 0.000000
1 2 0.086304 0.014408 0.002785
2 2 0.086468 0.006597 0.005546
3 2 0.085881 -0.000271 0.008216
4 2 0.084951 -0.005914 0.010771
5 2 0.083959 -0.010272 0.013213
6 2 0.083078 -0.013418 0.015557
7 2 0.082402 -0.015494 0.017822
8 2 0.081977 -0.016669 0.020027
9 2 0.081815 -0.017096 0.022189
10 2 0.081893 -0.016912 0.024309
11 2 0.082163 -0.016235 0.026382
12 2 0.082569 -0.015152 0.028400
13 2 0.083047 -0.013704 0.030342
14 2 0.083502 -0.011916 0.032162
15 2 0.083815 -0.009821 0.033802
16 2 0.083922 -0.007415 0.035247
17 2 0.083860 -0.004597 0.036534
18 2 0.083683 -0.001184 0.037681
19 2 0.083267 0.002928 0.038571
20 2 0.082181 0.007574 0.038914
21 2 0.079760 0.012248 0.038322
22 2 0.075384 0.016234 0.036485
23 2 0.068786 0.018866 0.033330
24 2 0.060212 0.019776 0.029072
25 2 0.050370 0.018997 0.024152
26 2 0.040197 0.016900 0.019099
27 2 0.030594 0.014034 0.014384
28 2 0.022224 0.010948 0.010331
29 2 0.015429 0.008064 0.007089
30 2 0.010254 0.005634 0.004656
31 2 0.006536 0.003748 0.002933
32 2 0.004003 0.002382 0.001776
33 2 0.002360 0.001451 0.001035
34 2 0.001342 0.000849 0.000582
35 2 0.000737 0.000478 0.000316
36 2 0.000392 0.000260 0.000166
37 2 0.000202 0.000137 0.000085
38 2 0.000101 0.000070 0.000042
39 2 0.000049 0.000034 0.000020
40 2 0.000023 0.000017 0.000009
41 2 0.000011 0.000008 0.000004
42 2 0.000005 0.000004 0.000002
43 2 0.000002 0.000002 0.000001
44 2 0.000001 0.000001 0.000000
45 2 0.000000 0.000000 0.000000
46 2 0.000000 0.000000 0.000000
47 2 0.000000 0.000000 0.000000
48 2 0.000000 0.000000 0.000000
49 2 0.000000 0.000000 0.000000

0 3 0.000000 0.000000 0.000000
1 3 0.053571 0.011926 0.001889
2 3 0.051639 0.006295 0.003664
3 3 0.050881 0.001554 0.005396
4 3 0.051097 -0.002362 0.007137
5 3 0.051994 -0.005521 0.008913
6 3 0.053298 -0.007963 0.010730
7 3 0.054789 -0.009707 0.012579
8 3 0.056310 -0.010770 0.014442
9 3 0.057768 -0.011172 0.016307
10 3 0.059105 -0.010927 0.018153
11 3 0.060246 -0.010085 0.019932
12 3 0.061103 -0.008738 0.021598
13 3 0.061636 -0.006965 0.023132
14 3 0.061811 -0.004814 0.024489
15 3 0.061508 -0.002397 0.025559
16 3 0.060573 0.000055 0.026235
17 3 0.059085 0.002304 0.026590
18 3 0.057555 0.004346 0.026940
19 3 0.056754 0.006491 0.027678
20 3 0.057195 0.009156 0.028968
21 3 0.058677 0.012500 0.030548
22 3 0.060233 0.016206 0.031795
23 3 0.060553 0.019566 0.032013
24 3 0.058583 0.021798 0.030748
25 3 0.053958 0.022392 0.027968
26 3 0.047073 0.021282 0.024027
27 3 0.038845 0.018809 0.019501
28 3 0.030349 0.015541 0.014980
29 3 0.022493 0.012067 0.010918
30 3 0.015853 0.008847 0.007572
31 3 0.010655 0.006150 0.005010
32 3 0.006846 0.004070 0.003171
33 3 0.004216 0.002572 0.001925
34 3 0.002495 0.001557 0.001124
35 3 0.001421 0.000906 0.000632
36 3 0.000781 0.000507 0.000343
37 3 0.000415 0.000274 0.000180
38 3 0.000213 0.000143 0.000092
39 3 0.000107 0.000072 0.000045
40 3 0.000052 0.000036 0.000022
41 3 0.000024 0.000017 0.000010
42 3 0.000011 0.000008 0.000005
43 3 0.000005 0.000004 0.000002
44 3 0.000002 0.000002 0.000001
45 3 0.000001 0.000001 0.000000
46 3 0.000000 0.000000 0.000000
47 3 0.000000 0.000000 0.000000
48 3 0.000000 0.000000 0.000000
49 3 0.000000 0.000000 0.000000

0 4 0.000000 0.000000 0.000000
1 4 0.027493 0.009841 0.001155
2 4 0.026176 0.006169 0.002190
3 4 0.026026 0.002564 0.003184
4 4 0.026588 -0.000909 0.004182
5 4 0.027537 -0.004089 0.005203
6 4 0.028688 -0.006798 0.006270
7 4 0.029973 -0.008864 0.007403
8 4 0.031352 -0.010178 0.008603
9 4 0.032805 -0.010715 0.009877
10 4 0.034363 -0.010468 0.011259
11 4 0.036037 -0.009428 0.012736
12 4 0.037708 -0.007686 0.014230
13 4 0.039254 -0.005417 0.015706
14 4 0.040707 -0.002706 0.017218
15 4 0.042093 0.000471 0.018737
16 4 0.043092 0.003980 0.019993
17 4 0.043111 0.007320 0.020635
18 4 0.041901 0.009845 0.020639
19 4 0.040127 0.011287 0.020511
20 4 0.039186 0.012042 0.021035
21 4 0.040322 0.012922 0.022714
22 4 0.043720 0.014567 0.025363
23 4 0.048263 0.016998 0.028155
24 4 0.052083 0.019610 0.030031
25 4 0.053464 0.021534 0.030196
26 4 0.051543 0.022090 0.028415
27 4 0.046504 0.021054 0.025009
28 4 0.039310 0.018669 0.020638
29 4 0.031230 0.015461 0.016027
30 4 0.023408 0.012017 0.011759
31 4 0.016617 0.008807 0.008182
32 4 0.011213 0.006113 0.005419
33 4 0.007217 0.004035 0.003428
34 4 0.004445 0.002542 0.002077
35 4 0.002626 0.001533 0.001208
36 4 0.001493 0.000887 0.000677
37 4 0.000818 0.000495 0.000366
38 4 0.000433 0.000266 0.000191
39 4 0.000222 0.000138 0.000097
40 4 0.000110 0.000070 0.000047
41 4 0.000053 0.000034 0.000023
42 4 0.000025 0.000016 0.000011
43 4 0.000011 0.000007 0.000005
44 4 0.000005 0.000003 0.000002
45 4 0.000002 0.000001 0.000001
46 4 0.000001 0.000001 0.000000
47 4 0.000000 0.000000 0.000000
48 4 0.000000 0.000000 0.000000
49 4 0.000000 0.000000 0.000000

0 5 0.000000 0.000000 0.000000
1 5 0.012088 0.003521 0.000609
2 5 0.009302 -0.001492 0.000963
3 5 0.006697 -0.006334 0.001105
4 5 0.004379 -0.010627 0.001109
5 5 0.002522 -0.014094 0.001051
6 5 0.001246 -0.016621 0.001007
7 5 0.000658 -0.018192 0.001084
8 5 0.000820 -0.018810 0.001347
9 5 0.001630 -0.018580 0.001788
10 5 0.002998 -0.017681 0.002461
11 5 0.005006 -0.016154 0.003477
12 5 0.007640 -0.013968 0.004796
13 5 0.010596 -0.011302 0.006244
14 5 0.013704 -0.008455 0.007851
15 5 0.017333 -0.005400 0.009924
16 5 0.021879 -0.001735 0.012582
17 5 0.026828 0.002707 0.015314
18 5 0.030719 0.007321 0.017248
19 5 0.032333 0.011002 0.017948
20 5 0.031953 0.013020 0.017921
21 5 0.031384 0.013623 0.018311
22 5 0.032687 0.013818 0.020043
23 5 0.036706 0.014605 0.023153
24 5 0.042522 0.016312 0.026748
25 5 0.048033 0.018477 0.029532
26 5 0.051115 0.020227 0.030467
27 5 0.050568 0.020804 0.029175
28 5 0.046427 0.019897 0.025960
29 5 0.039684 0.017684 0.021552
30 5 0.031733 0.014657 0.016779
31 5 0.023858 0.011383 0.012309
32 5 0.016946 0.008325 0.008548
33 5 0.011422 0.005761 0.005643
34 5 0.007333 0.003787 0.003554
35 5 0.004500 0.002375 0.002142
36 5 0.002647 0.001425 0.001240
37 5 0.001497 0.000821 0.000690
38 5 0.000816 0.000455 0.000371
39 5 0.000430 0.000243 0.000193
40 5 0.000219 0.000126 0.000097
41 5 0.000108 0.000063 0.000047
42 5 0.000052 0.000030 0.000022
43 5 0.000024 0.000014 0.000010
44 5 0.000011 0.000007 0.000005
45 5 0.000005 0.000003 0.000002
46 5 0.000002 0.000001 0.000001
47 5 0.000001 0.000001 0.000000
48 5 0.000000 0.000000 0.000000
49 5 0.000000 0.000000 0.000000

0 6 0.000000 0.000000 0.000000
1 6 -0.007019 -0.012625 -0.000152
2 6 -0.013796 -0.018231 -0.000768
3 6 -0.019597 -0.022403 -0.001714
4 6 -0.024069 -0.025168 -0.002815
5 6 -0.027040 -0.026670 -0.003885
6 6 -0.028605 -0.027111 -0.004841
7 6 -0.029016 -0.026786 -0.005593
8 6 -0.028357 -0.025841 -0.005984
9 6 -0.026776 -0.024287 -0.006036
10 6 -0.024702 -0.022341 -0.005885
11 6 -0.022269 -0.020265 -0.005398
12 6 -0.019115 -0.017919 -0.004333
13 6 -0.015255 -0.015086 -0.002885
14 6 -0.011427 -0.012117 -0.001516
15 6 -0.007916 -0.009646 -0.000108
16 6 -0.003592 -0.007592 0.002180
17 6 0.002989 -0.004983 0.005914
18 6 0.011572 -0.001014 0.010441
19 6 0.019827 0.003915 0.014250
20 6 0.025235 0.008413 0.016292
21 6 0.027277 0.011284 0.016898
22 6 0.027817 0.012457 0.017459
23 6 0.029521 0.012873 0.019277
24 6 0.033845 0.013632 0.022614
25 6 0.040155 0.015194 0.026582
26 6 0.046313 0.017196 0.029753
27 6 0.050021 0.018823 0.030959
28 6 0.049935 0.019344 0.029765
29 6 0.046052 0.018461 0.026498
30 6 0.039407 0.016351 0.021955
31 6 0.031469 0.013490 0.017027
32 6 0.023587 0.010420 0.012428
33 6 0.016683 0.007574 0.008580
34 6 0.011186 0.005207 0.005627
35 6 0.007140 0.003400 0.003519
36 6 0.004354 0.002117 0.002106
37 6 0.002545 0.001261 0.001210
38 6 0.001430 0.000721 0.000669
39 6 0.000774 0.000397 0.000356
40 6 0.000405 0.000210 0.000184
41 6 0.000205 0.000108 0.000092
42 6 0.000100 0.000054 0.000044
43 6 0.000048 0.000026 0.000021
44 6 0.000022 0.000012 0.000010
45 6 0.000010 0.000006 0.000004
46 6 0.000004 0.000002 0.000002
47 6 0.000002 0.000001 0.000001
48 6 0.000001 0.000000 0.000000
49 6 0.000000 0.000000 0.000000

0 7 0.000000 0.000000 0.000000
1 7 -0.034034 -0.028605 -0.001173
2 7 -0.040303 -0.031448 -0.002763
3 7 -0.044264 -0.032932 -0.004522
4 7 -0.046362 -0.033489 -0.006312
5 7 -0.047032 -0.033459 -0.007923
6 7 -0.046522 -0.032877 -0.009243
7 7 -0.045325 -0.031842 -0.010379
8 7 -0.043719 -0.030577 -0.011186
9 7 -0.041367 -0.028901 -0.011400
10 7 -0.038379 -0.026576 -0.011269
11 7 -0.035502 -0.024002 -0.011109
12 7 -0.032579 -0.021558 -0.010482
13 7 -0.028518 -0.018746 -0.008859
14 7 -0.023444 -0.015031 -0.006811
15 7 -0.019209 -0.011104 -0.005453
16 7 -0.016756 -0.008303 -0.004717
17 7 -0.014166 -0.006863 -0.003064
18 7 -0.008461 -0.005451 0.000791
19 7 0.000948 -0.002634 0.006278
20 7 0.011341 0.001600 0.011399
21 7 0.019189 0.005919 0.014574
22 7 0.023208 0.008975 0.015934
23 7 0.025085 0.010514 0.016975
24 7 0.027673 0.011321 0.019172
25 7 0.032634 0.012380 0.022850
26 7 0.039395 0.014079 0.027069
27 7 0.045792 0.016050 0.030333
28 7 0.049517 0.017536 0.031457
29 7 0.049288 0.017900 0.030060
30 7 0.045212 0.016927 0.026555
31 7 0.038423 0.014840 0.021812
32 7 0.030446 0.012115 0.016761
33 7 0.022633 0.009260 0.012118
34 7 0.015871 0.006661 0.008286
35 7 0.010549 0.004533 0.005382
36 7 0.006675 0.002930 0.003334
37 7 0.004036 0.001807 0.001977
38 7 0.002339 0.001066 0.001125
39 7 0.001303 0.000604 0.000616
40 7 0.000699 0.000329 0.000326
41 7 0.000363 0.000173 0.000166
42 7 0.000182 0.000088 0.000082
43 7 0.000089 0.000043 0.000040
44 7 0.000042 0.000021 0.000018
45 7 0.000019 0.000010 0.000008
46 7 0.000009 0.000004 0.000004
47 7 0.000004 0.000002 0.000002
48 7 0.000002 0.000001 0.000001
49 7 0.000000 0.000000 0.000000

0 8 0.000000 0.000000 0.000000
1 8 -0.052576 -0.037308 -0.002035
2 8 -0.055122 -0.039447 -0.004348
3 8 -0.056541 -0.041147 -0.006690
4 8 -0.057261 -0.042257 -0.009020
5 8 -0.057750 -0.042853 -0.011312
6 8 -0.057754 -0.042889 -0.013200
7 8 -0.057009 -0.042039 -0.014749
8 8 -0.056141 -0.040610 -0.016258
9 8 -0.054950 -0.039033 -0.017203
10 8 -0.052291 -0.036795 -0.017133
11 8 -0.048663 -0.033590 -0.016816
12 8 -0.045629 -0.030364 -0.016777
13 8 -0.042450 -0.027727 -0.015894
14 8 -0.036727 -0.024594 -0.013116
15 8 -0.028719 -0.019816 -0.009559
16 8 -0.021981 -0.014219 -0.007317
17 8 -0.018803 -0.009804 -0.006610
18 8 -0.017002 -0.007320 -0.005365
19 8 -0.012409 -0.005549 -0.001687
20 8 -0.003581 -0.002908 0.004000
21 8 0.006867 0.000843 0.009508
22 8 0.015173 0.004632 0.013103
23 8 0.019916 0.007356 0.014937
24 8 0.022751 0.008881 0.016558
25 8 0.026412 0.009931 0.019377
26 8 0.032301 0.011292 0.023544
27 8 0.039576 0.013159 0.027960
28 8 0.045967 0.015082 0.031090
29 8 0.049274 0.016354 0.031844
30 8 0.048456 0.016465 0.030001
31 8 0.043861 0.015323 0.026119
32 8 0.036776 0.013217 0.021147
33 8 0.028756 0.010620 0.016025
34 8 0.021102 0.007994 0.011431
35 8 0.014614 0.005669 0.007716
36 8 0.009598 0.003805 0.004950
37 8 0.006004 0.002428 0.003030
38 8 0.003590 0.001479 0.001776
39 8 0.002058 0.000862 0.001000
40 8 0.001135 0.000483 0.000542
41 8 0.000603 0.000261 0.000283
42 8 0.000310 0.000136 0.000143
43 8 0.000154 0.000068 0.000070
44 8 0.000074 0.000033 0.000033
45 8 0.000035 0.000016 0.000015
46 8 0.000016 0.000007 0.000007
47 8 0.000007 0.000003 0.000003
48 8 0.000003 0.000001 0.000002
49 8 0.000000 0.000000 0.000000

0 9 0.000000 0.000000 0.000000
1 9 -0.063503 -0.048855 -0.002839
2 9 -0.066895 -0.051876 -0.006005
3 9 -0.069965 -0.053648 -0.009292
4 9 -0.072112 -0.054071 -0.012353
5 9 -0.073465 -0.053226 -0.015445
6 9 -0.074432 -0.051856 -0.018300
7 9 -0.074006 -0.049915 -0.020245
8 9 -0.072411 -0.047056 -0.021931
9 9 -0.071332 -0.044221 -0.023828
10 9 -0.069840 -0.041932 -0.024646
11 9 -0.065895 -0.038990 -0.023924
12 9 -0.061158 -0.034978 -0.023419
13 9 -0.058469 -0.031528 -0.023864
14 9 -0.056075 -0.029541 -0.023127
15 9 -0.049650 -0.027409 -0.019444
16 9 -0.039132 -0.023330 -0.014359
17 9 -0.029309 -0.017837 -0.010732
18 9 -0.023552 -0.012920 -0.009011
19 9 -0.019909 -0.009481 -0.006969
20 9 -0.014148 -0.006658 -0.002693
21 9 -0.004900 -0.003329 0.003243
22 9 0.005268 0.000509 0.008666
23 9 0.013063 0.003946 0.012153
24 9 0.017713 0.006284 0.014201
25 9 0.021185 0.007694 0.016430
26 9 0.025959 0.008913 0.019995
27 9 0.032849 0.010517 0.024675
28 9 0.040519 0.012475 0.029143
29 9 0.046573 0.014250 0.031880
30 9 0.049044 0.015209 0.031996
31 9 0.047278 0.014995 0.029519
32 9 0.041951 0.013650 0.025183
33 9 0.034510 0.011521 0.020001
34 9 0.026503 0.009070 0.014884
35 9 0.019123 0.006698 0.010439
36 9 0.013035 0.004665 0.006934
37 9 0.008435 0.003079 0.004383
38 9 0.005202 0.001935 0.002645
39 9 0.003069 0.001161 0.001530
40 9 0.001738 0.000668 0.000850
41 9 0.000947 0.000369 0.000455
42 9 0.000498 0.000197 0.000235
43 9 0.000253 0.000101 0.000118
44 9 0.000124 0.000050 0.000057
45 9 0.000059 0.000024 0.000027
46 9 0.000028 0.000011 0.000012
47 9 0.000012 0.000005 0.000006
48 9 0.000005 0.000002 0.000003
49 9 0.000000 0.000000 0.000000

0 10 0.000000 0.000000 0.000000
1 10 -0.080257 -0.059965 -0.003874
2 10 -0.083117 -0.059894 -0.007838
3 10 -0.084387 -0.058463 -0.011941
4 10 -0.084396 -0.056572 -0.015527
5 10 -0.082778 -0.054061 -0.018531
6 10 -0.081296 -0.051356 -0.021798
7 10 -0.080237 -0.049336 -0.024364
8 10 -0.077451 -0.047018 -0.025525
9 10 -0.074369 -0.043785 -0.027039
10 10 -0.073529 -0.041148 -0.029150
11 10 -0.072138 -0.039385 -0.029418
12 10 -0.067085 -0.036501 -0.027669
13 10 -0.061671 -0.032030 -0.026848
14 10 -0.060063 -0.028118 -0.027769
15 10 -0.059693 -0.026009 -0.027491
16 10 -0.055003 -0.024292 -0.023928
17 10 -0.045616 -0.021307 -0.018808
18 10 -0.036190 -0.017321 -0.014877
19 10 -0.029612 -0.013592 -0.012229
20 10 -0.023895 -0.010468 -0.008751
21 10 -0.015815 -0.007251 -0.003232
22 10 -0.005281 -0.003476 0.003161
23 10 0.004792 0.000386 0.008363
24 10 0.011907 0.003482 0.011587
25 10 0.016366 0.005487 0.013861
26 10 0.020560 0.006841 0.016814
27 10 0.026543 0.008243 0.021172
28 10 0.034339 0.010031 0.026244
29 10 0.042076 0.011965 0.030495
30 10 0.047344 0.013468 0.032533
31 10 0.048567 0.014025 0.031774
32 10 0.045587 0.013450 0.028543
33 10 0.039436 0.011911 0.023747
34 10 0.031682 0.009795 0.018426
35 10 0.023805 0.007526 0.013421
36 10 0.016832 0.005434 0.009227
37 10 0.011260 0.003707 0.006017
38 10 0.007159 0.002401 0.003737
39 10 0.004344 0.001481 0.002220
40 10 0.002524 0.000874 0.001264
41 10 0.001409 0.000495 0.000693
42 10 0.000757 0.000270 0.000366
43 10 0.000393 0.000142 0.000187
44 10 0.000197 0.000072 0.000092
45 10 0.000096 0.000035 0.000044
46 10 0.000045 0.000017 0.000021
47 10 0.000021 0.000008 0.000009
48 10 0.000009 0.000003 0.000005
49 10 0.000000 0.000000 0.000000

0 11 0.000000 0.000000 0.000000
1 11 -0.088020 -0.060417 -0.004678
2 11 -0.086050 -0.059019 -0.009010
3 11 -0.083349 -0.057345 -0.013179
4 11 -0.081785 -0.055943 -0.017401
5 11 -0.080233 -0.054845 -0.020445
6 11 -0.078130 -0.052911 -0.023327
7 11 -0.078272 -0.051027 -0.027019
8 11 -0.078799 -0.049958 -0.029245
9 11 -0.076312 -0.047953 -0.029847
10 11 -0.074216 -0.044716 -0.031692
11 11 -0.075257 -0.042343 -0.034171
12 11 -0.074563 -0.040925 -0.033898
13 11 -0.068701 -0.038267 -0.031289
14 11 -0.062180 -0.033866 -0.029802
15 11 -0.059392 -0.029426 -0.029892
16 11 -0.057737 -0.025893 -0.028713
17 11 -0.052815 -0.022570 -0.025033
18 11 -0.045147 -0.018920 -0.020750
19 11 -0.038191 -0.015437 -0.017541
20 11 -0.032642 -0.012570 -0.014475
21 11 -0.025847 -0.009872 -0.009683
22 11 -0.015984 -0.006636 -0.003065
23 11 -0.004663 -0.002880 0.003517
24 11 0.004904 0.000636 0.008304
25 11 0.011254 0.003232 0.011311
26 11 0.015775 0.004925 0.014026
27 11 0.021002 0.006293 0.017865
28 11 0.028260 0.007879 0.022962
29 11 0.036682 0.009754 0.028151
30 11 0.043978 0.011520 0.031820
31 11 0.047945 0.012631 0.032843
32 11 0.047565 0.012733 0.031032
33 11 0.043235 0.011811 0.027018
34 11 0.036304 0.010131 0.021839
35 11 0.028379 0.008088 0.016503
36 11 0.020795 0.006047 0.011731
37 11 0.014369 0.004259 0.007886
38 11 0.009411 0.002839 0.005037
39 11 0.005867 0.001799 0.003070
40 11 0.003496 0.001089 0.001791
41 11 0.001997 0.000631 0.001003
42 11 0.001097 0.000351 0.000541
43 11 0.000581 0.000188 0.000282
44 11 0.000297 0.000097 0.000142
45 11 0.000147 0.000049 0.000069
46 11 0.000071 0.000024 0.000033
47 11 0.000033 0.000011 0.000015
48 11 0.000014 0.000005 0.000008
49 11 0.000000 0.000000 0.000000

0 12 0.000000 0.000000 0.000000
1 12 -0.083512 -0.061446 -0.005092
2 12 -0.082115 -0.060410 -0.010038
3 12 -0.080765 -0.058687 -0.014141
4 12 -0.080024 -0.056027 -0.018703
5 12 -0.081047 -0.053790 -0.022931
6 12 -0.080343 -0.051583 -0.025434
7 12 -0.079166 -0.048479 -0.028671
8 12 -0.081131 -0.046119 -0.032707
9 12 -0.082138 -0.044871 -0.034384
10 12 -0.079417 -0.042761 -0.034785
11 12 -0.078137 -0.039761 -0.036976
12 12 -0.080113 -0.037598 -0.039367
13 12 -0.079945 -0.036282 -0.038985
14 12 -0.075356 -0.034545 -0.036913
15 12 -0.070075 -0.032119 -0.035480
16 12 -0.065961 -0.029379 -0.033963
17 12 -0.060519 -0.026116 -0.030538
18 12 -0.052567 -0.022085 -0.025850
19 12 -0.044659 -0.017897 -0.021954
20 12 -0.038825 -0.014411 -0.019045
21 12 -0.033336 -0.011631 -0.015217
22 12 -0.025176 -0.008796 -0.009178
23 12 -0.014095 -0.005425 -0.001959
24 12 -0.002932 -0.001886 0.004275
25 12 0.005523 0.001080 0.008462
26 12 0.011151 0.003137 0.011446
27 12 0.016150 0.004601 0.014889
28 12 0.022702 0.006042 0.019689
29 12 0.031093 0.007759 0.025294
30 12 0.039613 0.009576 0.030179
31 12 0.045826 0.011019 0.032848
32 12 0.047994 0.011650 0.032592
33 12 0.045787 0.011296 0.029655
34 12 0.040135 0.010090 0.024938
35 12 0.032601 0.008356 0.019527
36 12 0.024728 0.006459 0.014334
37 12 0.017628 0.004689 0.009923
38 12 0.011878 0.003213 0.006510
39 12 0.007601 0.002089 0.004066
40 12 0.004639 0.001294 0.002427
41 12 0.002709 0.000767 0.001388
42 12 0.001519 0.000435 0.000764
43 12 0.000820 0.000238 0.000405
44 12 0.000427 0.000125 0.000207
45 12 0.000215 0.000064 0.000103
46 12 0.000105 0.000031 0.000049
47 12 0.000050 0.000015 0.000023
48 12 0.000021 0.000007 0.000013
49 12 0.000000 0.000000 0.000000

0 13 0.000000 0.000000 0.000000
1 13 -0.082045 -0.058577 -0.005344
2 13 -0.078981 -0.053909 -0.010618
3 13 -0.076192 -0.049776 -0.014864
4 13 -0.072280 -0.046039 -0.018319
5 13 -0.070562 -0.042919 -0.022743
6 13 -0.070761 -0.041442 -0.026005
7 13 -0.069032 -0.040326 -0.027934
8 13 -0.068747 -0.038766 -0.031383
9 13 -0.071852 -0.037863 -0.034970
10 13 -0.073318 -0.037502 -0.036307
11 13 -0.072225 -0.036533 -0.037234
12 13 -0.072492 -0.034839 -0.039151
13 13 -0.073818 -0.032737 -0.040239
14 13 -0.073423 -0.030299 -0.039846
15 13 -0.072103 -0.028013 -0.039549
16 13 -0.071274 -0.026406 -0.039272
17 13 -0.068706 -0.024965 -0.036932
18 13 -0.062016 -0.022656 -0.032143
19 13 -0.053081 -0.019364 -0.027119
20 13 -0.045547 -0.015967 -0.023437
21 13 -0.039783 -0.013082 -0.019967
22 13 -0.032831 -0.010408 -0.014700
23 13 -0.022697 -0.007372 -0.007492
24 13 -0.010910 -0.003988 -0.000242
25 13 -0.000683 -0.000858 0.005230
26 13 0.006451 0.001497 0.008891
27 13 0.011786 0.003123 0.012220
28 13 0.017791 0.004495 0.016639
29 13 0.025762 0.006035 0.022281
30 13 0.034827 0.007771 0.027952
31 13 0.042691 0.009359 0.032003
32 13 0.047136 0.010351 0.033281
33 13 0.047129 0.010469 0.031593
34 13 0.043063 0.009718 0.027594
35 13 0.036294 0.008334 0.022355
36 13 0.028452 0.006648 0.016922
37 13 0.020896 0.004966 0.012045
38 13 0.014466 0.003493 0.008106
39 13 0.009489 0.002327 0.005182
40 13 0.005924 0.001473 0.003160
41 13 0.003534 0.000891 0.001845
42 13 0.002021 0.000516 0.001034
43 13 0.001111 0.000287 0.000558
44 13 0.000589 0.000154 0.000290
45 13 0.000301 0.000080 0.000146
46 13 0.000149 0.000040 0.000071
47 13 0.000071 0.000019 0.000034
48 13 0.000031 0.000008 0.000020
49 13 0.000000 0.000000 0.000000

0 14 0.000000 0.000000 0.000000
1 14 -0.066973 -0.045682 -0.005156
2 14 -0.059556 -0.041331 -0.009539
3 14 -0.055346 -0.038305 -0.013793
4 14 -0.053044 -0.036740 -0.016761
5 14 -0.051850 -0.035627 -0.020104
6 14 -0.054297 -0.034955 -0.024256
7 14 -0.057575 -0.034999 -0.027246
8 14 -0.059749 -0.035156 -0.030153
9 14 -0.063319 -0.035048 -0.033882
10 14 -0.067522 -0.034620 -0.036821
11 14 -0.070409 -0.034083 -0.039059
12 14 -0.073018 -0.033928 -0.041496
13 14 -0.074787 -0.033788 -0.042658
14 14 -0.073347 -0.032434 -0.041655
15 14 -0.070197 -0.029655 -0.040579
16 14 -0.068967 -0.026654 -0.040761
17 14 -0.068898 -0.024241 -0.040208
18 14 -0.065883 -0.021942 -0.036910
19 14 -0.058981 -0.019166 -0.031985
20 14 -0.051423 -0.016181 -0.027734
21 14 -0.045436 -0.013538 -0.024264
22 14 -0.039322 -0.011182 -0.019649
23 14 -0.030349 -0.008587 -0.012810
24 14 -0.018645 -0.005544 -0.004988
25 14 -0.007149 -0.002469 0.001657
26 14 0.001580 0.000052 0.006245
27 14 0.007705 0.001837 0.009772
28 14 0.013486 0.003199 0.013889
29 14 0.020924 0.004585 0.019350
30 14 0.030048 0.006174 0.025440
31 14 0.038992 0.007767 0.030558
32 14 0.045322 0.008965 0.033234
33 14 0.047415 0.009436 0.032849
34 14 0.045083 0.009084 0.029744
35 14 0.039355 0.008049 0.024886
36 14 0.031831 0.006613 0.019391
37 14 0.024043 0.005074 0.014169
38 14 0.017074 0.003657 0.009766
39 14 0.011463 0.002491 0.006382
40 14 0.007311 0.001610 0.003971
41 14 0.004448 0.000992 0.002362
42 14 0.002590 0.000585 0.001347
43 14 0.001449 0.000331 0.000739
44 14 0.000780 0.000180 0.000391
45 14 0.000405 0.000094 0.000200
46 14 0.000204 0.000048 0.000099
47 14 0.000099 0.000023 0.000048
48 14 0.000043 0.000010 0.000028
49 14 0.000000 0.000000 0.000000

0 15 0.000000 0.000000 0.000000
1 15 -0.044871 -0.035168 -0.004576
2 15 -0.039827 -0.030353 -0.008029
3 15 -0.037204 -0.026482 -0.011392
4 15 -0.037180 -0.023783 -0.014437
5 15 -0.038103 -0.022466 -0.017336
6 15 -0.040535 -0.022295 -0.020875
7 15 -0.044228 -0.022525 -0.024252
8 15 -0.048403 -0.023007 -0.027914
9 15 -0.053929 -0.024289 -0.032195
10 15 -0.059065 -0.025708 -0.035301
11 15 -0.062179 -0.025941 -0.037542
12 15 -0.066328 -0.025429 -0.041109
13 15 -0.072680 -0.025516 -0.044843
14 15 -0.076673 -0.026055 -0.045845
15 15 -0.075840 -0.025962 -0.044733
16 15 -0.073579 -0.025021 -0.044037
17 15 -0.072345 -0.023665 -0.043481
18 15 -0.069779 -0.021862 -0.040865
19 15 -0.063698 -0.019342 -0.036133
20 15 -0.056072 -0.016401 -0.031465
21 15 -0.049788 -0.013700 -0.027863
22 15 -0.044295 -0.011428 -0.023815
23 15 -0.036633 -0.009156 -0.017601
24 15 -0.025637 -0.006504 -0.009654
25 15 -0.013514 -0.003648 -0.002106
26 15 -0.003386 -0.001119 0.003480
27 15 0.003782 0.000759 0.007458
28 15 0.009677 0.002129 0.011435
29 15 0.016653 0.003390 0.016637
30 15 0.025554 0.004808 0.022875
31 15 0.035104 0.006316 0.028753
32 15 0.042893 0.007591 0.032625
33 15 0.046866 0.008295 0.033500
34 15 0.046276 0.008260 0.031379
35 15 0.041756 0.007545 0.027058
36 15 0.034777 0.006371 0.021662
37 15 0.026967 0.005010 0.016219
38 15 0.019608 0.003694 0.011430
39 15 0.013451 0.002568 0.007623
40 15 0.008750 0.001692 0.004833
41 15 0.005421 0.001061 0.002925
42 15 0.003211 0.000635 0.001695
43 15 0.001824 0.000365 0.000944
44 15 0.000997 0.000201 0.000506
45 15 0.000525 0.000107 0.000262
46 15 0.000267 0.000055 0.000131
47 15 0.000131 0.000027 0.000065
48 15 0.000058 0.000012 0.000039
49 15 0.000000 0.000000 0.000000

0 16 0.000000 0.000000 0.000000
1 16 -0.022931 -0.015321 -0.003226
2 16 -0.015168 -0.008949 -0.005261
3 16 -0.010649 -0.005878 -0.007121
4 16 -0.009298 -0.005643 -0.008832
5 16 -0.010414 -0.006873 -0.011171
6 16 -0.015191 -0.009454 -0.014995
7 16 -0.021622 -0.013001 -0.018455
8 16 -0.027140 -0.015885 -0.021828
9 16 -0.034716 -0.018018 -0.027142
10 16 -0.044526 -0.020455 -0.032386
11 16 -0.051456 -0.022784 -0.035320
12 16 -0.055394 -0.023980 -0.037977
13 16 -0.060496 -0.024075 -0.041678
14 16 -0.066173 -0.023473 -0.044289
15 16 -0.069243 -0.022326 -0.044915
16 16 -0.070540 -0.021034 -0.045342
17 16 -0.072141 -0.020067 -0.045908
18 16 -0.072277 -0.019193 -0.044495
19 16 -0.068137 -0.017742 -0.040271
20 16 -0.060863 -0.015590 -0.035224
21 16 -0.054019 -0.013281 -0.031191
22 16 -0.048517 -0.011226 -0.027377
23 16 -0.041793 -0.009244 -0.021771
24 16 -0.031707 -0.006963 -0.013998
25 16 -0.019463 -0.004402 -0.005855
26 16 -0.008266 -0.001986 0.000657
27 16 0.000001 -0.000097 0.005236
28 16 0.006272 0.001267 0.009247
29 16 0.012943 0.002424 0.014205
30 16 0.021498 0.003670 0.020418
31 16 0.031304 0.005038 0.026793
32 16 0.040153 0.006293 0.031635
33 16 0.045722 0.007120 0.033660
34 16 0.046777 0.007316 0.032537
35 16 0.043530 0.006872 0.028851
36 16 0.037252 0.005950 0.023679
37 16 0.029591 0.004786 0.018131
38 16 0.021989 0.003601 0.013039
39 16 0.015384 0.002550 0.008859
40 16 0.010190 0.001709 0.005713
41 16 0.006419 0.001089 0.003512
42 16 0.003861 0.000662 0.002066
43 16 0.002225 0.000385 0.001166
44 16 0.001232 0.000215 0.000634
45 16 0.000658 0.000116 0.000332
46 16 0.000339 0.000060 0.000168
47 16 0.000168 0.000030 0.000084
48 16 0.000075 0.000014 0.000051
49 16 0.000000 0.000000 0.000000

0 17 0.000000 0.000000 0.000000
1 17 0.013309 0.005899 -0.000854
2 17 0.019805 0.009499 -0.000405
3 17 0.021057 0.010016 -0.000737
4 17 0.017177 0.007972 -0.002030
5 17 0.011873 0.004536 -0.003627
6 17 0.004659 0.001031 -0.007521
7 17 -0.005917 -0.002739 -0.012712
8 17 -0.015710 -0.006763 -0.017064
9 17 -0.024193 -0.010277 -0.022166
10 17 -0.034371 -0.012969 -0.028346
11 17 -0.044610 -0.014981 -0.033505
12 17 -0.052918 -0.016729 -0.037931
13 17 -0.060693 -0.018655 -0.042533
14 17 -0.067187 -0.020391 -0.045552
15 17 -0.069703 -0.020995 -0.045967
16 17 -0.069582 -0.020296 -0.045878
17 17 -0.070419 -0.019055 -0.046630
18 17 -0.071667 -0.017789 -0.046331
19 17 -0.069677 -0.016288 -0.043160
20 17 -0.063811 -0.014359 -0.038332
21 17 -0.057209 -0.012305 -0.034078
22 17 -0.051844 -0.010483 -0.030391
23 17 -0.045924 -0.008805 -0.025331
24 17 -0.036827 -0.006914 -0.017898
25 17 -0.024821 -0.004717 -0.009429
26 17 -0.012896 -0.002522 -0.002133
27 17 -0.003603 -0.000716 0.003106
28 17 0.003210 0.000604 0.007292
29 17 0.009749 0.001661 0.012070
30 17 0.017946 0.002742 0.018169
31 17 0.027777 0.003942 0.024837
32 17 0.037350 0.005108 0.030432
33 17 0.044217 0.005968 0.033458
34 17 0.046750 0.006309 0.033287
35 17 0.044752 0.006078 0.030274
36 17 0.039256 0.005382 0.025414
37 17 0.031873 0.004416 0.019857
38 17 0.024154 0.003384 0.014544
39 17 0.017202 0.002437 0.010048
40 17 0.011580 0.001658 0.006580
41 17 0.007404 0.001071 0.004103
42 17 0.004516 0.000660 0.002445
43 17 0.002636 0.000389 0.001397
44 17 0.001478 0.000220 0.000768
45 17 0.000797 0.000120 0.000407
46 17 0.000415 0.000063 0.000209
47 17 0.000208 0.000032 0.000106
48 17 0.000094 0.000014 0.000064
49 17 0.000000 0.000000 0.000000

0 18 0.000000 0.000000 0.000000
1 18 0.043893 0.029118 0.002626
2 18 0.048124 0.033199 0.005948
3 18 0.048540 0.032050 0.008161
4 18 0.044595 0.027659 0.007815
5 18 0.037510 0.021500 0.005990
6 18 0.029111 0.014563 0.002355
7 18 0.018508 0.007926 -0.003027
8 18 0.006936 0.002399 -0.008732
9 18 -0.004924 -0.002341 -0.015315
10 18 -0.017734 -0.006885 -0.022416
11 18 -0.028934 -0.010576 -0.027875
12 18 -0.037390 -0.012550 -0.032504
13 18 -0.046689 -0.013345 -0.038373
14 18 -0.057490 -0.014002 -0.043868
15 18 -0.065384 -0.014666 -0.046473
16 18 -0.068809 -0.015018 -0.047241
17 18 -0.070909 -0.015072 -0.048189
18 18 -0.072836 -0.014885 -0.048372
19 18 -0.071842 -0.014199 -0.045800
20 18 -0.066655 -0.012845 -0.041082
21 18 -0.059993 -0.011136 -0.036563
22 18 -0.054500 -0.009518 -0.032867
23 18 -0.049111 -0.008060 -0.028252
24 18 -0.040951 -0.006489 -0.021246
25 18 -0.029422 -0.004649 -0.012674
26 18 -0.017097 -0.002738 -0.004773
27 18 -0.006942 -0.001095 0.001102
28 18 0.000473 0.000131 0.005554
29 18 0.007026 0.001078 0.010231
30 18 0.014913 0.001999 0.016185
31 18 0.024640 0.003019 0.023002
32 18 0.034675 0.004050 0.029157
33 18 0.042557 0.004872 0.033020
34 18 0.046360 0.005282 0.033711
35 18 0.045523 0.005203 0.031362
36 18 0.040823 0.004699 0.026859
37 18 0.033796 0.003925 0.021366
38 18 0.026059 0.003055 0.015904
39 18 0.018852 0.002232 0.011150
40 18 0.012874 0.001539 0.007401
41 18 0.008340 0.001006 0.004673
42 18 0.005149 0.000627 0.002817
43 18 0.003040 0.000373 0.001627
44 18 0.001722 0.000213 0.000903
45 18 0.000938 0.000117 0.000483
46 18 0.000493 0.000062 0.000250
47 18 0.000249 0.000031 0.000128
48 18 0.000113 0.000014 0.000078
49 18 0.000000 0.000000 0.000000

0 19 0.000000 0.000000 0.000000
1 19 0.083714 0.059261 0.008389
2 19 0.087502 0.057731 0.016049
3 19 0.084342 0.049778 0.020343
4 19 0.075758 0.039159 0.020710
5 19 0.064454 0.028791 0.018472
6 19 0.051292 0.020016 0.013239
7 19 0.035495 0.012250 0.005895
8 19 0.020520 0.005496 -0.000896
9 19 0.007457 0.000500 -0.008207
10 19 -0.007476 -0.003157 -0.017253
11 19 -0.023047 -0.006438 -0.025269
12 19 -0.034863 -0.009488 -0.031051
13 19 -0.044055 -0.011987 -0.036623
14 19 -0.053118 -0.013650 -0.041907
15 19 -0.060195 -0.014226 -0.044915
16 19 -0.063981 -0.013818 -0.046227
17 19 -0.067067 -0.013036 -0.047835
18 19 -0.070676 -0.012364 -0.049058
19 19 -0.071841 -0.011682 -0.047566
20 19 -0.068303 -0.010675 -0.043341
21 19 -0.062188 -0.009387 -0.038731
22 19 -0.056702 -0.008116 -0.034961
23 19 -0.051655 -0.006958 -0.030650
24 19 -0.044256 -0.005722 -0.024046
25 19 -0.033262 -0.004250 -0.015502
26 19 -0.020762 -0.002664 -0.007162
27 19 -0.009927 -0.001247 -0.000723
28 19 -0.001926 -0.000167 0.004035
29 19 0.004740 0.000653 0.008679
30 19 0.012389 0.001415 0.014494
31 19 0.021956 0.002251 0.021368
32 19 0.032263 0.003118 0.027924
33 19 0.040911 0.003848 0.032461
34 19 0.045764 0.004264 0.033896
35 19 0.045950 0.004281 0.032161
36 19 0.042005 0.003932 0.028026
37 19 0.035364 0.003334 0.022640
38 19 0.027680 0.002630 0.017089
39 19 0.020296 0.001945 0.012132
40 19 0.014030 0.001356 0.008147
41 19 0.009193 0.000896 0.005198
42 19 0.005734 0.000563 0.003165
43 19 0.003418 0.000338 0.001845
44 19 0.001954 0.000195 0.001033
45 19 0.001074 0.000108 0.000557
46 19 0.000569 0.000057 0.000291
47 19 0.000289 0.000029 0.000150
48 19 0.000132 0.000013 0.000093
49 19 0.000000 0.000000 0.000000

0 20 0.000000 0.000000 0.000000
1 20 0.119864 0.088379 0.017339
2 20 0.117178 0.080745 0.030273
3 20 0.109425 0.066228 0.036396
4 20 0.097496 0.051421 0.035778
5 20 0.083250 0.038202 0.031818
6 20 0.069578 0.027186 0.025651
7 20 0.054077 0.018610 0.016766
8 20 0.036985 0.011852 0.007579
9 20 0.021372 0.006144 -0.001133
10 20 0.006192 0.001330 -0.010452
11 20 -0.008969 -0.002147 -0.019061
12 20 -0.022233 -0.004117 -0.026261
13 20 -0.034890 -0.005334 -0.033749
14 20 -0.048278 -0.006677 -0.041042
15 20 -0.059037 -0.008139 -0.045465
16 20 -0.064552 -0.009197 -0.047129
17 20 -0.067547 -0.009677 -0.048530
18 20 -0.070764 -0.009746 -0.049852
19 20 -0.072287 -0.009444 -0.048866
20 20 -0.069477 -0.008701 -0.045010
21 20 -0.063714 -0.007654 -0.040391
22 20 -0.058259 -0.006598 -0.036578
23 20 -0.053491 -0.005659 -0.032510
24 20 -0.046750 -0.004703 -0.026281
25 20 -0.036312 -0.003577 -0.017849
26 20 -0.023805 -0.002336 -0.009216
27 20 -0.012474 -0.001196 -0.002311
28 20 -0.003958 -0.000307 0.002747
29 20 0.002871 0.000361 0.007408
30 20 0.010356 0.000963 0.013108
31 20 0.019753 0.001613 0.019987
32 20 0.030205 0.002299 0.026819
33 20 0.039412 0.002899 0.031878
34 20 0.045097 0.003271 0.033927
35 20 0.046140 0.003336 0.032724
36 20 0.042862 0.003106 0.028932
37 20 0.036596 0.002666 0.023674
38 20 0.029002 0.002126 0.018076
39 20 0.021505 0.001588 0.012968
40 20 0.015018 0.001117 0.008791
41 20 0.009931 0.000744 0.005660
42 20 0.006248 0.000471 0.003474
43 20 0.003754 0.000285 0.002041
44 20 0.002162 0.000165 0.001151
45 20 0.001197 0.000092 0.000625
46 20 0.000638 0.000049 0.000328
47 20 0.000327 0.000025 0.000170
48 20 0.000149 0.000012 0.000106
49 20 0.000000 0.000000 0.000000

0 21 0.000000 0.000000 0.000000
1 21 0.156679 0.132720 0.033559
2 21 0.151524 0.106353 0.052341
3 21 0.139628 0.076397 0.057879
4 21 0.124203 0.052514 0.054803
5 21 0.106472 0.035547 0.047445
6 21 0.088023 0.023745 0.037852
7 21 0.068578 0.014936 0.026685
8 21 0.049632 0.008377 0.016055
9 21 0.032446 0.004025 0.005696
10 21 0.014250 0.000931 -0.005823
11 21 -0.004358 -0.001982 -0.016249
12 21 -0.018865 -0.004682 -0.023803
13 21 -0.029927 -0.006602 -0.030665
14 21 -0.041314 -0.007558 -0.037812
15 21 -0.051966 -0.007721 -0.043030
16 21 -0.059041 -0.007392 -0.045740
17 21 -0.063912 -0.006961 -0.047971
18 21 -0.068809 -0.006689 -0.050056
19 21 -0.071897 -0.006484 -0.049811
20 21 -0.070286 -0.006098 -0.046382
21 21 -0.065016 -0.005482 -0.041775
22 21 -0.059570 -0.004798 -0.037871
23 21 -0.054910 -0.004157 -0.033931
24 21 -0.048611 -0.003493 -0.027987
25 21 -0.038630 -0.002703 -0.019685
26 21 -0.026188 -0.001815 -0.010866
27 21 -0.014514 -0.000980 -0.003606
28 21 -0.005584 -0.000318 0.001714
29 21 0.001413 0.000178 0.006417
30 21 0.008794 0.000613 0.012030
31 21 0.018042 0.001077 0.018890
32 21 0.028562 0.001573 0.025905
33 21 0.038157 0.002017 0.031348
34 21 0.044467 0.002308 0.033873
35 21 0.046185 0.002382 0.033103
36 21 0.043455 0.002242 0.029602
37 21 0.037516 0.001942 0.024469
38 21 0.030025 0.001562 0.018853
39 21 0.022460 0.001175 0.013637
40 21 0.015810 0.000832 0.009315
41 21 0.010532 0.000558 0.006038
42 21 0.006670 0.000355 0.003730
43 21 0.004033 0.000216 0.002204
44 21 0.002336 0.000126 0.001250
45 21 0.001300 0.000070 0.000682
46 21 0.000697 0.000038 0.000360
47 21 0.000358 0.000020 0.000188
48 21 0.000164 0.000009 0.000118
49 21 0.000000 0.000000 0.000000

0 22 0.000000 0.000000 0.000000
1 22 0.193412 0.192648 0.066241
2 22 0.176782 0.119470 0.086604
3 22 0.156860 0.071200 0.084746
4 22 0.136142 0.044559 0.074053
5 22 0.115605 0.029175 0.061562
6 22 0.097281 0.019670 0.049033
7 22 0.078069 0.013678 0.035217
8 22 0.057523 0.009372 0.022137
9 22 0.039363 0.005724 0.010820
10 22 0.022374 0.002844 -0.000678
11 22 0.004570 0.001097 -0.011794
12 22 -0.011845 0.000260 -0.021031
13 22 -0.026520 -0.000418 -0.029652
14 22 -0.041084 -0.001467 -0.038002
15 22 -0.053381 -0.002729 -0.043726
16 22 -0.060510 -0.003717 -0.046314
17 22 -0.064486 -0.004215 -0.048189
18 22 -0.068593 -0.004336 -0.050199
19 22 -0.071647 -0.004212 -0.050253
20 22 -0.070511 -0.003886 -0.047151
21 22 -0.065624 -0.003425 -0.042643
22 22 -0.060305 -0.002956 -0.038734
23 22 -0.055799 -0.002546 -0.034906
24 22 -0.049855 -0.002144 -0.029180
25 22 -0.040241 -0.001675 -0.020999
26 22 -0.027894 -0.001145 -0.012074
27 22 -0.016004 -0.000638 -0.004565
28 22 -0.006774 -0.000231 0.000956
29 22 0.000367 0.000074 0.005705
30 22 0.007688 0.000338 0.011261
31 22 0.016824 0.000617 0.018096
32 22 0.027368 0.000915 0.025225
33 22 0.037216 0.001188 0.030930
34 22 0.043959 0.001373 0.033793
35 22 0.046161 0.001428 0.033339
36 22 0.043836 0.001353 0.030061
37 22 0.038151 0.001179 0.025030
38 22 0.030749 0.000954 0.019412
39 22 0.023148 0.000721 0.014124
40 22 0.016388 0.000513 0.009700
41 22 0.010974 0.000345 0.006319
42 22 0.006984 0.000221 0.003921
43 22 0.004242 0.000135 0.002327
44 22 0.002467 0.000079 0.001325
45 22 0.001378 0.000044 0.000726
46 22 0.000741 0.000024 0.000384
47 22 0.000382 0.000012 0.000201
48 22 0.000176 0.000006 0.000127
49 22 0.000000 0.000000 0.000000

0 23 0.000000 0.000000 0.000000
1 23 0.227998 0.322657 0.145179
2 23 0.199824 0.100465 0.139219
3 23 0.174238 0.039527 0.115240
4 23 0.151551 0.018858 0.092835
5 23 0.129197 0.010228 0.073660
6 23 0.107651 0.005805 0.057084
7 23 0.086302 0.002833 0.041466
8 23 0.065294 0.000930 0.027415
9 23 0.045886 0.000127 0.014637
10 23 0.026121 -0.000333 0.001470
11 23 0.006174 -0.001193 -0.010448
12 23 -0.009812 -0.002262 -0.019262
13 23 -0.022154 -0.002882 -0.027051
14 23 -0.034876 -0.002790 -0.035232
15 23 -0.047346 -0.002241 -0.041650
16 23 -0.056157 -0.001642 -0.045194
17 23 -0.062000 -0.001257 -0.047792
18 23 -0.067486 -0.001128 -0.050278
19 23 -0.071467 -0.001137 -0.050678
20 23 -0.070903 -0.001141 -0.047762
21 23 -0.066228 -0.001079 -0.043257
22 23 -0.060885 -0.000972 -0.039289
23 23 -0.056378 -0.000855 -0.035492
24 23 -0.050596 -0.000727 -0.029887
25 23 -0.041192 -0.000571 -0.021785
26 23 -0.028914 -0.000393 -0.012807
27 23 -0.016907 -0.000222 -0.005152
28 23 -0.007498 -0.000084 0.000493
29 23 -0.000264 0.000019 0.005277
30 23 0.007028 0.000108 0.010800
31 23 0.016095 0.000201 0.017616
32 23 0.026646 0.000300 0.024807
33 23 0.036635 0.000392 0.030664
34 23 0.043632 0.000455 0.033728
35 23 0.046124 0.000476 0.033467
36 23 0.044048 0.000452 0.030327
37 23 0.038521 0.000396 0.025363
38 23 0.031181 0.000321 0.019749
39 23 0.023563 0.000243 0.014420
40 23 0.016740 0.000173 0.009935
41 23 0.011245 0.000117 0.006491
42 23 0.007178 0.000075 0.004040
43 23 0.004371 0.000046 0.002404
44 23 0.002549 0.000027 0.001372
45 23 0.001427 0.000015 0.000753
46 23 0.000769 0.000008 0.000400
47 23 0.000398 0.000004 0.000210
48 23 0.000183 0.000002 0.000132
49 23 0.000000 0.000000 0.000000

0 24 0.000000 0.000000 0.000000
1 24 0.273790 -0.322657 0.370125
2 24 0.210844 -0.100465 0.200735
3 24 0.176549 -0.039527 0.135596
4 24 0.150302 -0.018858 0.100921
5 24 0.127020 -0.010228 0.077898
6 24 0.106913 -0.005805 0.060081
7 24 0.086405 -0.002833 0.043234
8 24 0.064749 -0.000930 0.028174
9 24 0.045710 -0.000127 0.015580
10 24 0.028048 0.000333 0.003123
11 24 0.009345 0.001193 -0.008956
12 24 -0.008118 0.002262 -0.018968
13 24 -0.023459 0.002882 -0.028017
14 24 -0.038374 0.002790 -0.036736
15 24 -0.051168 0.002241 -0.042935
16 24 -0.058901 0.001642 -0.045902
17 24 -0.063291 0.001257 -0.047980
18 24 -0.067723 0.001128 -0.050223
19 24 -0.071284 0.001137 -0.050631
20 24 -0.070733 0.001141 -0.047816
21 24 -0.066194 0.001079 -0.043380
22 24 -0.060949 0.000972 -0.039441
23 24 -0.056517 0.000855 -0.035678
24 24 -0.050825 0.000727 -0.030121
25 24 -0.041505 0.000571 -0.022049
26 24 -0.029256 0.000393 -0.013054
27 24 -0.017212 0.000222 -0.005351
28 24 -0.007741 0.000084 0.000338
29 24 -0.000475 -0.000019 0.005133
30 24 0.006809 -0.000108 0.010646
31 24 0.015853 -0.000201 0.017456
32 24 0.026404 -0.000300 0.024666
33 24 0.036438 -0.000392 0.030572
34 24 0.043519 -0.000455 0.033704
35 24 0.046108 -0.000476 0.033507
36 24 0.044116 -0.000452 0.030415
37 24 0.038643 -0.000396 0.025474
38 24 0.031325 -0.000321 0.019861
39 24 0.023702 -0.000243 0.014520
40 24 0.016858 -0.000173 0.010014
41 24 0.011336 -0.000117 0.006550
42 24 0.007243 -0.000075 0.004080
43 24 0.004415 -0.000046 0.002430
44 24 0.002576 -0.000027 0.001388
45 24 0.001444 -0.000015 0.000763
46 24 0.000779 -0.000008 0.000405
47 24 0.000403 -0.000004 0.000212
48 24 0.000185 -0.000002 0.000134
49 24 0.000000 0.000000 0.000000

0 25 0.000000 0.000000 0.000000
1 25 0.227998 -0.192648 0.145179
2 25 0.199824 -0.119470 0.139219
3 25 0.174238 -0.071200 0.115240
4 25 0.151551 -0.044559 0.092835
5 25 0.129197 -0.029175 0.073660
6 25 0.107651 -0.019670 0.057084
7 25 0.086302 -0.013678 0.041466
8 25 0.065294 -0.009372 0.027415
9 25 0.045886 -0.005724 0.014637
10 25 0.026121 -0.002844 0.001470
11 25 0.006174 -0.001097 -0.010448
12 25 -0.009812 -0.000260 -0.019262
13 25 -0.022154 0.000418 -0.027051
14 25 -0.034876 0.001467 -0.035232
15 25 -0.047346 0.002729 -0.041650
16 25 -0.056157 0.003717 -0.045194
17 25 -0.062000 0.004215 -0.047792
18 25 -0.067486 0.004336 -0.050278
19 25 -0.071467 0.004212 -0.050678
20 25 -0.070903 0.003886 -0.047762
21 25 -0.066228 0.003425 -0.043257
22 25 -0.060885 0.002956 -0.039289
23 25 -0.056378 0.002546 -0.035492
24 25 -0.050596 0.002144 -0.029887
25 25 -0.041192 0.001675 -0.021785
26 25 -0.028914 0.001145 -0.012807
27 25 -0.016907 0.000638 -0.005152
28 25 -0.007498 0.000231 0.000493
29 25 -0.000264 -0.000074 0.005277
30 25 0.007028 -0.000338 0.010800
31 25 0.016095 -0.000617 0.017616
32 25 0.026646 -0.000915 0.024807
33 25 0.036635 -0.001188 0.030664
34 25 0.043632 -0.001373 0.033728
35 25 0.046124 -0.001428 0.033467
36 25 0.044048 -0.001353 0.030327
37 25 0.038521 -0.001179 0.025363
38 25 0.031181 -0.000954 0.019749
39 25 0.023563 -0.000721 0.014420
40 25 0.016740 -0.000513 0.009935
41 25 0.011245 -0.000345 0.006491
42 25 0.007178 -0.000221 0.004040
43 25 0.004371 -0.000135 0.002404
44 25 0.002549 -0.000079 0.001372
45 25 0.001427 -0.000044 0.000753
46 25 0.000769 -0.000024 0.000400
47 25 0.000398 -0.000012 0.000210
48 25 0.000183 -0.000006 0.000132
49 25 0.000000 0.000000 0.000000

0 26 0.000000 0.000000 0.000000
1 26 0.193412 -0.132720 0.066241
2 26 0.176782 -0.106353 0.086604
3 26 0.156860 -0.076397 0.084746
4 26 0.136142 -0.052514 0.074053
5 26 0.115605 -0.035547 0.061562
6 26 0.097281 -0.023745 0.049033
7 26 0.078069 -0.014936 0.035217
8 26 0.057523 -0.008377 0.022137
9 26 0.039363 -0.004025 0.010820
10 26 0.022374 -0.000931 -0.000678
11 26 0.004570 0.001982 -0.011794
12 26 -0.011845 0.004682 -0.021031
13 26 -0.026520 0.006602 -0.029652
14 26 -0.041084 0.007558 -0.038002
15 26 -0.053381 0.007721 -0.043726
16 26 -0.060510 0.007392 -0.046314
17 26 -0.064486 0.006961 -0.048189
18 26 -0.068593 0.006689 -0.050199
19 26 -0.071647 0.006484 -0.050253
20 26 -0.070511 0.006098 -0.047151
21 26 -0.065624 0.005482 -0.042643
22 26 -0.060305 0.004798 -0.038734
23 26 -0.055799 0.004157 -0.034906
24 26 -0.049855 0.003493 -0.029180
25 26 -0.040241 0.002703 -0.020999
26 26 -0.027894 0.001815 -0.012074
27 26 -0.016004 0.000980 -0.004565
28 26 -0.006774 0.000318 0.000956
29 26 0.000367 -0.000178 0.005705
30 26 0.007688 -0.000613 0.011261
31 26 0.016824 -0.001077 0.018096
32 26 0.027368 -0.001573 0.025225
33 26 0.037216 -0.002017 0.030930
34 26 0.043959 -0.002308 0.033793
35 26 0.046161 -0.002382 0.033339
36 26 0.043836 -0.002242 0.030061
37 26 0.038151 -0.001942 0.025030
38 26 0.030749 -0.001562 0.019412
39 26 0.023148 -0.001175 0.014124
40 26 0.016388 -0.000832 0.009700
41 26 0.010974 -0.000558 0.006319
42 26 0.006984 -0.000355 0.003921
43 26 0.004242 -0.000216 0.002327
44 26 0.002467 -0.000126 0.001325
45 26 0.001378 -0.000070 0.000726
46 26 0.000741 -0.000038 0.000384
47 26 0.000382 -0.000020 0.000201
48 26 0.000176 -0.000009 0.000127
49 26 0.000000 0.000000 0.000000

0 27 0.000000 0.000000 0.000000
1 27 0.156679 -0.088379 0.033559
2 27 0.151524 -0.080745 0.052341
3 27 0.139628 -0.066228 0.057879
4 27 0.124203 -0.051421 0.054803
5 27 0.106472 -0.038202 0.047445
6 27 0.088023 -0.027186 0.037852
7 27 0.068578 -0.018610 0.026685
8 27 0.049632 -0.011852 0.016055
9 27 0.032446 -0.006144 0.005696
10 27 0.014250 -0.001330 -0.005823
11 27 -0.004358 0.002147 -0.016249
12 27 -0.018865 0.004117 -0.023803
13 27 -0.029927 0.005334 -0.030665
14 27 -0.041314 0.006677 -0.037812
15 27 -0.051966 0.008139 -0.043030
16 27 -0.059041 0.009197 -0.045740
17 27 -0.063912 0.009677 -0.047971
18 27 -0.068809 0.009746 -0.050056
19 27 -0.071897 0.009444 -0.049811
20 27 -0.070286 0.008701 -0.046382
21 27 -0.065016 0.007654 -0.041775
22 27 -0.059570 0.006598 -0.037871
23 27 -0.054910 0.005659 -0.033931
24 27 -0.048611 0.004703 -0.027987
25 27 -0.038630 0.003577 -0.019685
26 27 -0.026188 0.002336 -0.010866
27 27 -0.014514 0.001196 -0.003606
28 27 -0.005584 0.000307 0.001714
29 27 0.001413 -0.000361 0.006417
30 27 0.008794 -0.000963 0.012030
31 27 0.018042 -0.001613 0.018890
32 27 0.028562 -0.002299 0.025905
33 27 0.038157 -0.002899 0.031348
34 27 0.044467 -0.003271 0.033873
35 27 0.046185 -0.003336 0.033103
36 27 0.043455 -0.003106 0.029602
37 27 0.037516 -0.002666 0.024469
38 27 0.030025 -0.002126 0.018853
39 27 0.022460 -0.001588 0.013637
40 27 0.015810 -0.001117 0.009315
41 27 0.010532 -0.000744 0.006038
42 27 0.006670 -0.000471 0.003730
43 27 0.004033 -0.000285 0.002204
44 27 0.002336 -0.000165 0.001250
45 27 0.001300 -0.000092 0.000682
46 27 0.000697 -0.000049 0.000360
47 27 0.000358 -0.000025 0.000188
48 27 0.000164 -0.000012 0.000118
49 27 0.000000 0.000000 0.000000

0 28 0.000000 0.000000 0.000000
1 28 0.119864 -0.059261 0.017339
2 28 0.117178 -0.057731 0.030273
3 28 0.109425 -0.049778 0.036396
4 28 0.097496 -0.039159 0.035778
5 28 0.083250 -0.028791 0.031818
6 28 0.069578 -0.020016 0.025651
7 28 0.054077 -0.012250 0.016766
8 28 0.036985 -0.005496 0.007579
9 28 0.021372 -0.000500 -0.001133
10 28 0.006192 0.003157 -0.010452
11 28 -0.008969 0.006438 -0.019061
12 28 -0.022233 0.009488 -0.026261
13 28 -0.034890 0.011987 -0.033749
14 28 -0.048278 0.013650 -0.041042
15 28 -0.059037 0.014226 -0.045465
16 28 -0.064552 0.013818 -0.047129
17 28 -0.067547 0.013036 -0.048530
18 28 -0.070764 0.012364 -0.049852
19 28 -0.072287 0.011682 -0.048866
20 28 -0.069477 0.010675 -0.045010
21 28 -0.063714 0.009387 -0.040391
22 28 -0.058259 0.008116 -0.036578
23 28 -0.053491 0.006958 -0.032510
24 28 -0.046750 0.005722 -0.026281
25 28 -0.036312 0.004250 -0.017849
26 28 -0.023805 0.002664 -0.009216
27 28 -0.012474 0.001247 -0.002311
28 28 -0.003958 0.000167 0.002747
29 28 0.002871 -0.000653 0.007408
30 28 0.010356 -0.001415 0.013108
31 28 0.019753 -0.002251 0.019987
32 28 0.030205 -0.003118 0.026819
33 28 0.039412 -0.003848 0.031878
34 28 0.045097 -0.004264 0.033927
35 28 0.046140 -0.004281 0.032724
36 28 0.042862 -0.003932 0.028932
37 28 0.036596 -0.003334 0.023674
38 28 0.029002 -0.002630 0.018076
39 28 0.021505 -0.001945 0.012968
40 28 0.015018 -0.001356 0.008791
41 28 0.009931 -0.000896 0.005660
42 28 0.006248 -0.000563 0.003474
43 28 0.003754 -0.000338 0.002041
44 28 0.002162 -0.000195 0.001151
45 28 0.001197 -0.000108 0.000625
46 28 0.000638 -0.000057 0.000328
47 28 0.000327 -0.000029 0.000170
48 28 0.000149 -0.000013 0.000106
49 28 0.000000 0.000000 0.000000

0 29 0.000000 0.000000 0.000000
1 29 0.083714 -0.029118 0.008389
2 29 0.087502 -0.033199 0.016049
3 29 0.084342 -0.032050 0.020343
4 29 0.075758 -0.027659 0.020710
5 29 0.064454 -0.021500 0.018472
6 29 0.051292 -0.014563 0.013239
7 29 0.035495 -0.007926 0.005895
8 29 0.020520 -0.002399 -0.000896
9 29 0.007457 0.002341 -0.008207
10 29 -0.007476 0.006885 -0.017253
11 29 -0.023047 0.010576 -0.025269
12 29 -0.034863 0.012550 -0.031051
13 29 -0.044055 0.013345 -0.036623
14 29 -0.053118 0.014002 -0.041907
15 29 -0.060195 0.014666 -0.044915
16 29 -0.063981 0.015018 -0.046227
17 29 -0.067067 0.015072 -0.047835
18 29 -0.070676 0.014885 -0.049058
19 29 -0.071841 0.014199 -0.047566
20 29 -0.068303 0.012845 -0.043341
21 29 -0.062188 0.011136 -0.038731
22 29 -0.056702 0.009518 -0.034961
23 29 -0.051655 0.008060 -0.030650
24 29 -0.044256 0.006489 -0.024046
25 29 -0.033262 0.004649 -0.015502
26 29 -0.020762 0.002738 -0.007162
27 29 -0.009927 0.001095 -0.000723
28 29 -0.001926 -0.000131 0.004035
29 29 0.004740 -0.001078 0.008679
30 29 0.012389 -0.001999 0.014494
31 29 0.021956 -0.003019 0.021368
32 29 0.032263 -0.004050 0.027924
33 29 0.040911 -0.004872 0.032461
34 29 0.045764 -0.005282 0.033896
35 29 0.045950 -0.005203 0.032161
36 29 0.042005 -0.004699 0.028026
37 29 0.035364 -0.003925 0.022640
38 29 0.027680 -0.003055 0.017089
39 29 0.020296 -0.002232 0.012132
40 29 0.014030 -0.001539 0.008147
41 29 0.009193 -0.001006 0.005198
42 29 0.005734 -0.000627 0.003165
43 29 0.003418 -0.000373 0.001845
44 29 0.001954 -0.000213 0.001033
45 29 0.001074 -0.000117 0.000557
46 29 0.000569 -0.000062 0.000291
47 29 0.000289 -0.000031 0.000150
48 29 0.000132 -0.000014 0.000093
49 29 0.000000 0.000000 0.000000

0 30 0.000000 0.000000 0.000000
1 30 0.043893 -0.005899 0.002626
2 30 0.048124 -0.009499 0.005948
3 30 0.048540 -0.010016 0.008161
4 30 0.044595 -0.007972 0.007815
5 30 0.037510 -0.004536 0.005990
6 30 0.029111 -0.001031 0.002355
7 30 0.018508 0.002739 -0.003027
8 30 0.006936 0.006763 -0.008732
9 30 -0.004924 0.010277 -0.015315
10 30 -0.017734 0.012969 -0.022416
11 30 -0.028934 0.014981 -0.027875
12 30 -0.037390 0.016729 -0.032504
13 30 -0.046689 0.018655 -0.038373
14 30 -0.057490 0.020391 -0.043868
15 30 -0.065384 0.020995 -0.046473
16 30 -0.068809 0.020296 -0.047241
17 30 -0.070909 0.019055 -0.048189
18 30 -0.072836 0.017789 -0.048372
19 30 -0.071842 0.016288 -0.045800
20 30 -0.066655 0.014359 -0.041082
21 30 -0.059993 0.012305 -0.036563
22 30 -0.054500 0.010483 -0.032867
23 30 -0.049111 0.008805 -0.028252
24 30 -0.040951 0.006914 -0.021246
25 30 -0.029422 0.004717 -0.012674
26 30 -0.017097 0.002522 -0.004773
27 30 -0.006942 0.000716 0.001102
28 30 0.000473 -0.000604 0.005554
29 30 0.007026 -0.001661 0.010231
30 30 0.014913 -0.002742 0.016185
31 30 0.024640 -0.003942 0.023002
32 30 0.034675 -0.005108 0.029157
33 30 0.042557 -0.005968 0.033020
34 30 0.046360 -0.006309 0.033711
35 30 0.045523 -0.006078 0.031362
36 30 0.040823 -0.005382 0.026859
37 30 0.033796 -0.004416 0.021366
38 30 0.026059 -0.003384 0.015904
39 30 0.018852 -0.002437 0.011150
40 30 0.012874 -0.001658 0.007401
41 30 0.008340 -0.001071 0.004673
42 30 0.005149 -0.000660 0.002817
43 30 0.003040 -0.000389 0.001627
44 30 0.001722 -0.000220 0.000903
45 30 0.000938 -0.000120 0.000483
46 30 0.000493 -0.000063 0.000250
47 30 0.000249 -0.000032 0.000128
48 30 0.000113 -0.000014 0.000078
49 30 0.000000 0.000000 0.000000

0 31 0.000000 0.000000 0.000000
1 31 0.013309 0.015321 -0.000854
2 31 0.019805 0.008949 -0.000405
3 31 0.021057 0.005878 -0.000737
4 31 0.017177 0.005643 -0.002030
5 31 0.011873 0.006873 -0.003627
6 31 0.004659 0.009454 -0.007521
7 31 -0.005917 0.013001 -0.012712
8 31 -0.015710 0.015885 -0.017064
9 31 -0.024193 0.018018 -0.022166
10 31 -0.034371 0.020455 -0.028346
11 31 -0.044610 0.022784 -0.033505
12 31 -0.052918 0.023980 -0.037931
13 31 -0.060693 0.024075 -0.042533
14 31 -0.067187 0.023473 -0.045552
15 31 -0.069703 0.022326 -0.045967
16 31 -0.069582 0.021034 -0.045878
17 31 -0.070419 0.020067 -0.046630
18 31 -0.071667 0.019193 -0.046331
19 31 -0.069677 0.017742 -0.043160
20 31 -0.063811 0.015590 -0.038332
21 31 -0.057209 0.013281 -0.034078
22 31 -0.051844 0.011226 -0.030391
23 31 -0.045924 0.009244 -0.025331
24 31 -0.036827 0.006963 -0.017898
25 31 -0.024821 0.004402 -0.009429
26 31 -0.012896 0.001986 -0.002133
27 31 -0.003603 0.000097 0.003106
28 31 0.003210 -0.001267 0.007292
29 31 0.009749 -0.002424 0.012070
30 31 0.017946 -0.003670 0.018169
31 31 0.027777 -0.005038 0.024837
32 31 0.037350 -0.006293 0.030432
33 31 0.044217 -0.007120 0.033458
34 31 0.046750 -0.007316 0.033287
35 31 0.044752 -0.006872 0.030274
36 31 0.039256 -0.005950 0.025414
37 31 0.031873 -0.004786 0.019857
38 31 0.024154 -0.003601 0.014544
39 31 0.017202 -0.002550 0.010048
40 31 0.011580 -0.001709 0.006580
41 31 0.007404 -0.001089 0.004103
42 31 0.004516 -0.000662 0.002445
43 31 0.002636 -0.000385 0.001397
44 31 0.001478 -0.000215 0.000768
45 31 0.000797 -0.000116 0.000407
46 31 0.000415 -0.000060 0.000209
47 31 0.000208 -0.000030 0.000106
48 31 0.000094 -0.000014 0.000064
49 31 0.000000 0.000000 0.000000

0 32 0.000000 0.000000 0.000000
1 32 -0.022931 0.035168 -0.003226
2 32 -0.015168 0.030353 -0.005261
3 32 -0.010649 0.026482 -0.007121
4 32 -0.009298 0.023783 -0.008832
5 32 -0.010414 0.022466 -0.011171
6 32 -0.015191 0.022295 -0.014995
7 32 -0.021622 0.022525 -0.018455
8 32 -0.027140 0.023007 -0.021828
9 32 -0.034716 0.024289 -0.027142
10 32 -0.044526 0.025708 -0.032386
11 32 -0.051456 0.025941 -0.035320
12 32 -0.055394 0.025429 -0.037977
13 32 -0.060496 0.025516 -0.041678
14 32 -0.066173 0.026055 -0.044289
15 32 -0.069243 0.025962 -0.044915
16 32 -0.070540 0.025021 -0.045342
17 32 -0.072141 0.023665 -0.045908
18 32 -0.072277 0.021862 -0.044495
19 32 -0.068137 0.019342 -0.040271
20 32 -0.060863 0.016401 -0.035224
21 32 -0.054019 0.013700 -0.031191
22 32 -0.048517 0.011428 -0.027377
23 32 -0.041793 0.009156 -0.021771
24 32 -0.031707 0.006504 -0.013998
25 32 -0.019463 0.003648 -0.005855
26 32 -0.008266 0.001119 0.000657
27 32 0.000001 -0.000759 0.005236
28 32 0.006272 -0.002129 0.009247
29 32 0.012943 -0.003390 0.014205
30 32 0.021498 -0.004808 0.020418
31 32 0.031304 -0.006316 0.026793
32 32 0.040153 -0.007591 0.031635
33 32 0.045722 -0.008295 0.033660
34 32 0.046777 -0.008260 0.032537
35 32 0.043530 -0.007545 0.028851
36 32 0.037252 -0.006371 0.023679
37 32 0.029591 -0.005010 0.018131
38 32 0.021989 -0.003694 0.013039
39 32 0.015384 -0.002568 0.008859
40 32 0.010190 -0.001692 0.005713
41 32 0.006419 -0.001061 0.003512
42 32 0.003861 -0.000635 0.002066
43 32 0.002225 -0.000365 0.001166
44 32 0.001232 -0.000201 0.000634
45 32 0.000658 -0.000107 0.000332
46 32 0.000339 -0.000055 0.000168
47 32 0.000168 -0.000027 0.000084
48 32 0.000075 -0.000012 0.000051
49 32 0.000000 0.000000 0.000000

0 33 0.000000 0.000000 0.000000
1 33 -0.044871 0.045682 -0.004576
2 33 -0.039827 0.041331 -0.008029
3 33 -0.037204 0.038305 -0.011392
4 33 -0.037180 0.036740 -0.014437
5 33 -0.038103 0.035627 -0.017336
6 33 -0.040535 0.034955 -0.020875
7 33 -0.044228 0.034999 -0.024252
8 33 -0.048403 0.035156 -0.027914
9 33 -0.053929 0.035047 -0.032195
10 33 -0.059065 0.034620 -0.035301
11 33 -0.062179 0.034083 -0.037542
12 33 -0.066328 0.033928 -0.041109
13 33 -0.072680 0.033788 -0.044843
14 33 -0.076673 0.032434 -0.045845
15 33 -0.075840 0.029655 -0.044733
16 33 -0.073579 0.026654 -0.044037
17 33 -0.072345 0.024241 -0.043481
18 33 -0.069779 0.021942 -0.040865
19 33 -0.063698 0.019166 -0.036133
20 33 -0.056072 0.016181 -0.031465
21 33 -0.049788 0.013538 -0.027863
22 33 -0.044295 0.011182 -0.023815
23 33 -0.036633 0.008587 -0.017601
24 33 -0.025637 0.005544 -0.009654
25 33 -0.013514 0.002469 -0.002106
26 33 -0.003386 -0.000052 0.003480
27 33 0.003782 -0.001837 0.007458
28 33 0.009677 -0.003199 0.011435
29 33 0.016653 -0.004585 0.016637
30 33 0.025554 -0.006174 0.022875
31 33 0.035104 -0.007767 0.028753
32 33 0.042893 -0.008965 0.032625
33 33 0.046866 -0.009436 0.033500
34 33 0.046276 -0.009084 0.031379
35 33 0.041756 -0.008049 0.027058
36 33 0.034777 -0.006613 0.021662
37 33 0.026967 -0.005074 0.016219
38 33 0.019608 -0.003657 0.011430
39 33 0.013451 -0.002491 0.007623
40 33 0.008750 -0.001610 0.004833
41 33 0.005421 -0.000992 0.002925
42 33 0.003211 -0.000585 0.001695
43 33 0.001824 -0.000331 0.000944
44 33 0.000997 -0.000180 0.000506
45 33 0.000525 -0.000094 0.000262
46 33 0.000267 -0.000048 0.000131
47 33 0.000131 -0.000023 0.000065
48 33 0.000058 -0.000010 0.000039
49 33 0.000000 0.000000 0.000000

0 34 0.000000 0.000000 0.000000
1 34 -0.066973 0.058577 -0.005156
2 34 -0.059556 0.053909 -0.009539
3 34 -0.055346 0.049776 -0.013793
4 34 -0.053044 0.046039 -0.016761
5 34 -0.051850 0.042919 -0.020104
6 34 -0.054297 0.041442 -0.024256
7 34 -0.057575 0.040326 -0.027246
8 34 -0.059749 0.038765 -0.030153
9 34 -0.063319 0.037862 -0.033882
10 34 -0.067522 0.037501 -0.036821
11 34 -0.070409 0.036533 -0.039059
12 34 -0.073018 0.034839 -0.041496
13 34 -0.074787 0.032737 -0.042658
14 34 -0.073347 0.030299 -0.041655
15 34 -0.070197 0.028013 -0.040579
16 34 -0.068967 0.026406 -0.040761
17 34 -0.068898 0.024965 -0.040208
18 34 -0.065883 0.022656 -0.036910
19 34 -0.058981 0.019364 -0.031985
20 34 -0.051423 0.015967 -0.027734
21 34 -0.045436 0.013082 -0.024264
22 34 -0.039322 0.010408 -0.019649
23 34 -0.030349 0.007372 -0.012810
24 34 -0.018645 0.003988 -0.004988
25 34 -0.007149 0.000858 0.001657
26 34 0.001580 -0.001497 0.006245
27 34 0.007705 -0.003123 0.009772
28 34 0.013486 -0.004495 0.013889
29 34 0.020924 -0.006035 0.019350
30 34 0.030048 -0.007771 0.025440
31 34 0.038992 -0.009359 0.030558
32 34 0.045322 -0.010351 0.033234
33 34 0.047415 -0.010469 0.032849
34 34 0.045083 -0.009718 0.029744
35 34 0.039355 -0.008334 0.024886
36 34 0.031831 -0.006648 0.019391
37 34 0.024043 -0.004966 0.014169
38 34 0.017074 -0.003493 0.009766
39 34 0.011463 -0.002327 0.006382
40 34 0.007311 -0.001473 0.003971
41 34 0.004448 -0.000891 0.002362
42 34 0.002590 -0.000516 0.001347
43 34 0.001449 -0.000287 0.000739
44 34 0.000780 -0.000154 0.000391
45 34 0.000405 -0.000080 0.000200
46 34 0.000204 -0.000040 0.000099
47 34 0.000099 -0.000019 0.000048
48 34 0.000043 -0.000008 0.000028
49 34 0.000000 0.000000 0.000000

0 35 0.000000 0.000000 0.000000
1 35 -0.082045 0.061446 -0.005344
2 35 -0.078981 0.060410 -0.010618
3 35 -0.076193 0.058687 -0.014864
4 35 -0.072280 0.056027 -0.018319
5 35 -0.070562 0.053790 -0.022743
6 35 -0.070761 0.051582 -0.026005
7 35 -0.069032 0.048479 -0.027934
8 35 -0.068748 0.046119 -0.031383
9 35 -0.071853 0.044870 -0.034970
10 35 -0.073318 0.042760 -0.036307
11 35 -0.072225 0.039760 -0.037234
12 35 -0.072493 0.037598 -0.039151
13 35 -0.073818 0.036282 -0.040239
14 35 -0.073424 0.034545 -0.039846
15 35 -0.072103 0.032119 -0.039549
16 35 -0.071274 0.029378 -0.039272
17 35 -0.068706 0.026116 -0.036932
18 35 -0.062016 0.022085 -0.032143
19 35 -0.053081 0.017896 -0.027119
20 35 -0.045547 0.014411 -0.023437
21 35 -0.039783 0.011631 -0.019967
22 35 -0.032831 0.008796 -0.014700
23 35 -0.022697 0.005425 -0.007492
24 35 -0.010910 0.001886 -0.000242
25 35 -0.000683 -0.001080 0.005230
26 35 0.006451 -0.003137 0.008891
27 35 0.011786 -0.004601 0.012220
28 35 0.017791 -0.006042 0.016639
29 35 0.025762 -0.007759 0.022281
30 35 0.034827 -0.009576 0.027952
31 35 0.042691 -0.011019 0.032003
32 35 0.047136 -0.011650 0.033281
33 35 0.047129 -0.011296 0.031593
34 35 0.043063 -0.010090 0.027594
35 35 0.036294 -0.008356 0.022355
36 35 0.028452 -0.006459 0.016922
37 35 0.020896 -0.004689 0.012045
38 35 0.014466 -0.003213 0.008106
39 35 0.009489 -0.002089 0.005182
40 35 0.005924 -0.001294 0.003160
41 35 0.003534 -0.000767 0.001845
42 35 0.002021 -0.000435 0.001034
43 35 0.001111 -0.000238 0.000558
44 35 0.000589 -0.000125 0.000290
45 35 0.000301 -0.000064 0.000146
46 35 0.000149 -0.000031 0.000071
47 35 0.000071 -0.000015 0.000034
48 35 0.000031 -0.000007 0.000020
49 35 0.000000 0.000000 0.000000

0 36 0.000000 0.000000 0.000000
1 36 -0.083512 0.060417 -0.005092
2 36 -0.082115 0.059019 -0.010038
3 36 -0.080765 0.057344 -0.014141
4 36 -0.080024 0.055942 -0.018703
5 36 -0.081047 0.054843 -0.022932
6 36 -0.080344 0.052909 -0.025435
7 36 -0.079167 0.051024 -0.028671
8 36 -0.081133 0.049955 -0.032707
9 36 -0.082140 0.047949 -0.034385
10 36 -0.079419 0.044712 -0.034786
11 36 -0.078139 0.042339 -0.036977
12 36 -0.080115 0.040921 -0.039367
13 36 -0.079946 0.038264 -0.038985
14 36 -0.075357 0.033863 -0.036913
15 36 -0.070076 0.029423 -0.035481
16 36 -0.065962 0.025891 -0.033963
17 36 -0.060520 0.022568 -0.030538
18 36 -0.052567 0.018919 -0.025850
19 36 -0.044660 0.015436 -0.021954
20 36 -0.038825 0.012569 -0.019045
21 36 -0.033336 0.009871 -0.015217
22 36 -0.025176 0.006636 -0.009179
23 36 -0.014095 0.002880 -0.001959
24 36 -0.002932 -0.000636 0.004275
25 36 0.005523 -0.003232 0.008462
26 36 0.011151 -0.004925 0.011446
27 36 0.016150 -0.006293 0.014889
28 36 0.022702 -0.007879 0.019689
29 36 0.031093 -0.009754 0.025294
30 36 0.039613 -0.011520 0.030179
31 36 0.045826 -0.012631 0.032848
32 36 0.047994 -0.012733 0.032592
33 36 0.045787 -0.011811 0.029655
34 36 0.040135 -0.010131 0.024938
35 36 0.032601 -0.008088 0.019527
36 36 0.024728 -0.006047 0.014334
37 36 0.017628 -0.004259 0.009923
38 36 0.011878 -0.002839 0.006510
39 36 0.007601 -0.001799 0.004066
40 36 0.004639 -0.001089 0.002427
41 36 0.002709 -0.000631 0.001388
42 36 0.001519 -0.000351 0.000764
43 36 0.000820 -0.000188 0.000405
44 36 0.000427 -0.000097 0.000207
45 36 0.000215 -0.000049 0.000103
46 36 0.000105 -0.000024 0.000049
47 36 0.000050 -0.000011 0.000023
48 36 0.000021 -0.000005 0.000013
49 36 0.000000 0.000000 0.000000

0 37 0.000000 0.000000 0.000000
1 37 -0.088021 0.059964 -0.004678
2 37 -0.086051 0.059892 -0.009010
3 37 -0.083351 0.058459 -0.013179
4 37 -0.081788 0.056565 -0.017401
5 37 -0.080237 0.054052 -0.020445
6 37 -0.078136 0.051345 -0.023328
7 37 -0.078278 0.049322 -0.027020
8 37 -0.078807 0.047002 -0.029246
9 37 -0.076321 0.043767 -0.029849
10 37 -0.074225 0.041129 -0.031695
11 37 -0.075267 0.039366 -0.034174
12 37 -0.074573 0.036483 -0.033901
13 37 -0.068709 0.032013 -0.031292
14 37 -0.062188 0.028103 -0.029805
15 37 -0.059399 0.025997 -0.029894
16 37 -0.057742 0.024282 -0.028715
17 37 -0.052819 0.021299 -0.025034
18 37 -0.045150 0.017315 -0.020751
19 37 -0.038193 0.013588 -0.017541
20 37 -0.032644 0.010465 -0.014475
21 37 -0.025848 0.007249 -0.009684
22 37 -0.015985 0.003475 -0.003065
23 37 -0.004664 -0.000387 0.003517
24 37 0.004904 -0.003482 0.008304
25 37 0.011254 -0.005487 0.011311
26 37 0.015774 -0.006841 0.014026
27 37 0.021002 -0.008243 0.017865
28 37 0.028260 -0.010031 0.022962
29 37 0.036682 -0.011965 0.028151
30 37 0.043978 -0.013468 0.031820
31 37 0.047945 -0.014025 0.032843
32 37 0.047565 -0.013450 0.031032
33 37 0.043235 -0.011911 0.027018
34 37 0.036304 -0.009795 0.021839
35 37 0.028379 -0.007526 0.016503
36 37 0.020795 -0.005434 0.011731
37 37 0.014369 -0.003707 0.007886
38 37 0.009411 -0.002401 0.005037
39 37 0.005867 -0.001481 0.003070
40 37 0.003496 -0.000874 0.001791
41 37 0.001997 -0.000495 0.001003
42 37 0.001097 -0.000270 0.000541
43 37 0.000581 -0.000142 0.000282
44 37 0.000297 -0.000072 0.000142
45 37 0.000147 -0.000035 0.000069
46 37 0.000071 -0.000017 0.000033
47 37 0.000033 -0.000008 0.000015
48 37 0.000014 -0.000003 0.000008
49 37 0.000000 0.000000 0.000000

0 38 0.000000 0.000000 0.000000
1 38 -0.080260 0.048847 -0.003874
2 38 -0.083123 0.051863 -0.007838
3 38 -0.084397 0.053629 -0.011942
4 38 -0.084410 0.054043 -0.015528
5 38 -0.082798 0.053188 -0.018534
6 38 -0.081321 0.051808 -0.021803
7 38 -0.080268 0.049857 -0.024370
8 38 -0.077488 0.046988 -0.025533
9 38 -0.074410 0.044147 -0.027048
10 38 -0.073573 0.041855 -0.029161
11 38 -0.072182 0.038912 -0.029429
12 38 -0.067128 0.034903 -0.027681
13 38 -0.061710 0.031459 -0.026860
14 38 -0.060098 0.029480 -0.027779
15 38 -0.059723 0.027358 -0.027501
16 38 -0.055027 0.023287 -0.023936
17 38 -0.045636 0.017804 -0.018814
18 38 -0.036205 0.012895 -0.014882
19 38 -0.029623 0.009462 -0.012233
20 38 -0.023903 0.006645 -0.008753
21 38 -0.015820 0.003321 -0.003234
22 38 -0.005285 -0.000514 0.003160
23 38 0.004790 -0.003950 0.008363
24 38 0.011906 -0.006286 0.011586
25 38 0.016365 -0.007695 0.013861
26 38 0.020560 -0.008914 0.016814
27 38 0.026543 -0.010517 0.021172
28 38 0.034339 -0.012475 0.026244
29 38 0.042076 -0.014250 0.030495
30 38 0.047344 -0.015209 0.032533
31 38 0.048567 -0.014995 0.031774
32 38 0.045587 -0.013650 0.028543
33 38 0.039436 -0.011521 0.023747
34 38 0.031682 -0.009070 0.018426
35 38 0.023805 -0.006698 0.013421
36 38 0.016832 -0.004665 0.009227
37 38 0.011260 -0.003079 0.006017
38 38 0.007159 -0.001935 0.003737
39 38 0.004344 -0.001161 0.002220
40 38 0.002524 -0.000668 0.001264
41 38 0.001409 -0.000369 0.000693
42 38 0.000757 -0.000197 0.000366
43 38 0.000393 -0.000101 0.000187
44 38 0.000197 -0.000050 0.000092
45 38 0.000096 -0.000024 0.000044
46 38 0.000045 -0.000011 0.000021
47 38 0.000021 -0.000005 0.000009
48 38 0.000009 -0.000002 0.000005
49 38 0.000000 0.000000 0.000000

0 39 0.000000 0.000000 0.000000
1 39 -0.063520 0.037274 -0.002840
2 39 -0.066923 0.039393 -0.006007
3 39 -0.070008 0.041066 -0.009297
4 39 -0.072173 0.042144 -0.012361
5 39 -0.073548 0.042704 -0.015458
6 39 -0.074538 0.042703 -0.018318
7 39 -0.074135 0.041818 -0.020270
8 39 -0.072560 0.040359 -0.021963
9 39 -0.071496 0.038760 -0.023866
10 39 -0.070013 0.036510 -0.024690
11 39 -0.066070 0.033305 -0.023970
12 39 -0.061328 0.030089 -0.023466
13 39 -0.058628 0.027472 -0.023910
14 39 -0.056217 0.024367 -0.023169
15 39 -0.049773 0.019621 -0.019482
16 39 -0.039234 0.014058 -0.014391
17 39 -0.029390 0.009675 -0.010758
18 39 -0.023614 0.007222 -0.009032
19 39 -0.019955 0.005476 -0.006985
20 39 -0.014180 0.002857 -0.002704
21 39 -0.004923 -0.000879 0.003235
22 39 0.005253 -0.004656 0.008661
23 39 0.013054 -0.007371 0.012150
24 39 0.017708 -0.008890 0.014199
25 39 0.021181 -0.009937 0.016429
26 39 0.025957 -0.011295 0.019994
27 39 0.032848 -0.013161 0.024675
28 39 0.040518 -0.015083 0.029143
29 39 0.046573 -0.016354 0.031880
30 39 0.049044 -0.016465 0.031996
31 39 0.047278 -0.015323 0.029519
32 39 0.041951 -0.013217 0.025183
33 39 0.034510 -0.010620 0.020001
34 39 0.026503 -0.007994 0.014884
35 39 0.019123 -0.005669 0.010439
36 39 0.013035 -0.003805 0.006934
37 39 0.008435 -0.002428 0.004383
38 39 0.005202 -0.001479 0.002645
39 39 0.003069 -0.000862 0.001530
40 39 0.001738 -0.000483 0.000850
41 39 0.000947 -0.000261 0.000455
42 39 0.000498 -0.000136 0.000235
43 39 0.000253 -0.000068 0.000118
44 39 0.000124 -0.000033 0.000057
45 39 0.000059 -0.000016 0.000027
46 39 0.000028 -0.000007 0.000012
47 39 0.000012 -0.000003 0.000006
48 39 0.000005 -0.000001 0.000003
49 39 0.000000 0.000000 0.000000

0 40 0.000000 0.000000 0.000000
1 40 -0.052651 0.028468 -0.002038
2 40 -0.055239 0.031238 -0.004356
3 40 -0.056715 0.032631 -0.006707
4 40 -0.057502 0.033082 -0.009051
5 40 -0.058067 0.032938 -0.011360
6 40 -0.058149 0.032241 -0.013269
7 40 -0.057480 0.031098 -0.014841
8 40 -0.056678 0.029744 -0.016374
9 40 -0.055537 0.028004 -0.017341
10 40 -0.052907 0.025646 -0.017288
11 40 -0.049285 0.023072 -0.016982
12 40 -0.046235 0.020660 -0.016947
13 40 -0.043018 0.017910 -0.016060
14 40 -0.037240 0.014279 -0.013272
15 40 -0.029166 0.010451 -0.009699
16 40 -0.022356 0.007757 -0.007438
17 40 -0.019105 0.006421 -0.006710
18 40 -0.017237 0.005107 -0.005444
19 40 -0.012585 0.002376 -0.001747
20 40 -0.003708 -0.001788 0.003956
21 40 0.006779 -0.006050 0.009477
22 40 0.015114 -0.009064 0.013082
23 40 0.019877 -0.010571 0.014923
24 40 0.022726 -0.011358 0.016550
25 40 0.026397 -0.012402 0.019372
26 40 0.032292 -0.014092 0.023541
27 40 0.039571 -0.016058 0.027958
28 40 0.045965 -0.017541 0.031089
29 40 0.049272 -0.017902 0.031843
30 40 0.048455 -0.016928 0.030000
31 40 0.043861 -0.014841 0.026119
32 40 0.036775 -0.012116 0.021147
33 40 0.028756 -0.009260 0.016025
34 40 0.021102 -0.006661 0.011431
35 40 0.014614 -0.004533 0.007716
36 40 0.009598 -0.002930 0.004950
37 40 0.006004 -0.001807 0.003030
38 40 0.003590 -0.001066 0.001776
39 40 0.002058 -0.000604 0.001000
40 40 0.001135 -0.000329 0.000542
41 40 0.000603 -0.000173 0.000283
42 40 0.000310 -0.000088 0.000143
43 40 0.000154 -0.000043 0.000070
44 40 0.000074 -0.000021 0.000033
45 40 0.000035 -0.000010 0.000015
46 40 0.000016 -0.000004 0.000007
47 40 0.000007 -0.000002 0.000003
48 40 0.000003 -0.000001 0.000002
49 40 0.000000 0.000000 0.000000

0 41 0.000000 0.000000 0.000000
1 41 -0.034324 0.012134 -0.001183
2 41 -0.040742 0.017511 -0.002793
3 41 -0.044889 0.021410 -0.004583
4 41 -0.047201 0.023871 -0.006416
5 41 -0.048103 0.025055 -0.008083
6 41 -0.047828 0.025187 -0.009469
7 41 -0.046850 0.024583 -0.010676
8 41 -0.045432 0.023410 -0.011555
9 41 -0.043221 0.021696 -0.011834
10 41 -0.040316 0.019671 -0.011757
11 41 -0.037456 0.017600 -0.011633
12 41 -0.034486 0.015343 -0.011020
13 41 -0.030316 0.012674 -0.009391
14 41 -0.025083 0.009929 -0.007315
15 41 -0.020652 0.007723 -0.005912
16 41 -0.017984 0.005959 -0.005119
17 41 -0.015174 0.003642 -0.003401
18 41 -0.009259 -0.000050 0.000519
19 41 0.000338 -0.004731 0.006067
20 41 0.010892 -0.009017 0.011241
21 41 0.018870 -0.011715 0.014461
22 41 0.022990 -0.012754 0.015856
23 41 0.024940 -0.013071 0.016923
24 41 0.027580 -0.013759 0.019139
25 41 0.032577 -0.015273 0.022829
26 41 0.039361 -0.017244 0.027057
27 41 0.045772 -0.018851 0.030326
28 41 0.049505 -0.019360 0.031453
29 41 0.049282 -0.018469 0.030057
30 41 0.045208 -0.016355 0.026554
31 41 0.038422 -0.013492 0.021811
32 41 0.030445 -0.010421 0.016761
33 41 0.022632 -0.007575 0.012118
34 41 0.015870 -0.005207 0.008286
35 41 0.010549 -0.003400 0.005382
36 41 0.006675 -0.002117 0.003334
37 41 0.004036 -0.001261 0.001977
38 41 0.002339 -0.000721 0.001125
39 41 0.001303 -0.000397 0.000616
40 41 0.000699 -0.000210 0.000326
41 41 0.000363 -0.000108 0.000166
42 41 0.000182 -0.000054 0.000082
43 41 0.000089 -0.000026 0.000040
44 41 0.000042 -0.000012 0.000018
45 41 0.000019 -0.000006 0.000008
46 41 0.000009 -0.000002 0.000004
47 41 0.000004 -0.000001 0.000002
48 41 0.000002 -0.000000 0.000001
49 41 0.000000 0.000000 0.000000

0 42 0.000000 0.000000 0.000000
1 42 -0.008023 -0.005077 -0.000187
2 42 -0.015248 -0.000683 -0.000864
3 42 -0.021579 0.003456 -0.001903
4 42 -0.026639 0.006999 -0.003130
5 42 -0.030225 0.009714 -0.004356
6 42 -0.032393 0.011535 -0.005491
7 42 -0.033355 0.012490 -0.006434
8 42 -0.033157 0.012620 -0.007015
9 42 -0.031917 0.012061 -0.007240
10 42 -0.030038 0.011009 -0.007233
11 42 -0.027645 0.009512 -0.006848
12 42 -0.024372 0.007535 -0.005832
13 42 -0.020243 0.005239 -0.004380
14 42 -0.016020 0.002900 -0.002951
15 42 -0.012015 0.000455 -0.001435
16 42 -0.007135 -0.002537 0.000998
17 42 0.000026 -0.006284 0.004900
18 42 0.009178 -0.010220 0.009605
19 42 0.017959 -0.013274 0.013586
20 42 0.023827 -0.014742 0.015785
21 42 0.026253 -0.014882 0.016526
22 42 0.027099 -0.014707 0.017196
23 42 0.029034 -0.015212 0.019098
24 42 0.033527 -0.016712 0.022497
25 42 0.039954 -0.018731 0.026507
26 42 0.046190 -0.020384 0.029708
27 42 0.049948 -0.020898 0.030932
28 42 0.049894 -0.019951 0.029749
29 42 0.046029 -0.017714 0.026490
30 42 0.039395 -0.014673 0.021951
31 42 0.031462 -0.011391 0.017025
32 42 0.023584 -0.008330 0.012427
33 42 0.016681 -0.005763 0.008579
34 42 0.011185 -0.003789 0.005626
35 42 0.007140 -0.002375 0.003519
36 42 0.004354 -0.001425 0.002106
37 42 0.002545 -0.000821 0.001210
38 42 0.001430 -0.000455 0.000669
39 42 0.000774 -0.000243 0.000356
40 42 0.000405 -0.000126 0.000184
41 42 0.000205 -0.000063 0.000092
42 42 0.000100 -0.000030 0.000044
43 42 0.000048 -0.000014 0.000021
44 42 0.000022 -0.000007 0.000010
45 42 0.000010 -0.000003 0.000004
46 42 0.000004 -0.000001 0.000002
47 42 0.000002 -0.000001 0.000001
48 42 0.000001 -0.000000 0.000000
49 42 0.000000 0.000000 0.000000

0 43 0.000000 0.000000 0.000000
1 43 0.009040 -0.014143 0.000506
2 43 0.005098 -0.011898 0.000690
3 43 0.001194 -0.009824 0.000588
4 43 -0.002502 -0.007901 0.000276
5 43 -0.005740 -0.006203 -0.000159
6 43 -0.008324 -0.004829 -0.000625
7 43 -0.010070 -0.003880 -0.000989
8 43 -0.010856 -0.003415 -0.001159
9 43 -0.010730 -0.003420 -0.001116
10 43 -0.009747 -0.003888 -0.000777
11 43 -0.007807 -0.004822 -0.000007
12 43 -0.004921 -0.006144 0.001172
13 43 -0.001409 -0.007703 0.002596
14 43 0.002526 -0.009451 0.004299
15 43 0.007205 -0.011460 0.006580
16 43 0.012962 -0.013655 0.009542
17 43 0.019213 -0.015601 0.012646
18 43 0.024419 -0.016724 0.014992
19 43 0.027291 -0.016823 0.016110
20 43 0.028055 -0.016352 0.016481
21 43 0.028475 -0.016164 0.017224
22 43 0.030590 -0.016922 0.019255
23 43 0.035249 -0.018649 0.022602
24 43 0.041544 -0.020728 0.026377
25 43 0.047399 -0.022265 0.029292
26 43 0.050718 -0.022552 0.030316
27 43 0.050328 -0.021336 0.029083
28 43 0.046287 -0.018835 0.025906
29 43 0.039605 -0.015556 0.021522
30 43 0.031689 -0.012070 0.016762
31 43 0.023834 -0.008836 0.012300
32 43 0.016934 -0.006128 0.008544
33 43 0.011415 -0.004043 0.005641
34 43 0.007330 -0.002546 0.003553
35 43 0.004498 -0.001535 0.002142
36 43 0.002647 -0.000888 0.001239
37 43 0.001497 -0.000495 0.000690
38 43 0.000816 -0.000266 0.000371
39 43 0.000430 -0.000138 0.000193
40 43 0.000219 -0.000070 0.000097
41 43 0.000108 -0.000034 0.000047
42 43 0.000052 -0.000016 0.000022
43 43 0.000024 -0.000007 0.000010
44 43 0.000011 -0.000003 0.000005
45 43 0.000005 -0.000001 0.000002
46 43 0.000002 -0.000001 0.000001
47 43 0.000001 -0.000000 0.000000
48 43 0.000000 -0.000000 0.000000
49 43 0.000000 0.000000 0.000000

0 44 0.000000 0.000000 0.000000
1 44 0.019439 -0.022214 0.000889
2 44 0.015609 -0.019308 0.001516
3 44 0.012795 -0.017305 0.001960
4 44 0.010676 -0.015997 0.002278
5 44 0.009061 -0.015192 0.002518
6 44 0.007885 -0.014752 0.002739
7 44 0.007179 -0.014596 0.003005
8 44 0.006984 -0.014663 0.003361
9 44 0.007331 -0.014921 0.003861
10 44 0.008290 -0.015352 0.004581
11 44 0.009884 -0.015920 0.005544
12 44 0.011997 -0.016553 0.006705
13 44 0.014488 -0.017203 0.008051
14 44 0.017356 -0.017856 0.009650
15 44 0.020572 -0.018448 0.011471
16 44 0.023743 -0.018805 0.013229
17 44 0.026176 -0.018765 0.014541
18 44 0.027506 -0.018412 0.015335
19 44 0.028268 -0.018164 0.016060
20 44 0.029736 -0.018540 0.017436
21 44 0.033047 -0.019795 0.019913
22 44 0.038315 -0.021683 0.023268
23 44 0.044390 -0.023534 0.026646
24 44 0.049406 -0.024571 0.028985
25 44 0.051680 -0.024261 0.029498
26 44 0.050395 -0.022498 0.027966
27 44 0.045790 -0.019572 0.024731
28 44 0.038881 -0.016004 0.020472
29 44 0.030981 -0.012339 0.015930
30 44 0.023267 -0.009002 0.011704
31 44 0.016540 -0.006236 0.008153
32 44 0.011173 -0.004115 0.005404
33 44 0.007196 -0.002596 0.003420
34 44 0.004434 -0.001569 0.002073
35 44 0.002621 -0.000911 0.001206
36 44 0.001490 -0.000510 0.000676
37 44 0.000817 -0.000275 0.000365
38 44 0.000432 -0.000144 0.000191
39 44 0.000222 -0.000073 0.000097
40 44 0.000110 -0.000036 0.000047
41 44 0.000053 -0.000017 0.000023
42 44 0.000025 -0.000008 0.000011
43 44 0.000011 -0.000004 0.000005
44 44 0.000005 -0.000002 0.000002
45 44 0.000002 -0.000001 0.000001
46 44 0.000001 -0.000000 0.000000
47 44 0.000000 -0.000000 0.000000
48 44 0.000000 -0.000000 0.000000
49 44 0.000000 0.000000 0.000000

0 45 0.000000 0.000000 0.000000
1 45 0.035265 -0.035422 0.001296
2 45 0.028862 -0.031771 0.002234
3 45 0.023674 -0.028761 0.002909
4 45 0.019703 -0.026511 0.003413
5 45 0.016821 -0.024985 0.003826
6 45 0.014871 -0.024064 0.004215
7 45 0.013709 -0.023596 0.004632
8 45 0.013219 -0.023436 0.005117
9 45 0.013325 -0.023464 0.005714
10 45 0.013975 -0.023581 0.006449
11 45 0.015087 -0.023705 0.007322
12 45 0.016570 -0.023780 0.008326
13 45 0.018373 -0.023787 0.009478
14 45 0.020450 -0.023719 0.010764
15 45 0.022658 -0.023560 0.012093
16 45 0.024802 -0.023335 0.013366
17 45 0.026889 -0.023179 0.014641
18 45 0.029314 -0.023336 0.016190
19 45 0.032686 -0.024011 0.018332
20 45 0.037322 -0.025172 0.021134
21 45 0.042815 -0.026467 0.024227
22 45 0.048015 -0.027330 0.026890
23 45 0.051481 -0.027217 0.028355
24 45 0.052093 -0.025832 0.028127
25 45 0.049485 -0.023228 0.026161
26 45 0.044101 -0.019748 0.022829
27 45 0.036941 -0.015882 0.018736
28 45 0.029171 -0.012104 0.014508
29 45 0.021789 -0.008763 0.010638
30 45 0.015447 -0.006042 0.007410
31 45 0.010427 -0.003979 0.004920
32 45 0.006723 -0.002508 0.003123
33 45 0.004151 -0.001518 0.001900
34 45 0.002461 -0.000883 0.001111
35 45 0.001405 -0.000495 0.000626
36 45 0.000773 -0.000268 0.000340
37 45 0.000411 -0.000141 0.000179
38 45 0.000212 -0.000071 0.000091
39 45 0.000106 -0.000035 0.000045
40 45 0.000051 -0.000017 0.000022
41 45 0.000024 -0.000008 0.000010
42 45 0.000011 -0.000004 0.000005
43 45 0.000005 -0.000002 0.000002
44 45 0.000002 -0.000001 0.000001
45 45 0.000001 -0.000000 0.000000
46 45 0.000000 -0.000000 0.000000
47 45 0.000000 -0.000000 0.000000
48 45 0.000000 -0.000000 0.000000
49 45 0.000000 0.000000 0.000000

0 46 0.000000 0.000000 0.000000
1 46 0.050990 -0.047551 0.001659
2 46 0.044919 -0.046509 0.002969
3 46 0.038660 -0.045025 0.003931
4 46 0.032792 -0.043455 0.004600
5 46 0.027675 -0.042016 0.005059
6 46 0.023493 -0.040808 0.005397
7 46 0.020307 -0.039845 0.005694
8 46 0.018106 -0.039090 0.006024
9 46 0.016841 -0.038484 0.006447
10 46 0.016439 -0.037960 0.007006
11 46 0.016818 -0.037462 0.007731
12 46 0.017909 -0.036956 0.008654
13 46 0.019659 -0.036425 0.009797
14 46 0.021999 -0.035864 0.011153
15 46 0.024850 -0.035294 0.012715
16 46 0.028195 -0.034770 0.014515
17 46 0.032107 -0.034365 0.016629
18 46 0.036633 -0.034094 0.019085
19 46 0.041566 -0.033833 0.021735
20 46 0.046291 -0.033308 0.024193
21 46 0.049871 -0.032176 0.025927
22 46 0.051363 -0.030174 0.026454
23 46 0.050189 -0.027236 0.025537
24 46 0.046360 -0.023531 0.023262
25 46 0.040445 -0.019399 0.019995
26 46 0.033356 -0.015245 0.016242
27 46 0.026056 -0.011424 0.012496
28 46 0.019324 -0.008171 0.009131
29 46 0.013642 -0.005588 0.006353
30 46 0.009191 -0.003660 0.004221
31 46 0.005925 -0.002301 0.002685
32 46 0.003663 -0.001390 0.001638
33 46 0.002177 -0.000809 0.000962
34 46 0.001246 -0.000455 0.000544
35 46 0.000688 -0.000247 0.000297
36 46 0.000368 -0.000130 0.000157
37 46 0.000190 -0.000066 0.000080
38 46 0.000095 -0.000033 0.000040
39 46 0.000047 -0.000016 0.000019
40 46 0.000022 -0.000007 0.000009
41 46 0.000010 -0.000003 0.000004
42 46 0.000005 -0.000001 0.000002
43 46 0.000002 -0.000001 0.000001
44 46 0.000001 -0.000000 0.000000
45 46 0.000000 -0.000000 0.000000
46 46 0.000000 -0.000000 0.000000
47 46 0.000000 -0.000000 0.000000
48 46 0.000000 -0.000000 0.000000
49 46 0.000000 0.000000 0.000000

0 47 0.000000 0.000000 0.000000
1 47 0.051516 -0.052097 0.001605
2 47 0.048875 -0.055730 0.003027
3 47 0.044824 -0.058209 0.004171
4 47 0.040032 -0.059714 0.005015
5 47 0.035089 -0.060451 0.005593
6 47 0.030459 -0.060612 0.005974
7 47 0.026470 -0.060362 0.006245
8 47 0.023329 -0.059821 0.006493
9 47 0.021144 -0.059076 0.006802
10 47 0.019954 -0.058178 0.007242
11 47 0.019752 -0.057152 0.007874
12 47 0.020506 -0.056005 0.008747
13 47 0.022155 -0.054725 0.009889
14 47 0.024610 -0.053289 0.011311
15 47 0.027764 -0.051665 0.013012
16 47 0.031477 -0.049817 0.014964
17 47 0.035522 -0.047677 0.017075
18 47 0.039504 -0.045141 0.019142
19 47 0.042833 -0.042082 0.020845
20 47 0.044833 -0.038402 0.021828
21 47 0.044939 -0.034099 0.021810
22 47 0.042906 -0.029304 0.020696
23 47 0.038905 -0.024273 0.018609
24 47 0.033472 -0.019325 0.015852
25 47 0.027333 -0.014765 0.012805
26 47 0.021212 -0.010820 0.009824
27 47 0.015673 -0.007606 0.007174
28 47 0.011048 -0.005133 0.004998
29 47 0.007445 -0.003329 0.003329
30 47 0.004807 -0.002078 0.002125
31 47 0.002980 -0.001250 0.001303
32 47 0.001777 -0.000725 0.000769
33 47 0.001022 -0.000407 0.000437
34 47 0.000567 -0.000221 0.000240
35 47 0.000305 -0.000116 0.000128
36 47 0.000158 -0.000059 0.000066
37 47 0.000080 -0.000029 0.000033
38 47 0.000039 -0.000014 0.000016
39 47 0.000019 -0.000007 0.000008
40 47 0.000009 -0.000003 0.000003
41 47 0.000004 -0.000001 0.000002
42 47 0.000002 -0.000001 0.000001
43 47 0.000001 -0.000000 0.000000
44 47 0.000000 -0.000000 0.000000
45 47 0.000000 -0.000000 0.000000
46 47 0.000000 -0.000000 0.000000
47 47 0.000000 -0.000000 0.000000
48 47 0.000000 -0.000000 0.000000
49 47 0.000000 0.000000 0.000000

0 48 0.000000 0.000000 0.000000
1 48 0.031976 -0.051527 0.000985
2 48 0.031861 -0.058508 0.001931
3 48 0.030522 -0.064208 0.002748
4 48 0.028323 -0.068540 0.003393
5 48 0.025656 -0.071561 0.003861
6 48 0.022884 -0.073421 0.004182
7 48 0.020306 -0.074315 0.004407
8 48 0.018140 -0.074443 0.004595
9 48 0.016532 -0.073981 0.004806
10 48 0.015566 -0.073066 0.005097
11 48 0.015275 -0.071788 0.005514
12 48 0.015655 -0.070187 0.006094
13 48 0.016663 -0.068258 0.006856
14 48 0.018225 -0.065959 0.007803
15 48 0.020224 -0.063211 0.008914
16 48 0.022481 -0.059918 0.010125
17 48 0.024726 -0.055975 0.011313
18 48 0.026599 -0.051311 0.012300
19 48 0.027703 -0.045937 0.012885
20 48 0.027712 -0.039980 0.012910
21 48 0.026478 -0.033690 0.012311
22 48 0.024086 -0.027400 0.011146
23 48 0.020830 -0.021462 0.009575
24 48 0.017127 -0.016169 0.007809
25 48 0.013399 -0.011710 0.006054
26 48 0.009989 -0.008153 0.004470
27 48 0.007109 -0.005460 0.003149
28 48 0.004839 -0.003521 0.002122
29 48 0.003157 -0.002188 0.001370
30 48 0.001977 -0.001312 0.000850
31 48 0.001192 -0.000760 0.000507
32 48 0.000692 -0.000426 0.000292
33 48 0.000388 -0.000231 0.000162
34 48 0.000211 -0.000122 0.000087
35 48 0.000111 -0.000062 0.000045
36 48 0.000056 -0.000031 0.000023
37 48 0.000028 -0.000015 0.000011
38 48 0.000013 -0.000007 0.000005
39 48 0.000006 -0.000003 0.000002
40 48 0.000003 -0.000001 0.000001
41 48 0.000001 -0.000001 0.000001
42 48 0.000001 -0.000000 0.000000
43 48 0.000000 -0.000000 0.000000
44 48 0.000000 -0.000000 0.000000
45 48 0.000000 -0.000000 0.000000
46 48 0.000000 -0.000000 0.000000
47 48 0.000000 -0.000000 0.000000
48 48 0.000000 -0.000000 0.000000
49 48 0.000000 0.000000 0.000000

0 49 0.000000 0.000000 0.000000
1 49 0.000000 0.000000 0.000000
2 49 0.000000 0.000000 0.000000
3 49 0.000000 0.000000 0.000000
4 49 0.000000 0.000000 0.000000
5 49 0.000000 0.000000 0.000000
6 49 0.000000 0.000000 0.000000
7 49 0.000000 0.000000 0.000000
8 49 0.000000 0.000000 0.000000
9 49 0.000000 0.000000 0.000000
10 49 0.000000 0.000000 0.000000
11 49 0.000000 0.000000 0.000000
12 49 0.000000 0.000000 0.000000
13 49 0.000000 0.000000 0.000000
14 49 0.000000 0.000000 0.000000
15 49 0.000000 0.000000 0.000000
16 49 0.000000 0.000000 0.000000
17 49 0.000000 0.000000 0.000000
18 49 0.000000 0.000000 0.000000
19 49 0.000000 0.000000 0.000000
20 49 0.000000 0.000000 0.000000
21 49 0.000000 0.000000 0.000000
22 49 0.000000 0.000000 0.000000
23 49 0.000000 0.000000 0.000000
24 49 0.000000 0.000000 0.000000
25 49 0.000000 0.000000 0.000000
26 49 0.000000 0.000000 0.000000
27 49 0.000000 0.000000 0.000000
28 49 0.000000 0.000000 0.000000
29 49 0.000000 0.000000 0.000000
30 49 0.000000 0.000000 0.000000
31 49 0.000000 0.000000 0.000000
32 49 0.000000 0.000000 0.000000
33 49 0.000000 0.000000 0.000000
34 49 0.000000 0.000000 0.000000
35 49 0.000000 0.000000 0.000000
36 49 0.000000 0.000000 0.000000
37 49 0.000000 0.000000 0.000000
38 49 0.000000 0.000000 0.000000
39 49 0.000000 0.000000 0.000000
40 49 0.000000 0.000000 0.000000
41 49 0.000000 0.000000 0.000000
42 49 0.000000 0.000000 0.000000
43 49 0.000000 0.000000 0.000000
44 49 0.000000 0.000000 0.000000
45 49 0.000000 0.000000 0.000000
46 49 0.000000 0.000000 0.000000
47 49 0.000000 0.000000 0.000000
48 49 0.000000 0.000000 0.000000
49 49 0.000000 0.000000 0.000000

