#:x y Ey Bx Bz
0 0 0.000000 0.000000 0.000000
1 0 0.000000 0.000000 0.000000
2 0 0.000000 0.000000 0.000000
3 0 0.000000 0.000000 0.000000
4 0 0.000000 0.000000 0.000000
5 0 0.000000 0.000000 0.000000
6 0 0.000000 0.000000 0.000000
7 0 0.000000 0.000000 0.000000
8 0 0.000000 0.000000 0.000000
9 0 0.000000 0.000000 0.000000
10 0 0.000000 0.000000 0.000000
11 0 0.000000 0.000000 0.000000
12 0 0.000000 0.000000 0.000000
13 0 0.000000 0.000000 0.000000
14 0 0.000000 0.000000 0.000000
15 0 0.000000 0.000000 0.000000
16 0 0.000000 0.000000 0.000000
17 0 0.000000 0.000000 0.000000
18 0 0.000000 0.000000 0.000000
19 0 0.000000 0.000000 0.000000
20 0 0.000000 0.000000 0.000000
21 0 0.000000 0.000000 0.000000
22 0 0.000000 0.000000 0.000000
23 0 0.000000 0.000000 0.000000
24 0 0.000000 0.000000 0.000000
25 0 0.000000 0.000000 0.000000
26 0 0.000000 0.000000 0.000000
27 0 0.000000 0.000000 0.000000
28 0 0.000000 0.000000 0.000000
29 0 0.000000 0.000000 0.000000
30 0 0.000000 0.000000 0.000000
31 0 0.000000 0.000000 0.000000
32 0 0.000000 0.000000 0.000000
33 0 0.000000 0.000000 0.000000
34 0 0.000000 0.000000 0.000000
35 0 0.000000 0.000000 0.000000
36 0 0.000000 0.000000 0.000000
37 0 0.000000 0.000000 0.000000
38 0 0.000000 0.000000 0.000000
39 0 0.000000 0.000000 0.000000
40 0 0.000000 0.000000 0.000000
41 0 0.000000 0.000000 0.000000
42 0 0.000000 0.000000 0.000000
43 0 0.000000 0.000000 0.000000
44 0 0.000000 0.000000 0.000000
45 0 0.000000 0.000000 0.000000
46 0 0.000000 0.000000 0.000000
47 0 0.000000 0.000000 0.000000
48 0 0.000000 0.000000 0.000000
49 0 0.000000 0.000000 0.000000

0 1 0.000000 0.000000 0.000000
1 1 0.003946 -0.001195 0.001195
2 1 0.007648 -0.002636 0.001440
3 1 0.010763 -0.004525 0.001889
4 1 0.012741 -0.006992 0.002467
5 1 0.012801 -0.009988 0.002995
6 1 0.009992 -0.013221 0.003234
7 1 0.003360 -0.016007 0.002785
8 1 -0.007443 -0.017285 0.001278
9 1 -0.021747 -0.015693 -0.001592
10 1 -0.036732 -0.010001 -0.005692
11 1 -0.047573 0.000088 -0.010088
12 1 -0.047997 0.013146 -0.013058
13 1 -0.032794 0.025217 -0.012071
14 1 -0.002779 0.030659 -0.005442
15 1 0.032893 0.024730 0.005929
16 1 0.057225 0.007107 0.017622
17 1 0.053387 -0.014858 0.021965
18 1 0.021578 -0.028763 0.013905
19 1 -0.016261 -0.026893 -0.001870
20 1 -0.035840 -0.012816 -0.014077
21 1 -0.031320 0.002958 -0.015774
22 1 -0.014530 0.012291 -0.009333
23 1 0.000336 0.013817 -0.001526
24 1 0.007213 0.010704 0.003113
25 1 0.007587 0.006569 0.004135
26 1 0.005262 0.003370 0.003199
27 1 0.002867 0.001488 0.001883
28 1 0.001306 0.000575 0.000912
29 1 0.000513 0.000197 0.000378
30 1 0.000177 0.000061 0.000137
31 1 0.000054 0.000017 0.000044
32 1 0.000015 0.000004 0.000013
33 1 0.000004 0.000001 0.000003
34 1 0.000001 0.000000 0.000001
35 1 0.000000 0.000000 0.000000
36 1 0.000000 0.000000 0.000000
37 1 0.000000 0.000000 0.000000
38 1 0.000000 0.000000 0.000000
39 1 0.000000 0.000000 0.000000
40 1 0.000000 0.000000 0.000000
41 1 0.000000 0.000000 0.000000
42 1 0.000000 0.000000 0.000000
43 1 0.000000 0.000000 0.000000
44 1 0.000000 0.000000 0.000000
45 1 0.000000 0.000000 0.000000
46 1 0.000000 0.000000 0.000000
47 1 0.000000 0.000000 0.000000
48 1 0.000000 0.000000 0.000000
49 1 0.000000 0.000000 0.000000

0 2 0.000000 0.000000 0.000000
1 2 0.001027 0.001181 -0.000774
2 2 0.002336 0.002562 -0.000682
3 2 0.004126 0.004299 -0.000470
4 2 0.006628 0.006453 -0.000082
5 2 0.009732 0.008890 0.000546
6 2 0.013217 0.011262 0.001424
7 2 0.016138 0.012840 0.002534
8 2 0.017113 0.012745 0.003534
9 2 0.014261 0.009957 0.004057
10 2 0.005557 0.004076 0.003185
11 2 -0.008957 -0.004173 0.000328
12 2 -0.027018 -0.012482 -0.004664
13 2 -0.041229 -0.016881 -0.010714
14 2 -0.041136 -0.014149 -0.014177
15 2 -0.020222 -0.004091 -0.011262
16 2 0.019215 0.008486 0.000179
17 2 0.057389 0.014128 0.017091
18 2 0.063205 0.007196 0.027199
19 2 0.027230 -0.006115 0.019009
20 2 -0.022268 -0.013675 -0.002600
21 2 -0.048532 -0.010240 -0.020114
22 2 -0.041386 -0.000724 -0.022208
23 2 -0.017462 0.007156 -0.012379
24 2 0.003009 0.009824 -0.000930
25 2 0.011809 0.008372 0.005513
26 2 0.011524 0.005459 0.006576
27 2 0.007742 0.002925 0.004896
28 2 0.004135 0.001335 0.002815
29 2 0.001856 0.000530 0.001341
30 2 0.000720 0.000186 0.000548
31 2 0.000246 0.000058 0.000196
32 2 0.000075 0.000016 0.000062
33 2 0.000021 0.000004 0.000018
34 2 0.000005 0.000001 0.000005
35 2 0.000001 0.000000 0.000001
36 2 0.000000 0.000000 0.000000
37 2 0.000000 0.000000 0.000000
38 2 0.000000 0.000000 0.000000
39 2 0.000000 0.000000 0.000000
40 2 0.000000 0.000000 0.000000
41 2 0.000000 0.000000 0.000000
42 2 0.000000 0.000000 0.000000
43 2 0.000000 0.000000 0.000000
44 2 0.000000 0.000000 0.000000
45 2 0.000000 0.000000 0.000000
46 2 0.000000 0.000000 0.000000
47 2 0.000000 0.000000 0.000000
48 2 0.000000 0.000000 0.000000
49 2 0.000000 0.000000 0.000000

0 3 0.000000 0.000000 0.000000
1 3 -0.004644 -0.001411 0.000432
2 3 -0.009511 -0.002442 0.000086
3 3 -0.014609 -0.002698 -0.000572
4 3 -0.019787 -0.001656 -0.001624
5 3 -0.024107 0.001146 -0.002877
6 3 -0.026555 0.006129 -0.004256
7 3 -0.024763 0.013276 -0.005197
8 3 -0.017338 0.021701 -0.005086
9 3 -0.002488 0.029554 -0.003226
10 3 0.018179 0.033267 0.001213
11 3 0.039414 0.029283 0.007215
12 3 0.053162 0.014807 0.013424
13 3 0.047384 -0.008749 0.015685
14 3 0.019349 -0.032961 0.010016
15 3 -0.021072 -0.045895 -0.002511
16 3 -0.052208 -0.036519 -0.017085
17 3 -0.043150 -0.005562 -0.021501
18 3 0.007571 0.025664 -0.005190
19 3 0.050764 0.032772 0.019095
20 3 0.041828 0.015190 0.024882
21 3 -0.004769 -0.006045 0.006374
22 3 -0.040894 -0.013669 -0.016013
23 3 -0.041714 -0.007906 -0.022927
24 3 -0.019474 0.001322 -0.014252
25 3 0.002593 0.006682 -0.001607
26 3 0.012898 0.007195 0.006120
27 3 0.012985 0.005211 0.007636
28 3 0.008858 0.002963 0.005784
29 3 0.004775 0.001404 0.003356
30 3 0.002155 0.000572 0.001607
31 3 0.000840 0.000204 0.000658
32 3 0.000288 0.000065 0.000236
33 3 0.000088 0.000018 0.000075
34 3 0.000024 0.000005 0.000021
35 3 0.000006 0.000001 0.000006
36 3 0.000001 0.000000 0.000001
37 3 0.000000 0.000000 0.000000
38 3 0.000000 0.000000 0.000000
39 3 0.000000 0.000000 0.000000
40 3 0.000000 0.000000 0.000000
41 3 0.000000 0.000000 0.000000
42 3 0.000000 0.000000 0.000000
43 3 0.000000 0.000000 0.000000
44 3 0.000000 0.000000 0.000000
45 3 0.000000 0.000000 0.000000
46 3 0.000000 0.000000 0.000000
47 3 0.000000 0.000000 0.000000
48 3 0.000000 0.000000 0.000000
49 3 0.000000 0.000000 0.000000

0 4 0.000000 0.000000 0.000000
1 4 0.001589 -0.000414 0.001775
2 4 0.002558 -0.001229 0.001874
3 4 0.002472 -0.002708 0.001927
4 4 0.000311 -0.005228 0.001931
5 4 -0.004419 -0.008593 0.001353
6 4 -0.012357 -0.012675 0.000314
7 4 -0.023476 -0.016124 -0.002106
8 4 -0.035084 -0.017538 -0.005157
9 4 -0.044780 -0.014662 -0.009071
10 4 -0.043986 -0.005797 -0.011785
11 4 -0.028684 0.007835 -0.010664
12 4 0.004561 0.022943 -0.004433
13 4 0.049550 0.030392 0.009391
14 4 0.080678 0.022053 0.023962
15 4 0.077661 -0.002050 0.029676
16 4 0.027694 -0.032645 0.019738
17 4 -0.053158 -0.045819 -0.010138
18 4 -0.093419 -0.022328 -0.038826
19 4 -0.046022 0.019598 -0.031469
20 4 0.032966 0.039972 0.006294
21 4 0.057089 0.025378 0.030287
22 4 0.017653 -0.001595 0.018185
23 4 -0.028547 -0.015560 -0.008798
24 4 -0.039903 -0.012253 -0.022007
25 4 -0.021750 -0.002271 -0.016002
26 4 0.000735 0.004762 -0.002974
27 4 0.012441 0.006503 0.005878
28 4 0.013304 0.005087 0.008026
29 4 0.009301 0.003003 0.006256
30 4 0.005080 0.001454 0.003680
31 4 0.002311 0.000600 0.001775
32 4 0.000905 0.000216 0.000730
33 4 0.000311 0.000069 0.000262
34 4 0.000095 0.000020 0.000083
35 4 0.000026 0.000005 0.000024
36 4 0.000007 0.000001 0.000006
37 4 0.000001 0.000000 0.000001
38 4 0.000000 0.000000 0.000000
39 4 0.000000 0.000000 0.000000
40 4 0.000000 0.000000 0.000000
41 4 0.000000 0.000000 0.000000
42 4 0.000000 0.000000 0.000000
43 4 0.000000 0.000000 0.000000
44 4 0.000000 0.000000 0.000000
45 4 0.000000 0.000000 0.000000
46 4 0.000000 0.000000 0.000000
47 4 0.000000 0.000000 0.000000
48 4 0.000000 0.000000 0.000000
49 4 0.000000 0.000000 0.000000

0 5 0.000000 0.000000 0.000000
1 5 0.002006 0.004142 -0.002685
2 5 0.005031 0.008227 -0.002405
3 5 0.009080 0.012052 -0.001881
4 5 0.015763 0.015170 -0.000755
5 5 0.023208 0.016535 0.000934
6 5 0.032416 0.015229 0.003208
7 5 0.038512 0.009188 0.006158
8 5 0.039386 -0.001456 0.007809
9 5 0.030176 -0.017238 0.008650
10 5 0.006344 -0.033389 0.004207
11 5 -0.023290 -0.043783 -0.003331
12 5 -0.054054 -0.041268 -0.013597
13 5 -0.060339 -0.019091 -0.021783
14 5 -0.027132 0.013573 -0.014928
15 5 0.027485 0.040454 0.003398
16 5 0.081604 0.043268 0.026918
17 5 0.079700 0.009127 0.040174
18 5 -0.011351 -0.034378 0.012731
19 5 -0.099469 -0.037491 -0.037835
20 5 -0.077619 0.001143 -0.048138
21 5 0.014865 0.032926 -0.006320
22 5 0.062191 0.027622 0.031377
23 5 0.031404 0.002060 0.026004
24 5 -0.019390 -0.014484 -0.003192
25 5 -0.037543 -0.013316 -0.020801
26 5 -0.022713 -0.003834 -0.016953
27 5 -0.000565 0.003619 -0.003916
28 5 0.011758 0.005899 0.005572
29 5 0.013110 0.004833 0.008123
30 5 0.009302 0.002914 0.006443
31 5 0.005115 0.001428 0.003816
32 5 0.002334 0.000594 0.001845
33 5 0.000915 0.000215 0.000760
34 5 0.000315 0.000069 0.000273
35 5 0.000096 0.000020 0.000087
36 5 0.000027 0.000005 0.000025
37 5 0.000007 0.000001 0.000006
38 5 0.000002 0.000000 0.000001
39 5 0.000000 0.000000 0.000000
40 5 0.000000 0.000000 0.000000
41 5 0.000000 0.000000 0.000000
42 5 0.000000 0.000000 0.000000
43 5 0.000000 0.000000 0.000000
44 5 0.000000 0.000000 0.000000
45 5 0.000000 0.000000 0.000000
46 5 0.000000 0.000000 0.000000
47 5 0.000000 0.000000 0.000000
48 5 0.000000 0.000000 0.000000
49 5 0.000000 0.000000 0.000000

0 6 0.000000 0.000000 0.000000
1 6 -0.005539 -0.001668 -0.001418
2 6 -0.011019 -0.002690 -0.001988
3 6 -0.015723 -0.002872 -0.002510
4 6 -0.019593 -0.000954 -0.004009
5 6 -0.019228 0.002928 -0.004436
6 6 -0.015781 0.009686 -0.005392
7 6 -0.001740 0.018267 -0.003643
8 6 0.016348 0.026011 -0.000110
9 6 0.043988 0.030458 0.006044
10 6 0.065744 0.023755 0.015677
11 6 0.069666 0.006776 0.019575
12 6 0.050406 -0.020517 0.019850
13 6 -0.008636 -0.045905 0.004861
14 6 -0.064724 -0.047505 -0.019969
15 6 -0.082912 -0.023385 -0.031645
16 6 -0.053726 0.020868 -0.028159
17 6 0.037638 0.058333 0.003089
18 6 0.103181 0.042367 0.046907
19 6 0.036208 -0.014873 0.037029
20 6 -0.078841 -0.042029 -0.025351
21 6 -0.085742 -0.013596 -0.053251
22 6 0.002732 0.022874 -0.014558
23 6 0.059177 0.025565 0.029470
24 6 0.034838 0.004047 0.028486
25 6 -0.015228 -0.012368 -0.000755
26 6 -0.035032 -0.012474 -0.019814
27 6 -0.021784 -0.004026 -0.016793
28 6 -0.000571 0.003020 -0.003939
29 6 0.011357 0.005325 0.005548
30 6 0.012659 0.004441 0.008089
31 6 0.008962 0.002698 0.006396
32 6 0.004914 0.001326 0.003773
33 6 0.002236 0.000553 0.001817
34 6 0.000874 0.000200 0.000745
35 6 0.000300 0.000064 0.000267
36 6 0.000092 0.000018 0.000085
37 6 0.000025 0.000005 0.000024
38 6 0.000006 0.000001 0.000006
39 6 0.000001 0.000000 0.000001
40 6 0.000000 0.000000 0.000000
41 6 0.000000 0.000000 0.000000
42 6 0.000000 0.000000 0.000000
43 6 0.000000 0.000000 0.000000
44 6 0.000000 0.000000 0.000000
45 6 0.000000 0.000000 0.000000
46 6 0.000000 0.000000 0.000000
47 6 0.000000 0.000000 0.000000
48 6 0.000000 0.000000 0.000000
49 6 0.000000 0.000000 0.000000

0 7 0.000000 0.000000 0.000000
1 7 0.003191 -0.002814 0.002505
2 7 0.004659 -0.006439 0.002733
3 7 0.005458 -0.010615 0.002607
4 7 0.001172 -0.016698 0.002848
5 7 -0.005615 -0.022183 0.000976
6 7 -0.017812 -0.028203 -0.000062
7 7 -0.033420 -0.028955 -0.005699
8 7 -0.042684 -0.024467 -0.008215
9 7 -0.048958 -0.010392 -0.013558
10 7 -0.025735 0.012184 -0.011251
11 7 0.007462 0.031710 -0.000736
12 7 0.052193 0.043710 0.011701
13 7 0.082395 0.028916 0.031464
14 7 0.044109 -0.006050 0.026214
15 7 -0.017921 -0.033394 -0.000664
16 7 -0.075287 -0.041852 -0.025538
17 7 -0.094835 -0.011104 -0.045932
18 7 -0.004593 0.043577 -0.020882
19 7 0.100046 0.050857 0.043144
20 7 0.058248 -0.001108 0.049623
21 7 -0.060471 -0.037465 -0.015513
22 7 -0.079737 -0.018098 -0.051620
23 7 0.000625 0.016159 -0.016075
24 7 0.054197 0.021659 0.027854
25 7 0.031212 0.003822 0.027095
26 7 -0.015343 -0.010656 -0.001375
27 7 -0.032614 -0.010836 -0.019263
28 7 -0.019246 -0.003379 -0.015638
29 7 0.000632 0.002821 -0.003038
30 7 0.011292 0.004797 0.005853
31 7 0.012044 0.003961 0.007972
32 7 0.008359 0.002391 0.006153
33 7 0.004523 0.001169 0.003574
34 7 0.002037 0.000485 0.001702
35 7 0.000790 0.000175 0.000691
36 7 0.000269 0.000056 0.000245
37 7 0.000082 0.000016 0.000077
38 7 0.000022 0.000004 0.000022
39 7 0.000006 0.000001 0.000006
40 7 0.000001 0.000000 0.000001
41 7 0.000000 0.000000 0.000000
42 7 0.000000 0.000000 0.000000
43 7 0.000000 0.000000 0.000000
44 7 0.000000 0.000000 0.000000
45 7 0.000000 0.000000 0.000000
46 7 0.000000 0.000000 0.000000
47 7 0.000000 0.000000 0.000000
48 7 0.000000 0.000000 0.000000
49 7 0.000000 0.000000 0.000000

0 8 0.000000 0.000000 0.000000
1 8 0.004691 0.003939 -0.002073
2 8 0.011537 0.007587 -0.001209
3 8 0.016954 0.010582 -0.000547
4 8 0.028029 0.012186 0.002101
5 8 0.032785 0.010266 0.004253
6 8 0.041868 0.005399 0.007245
7 8 0.034951 -0.007216 0.010037
8 8 0.021239 -0.020120 0.006542
9 8 -0.007940 -0.036428 0.004005
10 8 -0.050211 -0.039831 -0.012492
11 8 -0.063202 -0.026978 -0.020228
12 8 -0.061695 -0.000426 -0.023798
13 8 -0.003365 0.037365 -0.012367
14 8 0.066400 0.046114 0.025122
15 8 0.061252 0.023155 0.034701
16 8 0.018501 -0.008269 0.017359
17 8 -0.052847 -0.037644 -0.012647
18 8 -0.099333 -0.025641 -0.050934
19 8 -0.015247 0.027159 -0.030584
20 8 0.093713 0.043892 0.041250
21 8 0.054958 0.001778 0.050344
22 8 -0.055688 -0.031022 -0.014967
23 8 -0.068127 -0.015282 -0.047888
24 8 0.006900 0.013474 -0.011617
25 8 0.049806 0.017383 0.027783
26 8 0.023607 0.002031 0.023287
27 8 -0.018084 -0.009586 -0.004191
28 8 -0.030098 -0.008943 -0.018954
29 8 -0.015543 -0.002296 -0.013662
30 8 0.002643 0.002858 -0.001433
31 8 0.011406 0.004306 0.006374
32 8 0.011279 0.003435 0.007761
33 8 0.007558 0.002034 0.005742
34 8 0.003998 0.000982 0.003251
35 8 0.001771 0.000403 0.001519
36 8 0.000678 0.000144 0.000608
37 8 0.000229 0.000046 0.000213
38 8 0.000069 0.000013 0.000067
39 8 0.000019 0.000003 0.000019
40 8 0.000005 0.000001 0.000005
41 8 0.000001 0.000000 0.000001
42 8 0.000000 0.000000 0.000000
43 8 0.000000 0.000000 0.000000
44 8 0.000000 0.000000 0.000000
45 8 0.000000 0.000000 0.000000
46 8 0.000000 0.000000 0.000000
47 8 0.000000 0.000000 0.000000
48 8 0.000000 0.000000 0.000000
49 8 0.000000 0.000000 0.000000

0 9 0.000000 0.000000 0.000000
1 9 -0.005762 -0.001155 -0.001856
2 9 -0.011007 -0.000783 -0.002950
3 9 -0.014373 0.000241 -0.002655
4 9 -0.016114 0.005526 -0.005400
5 9 -0.008652 0.011942 -0.003113
6 9 -0.000460 0.021744 -0.004375
7 9 0.026866 0.030071 0.003094
8 9 0.042002 0.030458 0.008897
9 9 0.064124 0.023345 0.016954
10 9 0.047363 -0.003425 0.022732
11 9 -0.001162 -0.026551 0.005497
12 9 -0.050955 -0.040336 -0.010314
13 9 -0.097573 -0.026915 -0.037454
14 9 -0.046141 0.019310 -0.035056
15 9 0.047194 0.042946 0.012094
16 9 0.075109 0.030570 0.038285
17 9 0.040454 -0.000542 0.032735
18 9 -0.052382 -0.034105 -0.008074
19 9 -0.099778 -0.024632 -0.056874
20 9 -0.002609 0.022596 -0.027770
21 9 0.093126 0.034608 0.046083
22 9 0.038299 -0.002147 0.043918
23 9 -0.059400 -0.025963 -0.021584
24 9 -0.053582 -0.009652 -0.042933
25 9 0.017271 0.012905 -0.003356
26 9 0.044994 0.013198 0.028234
27 9 0.013792 -0.000368 0.017714
28 9 -0.021657 -0.008804 -0.008116
29 9 -0.026990 -0.006982 -0.018395
30 9 -0.011052 -0.001069 -0.010983
31 9 0.004992 0.002969 0.000583
32 9 0.011478 0.003824 0.006932
33 9 0.010349 0.002894 0.007416
34 9 0.006622 0.001662 0.005195
35 9 0.003397 0.000786 0.002841
36 9 0.001471 0.000318 0.001295
37 9 0.000553 0.000112 0.000508
38 9 0.000184 0.000035 0.000176
39 9 0.000055 0.000010 0.000054
40 9 0.000015 0.000003 0.000015
41 9 0.000004 0.000001 0.000004
42 9 0.000001 0.000000 0.000001
43 9 0.000000 0.000000 0.000000
44 9 0.000000 0.000000 0.000000
45 9 0.000000 0.000000 0.000000
46 9 0.000000 0.000000 0.000000
47 9 0.000000 0.000000 0.000000
48 9 0.000000 0.000000 0.000000
49 9 0.000000 0.000000 0.000000

0 10 0.000000 0.000000 0.000000
1 10 0.000073 -0.004129 0.003426
2 10 -0.003420 -0.009324 0.003293
3 10 -0.006388 -0.013650 0.002345
4 10 -0.018637 -0.020002 0.001300
5 10 -0.029584 -0.021194 -0.003413
6 10 -0.045418 -0.021299 -0.005908
7 10 -0.053730 -0.008749 -0.014921
8 10 -0.039194 0.009236 -0.012116
9 10 -0.011844 0.032461 -0.010695
10 10 0.051342 0.048309 0.010236
11 10 0.078345 0.033345 0.030166
12 10 0.062333 0.002555 0.030435
13 10 -0.011925 -0.037758 0.012182
14 10 -0.105066 -0.044745 -0.038354
15 10 -0.083892 0.000348 -0.051666
16 10 0.019156 0.039780 -0.006730
17 10 0.093807 0.037846 0.041601
18 10 0.060945 -0.000902 0.049241
19 10 -0.064025 -0.036879 -0.011417
20 10 -0.098320 -0.019676 -0.064407
21 10 0.019051 0.024086 -0.016826
22 10 0.089937 0.026269 0.052699
23 10 0.014671 -0.007528 0.031753
24 10 -0.062839 -0.021290 -0.030334
25 10 -0.035528 -0.003638 -0.035178
26 10 0.027715 0.012528 0.006523
27 10 0.037924 0.009060 0.027423
28 10 0.002949 -0.002654 0.010688
29 10 -0.024512 -0.007916 -0.012067
30 10 -0.022861 -0.005018 -0.017068
31 10 -0.006145 0.000093 -0.007737
32 10 0.007241 0.003025 0.002702
33 10 0.011311 0.003325 0.007342
34 10 0.009249 0.002362 0.006904
35 10 0.005608 0.001305 0.004543
36 10 0.002773 0.000600 0.002385
37 10 0.001168 0.000237 0.001054
38 10 0.000429 0.000083 0.000404
39 10 0.000140 0.000026 0.000137
40 10 0.000041 0.000007 0.000041
41 10 0.000011 0.000002 0.000011
42 10 0.000003 0.000000 0.000003
43 10 0.000001 0.000000 0.000001
44 10 0.000000 0.000000 0.000000
45 10 0.000000 0.000000 0.000000
46 10 0.000000 0.000000 0.000000
47 10 0.000000 0.000000 0.000000
48 10 0.000000 0.000000 0.000000
49 10 0.000000 0.000000 0.000000

0 11 0.000000 0.000000 0.000000
1 11 0.007587 0.004265 -0.000853
2 11 0.016882 0.007631 0.000625
3 11 0.023914 0.008800 0.001770
4 11 0.033510 0.006675 0.005874
5 11 0.031398 -0.001991 0.007443
6 11 0.024789 -0.014203 0.009470
7 11 -0.007550 -0.032268 0.004806
8 11 -0.046018 -0.039618 -0.007673
9 11 -0.083680 -0.033930 -0.021853
10 11 -0.082372 -0.001799 -0.034532
11 11 -0.016462 0.039136 -0.016170
12 11 0.064589 0.055210 0.017563
13 11 0.103617 0.033638 0.048605
14 11 0.033096 -0.020088 0.034000
15 11 -0.076839 -0.049734 -0.026255
16 11 -0.098518 -0.020627 -0.056446
17 11 -0.007118 0.029925 -0.023882
18 11 0.100265 0.041653 0.044085
19 11 0.060062 -0.001378 0.056608
20 11 -0.078350 -0.036233 -0.022693
21 11 -0.080372 -0.011967 -0.064566
22 11 0.044504 0.024733 0.001822
23 11 0.075878 0.017007 0.054532
24 11 -0.012329 -0.011771 0.013945
25 11 -0.060000 -0.015726 -0.036684
26 11 -0.014493 0.001703 -0.023555
27 11 0.034876 0.011309 0.015775
28 11 0.027691 0.005012 0.023979
29 11 -0.007587 -0.004360 0.002798
30 11 -0.025476 -0.006711 -0.015047
31 11 -0.017605 -0.003133 -0.014658
32 11 -0.001252 0.001049 -0.004156
33 11 0.009026 0.002953 0.004624
34 11 0.010781 0.002804 0.007465
35 11 0.008003 0.001858 0.006217
36 11 0.004580 0.000982 0.003829
37 11 0.002172 0.000437 0.001921
38 11 0.000886 0.000168 0.000820
39 11 0.000317 0.000057 0.000306
40 11 0.000101 0.000018 0.000101
41 11 0.000029 0.000005 0.000030
42 11 0.000008 0.000001 0.000008
43 11 0.000002 0.000000 0.000002
44 11 0.000000 0.000000 0.000000
45 11 0.000000 0.000000 0.000000
46 11 0.000000 0.000000 0.000000
47 11 0.000000 0.000000 0.000000
48 11 0.000000 0.000000 0.000000
49 11 0.000000 0.000000 0.000000

0 12 0.000000 0.000000 0.000000
1 12 -0.006528 0.002631 -0.005002
2 12 -0.010623 0.006924 -0.005527
3 12 -0.011160 0.013379 -0.006092
4 12 -0.002467 0.023091 -0.005756
5 12 0.015178 0.033253 -0.002297
6 12 0.044095 0.039311 0.004734
7 12 0.069688 0.033602 0.016983
8 12 0.073035 0.009229 0.024394
9 12 0.030781 -0.025770 0.020678
10 12 -0.048956 -0.051816 -0.008747
11 12 -0.102198 -0.041496 -0.039672
12 12 -0.077733 0.004790 -0.044933
13 12 0.033962 0.047233 -0.001643
14 12 0.100769 0.041952 0.053385
15 12 0.040086 -0.002441 0.040124
16 12 -0.057458 -0.036424 -0.018126
17 12 -0.088388 -0.023373 -0.055213
18 12 0.005043 0.022018 -0.022783
19 12 0.102326 0.033305 0.053361
20 12 0.026615 -0.007611 0.045905
21 12 -0.092513 -0.029815 -0.041957
22 12 -0.043827 -0.000941 -0.052027
23 12 0.066255 0.022660 0.024656
24 12 0.049470 0.006908 0.047338
25 12 -0.036258 -0.013682 -0.006561
26 12 -0.048074 -0.009334 -0.037004
27 12 0.006518 0.005556 -0.008989
28 12 0.036143 0.008981 0.021991
29 12 0.014817 0.001360 0.017474
30 12 -0.016229 -0.005214 -0.004895
31 12 -0.023889 -0.005182 -0.016264
32 12 -0.011508 -0.001443 -0.011165
33 12 0.003145 0.001709 -0.000584
34 12 0.010098 0.002729 0.006094
35 12 0.009859 0.002273 0.007228
36 12 0.006672 0.001403 0.005383
37 12 0.003595 0.000706 0.003099
38 12 0.001631 0.000303 0.001481
39 12 0.000642 0.000113 0.000609
40 12 0.000223 0.000038 0.000220
41 12 0.000070 0.000011 0.000071
42 12 0.000020 0.000003 0.000021
43 12 0.000005 0.000001 0.000005
44 12 0.000001 0.000000 0.000001
45 12 0.000000 0.000000 0.000000
46 12 0.000000 0.000000 0.000000
47 12 0.000000 0.000000 0.000000
48 12 0.000000 0.000000 0.000000
49 12 0.000000 0.000000 0.000000

0 13 0.000000 0.000000 0.000000
1 13 -0.005676 -0.007149 0.003453
2 13 -0.013185 -0.014086 0.002229
3 13 -0.026946 -0.020418 0.000348
4 13 -0.043154 -0.022493 -0.005420
5 13 -0.059717 -0.017568 -0.010751
6 13 -0.062453 0.000763 -0.019380
7 13 -0.032044 0.027760 -0.015131
8 13 0.024339 0.052974 -0.001490
9 13 0.092898 0.051972 0.030131
10 13 0.084917 0.014574 0.044597
11 13 0.006141 -0.031572 0.017123
12 13 -0.092416 -0.049258 -0.032140
13 13 -0.095620 -0.011043 -0.062197
14 13 0.034513 0.036553 -0.007573
15 13 0.102495 0.031329 0.057485
16 13 0.030153 -0.007221 0.039932
17 13 -0.076544 -0.030178 -0.026070
18 13 -0.080706 -0.010814 -0.060833
19 13 0.046224 0.025736 -0.002645
20 13 0.098346 0.020160 0.066622
21 13 -0.022682 -0.017061 0.019089
22 13 -0.091891 -0.020313 -0.058513
23 13 0.001964 0.009137 -0.026810
24 13 0.072290 0.017384 0.042448
25 13 0.014739 -0.001884 0.029854
26 13 -0.049336 -0.012534 -0.023991
27 13 -0.027744 -0.003053 -0.029388
28 13 0.023071 0.007306 0.005707
29 13 0.030400 0.005817 0.023227
30 13 0.001113 -0.001483 0.008615
31 13 -0.021514 -0.005145 -0.011071
32 13 -0.019728 -0.003477 -0.015309
33 13 -0.005179 -0.000077 -0.006915
34 13 0.006609 0.002042 0.002585
35 13 0.010346 0.002375 0.006942
36 13 0.008605 0.001760 0.006637
37 13 0.005334 0.001012 0.004462
38 13 0.002704 0.000484 0.002402
39 13 0.001171 0.000199 0.001091
40 13 0.000444 0.000072 0.000431
41 13 0.000149 0.000023 0.000151
42 13 0.000045 0.000007 0.000047
43 13 0.000012 0.000002 0.000013
44 13 0.000003 0.000000 0.000003
45 13 0.000001 0.000000 0.000001
46 13 0.000000 0.000000 0.000000
47 13 0.000000 0.000000 0.000000
48 13 0.000000 0.000000 0.000000
49 13 0.000000 0.000000 0.000000

0 14 0.000000 0.000000 0.000000
1 14 0.012884 0.004108 0.000480
2 14 0.023761 0.005796 0.002042
3 14 0.034953 0.002637 0.006259
4 14 0.032029 -0.008536 0.008995
5 14 0.017270 -0.025780 0.009806
6 14 -0.029720 -0.044928 0.000316
7 14 -0.078019 -0.045472 -0.020670
8 14 -0.098443 -0.020543 -0.037696
9 14 -0.040097 0.028319 -0.032443
10 14 0.070614 0.056267 0.018246
11 14 0.110263 0.032991 0.056154
12 14 0.034492 -0.018987 0.039549
13 14 -0.096787 -0.048199 -0.032344
14 14 -0.098937 -0.012276 -0.069523
15 14 0.035391 0.037006 -0.005393
16 14 0.106865 0.030267 0.061139
17 14 0.023681 -0.014183 0.039720
18 14 -0.097851 -0.032156 -0.042028
19 14 -0.057305 0.000089 -0.060275
20 14 0.084183 0.028387 0.027900
21 14 0.065965 0.006945 0.064737
22 14 -0.066215 -0.020978 -0.016748
23 14 -0.063543 -0.008704 -0.057855
24 14 0.042807 0.014101 0.005579
25 14 0.056002 0.009403 0.046062
26 14 -0.019193 -0.007377 0.005604
27 14 -0.046750 -0.008663 -0.032421
28 14 -0.003641 0.001917 -0.015036
29 14 0.031135 0.006873 0.016805
30 14 0.018697 0.002453 0.018893
31 14 -0.010874 -0.003201 -0.000892
32 14 -0.022594 -0.004296 -0.014572
33 14 -0.013617 -0.001823 -0.012297
34 14 0.000624 0.000878 -0.002473
35 14 0.008842 0.002071 0.005001
36 14 0.009811 0.001940 0.007116
37 14 0.007142 0.001293 0.005763
38 14 0.004075 0.000693 0.003527
39 14 0.001944 0.000315 0.001777
40 14 0.000802 0.000124 0.000767
41 14 0.000292 0.000044 0.000290
42 14 0.000095 0.000014 0.000098
43 14 0.000028 0.000004 0.000030
44 14 0.000008 0.000001 0.000008
45 14 0.000002 0.000000 0.000002
46 14 0.000000 0.000000 0.000000
47 14 0.000000 0.000000 0.000000
48 14 0.000000 0.000000 0.000000
49 14 0.000000 0.000000 0.000000

0 15 0.000000 0.000000 0.000000
1 15 -0.004273 0.007142 -0.009239
2 15 -0.004055 0.016129 -0.009121
3 15 0.007330 0.028083 -0.007933
4 15 0.032468 0.039234 -0.001571
5 15 0.068569 0.041301 0.010690
6 15 0.089363 0.022705 0.028310
7 15 0.056105 -0.018069 0.029764
8 15 -0.037460 -0.053512 0.001832
9 15 -0.120942 -0.049493 -0.048131
10 15 -0.086450 0.003030 -0.056418
11 15 0.043196 0.051073 0.000181
12 15 0.124520 0.040434 0.065342
13 15 0.033547 -0.012918 0.047264
14 15 -0.094223 -0.040578 -0.041432
15 15 -0.068874 -0.011819 -0.061017
16 15 0.047220 0.027409 0.007616
17 15 0.088211 0.022581 0.061185
18 15 -0.016934 -0.015485 0.020344
19 15 -0.100877 -0.023016 -0.060853
20 15 0.002292 0.010334 -0.033749
21 15 0.098298 0.021150 0.057565
22 15 0.005460 -0.005902 0.036740
23 15 -0.083641 -0.016938 -0.047353
24 15 -0.013988 0.002441 -0.035071
25 15 0.062452 0.012981 0.032883
26 15 0.022175 0.001144 0.032480
27 15 -0.040802 -0.008687 -0.017078
28 15 -0.029537 -0.003565 -0.028779
29 15 0.017092 0.004644 0.001640
30 15 0.028930 0.004813 0.021212
31 15 0.004111 -0.000379 0.010215
32 15 -0.018756 -0.003718 -0.008889
33 15 -0.019578 -0.002976 -0.014835
34 15 -0.006660 -0.000444 -0.007853
35 15 0.005211 0.001398 0.001516
36 15 0.009762 0.001867 0.006453
37 15 0.008662 0.001482 0.006682
38 15 0.005622 0.000898 0.004725
39 15 0.002966 0.000450 0.002651
40 15 0.001333 0.000194 0.001251
41 15 0.000523 0.000073 0.000513
42 15 0.000183 0.000025 0.000186
43 15 0.000057 0.000008 0.000060
44 15 0.000016 0.000002 0.000018
45 15 0.000004 0.000001 0.000005
46 15 0.000001 0.000000 0.000001
47 15 0.000000 0.000000 0.000000
48 15 0.000000 0.000000 0.000000
49 15 0.000000 0.000000 0.000000

0 16 0.000000 0.000000 0.000000
1 16 -0.013904 -0.009799 0.001415
2 16 -0.032382 -0.017788 -0.001175
3 16 -0.054039 -0.019281 -0.008717
4 16 -0.070546 -0.008075 -0.017805
5 16 -0.055795 0.021340 -0.025945
6 16 0.013774 0.054978 -0.009488
7 16 0.100790 0.063621 0.027773
8 16 0.124062 0.022980 0.061185
9 16 0.010576 -0.037207 0.028753
10 16 -0.108350 -0.054579 -0.045945
11 16 -0.095801 -0.012492 -0.067835
12 16 0.046919 0.038744 -0.002159
13 16 0.116746 0.029336 0.074866
14 16 -0.010104 -0.016864 0.030321
15 16 -0.105129 -0.024386 -0.058565
16 16 -0.027582 0.005570 -0.045559
17 16 0.087593 0.022895 0.035662
18 16 0.060437 0.003523 0.060745
19 16 -0.076820 -0.020853 -0.019689
20 16 -0.074016 -0.007289 -0.067946
21 16 0.066917 0.018132 0.012943
22 16 0.070497 0.008634 0.064806
23 16 -0.053127 -0.013289 -0.007610
24 16 -0.061749 -0.007900 -0.054390
25 16 0.034210 0.008889 0.000806
26 16 0.051822 0.007432 0.041992
27 16 -0.014744 -0.004469 0.007418
28 16 -0.042460 -0.006415 -0.029086
29 16 -0.004885 0.000865 -0.014965
30 16 0.027976 0.004928 0.014781
31 16 0.018031 0.002099 0.018007
32 16 -0.009285 -0.002141 -0.000074
33 16 -0.021196 -0.003246 -0.013566
34 16 -0.013548 -0.001559 -0.012124
35 16 -0.000109 0.000512 -0.002929
36 16 0.008151 0.001535 0.004520
37 16 0.009508 0.001522 0.006914
38 16 0.007142 0.001056 0.005799
39 16 0.004187 0.000586 0.003652
40 16 0.002051 0.000275 0.001889
41 16 0.000868 0.000112 0.000837
42 16 0.000325 0.000041 0.000325
43 16 0.000109 0.000013 0.000113
44 16 0.000033 0.000004 0.000035
45 16 0.000009 0.000001 0.000010
46 16 0.000002 0.000000 0.000003
47 16 0.000001 0.000000 0.000001
48 16 0.000000 0.000000 0.000000
49 16 0.000000 0.000000 0.000000

0 17 0.000000 0.000000 0.000000
1 17 0.018470 0.000075 0.004120
2 17 0.032944 -0.005716 0.008311
3 17 0.027808 -0.022703 0.012602
4 17 -0.008420 -0.046982 0.009776
5 17 -0.084125 -0.061033 -0.014845
6 17 -0.128008 -0.034945 -0.049489
7 17 -0.069511 0.022693 -0.047269
8 17 0.074405 0.064549 0.014675
9 17 0.132879 0.038854 0.077145
10 17 0.014488 -0.022051 0.038746
11 17 -0.115149 -0.040703 -0.051693
12 17 -0.072833 -0.002061 -0.069345
13 17 0.084956 0.036043 0.022797
14 17 0.095530 0.015149 0.076586
15 17 -0.045208 -0.025975 0.001564
16 17 -0.098789 -0.020179 -0.066865
17 17 0.010623 0.015830 -0.023381
18 17 0.101307 0.021686 0.060320
19 17 0.003460 -0.008173 0.037621
20 17 -0.101761 -0.018725 -0.057955
21 17 -0.005185 0.005486 -0.039455
22 17 0.092323 0.015585 0.053991
23 17 0.005603 -0.003188 0.035887
24 17 -0.076106 -0.011807 -0.044047
25 17 -0.010768 0.001383 -0.031577
26 17 0.056641 0.008913 0.030939
27 17 0.017854 0.000850 0.028795
28 17 -0.037853 -0.005993 -0.016700
29 17 -0.025543 -0.002470 -0.026003
30 17 0.016764 0.003274 0.002465
31 17 0.026323 0.003418 0.019852
32 17 0.002964 -0.000264 0.009071
33 17 -0.017940 -0.002691 -0.008756
34 17 -0.018402 -0.002200 -0.014144
35 17 -0.006212 -0.000368 -0.007449
36 17 0.004997 0.001010 0.001490
37 17 0.009369 0.001394 0.006259
38 17 0.008388 0.001131 0.006535
39 17 0.005509 0.000700 0.004674
40 17 0.002946 0.000358 0.002658
41 17 0.001344 0.000157 0.001274
42 17 0.000537 0.000061 0.000531
43 17 0.000191 0.000021 0.000196
44 17 0.000061 0.000007 0.000065
45 17 0.000018 0.000002 0.000019
46 17 0.000005 0.000000 0.000005
47 17 0.000001 0.000000 0.000001
48 17 0.000000 0.000000 0.000000
49 17 0.000000 0.000000 0.000000

0 18 0.000000 0.000000 0.000000
1 18 0.003796 0.017886 -0.017459
2 18 0.022701 0.037113 -0.013811
3 18 0.065283 0.051286 -0.000543
4 18 0.115517 0.040345 0.027962
5 18 0.096543 -0.006642 0.047283
6 18 -0.023498 -0.059298 0.011944
7 18 -0.142785 -0.058160 -0.060107
8 18 -0.091239 0.001636 -0.073904
9 18 0.078967 0.050298 0.016789
10 18 0.126587 0.029161 0.083561
11 18 -0.011745 -0.025479 0.028874
12 18 -0.126107 -0.032348 -0.070939
13 18 -0.018569 0.008039 -0.049148
14 18 0.103107 0.026163 0.056347
15 18 0.030377 0.003543 0.052332
16 18 -0.081257 -0.016901 -0.035705
17 18 -0.050271 -0.005746 -0.056419
18 18 0.073470 0.014800 0.021637
19 18 0.066003 0.006692 0.065298
20 18 -0.073018 -0.013642 -0.016577
21 18 -0.067130 -0.005903 -0.066509
22 18 0.067623 0.012200 0.016386
23 18 0.058526 0.005485 0.059947
24 18 -0.055261 -0.009120 -0.013100
25 18 -0.050078 -0.004687 -0.049078
26 18 0.037439 0.006313 0.006458
27 18 0.043080 0.004544 0.038321
28 18 -0.019053 -0.003396 0.002381
29 18 -0.037549 -0.004139 -0.027721
30 18 -0.000268 0.000931 -0.011067
31 18 0.026790 0.003411 0.015461
32 18 0.014557 0.001261 0.015892
33 18 -0.010644 -0.001631 -0.001684
34 18 -0.020129 -0.002282 -0.013400
35 18 -0.011991 -0.001044 -0.011126
36 18 0.000649 0.000411 -0.002207
37 18 0.008092 0.001119 0.004677
38 18 0.009121 0.001101 0.006748
39 18 0.006789 0.000766 0.005585
40 18 0.003977 0.000428 0.003509
41 18 0.001955 0.000203 0.001820
42 18 0.000833 0.000084 0.000811
43 18 0.000314 0.000031 0.000318
44 18 0.000106 0.000010 0.000111
45 18 0.000033 0.000003 0.000035
46 18 0.000009 0.000001 0.000010
47 18 0.000002 0.000000 0.000003
48 18 0.000001 0.000000 0.000001
49 18 0.000000 0.000000 0.000000

0 19 0.000000 0.000000 0.000000
1 19 -0.035469 -0.012683 -0.005535
2 19 -0.074502 -0.013508 -0.016767
3 19 -0.088965 0.012823 -0.035391
4 19 -0.014754 0.061039 -0.030301
5 19 0.121548 0.078907 0.033210
6 19 0.150623 0.031204 0.083655
7 19 -0.000148 -0.040214 0.035169
8 19 -0.148858 -0.050910 -0.073518
9 19 -0.064716 0.003839 -0.072002
10 19 0.099502 0.038928 0.038948
11 19 0.088452 0.014912 0.080557
12 19 -0.072916 -0.022914 -0.010240
13 19 -0.098619 -0.012528 -0.081043
14 19 0.058039 0.019497 -0.000013
15 19 0.098791 0.011668 0.074707
16 19 -0.032207 -0.015013 0.013304
17 19 -0.099641 -0.012667 -0.064962
18 19 0.012845 0.010511 -0.026289
19 19 0.101725 0.013721 0.063582
20 19 -0.010621 -0.006631 0.031579
21 19 -0.097671 -0.011700 -0.062618
22 19 0.013557 0.005173 -0.027437
23 19 0.084722 0.009551 0.057388
24 19 -0.012394 -0.003503 0.022711
25 19 -0.068878 -0.007173 -0.046444
26 19 0.004374 0.002078 -0.020296
27 19 0.052596 0.005589 0.033682
28 19 0.006054 -0.000323 0.020719
29 19 -0.037811 -0.004002 -0.020343
30 19 -0.017514 -0.001064 -0.021461
31 19 0.019878 0.002447 0.006538
32 19 0.022649 0.002061 0.018724
33 19 -0.001081 -0.000476 0.005894
34 19 -0.018416 -0.001899 -0.010081
35 19 -0.016431 -0.001397 -0.013255
36 19 -0.004306 -0.000131 -0.006002
37 19 0.005714 0.000755 0.002302
38 19 0.009159 0.000970 0.006328
39 19 0.007874 0.000770 0.006252
40 19 0.005075 0.000472 0.004369
41 19 0.002688 0.000241 0.002456
42 19 0.001221 0.000106 0.001170
43 19 0.000488 0.000041 0.000487
44 19 0.000174 0.000014 0.000180
45 19 0.000056 0.000005 0.000060
46 19 0.000016 0.000001 0.000018
47 19 0.000004 0.000000 0.000005
48 19 0.000001 0.000000 0.000001
49 19 0.000000 0.000000 0.000000

0 20 0.000000 0.000000 0.000000
1 20 0.028798 -0.013161 0.014720
2 20 0.014076 -0.045702 0.023580
3 20 -0.087431 -0.075166 -0.003034
4 20 -0.178807 -0.049872 -0.070438
5 20 -0.087560 0.027245 -0.071167
6 20 0.112817 0.070383 0.034703
7 20 0.143991 0.031347 0.104359
8 20 -0.043059 -0.029041 0.016613
9 20 -0.133793 -0.029059 -0.088812
10 20 0.006171 0.015054 -0.038009
11 20 0.127902 0.024359 0.073461
12 20 0.017099 -0.006943 0.053336
13 20 -0.114819 -0.021122 -0.061723
14 20 -0.024108 -0.000165 -0.052302
15 20 0.090187 0.017239 0.049153
16 20 0.031732 0.005431 0.051312
17 20 -0.079145 -0.011704 -0.034341
18 20 -0.044132 -0.004496 -0.055994
19 20 0.082874 0.010386 0.030924
20 20 0.047365 0.003182 0.061252
21 20 -0.085695 -0.009349 -0.032677
22 20 -0.040992 -0.001785 -0.057247
23 20 0.078103 0.008188 0.033183
24 20 0.032785 0.001541 0.048780
25 20 -0.063512 -0.006152 -0.027454
26 20 -0.029447 -0.001453 -0.039645
27 20 0.045301 0.004444 0.018141
28 20 0.029069 0.001883 0.032588
29 20 -0.027485 -0.002689 -0.006998
30 20 -0.030296 -0.002128 -0.026081
31 20 0.007965 0.001132 -0.004200
32 20 0.025686 0.002107 0.017195
33 20 0.008673 0.000429 0.012318
34 20 -0.013704 -0.001257 -0.004928
35 20 -0.018839 -0.001412 -0.013497
36 20 -0.009191 -0.000515 -0.009324
37 20 0.002455 0.000381 -0.000597
38 20 0.008416 0.000762 0.005259
39 20 0.008622 0.000705 0.006565
40 20 0.006152 0.000477 0.005157
41 20 0.003515 0.000262 0.003147
42 20 0.001700 0.000123 0.001603
43 20 0.000717 0.000051 0.000706
44 20 0.000269 0.000019 0.000275
45 20 0.000091 0.000006 0.000096
46 20 0.000028 0.000002 0.000030
47 20 0.000008 0.000001 0.000009
48 20 0.000002 0.000000 0.000002
49 20 0.000000 0.000000 0.000000

0 21 0.000000 0.000000 0.000000
1 21 0.052432 0.052213 -0.043253
2 21 0.156611 0.063020 0.015717
3 21 0.159929 0.000524 0.079764
4 21 -0.041448 -0.069732 0.018094
5 21 -0.186661 -0.058579 -0.100570
6 21 -0.057563 0.012804 -0.076756
7 21 0.143268 0.044290 0.066639
8 21 0.077940 0.005694 0.092619
9 21 -0.109681 -0.026282 -0.038689
10 21 -0.085580 -0.008980 -0.083304
11 21 0.080677 0.019406 0.020729
12 21 0.087883 0.011465 0.083438
13 21 -0.077045 -0.011713 -0.012161
14 21 -0.083351 -0.004539 -0.077618
15 21 0.068091 0.010989 0.010766
16 21 0.083529 0.003234 0.070757
17 21 -0.050187 -0.009659 0.000728
18 21 -0.089657 -0.004884 -0.067771
19 21 0.043350 0.008051 -0.007412
20 21 0.089816 0.006147 0.070258
21 21 -0.046786 -0.006032 0.006115
22 21 -0.080476 -0.005159 -0.067060
23 21 0.046693 0.004894 -0.000690
24 21 0.066139 0.004152 0.058586
25 21 -0.039238 -0.003508 -0.000535
26 21 -0.053980 -0.003163 -0.046802
27 21 0.025503 0.002354 -0.002326
28 21 0.044046 0.002701 0.035488
29 21 -0.010451 -0.001080 0.008094
30 21 -0.036034 -0.002205 -0.024395
31 21 -0.005776 0.000009 -0.014066
32 21 0.023529 0.001619 0.012041
33 21 0.016816 0.000903 0.016437
34 21 -0.006954 -0.000591 0.001041
35 21 -0.018949 -0.001163 -0.011897
36 21 -0.013387 -0.000686 -0.011731
37 21 -0.001345 0.000068 -0.003681
38 21 0.006914 0.000518 0.003617
39 21 0.008926 0.000581 0.006461
40 21 0.007118 0.000436 0.005796
41 21 0.004393 0.000259 0.003852
42 21 0.002260 0.000129 0.002095
43 21 0.001005 0.000056 0.000976
44 21 0.000395 0.000022 0.000399
45 21 0.000139 0.000007 0.000146
46 21 0.000045 0.000002 0.000048
47 21 0.000013 0.000001 0.000014
48 21 0.000004 0.000000 0.000004
49 21 0.000000 0.000000 0.000000

0 22 0.000000 0.000000 0.000000
1 22 -0.135817 0.027808 -0.081548
2 22 -0.042500 0.098009 -0.075319
3 22 0.193120 0.108535 0.068574
4 22 0.172347 0.029424 0.137481
5 22 -0.087030 -0.039309 -0.002795
6 22 -0.158385 -0.024632 -0.117252
7 22 0.047825 0.020643 -0.018803
8 22 0.137588 0.023056 0.103272
9 22 -0.030665 -0.007803 0.029693
10 22 -0.123135 -0.012495 -0.083432
11 22 0.019848 0.007300 -0.032317
12 22 0.121455 0.010427 0.078870
13 22 -0.013164 -0.004812 0.036062
14 22 -0.104906 -0.011433 -0.069736
15 22 0.006512 0.000360 -0.031316
16 22 0.087425 0.010056 0.057974
17 22 0.003126 0.002192 0.035335
18 22 -0.089045 -0.006783 -0.050903
19 22 -0.007193 -0.000723 -0.040073
20 22 0.095828 0.005628 0.054614
21 22 0.001554 -0.000534 0.039597
22 22 -0.093055 -0.004734 -0.056122
23 22 0.004848 0.001174 -0.032032
24 22 0.079954 0.003990 0.051881
25 22 -0.005959 -0.000896 0.025426
26 22 -0.064284 -0.003012 -0.041738
27 22 0.000008 0.000495 -0.021729
28 22 0.048559 0.002318 0.029956
29 22 0.008575 0.000119 0.021192
30 22 -0.034383 -0.001612 -0.017547
31 22 -0.018405 -0.000606 -0.021123
32 22 0.017152 0.000927 0.004647
33 22 0.022168 0.000937 0.017769
34 22 0.000663 -0.000087 0.006819
35 22 -0.016900 -0.000774 -0.008812
36 22 -0.016440 -0.000648 -0.012969
37 22 -0.005296 -0.000127 -0.006611
38 22 0.004766 0.000285 0.001553
39 22 0.008735 0.000416 0.005928
40 22 0.007892 0.000350 0.006223
41 22 0.005273 0.000224 0.004522
42 22 0.002884 0.000119 0.002627
43 22 0.001350 0.000054 0.001291
44 22 0.000555 0.000022 0.000553
45 22 0.000204 0.000008 0.000211
46 22 0.000068 0.000003 0.000072
47 22 0.000021 0.000001 0.000022
48 22 0.000007 0.000000 0.000006
49 22 0.000000 0.000000 0.000000

0 23 0.000000 0.000000 0.000000
1 23 -0.172391 -0.091176 0.036792
2 23 -0.309810 -0.039597 -0.145561
3 23 -0.033391 0.047805 -0.065952
4 23 0.202803 0.054336 0.135105
5 23 0.047079 0.003703 0.099714
6 23 -0.156970 -0.020623 -0.078656
7 23 -0.045024 0.000084 -0.080752
8 23 0.138649 0.013282 0.072121
9 23 0.042547 0.000453 0.076173
10 23 -0.114993 -0.010548 -0.053937
11 23 -0.048770 -0.003001 -0.068460
12 23 0.104585 0.008142 0.047405
13 23 0.043046 0.002124 0.069004
14 23 -0.103818 -0.003928 -0.045335
15 23 -0.039440 0.002869 -0.060397
16 23 0.092111 0.004533 0.040127
17 23 0.048146 -0.002625 0.059353
18 23 -0.083331 -0.005035 -0.030059
19 23 -0.054326 0.000502 -0.061980
20 23 0.084093 0.004480 0.030031
21 23 0.047993 0.000700 0.062232
22 23 -0.083965 -0.003339 -0.033162
23 23 -0.036402 -0.000623 -0.054329
24 23 0.074951 0.002568 0.033669
25 23 0.027314 0.000524 0.044653
26 23 -0.060458 -0.001847 -0.027702
27 23 -0.024812 -0.000459 -0.035975
28 23 0.043268 0.001326 0.018460
29 23 0.025565 0.000582 0.029933
30 23 -0.026671 -0.000801 -0.007572
31 23 -0.027864 -0.000658 -0.024462
32 23 0.008122 0.000329 -0.003451
33 23 0.024278 0.000650 0.016445
34 23 0.008046 0.000151 0.011619
35 23 -0.013132 -0.000378 -0.004769
36 23 -0.018115 -0.000448 -0.012992
37 23 -0.009031 -0.000179 -0.009108
38 23 0.002156 0.000106 -0.000744
39 23 0.008053 0.000236 0.005004
40 23 0.008415 0.000227 0.006401
41 23 0.006104 0.000158 0.005115
42 23 0.003546 0.000089 0.003174
43 23 0.001745 0.000043 0.001644
44 23 0.000749 0.000018 0.000737
45 23 0.000286 0.000007 0.000292
46 23 0.000099 0.000002 0.000104
47 23 0.000031 0.000001 0.000033
48 23 0.000011 0.000000 0.000009
49 23 0.000000 0.000000 0.000000

0 24 0.000000 0.000000 0.000000
1 24 0.320595 -0.010758 0.417263
2 24 -0.216978 -0.051725 -0.077110
3 24 -0.162026 -0.013564 -0.159397
4 24 0.147217 0.013015 0.061287
5 24 0.122745 0.006054 0.137819
6 24 -0.119088 -0.005118 -0.026673
7 24 -0.108542 -0.002897 -0.105362
8 24 0.099076 0.004643 0.027846
9 24 0.091916 0.003881 0.096155
10 24 -0.086208 -0.001382 -0.017165
11 24 -0.090893 0.000964 -0.084051
12 24 0.080429 0.002946 0.014752
13 24 0.087038 0.001184 0.083074
14 24 -0.070746 -0.001848 -0.012930
15 24 -0.070670 -0.004622 -0.070499
16 24 0.056563 -0.001286 0.010480
17 24 0.067467 0.003641 0.063220
18 24 -0.050362 0.001853 -0.001976
19 24 -0.076081 -0.001452 -0.064476
20 24 0.054350 -0.000478 0.001374
21 24 0.076649 0.000647 0.068327
22 24 -0.059338 -0.000401 -0.005722
23 24 -0.066743 -0.000469 -0.063773
24 24 0.056229 0.000620 0.010309
25 24 0.053650 0.000431 0.054370
26 24 -0.045956 -0.000495 -0.009222
27 24 -0.044429 -0.000356 -0.043243
28 24 0.030793 0.000342 0.004147
29 24 0.037951 0.000324 0.033491
30 24 -0.015089 -0.000169 0.003368
31 24 -0.033181 -0.000280 -0.024113
32 24 -0.001892 0.000020 -0.010949
33 24 0.023319 0.000217 0.013018
34 24 0.014356 0.000111 0.014971
35 24 -0.008241 -0.000086 -0.000338
36 24 -0.018393 -0.000156 -0.011925
37 24 -0.012262 -0.000090 -0.010991
38 24 -0.000705 0.000011 -0.003082
39 24 0.006935 0.000070 0.003765
40 24 0.008655 0.000079 0.006320
41 24 0.006843 0.000059 0.005597
42 24 0.004219 0.000036 0.003709
43 24 0.002178 0.000018 0.002022
44 24 0.000974 0.000008 0.000946
45 24 0.000386 0.000003 0.000390
46 24 0.000138 0.000001 0.000143
47 24 0.000045 0.000000 0.000048
48 24 0.000017 0.000000 0.000013
49 24 0.000000 0.000000 0.000000

0 25 0.000000 0.000000 0.000000
1 25 0.056173 -0.065977 0.083886
2 25 -0.241033 0.035319 -0.070892
3 25 -0.204638 0.020125 -0.155193
4 25 0.109328 -0.008545 0.028108
5 25 0.156691 -0.008495 0.142664
6 25 -0.075303 0.003791 0.009407
7 25 -0.137271 0.004777 -0.108457
8 25 0.065498 -0.002176 -0.006724
9 25 0.122236 -0.004401 0.099811
10 25 -0.048176 0.000970 0.013089
11 25 -0.108339 0.000197 -0.082342
12 25 0.039658 -0.003484 -0.015831
13 25 0.105501 -0.002429 0.080697
14 25 -0.042206 0.000027 0.016171
15 25 -0.100470 0.003472 -0.073958
16 25 0.030844 0.003423 -0.014918
17 25 0.094583 -0.001478 0.065941
18 25 -0.017595 -0.002715 0.022826
19 25 -0.095382 0.000232 -0.062279
20 25 0.017985 0.000691 -0.025170
21 25 0.094125 -0.000420 0.064978
22 25 -0.026218 0.000232 0.020823
23 25 -0.084930 0.000624 -0.062685
24 25 0.029517 -0.000421 -0.013240
25 25 0.070254 -0.000627 0.055091
26 25 -0.025195 0.000315 0.009758
27 25 -0.056731 0.000498 -0.043732
28 25 0.014369 -0.000194 -0.010205
29 25 0.044734 -0.000404 0.032269
30 25 -0.001924 0.000050 0.013523
31 25 -0.034341 0.000301 -0.020746
32 25 -0.011487 0.000068 -0.016973
33 25 0.019887 -0.000192 0.008236
34 25 0.019098 -0.000157 0.016729
35 25 -0.002842 0.000039 0.003985
36 25 -0.017426 0.000151 -0.010006
37 25 -0.014805 0.000114 -0.012181
38 25 -0.003610 0.000015 -0.005294
39 25 0.005471 -0.000059 0.002311
40 25 0.008610 -0.000079 0.005997
41 25 0.007457 -0.000065 0.005945
42 25 0.004878 -0.000041 0.004210
43 25 0.002635 -0.000022 0.002411
44 25 0.001225 -0.000010 0.001175
45 25 0.000502 -0.000004 0.000501
46 25 0.000185 -0.000001 0.000191
47 25 0.000063 -0.000000 0.000065
48 25 0.000024 -0.000000 0.000019
49 25 0.000000 0.000000 0.000000

0 26 0.000000 0.000000 0.000000
1 26 -0.072546 0.042052 0.030600
2 26 -0.231844 0.097617 -0.067016
3 26 -0.151586 0.042623 -0.107478
4 26 0.124084 -0.029908 0.037846
5 26 0.169795 -0.032798 0.136081
6 26 -0.056973 0.003988 0.019020
7 26 -0.149966 0.014360 -0.106436
8 26 0.035361 -0.006297 -0.026621
9 26 0.128839 -0.011856 0.094023
10 26 -0.022025 0.001773 0.033543
11 26 -0.122498 0.008637 -0.077173
12 26 0.007065 0.000932 -0.037725
13 26 0.115901 -0.005529 0.073989
14 26 -0.009176 0.002477 0.037706
15 26 -0.098111 0.005451 -0.065279
16 26 0.008996 -0.004671 -0.031059
17 26 0.088042 -0.006916 0.055438
18 26 0.002637 0.002231 0.036114
19 26 -0.092240 0.005834 -0.050324
20 26 -0.009127 -0.000529 -0.041481
21 26 0.096231 -0.004311 0.053532
22 26 0.004278 0.000117 0.040465
23 26 -0.090898 0.003044 -0.053870
24 26 0.001725 -0.000316 -0.032770
25 26 0.077122 -0.002332 0.048960
26 26 -0.002656 0.000234 0.026281
27 26 -0.061669 0.001712 -0.038903
28 26 -0.003014 -0.000077 -0.022636
29 26 0.046189 -0.001290 0.027408
30 26 0.010928 -0.000214 0.021779
31 26 -0.031994 0.000864 -0.015340
32 26 -0.019699 0.000439 -0.021120
33 26 0.014770 -0.000450 0.002850
34 26 0.022104 -0.000566 0.017003
35 26 0.002530 -0.000027 0.007835
36 26 -0.015478 0.000409 -0.007525
37 26 -0.016586 0.000396 -0.012692
38 26 -0.006383 0.000118 -0.007255
39 26 0.003772 -0.000133 0.000746
40 26 0.008303 -0.000232 0.005468
41 26 0.007926 -0.000209 0.006153
42 26 0.005497 -0.000140 0.004658
43 26 0.003102 -0.000078 0.002796
44 26 0.001496 -0.000037 0.001416
45 26 0.000633 -0.000015 0.000625
46 26 0.000240 -0.000006 0.000244
47 26 0.000084 -0.000002 0.000086
48 26 0.000033 -0.000001 0.000025
49 26 0.000000 0.000000 0.000000

0 27 0.000000 0.000000 0.000000
1 27 -0.083634 0.062370 -0.017262
2 27 -0.142236 0.085676 -0.058462
3 27 -0.033643 0.013591 -0.051445
4 27 0.166086 -0.062738 0.059041
5 27 0.153151 -0.051022 0.115223
6 27 -0.069447 0.010955 0.002396
7 27 -0.153693 0.027894 -0.104777
8 27 0.023425 -0.003381 -0.032410
9 27 0.137745 -0.019145 0.091091
10 27 -0.003080 0.000679 0.043892
11 27 -0.118077 0.014479 -0.070879
12 27 -0.008927 -0.001631 -0.047528
13 27 0.115063 -0.013126 0.063717
14 27 0.017215 -0.002581 0.052177
15 27 -0.104202 0.005963 -0.056036
16 27 -0.025883 0.002242 -0.048759
17 27 0.086501 -0.002892 0.044763
18 27 0.035618 -0.001089 0.051391
19 27 -0.082855 0.003501 -0.035938
20 27 -0.039199 0.000549 -0.055153
21 27 0.087472 -0.004843 0.037852
22 27 0.032894 -0.000820 0.054832
23 27 -0.086489 0.004607 -0.040261
24 27 -0.024065 0.000624 -0.047311
25 27 0.075623 -0.003892 0.038396
26 27 0.018574 -0.000640 0.038984
27 27 -0.060376 0.002865 -0.030605
28 27 -0.019172 0.000656 -0.032157
29 27 0.043347 -0.002061 0.020284
30 27 0.022197 -0.000897 0.027668
31 27 -0.027114 0.001241 -0.008894
32 27 -0.026041 0.001039 -0.023378
33 27 0.008762 -0.000489 -0.002515
34 27 0.023475 -0.001022 0.016068
35 27 0.007479 -0.000269 0.010997
36 27 -0.012859 0.000574 -0.004766
37 27 -0.017626 0.000715 -0.012612
38 27 -0.008894 0.000310 -0.008891
39 27 0.001953 -0.000143 -0.000832
40 27 0.007779 -0.000366 0.004784
41 27 0.008247 -0.000364 0.006226
42 27 0.006057 -0.000259 0.005039
43 27 0.003563 -0.000149 0.003166
44 27 0.001777 -0.000073 0.001661
45 27 0.000774 -0.000032 0.000755
46 27 0.000301 -0.000012 0.000304
47 27 0.000108 -0.000004 0.000109
48 27 0.000043 -0.000002 0.000033
49 27 0.000000 0.000000 0.000000

0 28 0.000000 0.000000 0.000000
1 28 -0.031573 0.032472 -0.033007
2 28 -0.019902 0.022768 -0.037038
3 28 0.079126 -0.044403 -0.005992
4 28 0.179241 -0.091579 0.066271
5 28 0.096305 -0.049608 0.075839
6 28 -0.103191 0.025423 -0.028114
7 28 -0.146231 0.038336 -0.100841
8 28 0.036264 -0.007966 -0.021532
9 28 0.140652 -0.031151 0.091411
10 28 -0.000052 -0.002568 0.043475
11 28 -0.120094 0.017476 -0.067923
12 28 -0.028560 0.002228 -0.054111
13 28 0.109360 -0.014368 0.055515
14 28 0.031399 -0.003019 0.060399
15 28 -0.103627 0.014696 -0.049468
16 28 -0.031446 0.005276 -0.055002
17 28 0.089997 -0.012574 0.040136
18 28 0.044931 -0.007108 0.056102
19 28 -0.080323 0.008480 -0.027830
20 28 -0.056567 0.005700 -0.061104
21 28 0.079228 -0.006903 0.025121
22 28 0.054690 -0.004226 0.063071
23 28 -0.077892 0.005845 -0.026456
24 28 -0.045523 0.002822 -0.056773
25 28 0.068917 -0.004984 0.026264
26 28 0.036733 -0.002254 0.047665
27 28 -0.054758 0.003665 -0.020734
28 28 -0.032874 0.001876 -0.038610
29 28 0.037577 -0.002533 0.012190
30 28 0.031256 -0.001871 0.031236
31 28 -0.020737 0.001345 -0.002248
32 28 -0.030429 0.001757 -0.024005
33 28 0.002544 -0.000296 -0.007422
34 28 0.023480 -0.001448 0.014278
35 28 0.011762 -0.000650 0.013399
36 28 -0.009875 0.000624 -0.001973
37 28 -0.018017 0.001034 -0.012069
38 28 -0.011064 0.000572 -0.010175
39 28 0.000118 -0.000089 -0.002340
40 28 0.007094 -0.000473 0.004002
41 28 0.008429 -0.000522 0.006182
42 28 0.006548 -0.000393 0.005348
43 28 0.004005 -0.000236 0.003507
44 28 0.002060 -0.000119 0.001903
45 28 0.000922 -0.000053 0.000889
46 28 0.000367 -0.000021 0.000366
47 28 0.000134 -0.000008 0.000134
48 28 0.000055 -0.000003 0.000041
49 28 0.000000 0.000000 0.000000

0 29 0.000000 0.000000 0.000000
1 29 0.017062 -0.006448 -0.020244
2 29 0.055279 -0.035184 -0.010637
3 29 0.112641 -0.079434 0.018453
4 29 0.119031 -0.082953 0.049768
5 29 0.000599 -0.017175 0.026647
6 29 -0.145374 0.051408 -0.056797
7 29 -0.119791 0.044480 -0.085305
8 29 0.061938 -0.016208 0.002657
9 29 0.135980 -0.036657 0.090983
10 29 -0.010427 0.000160 0.034799
11 29 -0.124410 0.027175 -0.070930
12 29 -0.025180 0.006987 -0.052230
13 29 0.113864 -0.020072 0.054990
14 29 0.043422 -0.007079 0.062998
15 29 -0.094232 0.012997 -0.042539
16 29 -0.044212 0.002256 -0.058698
17 29 0.072583 -0.011542 0.029645
18 29 0.052011 -0.003371 0.056944
19 29 -0.063158 0.009885 -0.016035
20 29 -0.065036 0.005389 -0.061360
21 29 0.064456 -0.008648 0.012000
22 29 0.068107 -0.006243 0.065573
23 29 -0.065713 0.006955 -0.013137
24 29 -0.061103 0.005172 -0.061464
25 29 0.059212 -0.005697 0.014245
26 29 0.050882 -0.004260 0.052665
27 29 -0.046693 0.004050 -0.010746
28 29 -0.043629 0.003393 -0.042328
29 29 0.030236 -0.002646 0.004139
30 29 0.037997 -0.002998 0.032852
31 29 -0.013780 0.001158 0.003994
32 29 -0.033064 0.002495 -0.023404
33 29 -0.003384 0.000104 -0.011626
34 29 0.022479 -0.001792 0.011987
35 29 0.015278 -0.001126 0.015076
36 29 -0.006793 0.000560 0.000668
37 29 -0.017894 0.001327 -0.011208
38 29 -0.012863 0.000882 -0.011121
39 29 -0.001645 0.000025 -0.003719
40 29 0.006310 -0.000547 0.003179
41 29 0.008491 -0.000677 0.006045
42 29 0.006963 -0.000538 0.005585
43 29 0.004415 -0.000335 0.003813
44 29 0.002335 -0.000175 0.002132
45 29 0.001070 -0.000079 0.001021
46 29 0.000435 -0.000032 0.000430
47 29 0.000162 -0.000012 0.000161
48 29 0.000068 -0.000005 0.000050
49 29 0.000000 0.000000 0.000000

0 30 0.000000 0.000000 0.000000
1 30 0.027245 -0.022777 -0.000879
2 30 0.053519 -0.047618 0.006561
3 30 0.060999 -0.060248 0.019610
4 30 0.015925 -0.030887 0.019128
5 30 -0.086190 0.033976 -0.014529
6 30 -0.147326 0.072125 -0.065752
7 30 -0.055817 0.033500 -0.051797
8 30 0.103534 -0.032665 0.032476
9 30 0.129494 -0.043655 0.087165
10 30 -0.032183 0.004186 0.016238
11 30 -0.121448 0.031831 -0.075777
12 30 -0.012033 0.002233 -0.042479
13 30 0.110865 -0.026239 0.055653
14 30 0.042302 -0.009864 0.060712
15 30 -0.101031 0.016969 -0.041841
16 30 -0.057143 0.012102 -0.063835
17 30 0.077876 -0.009476 0.027864
18 30 0.068287 -0.011159 0.062741
19 30 -0.057627 0.006245 -0.010405
20 30 -0.078044 0.009511 -0.064250
21 30 0.052522 -0.006704 0.002316
22 30 0.079873 -0.009047 0.067185
23 30 -0.053189 0.006397 -0.001817
24 30 -0.072821 0.007623 -0.063611
25 30 0.048497 -0.005653 0.003458
26 30 0.061437 -0.006383 0.055061
27 30 -0.037734 0.003971 -0.001585
28 30 -0.051593 0.005018 -0.043988
29 30 0.022449 -0.002413 -0.003203
30 30 0.042670 -0.004160 0.033048
31 30 -0.006951 0.000716 0.009473
32 30 -0.034313 0.003186 -0.022016
33 30 -0.008702 0.000664 -0.015041
34 30 0.020846 -0.002033 0.009512
35 30 0.018036 -0.001654 0.016137
36 30 -0.003827 0.000393 0.003035
37 30 -0.017412 0.001578 -0.010173
38 30 -0.014299 0.001221 -0.011770
39 30 -0.003266 0.000189 -0.004930
40 30 0.005490 -0.000589 0.002366
41 30 0.008459 -0.000824 0.005843
42 30 0.007303 -0.000689 0.005756
43 30 0.004784 -0.000444 0.004077
44 30 0.002595 -0.000238 0.002341
45 30 0.001214 -0.000110 0.001147
46 30 0.000502 -0.000045 0.000492
47 30 0.000191 -0.000017 0.000187
48 30 0.000081 -0.000007 0.000059
49 30 0.000000 0.000000 0.000000

0 31 0.000000 0.000000 0.000000
1 31 0.007947 -0.013686 0.007358
2 31 0.007278 -0.020561 0.008182
3 31 -0.015251 -0.008888 0.006441
4 31 -0.062567 0.026686 -0.007431
5 31 -0.110950 0.065402 -0.032823
6 31 -0.089790 0.059921 -0.048043
7 31 0.027288 -0.000494 -0.009684
8 31 0.133627 -0.055396 0.055508
9 31 0.092604 -0.042963 0.069540
10 31 -0.071312 0.017604 -0.011994
11 31 -0.119623 0.038030 -0.078351
12 31 0.003049 0.002306 -0.028638
13 31 0.113392 -0.027178 0.060557
14 31 0.036205 -0.008297 0.055545
15 31 -0.102135 0.023967 -0.045438
16 31 -0.045114 0.011810 -0.060456
17 31 0.085017 -0.019381 0.032051
18 31 0.060239 -0.014652 0.059930
19 31 -0.061301 0.012293 -0.012167
20 31 -0.077547 0.014403 -0.062277
21 31 0.048697 -0.008352 -0.001043
22 31 0.085335 -0.013042 0.066405
23 31 -0.044578 0.006326 0.005427
24 31 -0.080581 0.010588 -0.063947
25 31 0.039189 -0.005298 -0.004921
26 31 0.068968 -0.008646 0.055822
27 31 -0.029299 0.003543 0.006061
28 31 -0.057265 0.006672 -0.044346
29 31 0.015099 -0.001902 -0.009438
30 31 0.045730 -0.005289 0.032390
31 31 -0.000742 0.000082 0.014027
32 31 -0.034612 0.003797 -0.020259
33 31 -0.013246 0.001331 -0.017697
34 31 0.018928 -0.002172 0.007105
35 31 0.020121 -0.002199 0.016727
36 31 -0.001129 0.000148 0.005061
37 31 -0.016725 0.001785 -0.009092
38 31 -0.015408 0.001572 -0.012180
39 31 -0.004700 0.000390 -0.005955
40 31 0.004689 -0.000602 0.001607
41 31 0.008365 -0.000961 0.005608
42 31 0.007573 -0.000844 0.005871
43 31 0.005107 -0.000560 0.004297
44 31 0.002831 -0.000307 0.002526
45 31 0.001348 -0.000145 0.001261
46 31 0.000567 -0.000061 0.000550
47 31 0.000219 -0.000023 0.000212
48 31 0.000094 -0.000010 0.000068
49 31 0.000000 0.000000 0.000000

0 32 0.000000 0.000000 0.000000
1 32 -0.012528 0.003681 0.002087
2 32 -0.030002 0.012911 -0.000914
3 32 -0.052712 0.030945 -0.007088
4 32 -0.073323 0.051670 -0.018692
5 32 -0.063890 0.054647 -0.026123
6 32 -0.002197 0.018504 -0.016132
7 32 0.093390 -0.038904 0.024308
8 32 0.122582 -0.063313 0.058649
9 32 0.028909 -0.021456 0.035888
10 32 -0.105082 0.038429 -0.039096
11 32 -0.100076 0.042477 -0.072736
12 32 0.041754 -0.005162 -0.005533
13 32 0.121590 -0.035514 0.068840
14 32 0.021315 -0.007814 0.043283
15 32 -0.102679 0.025429 -0.051014
16 32 -0.041198 0.009293 -0.055724
17 32 0.078377 -0.017362 0.032680
18 32 0.057363 -0.009524 0.057048
19 32 -0.052314 0.012962 -0.010345
20 32 -0.073627 0.012785 -0.058851
21 32 0.041668 -0.009268 -0.004239
22 32 0.086070 -0.014249 0.064058
23 32 -0.037051 0.006610 0.010552
24 32 -0.084561 0.012856 -0.062992
25 32 0.031685 -0.005000 -0.011019
26 32 0.073937 -0.010772 0.055637
27 32 -0.022218 0.002987 0.011956
28 32 -0.061187 0.008280 -0.044046
29 32 0.008793 -0.001236 -0.014395
30 32 0.047687 -0.006360 0.031387
31 32 0.004538 -0.000669 0.017631
32 32 -0.034391 0.004331 -0.018485
33 32 -0.016971 0.002055 -0.019695
34 32 0.017020 -0.002230 0.004955
35 32 0.021659 -0.002740 0.016998
36 32 0.001200 -0.000148 0.006719
37 32 -0.015973 0.001952 -0.008072
38 32 -0.016243 0.001923 -0.012415
39 32 -0.005918 0.000614 -0.006788
40 32 0.003958 -0.000594 0.000937
41 32 0.008240 -0.001088 0.005367
42 32 0.007781 -0.000998 0.005940
43 32 0.005379 -0.000680 0.004472
44 32 0.003036 -0.000381 0.002682
45 32 0.001468 -0.000183 0.001360
46 32 0.000625 -0.000077 0.000601
47 32 0.000244 -0.000030 0.000234
48 32 0.000107 -0.000013 0.000076
49 32 0.000000 0.000000 0.000000

0 33 0.000000 0.000000 0.000000
1 33 -0.014061 0.011120 -0.006527
2 33 -0.026335 0.022613 -0.008912
3 33 -0.031103 0.031228 -0.011161
4 33 -0.021550 0.030455 -0.013797
5 33 0.016134 0.008580 -0.006134
6 33 0.069243 -0.030727 0.010836
7 33 0.109631 -0.062868 0.037331
8 33 0.066068 -0.048268 0.038211
9 33 -0.039613 0.008864 -0.002510
10 33 -0.120669 0.052223 -0.055656
11 33 -0.058569 0.032967 -0.054482
12 33 0.080767 -0.023450 0.022518
13 33 0.106897 -0.038991 0.068414
14 33 -0.008951 0.001202 0.023145
15 33 -0.110447 0.033525 -0.058539
16 33 -0.031628 0.015035 -0.049530
17 33 0.095015 -0.017697 0.041497
18 33 0.063559 -0.015455 0.059009
19 33 -0.058007 0.011220 -0.015084
20 33 -0.077306 0.016978 -0.060346
21 33 0.041823 -0.007066 -0.003254
22 33 0.089787 -0.016364 0.064476
23 33 -0.032581 0.005828 0.012984
24 33 -0.087667 0.015048 -0.062710
25 33 0.026662 -0.004417 -0.014803
26 33 0.077541 -0.012734 0.055504
27 33 -0.016976 0.002377 0.016076
28 33 -0.064006 0.009820 -0.043695
29 33 0.003908 -0.000519 -0.018052
30 33 0.049037 -0.007379 0.030469
31 33 0.008722 -0.001459 0.020341
32 33 -0.034032 0.004814 -0.016972
33 33 -0.019898 0.002794 -0.021159
34 33 0.015360 -0.002241 0.003192
35 33 0.022785 -0.003267 0.017096
36 33 0.003097 -0.000467 0.008011
37 33 -0.015279 0.002093 -0.007198
38 33 -0.016861 0.002268 -0.012536
39 33 -0.006903 0.000849 -0.007433
40 33 0.003337 -0.000572 0.000383
41 33 0.008112 -0.001207 0.005146
42 33 0.007939 -0.001151 0.005975
43 33 0.005598 -0.000802 0.004603
44 33 0.003206 -0.000456 0.002804
45 33 0.001568 -0.000222 0.001439
46 33 0.000675 -0.000095 0.000643
47 33 0.000266 -0.000037 0.000253
48 33 0.000117 -0.000016 0.000082
49 33 0.000000 0.000000 0.000000

0 34 0.000000 0.000000 0.000000
1 34 -0.000861 0.004397 -0.008112
2 34 0.002392 0.005892 -0.007953
3 34 0.013066 0.001200 -0.005516
4 34 0.033844 -0.013142 -0.001365
5 34 0.061101 -0.036415 0.009601
6 34 0.076025 -0.056116 0.019916
7 34 0.056473 -0.052544 0.025681
8 34 -0.019957 -0.010709 0.005089
9 34 -0.096796 0.039891 -0.031973
10 34 -0.108939 0.055315 -0.054869
11 34 -0.004043 0.012198 -0.023786
12 34 0.102270 -0.038130 0.044979
13 34 0.077992 -0.032557 0.057615
14 34 -0.041047 0.013710 0.000048
15 34 -0.107974 0.039779 -0.064309
16 34 0.000009 0.008804 -0.034320
17 34 0.110312 -0.029249 0.054222
18 34 0.043110 -0.014783 0.050834
19 34 -0.073533 0.021761 -0.027315
20 34 -0.065881 0.021889 -0.056614
21 34 0.053744 -0.010088 0.004897
22 34 0.089516 -0.019417 0.064212
23 34 -0.034360 0.007093 0.010947
24 34 -0.088639 0.018012 -0.062611
25 34 0.025928 -0.004202 -0.015455
26 34 0.080357 -0.014775 0.055901
27 34 -0.014167 0.001950 0.018254
28 34 -0.066211 0.011384 -0.043723
29 34 0.000760 0.000135 -0.020386
30 34 0.050209 -0.008392 0.029971
31 34 0.011713 -0.002219 0.022230
32 34 -0.033850 0.005291 -0.015930
33 34 -0.022078 0.003518 -0.022213
34 34 0.014131 -0.002247 0.001905
35 34 0.023628 -0.003779 0.017143
36 34 0.004530 -0.000783 0.008952
37 34 -0.014740 0.002226 -0.006532
38 34 -0.017315 0.002604 -0.012598
39 34 -0.007648 0.001080 -0.007901
40 34 0.002859 -0.000548 -0.000036
41 34 0.008007 -0.001323 0.004966
42 34 0.008054 -0.001300 0.005987
43 34 0.005764 -0.000921 0.004692
44 34 0.003336 -0.000530 0.002891
45 34 0.001645 -0.000260 0.001497
46 34 0.000713 -0.000112 0.000674
47 34 0.000283 -0.000044 0.000267
48 34 0.000126 -0.000020 0.000087
49 34 0.000000 0.000000 0.000000

0 35 0.000000 0.000000 0.000000
1 35 0.009513 -0.005319 -0.002621
2 35 0.020027 -0.012651 -0.001271
3 35 0.032219 -0.022596 0.002295
4 35 0.041663 -0.034554 0.006437
5 35 0.042815 -0.042017 0.011613
6 35 0.021690 -0.036205 0.011120
7 35 -0.023588 -0.008420 0.001806
8 35 -0.082084 0.032386 -0.020431
9 35 -0.102109 0.055807 -0.040026
10 35 -0.049872 0.035388 -0.032022
11 35 0.056880 -0.020487 0.011110
12 35 0.107714 -0.052087 0.055316
13 35 0.035775 -0.026947 0.037331
14 35 -0.079417 0.023149 -0.026240
15 35 -0.098646 0.036880 -0.064654
16 35 0.024883 -0.004374 -0.014662
17 35 0.100470 -0.031003 0.058791
18 35 0.017826 -0.003170 0.036440
19 35 -0.073347 0.027664 -0.034819
20 35 -0.047442 0.018062 -0.048544
21 35 0.060990 -0.013249 0.012283
22 35 0.084028 -0.017894 0.061703
23 35 -0.036894 0.010590 0.007238
24 35 -0.085483 0.020389 -0.061554
25 35 0.029250 -0.004690 -0.013290
26 35 0.082388 -0.016493 0.056818
27 35 -0.013813 0.002087 0.018578
28 35 -0.067869 0.013018 -0.044245
29 35 -0.000376 0.000590 -0.021352
30 35 0.051506 -0.009446 0.030117
31 35 0.013442 -0.002870 0.023352
32 35 -0.034077 0.005819 -0.015507
33 35 -0.023552 0.004197 -0.022945
34 35 0.013469 -0.002295 0.001156
35 35 0.024288 -0.004281 0.017230
36 35 0.005474 -0.001067 0.009558
37 35 -0.014429 0.002372 -0.006117
38 35 -0.017649 0.002931 -0.012642
39 35 -0.008150 0.001296 -0.008200
40 35 0.002548 -0.000533 -0.000308
41 35 0.007945 -0.001439 0.004842
42 35 0.008135 -0.001445 0.005984
43 35 0.005877 -0.001036 0.004741
44 35 0.003423 -0.000601 0.002942
45 35 0.001697 -0.000297 0.001532
46 35 0.000739 -0.000129 0.000692
47 35 0.000294 -0.000051 0.000275
48 35 0.000131 -0.000023 0.000090
49 35 0.000000 0.000000 0.000000

0 36 0.000000 0.000000 0.000000
1 36 0.007972 -0.007181 0.002657
2 36 0.013558 -0.013694 0.003140
3 36 0.016850 -0.018821 0.004983
4 36 0.009956 -0.018880 0.004607
5 36 -0.004095 -0.011190 0.003693
6 36 -0.034806 0.008001 -0.003846
7 36 -0.062042 0.033287 -0.014425
8 36 -0.076774 0.049892 -0.025336
9 36 -0.041799 0.038111 -0.024240
10 36 0.032021 -0.006309 0.001951
11 36 0.095393 -0.051103 0.034554
12 36 0.080389 -0.054272 0.048318
13 36 -0.028728 -0.008845 0.006292
14 36 -0.111430 0.036637 -0.048684
15 36 -0.076176 0.029072 -0.053243
16 36 0.046555 -0.016795 0.006500
17 36 0.091750 -0.033184 0.060061
18 36 -0.002614 -0.002840 0.022625
19 36 -0.083762 0.025286 -0.044711
20 36 -0.042302 0.016579 -0.045018
21 36 0.067344 -0.012639 0.019814
22 36 0.080361 -0.015933 0.060390
23 36 -0.040970 0.013779 0.001710
24 36 -0.080732 0.022840 -0.060897
25 36 0.036634 -0.004919 -0.008477
26 36 0.084667 -0.017480 0.058752
27 36 -0.015421 0.003026 0.017313
28 36 -0.068776 0.014808 -0.045216
29 36 0.000830 0.000782 -0.020825
30 36 0.053167 -0.010553 0.031076
31 36 0.013866 -0.003324 0.023737
32 36 -0.034844 0.006459 -0.015786
33 36 -0.024320 0.004807 -0.023398
34 36 0.013476 -0.002431 0.000991
35 36 0.024828 -0.004779 0.017413
36 36 0.005910 -0.001295 0.009836
37 36 -0.014400 0.002553 -0.005984
38 36 -0.017892 0.003249 -0.012694
39 36 -0.008405 0.001485 -0.008335
40 36 0.002420 -0.000538 -0.000425
41 36 0.007939 -0.001559 0.004783
42 36 0.008188 -0.001586 0.005973
43 36 0.005935 -0.001144 0.004751
44 36 0.003465 -0.000666 0.002955
45 36 0.001720 -0.000330 0.001541
46 36 0.000750 -0.000144 0.000697
47 36 0.000299 -0.000057 0.000278
48 36 0.000133 -0.000026 0.000091
49 36 0.000000 0.000000 0.000000

0 37 0.000000 0.000000 0.000000
1 37 -0.001612 -0.001436 0.002499
2 37 -0.005451 -0.001099 0.001685
3 37 -0.011903 0.001907 0.001319
4 37 -0.024380 0.010288 -0.002395
5 37 -0.036420 0.021913 -0.005122
6 37 -0.050516 0.036619 -0.012410
7 37 -0.043960 0.042355 -0.014714
8 37 -0.021976 0.033314 -0.013348
9 37 0.035202 0.000775 0.001304
10 37 0.082452 -0.037493 0.025455
11 37 0.088956 -0.052212 0.036599
12 37 0.024899 -0.025990 0.025097
13 37 -0.077401 0.026169 -0.024044
14 37 -0.096066 0.045523 -0.051498
15 37 -0.021831 0.012095 -0.026866
16 37 0.080901 -0.035892 0.029941
17 37 0.078776 -0.043132 0.058262
18 37 -0.046003 -0.002093 0.000459
19 37 -0.107923 0.029308 -0.059881
20 37 -0.029880 0.013002 -0.037004
21 37 0.077908 -0.020611 0.031498
22 37 0.065868 -0.017646 0.054821
23 37 -0.055634 0.018467 -0.010137
24 37 -0.075020 0.026182 -0.060660
25 37 0.049010 -0.005429 -0.000339
26 37 0.087068 -0.017742 0.061458
27 37 -0.018910 0.005307 0.014282
28 37 -0.068219 0.017081 -0.046320
29 37 0.005064 0.000751 -0.018416
30 37 0.055469 -0.011657 0.033017
31 37 0.012999 -0.003451 0.023391
32 37 -0.036144 0.007280 -0.016776
33 37 -0.024305 0.005319 -0.023542
34 37 0.014228 -0.002702 0.001453
35 37 0.025267 -0.005275 0.017716
36 37 0.005812 -0.001436 0.009781
37 37 -0.014679 0.002790 -0.006149
38 37 -0.018051 0.003558 -0.012764
39 37 -0.008407 0.001634 -0.008309
40 37 0.002485 -0.000574 -0.000382
41 37 0.007995 -0.001690 0.004795
42 37 0.008213 -0.001721 0.005954
43 37 0.005938 -0.001241 0.004722
44 37 0.003460 -0.000723 0.002930
45 37 0.001715 -0.000358 0.001525
46 37 0.000746 -0.000156 0.000689
47 37 0.000297 -0.000062 0.000274
48 37 0.000133 -0.000028 0.000090
49 37 0.000000 0.000000 0.000000

0 38 0.000000 0.000000 0.000000
1 38 -0.008398 0.004273 -0.001451
2 38 -0.016804 0.009264 -0.002538
3 38 -0.025212 0.015556 -0.003684
4 38 -0.031639 0.022386 -0.006730
5 38 -0.032250 0.027404 -0.007731
6 38 -0.024364 0.027448 -0.009634
7 38 0.000797 0.015957 -0.004535
8 38 0.032488 -0.004724 0.002936
9 38 0.070483 -0.032372 0.017516
10 38 0.072380 -0.042974 0.026606
11 38 0.037327 -0.026582 0.018906
12 38 -0.035967 0.016393 -0.005067
13 38 -0.085624 0.052575 -0.039765
14 38 -0.042340 0.039460 -0.034651
15 38 0.044467 -0.007068 0.004815
16 38 0.107637 -0.045909 0.048235
17 38 0.047219 -0.032947 0.045726
18 38 -0.083695 0.017134 -0.024666
19 38 -0.095772 0.030457 -0.060820
20 38 0.003835 -0.006188 -0.015968
21 38 0.075618 -0.036231 0.039984
22 38 0.030006 -0.018248 0.039246
23 38 -0.079446 0.022772 -0.026856
24 38 -0.068791 0.025581 -0.059592
25 38 0.061131 -0.008561 0.008997
26 38 0.085299 -0.017119 0.062404
27 38 -0.024994 0.009552 0.008806
28 38 -0.065111 0.020085 -0.046991
29 38 0.013208 0.000614 -0.013601
30 38 0.058729 -0.012525 0.036074
31 38 0.011035 -0.003003 0.022362
32 38 -0.037708 0.008389 -0.018339
33 38 -0.023289 0.005711 -0.023231
34 38 0.015797 -0.003142 0.002599
35 38 0.025583 -0.005759 0.018124
36 38 0.005152 -0.001459 0.009373
37 38 -0.015268 0.003100 -0.006610
38 38 -0.018115 0.003854 -0.012842
39 38 -0.008145 0.001730 -0.008113
40 38 0.002745 -0.000652 -0.000179
41 38 0.008111 -0.001833 0.004874
42 38 0.008208 -0.001849 0.005927
43 38 0.005885 -0.001326 0.004654
44 38 0.003408 -0.000769 0.002868
45 38 0.001681 -0.000380 0.001485
46 38 0.000729 -0.000165 0.000668
47 38 0.000289 -0.000065 0.000264
48 38 0.000128 -0.000029 0.000087
49 38 0.000000 0.000000 0.000000

0 39 0.000000 0.000000 0.000000
1 39 -0.004211 0.004041 -0.003813
2 39 -0.007395 0.007391 -0.004206
3 39 -0.007780 0.009562 -0.004173
4 39 -0.004421 0.008539 -0.004422
5 39 0.005431 0.003404 -0.002474
6 39 0.020093 -0.008038 0.000230
7 39 0.039225 -0.024146 0.006542
8 39 0.050557 -0.039925 0.012376
9 39 0.046877 -0.046224 0.016216
10 39 0.011398 -0.030544 0.010547
11 39 -0.040844 0.002908 -0.007535
12 39 -0.086021 0.040791 -0.028292
13 39 -0.075279 0.049329 -0.038372
14 39 0.002644 0.018176 -0.012154
15 39 0.080359 -0.021979 0.027609
16 39 0.096461 -0.035484 0.049105
17 39 0.008237 0.000722 0.021603
18 39 -0.079938 0.040780 -0.038541
19 39 -0.042150 0.024582 -0.042207
20 39 0.045302 -0.021463 0.010155
21 39 0.069881 -0.040466 0.044631
22 39 -0.002112 -0.015656 0.023559
23 39 -0.099254 0.020282 -0.040904
24 39 -0.065383 0.016212 -0.057654
25 39 0.063830 -0.016557 0.015782
26 39 0.072271 -0.017077 0.058091
27 39 -0.036899 0.014605 -0.000818
28 39 -0.060317 0.023236 -0.047598
29 39 0.025039 0.000447 -0.006475
30 39 0.062959 -0.012699 0.040116
31 39 0.008423 -0.001554 0.020756
32 39 -0.038856 0.009967 -0.020111
33 39 -0.020805 0.006000 -0.022148
34 39 0.018309 -0.003748 0.004530
35 39 0.025741 -0.006191 0.018611
36 39 0.003914 -0.001322 0.008590
37 39 -0.016133 0.003500 -0.007349
38 39 -0.018043 0.004127 -0.012900
39 39 -0.007604 0.001758 -0.007738
40 39 0.003197 -0.000779 0.000180
41 39 0.008278 -0.001990 0.005012
42 39 0.008168 -0.001968 0.005885
43 39 0.005775 -0.001395 0.004546
44 39 0.003311 -0.000802 0.002771
45 39 0.001620 -0.000393 0.001422
46 39 0.000697 -0.000170 0.000635
47 39 0.000274 -0.000067 0.000250
48 39 0.000121 -0.000030 0.000081
49 39 0.000000 0.000000 0.000000

0 40 0.000000 0.000000 0.000000
1 40 0.005007 -0.000247 -0.002724
2 40 0.010360 -0.001328 -0.002488
3 40 0.018603 -0.004612 -0.000812
4 40 0.026500 -0.010092 0.000387
5 40 0.037930 -0.018645 0.004109
6 40 0.043008 -0.027906 0.006559
7 40 0.045229 -0.035226 0.010035
8 40 0.028705 -0.034807 0.009690
9 40 -0.000220 -0.021788 0.003933
10 40 -0.043950 0.002673 -0.006818
11 40 -0.079512 0.028945 -0.023359
12 40 -0.079023 0.037998 -0.028308
13 40 -0.034869 0.017024 -0.019547
14 40 0.038917 -0.021728 0.011013
15 40 0.072595 -0.045245 0.035583
16 40 0.034839 -0.027086 0.027725
17 40 -0.048772 0.023220 -0.011057
18 40 -0.079062 0.049621 -0.047307
19 40 -0.002082 0.023776 -0.023920
20 40 0.082565 -0.015041 0.031481
21 40 0.083858 -0.026827 0.051502
22 40 -0.006498 -0.005167 0.016298
23 40 -0.097542 0.019043 -0.045685
24 40 -0.051588 0.003344 -0.048729
25 40 0.062100 -0.029934 0.023217
26 40 0.044878 -0.021199 0.047668
27 40 -0.060382 0.016775 -0.016958
28 40 -0.058829 0.024101 -0.050241
29 40 0.036952 -0.000616 0.001171
30 40 0.066360 -0.011982 0.043898
31 40 0.005237 0.001346 0.018335
32 40 -0.038608 0.012286 -0.021595
33 40 -0.016072 0.006306 -0.019779
34 40 0.022029 -0.004422 0.007436
35 40 0.025771 -0.006474 0.019176
36 40 0.002148 -0.000962 0.007444
37 40 -0.017179 0.004002 -0.008305
38 40 -0.017766 0.004366 -0.012881
39 40 -0.006767 0.001703 -0.007163
40 40 0.003825 -0.000961 0.000684
41 40 0.008477 -0.002160 0.005194
42 40 0.008082 -0.002074 0.005821
43 40 0.005605 -0.001446 0.004396
44 40 0.003169 -0.000821 0.002638
45 40 0.001533 -0.000398 0.001338
46 40 0.000653 -0.000170 0.000591
47 40 0.000255 -0.000067 0.000231
48 40 0.000112 -0.000029 0.000075
49 40 0.000000 0.000000 0.000000

0 41 0.000000 0.000000 0.000000
1 41 0.005707 -0.003483 -0.000243
2 41 0.011033 -0.006885 -0.000156
3 41 0.016600 -0.010932 0.001585
4 41 0.019148 -0.013676 0.001552
5 41 0.021390 -0.016094 0.004241
6 41 0.013691 -0.013188 0.002637
7 41 0.005551 -0.006673 0.003076
8 41 -0.018120 0.008935 -0.002612
9 41 -0.033787 0.027040 -0.008387
10 41 -0.049942 0.043362 -0.014393
11 41 -0.037656 0.045367 -0.018252
12 41 0.002715 0.022385 -0.005424
13 41 0.050355 -0.015942 0.009949
14 41 0.087270 -0.052605 0.032919
15 41 0.050172 -0.055337 0.031580
16 41 -0.033030 -0.019363 -0.000698
17 41 -0.103728 0.023166 -0.036864
18 41 -0.096844 0.034046 -0.052129
19 41 0.005120 0.007255 -0.012525
20 41 0.087802 -0.018646 0.040453
21 41 0.071020 -0.011678 0.044275
22 41 -0.015868 0.020752 0.001939
23 41 -0.068773 0.035284 -0.042009
24 41 -0.000386 0.000192 -0.022827
25 41 0.079923 -0.040539 0.041210
26 41 0.016485 -0.026783 0.037355
27 41 -0.091444 0.013837 -0.036525
28 41 -0.064175 0.018539 -0.055253
29 41 0.041693 -0.005613 0.006166
30 41 0.063024 -0.011599 0.044003
31 41 -0.000750 0.005474 0.013487
32 41 -0.036717 0.015423 -0.022775
33 41 -0.008371 0.006813 -0.015676
34 41 0.027344 -0.004921 0.011550
35 41 0.025874 -0.006396 0.019901
36 41 0.000072 -0.000270 0.006043
37 41 -0.018195 0.004629 -0.009338
38 41 -0.017162 0.004555 -0.012689
39 41 -0.005607 0.001554 -0.006362
40 41 0.004610 -0.001201 0.001320
41 41 0.008684 -0.002338 0.005401
42 41 0.007940 -0.002162 0.005725
43 41 0.005375 -0.001475 0.004204
44 41 0.002985 -0.000824 0.002475
45 41 0.001424 -0.000395 0.001236
46 41 0.000599 -0.000167 0.000539
47 41 0.000231 -0.000065 0.000208
48 41 0.000100 -0.000028 0.000067
49 41 0.000000 0.000000 0.000000

0 42 0.000000 0.000000 0.000000
1 42 -0.000863 -0.003372 0.001987
2 42 -0.001993 -0.006193 0.001600
3 42 -0.005958 -0.007709 0.001989
4 42 -0.011486 -0.006830 0.000163
5 42 -0.020586 -0.003320 0.000283
6 42 -0.033418 0.005344 -0.004488
7 42 -0.043300 0.015500 -0.005452
8 42 -0.055948 0.030126 -0.012504
9 42 -0.047148 0.037363 -0.012490
10 42 -0.033831 0.038938 -0.012738
11 42 0.012496 0.022769 -0.004541
12 42 0.057826 -0.003866 0.013137
13 42 0.089477 -0.027066 0.023621
14 42 0.088038 -0.035567 0.034038
15 42 0.018464 -0.010191 0.013624
16 42 -0.046869 0.022745 -0.016994
17 42 -0.077963 0.033531 -0.033509
18 42 -0.044076 0.009484 -0.029459
19 42 0.041614 -0.037114 0.013680
20 42 0.055727 -0.052674 0.039476
21 42 -0.015542 -0.014144 0.009102
22 42 -0.077200 0.039120 -0.033948
23 42 -0.050949 0.050776 -0.043084
24 42 0.063557 0.007154 0.007118
25 42 0.118392 -0.032729 0.065031
26 42 0.011874 -0.017982 0.035296
27 42 -0.102316 0.012907 -0.045829
28 42 -0.063278 0.006247 -0.054046
29 42 0.037108 -0.017603 0.008843
30 42 0.045302 -0.014529 0.036662
31 42 -0.015268 0.008786 0.002927
32 42 -0.035715 0.018378 -0.025174
33 42 0.001514 0.007380 -0.010347
34 42 0.034168 -0.004939 0.016726
35 42 0.026344 -0.005613 0.020869
36 42 -0.001836 0.000948 0.004643
37 42 -0.018767 0.005437 -0.010173
38 42 -0.016010 0.004698 -0.012157
39 42 -0.004071 0.001311 -0.005286
40 42 0.005531 -0.001490 0.002078
41 42 0.008874 -0.002515 0.005611
42 42 0.007731 -0.002227 0.005585
43 42 0.005085 -0.001479 0.003969
44 42 0.002766 -0.000810 0.002284
45 42 0.001297 -0.000382 0.001120
46 42 0.000538 -0.000159 0.000482
47 42 0.000205 -0.000061 0.000183
48 42 0.000088 -0.000026 0.000058
49 42 0.000000 0.000000 0.000000

0 43 0.000000 0.000000 0.000000
1 43 -0.002891 0.000967 0.001193
2 43 -0.005163 0.001939 0.000854
3 43 -0.010815 0.004344 0.000377
4 43 -0.014364 0.006672 -0.001060
5 43 -0.022331 0.010581 -0.001806
6 43 -0.026059 0.013606 -0.004947
7 43 -0.029022 0.014643 -0.004513
8 43 -0.026414 0.012605 -0.007936
9 43 -0.011198 0.001207 -0.002852
10 43 0.001908 -0.012493 -0.001701
11 43 0.030096 -0.034212 0.007913
12 43 0.031659 -0.043600 0.013458
13 43 0.023149 -0.036957 0.010648
14 43 -0.012044 -0.007791 0.005160
15 43 -0.060794 0.039915 -0.020167
16 43 -0.053152 0.063872 -0.027884
17 43 -0.011063 0.053041 -0.016460
18 43 0.069130 0.005921 0.010884
19 43 0.123311 -0.049627 0.052090
20 43 0.047943 -0.054124 0.041150
21 43 -0.075441 -0.013035 -0.017733
22 43 -0.126156 0.022143 -0.056794
23 43 -0.067763 0.021864 -0.048056
24 43 0.062100 -0.005396 0.011477
25 43 0.113379 -0.014351 0.063020
26 43 0.016008 0.013090 0.029158
27 43 -0.070818 0.027711 -0.037612
28 43 -0.026962 -0.001535 -0.032607
29 43 0.040307 -0.031752 0.018982
30 43 0.016748 -0.021638 0.024909
31 43 -0.041986 0.007918 -0.014515
32 43 -0.040959 0.018235 -0.031401
33 43 0.009377 0.006676 -0.006234
34 43 0.040387 -0.004601 0.021472
35 43 0.026867 -0.003833 0.021666
36 43 -0.003005 0.002938 0.003508
37 43 -0.018248 0.006545 -0.010394
38 43 -0.013934 0.004846 -0.011009
39 43 -0.002031 0.001005 -0.003833
40 43 0.006600 -0.001803 0.002965
41 43 0.009034 -0.002674 0.005813
42 43 0.007451 -0.002259 0.005399
43 43 0.004743 -0.001457 0.003695
44 43 0.002518 -0.000780 0.002071
45 43 0.001158 -0.000361 0.000995
46 43 0.000473 -0.000148 0.000420
47 43 0.000177 -0.000056 0.000158
48 43 0.000075 -0.000024 0.000050
49 43 0.000000 0.000000 0.000000

0 44 0.000000 0.000000 0.000000
1 44 -0.002659 0.004712 -0.002940
2 44 -0.003734 0.008950 -0.002930
3 44 -0.005832 0.013929 -0.003472
4 44 -0.002617 0.016883 -0.003304
5 44 -0.000854 0.020042 -0.003372
6 44 0.010220 0.018345 -0.002504
7 44 0.019975 0.014201 0.000223
8 44 0.038045 0.003285 0.002458
9 44 0.053161 -0.012387 0.009777
10 44 0.060101 -0.028211 0.011501
11 44 0.058387 -0.043516 0.017581
12 44 0.021657 -0.041265 0.010895
13 44 -0.019809 -0.028865 -0.000050
14 44 -0.078676 -0.000503 -0.016164
15 44 -0.107880 0.026232 -0.037152
16 44 -0.073306 0.027147 -0.030328
17 44 -0.012180 0.014233 -0.011963
18 44 0.077014 -0.011241 0.020319
19 44 0.107841 -0.019124 0.049136
20 44 0.035571 0.012364 0.024736
21 44 -0.031526 0.034025 -0.014718
22 44 -0.050570 0.014543 -0.027168
23 44 -0.029817 -0.025169 -0.020023
24 44 0.023616 -0.049528 0.009863
25 44 0.025523 -0.023363 0.026599
26 44 -0.038481 0.034460 -0.009191
27 44 -0.041342 0.050745 -0.036531
28 44 0.041795 0.007004 0.002363
29 44 0.074086 -0.032648 0.045179
30 44 0.001599 -0.024599 0.021573
31 44 -0.069043 0.003309 -0.030677
32 44 -0.053050 0.011959 -0.040256
33 44 0.009123 0.001962 -0.006304
34 44 0.040672 -0.005228 0.022461
35 44 0.025082 -0.001390 0.020531
36 44 -0.003607 0.005749 0.002343
37 44 -0.016059 0.008080 -0.009676
38 44 -0.010435 0.005116 -0.008908
39 44 0.000758 0.000728 -0.001826
40 44 0.007903 -0.002079 0.004047
41 44 0.009197 -0.002782 0.006029
42 44 0.007122 -0.002246 0.005180
43 44 0.004362 -0.001404 0.003395
44 44 0.002252 -0.000734 0.001846
45 44 0.001013 -0.000333 0.000866
46 44 0.000406 -0.000134 0.000359
47 44 0.000150 -0.000050 0.000133
48 44 0.000062 -0.000021 0.000041
49 44 0.000000 0.000000 0.000000

0 45 0.000000 0.000000 0.000000
1 45 -0.002633 0.000727 -0.003135
2 45 -0.004161 0.000975 -0.002964
3 45 -0.005449 0.001340 -0.003417
4 45 -0.002953 0.000040 -0.002647
5 45 -0.000624 -0.000852 -0.002832
6 45 0.008469 -0.004650 -0.000921
7 45 0.014884 -0.006821 0.000444
8 45 0.027977 -0.011122 0.003145
9 45 0.032847 -0.010765 0.006397
10 45 0.036079 -0.007065 0.006413
11 45 0.028831 0.002678 0.008181
12 45 0.008328 0.020210 0.000708
13 45 -0.005446 0.031563 -0.003110
14 45 -0.025341 0.037429 -0.010257
15 45 -0.015353 0.018121 -0.012003
16 45 0.007394 -0.020524 0.001402
17 45 0.016464 -0.052567 0.007855
18 45 0.019843 -0.065205 0.015118
19 45 -0.027012 -0.027088 0.004854
20 45 -0.074044 0.040564 -0.028462
21 45 -0.036441 0.069694 -0.030427
22 45 0.036804 0.045890 0.000444
23 45 0.088706 -0.009975 0.031692
24 45 0.080581 -0.059321 0.048522
25 45 -0.028914 -0.046872 0.013769
26 45 -0.133763 0.014071 -0.057333
27 45 -0.076686 0.042075 -0.063963
28 45 0.072792 0.013606 0.014204
29 45 0.112770 -0.014959 0.067285
30 45 0.016641 -0.009723 0.030835
31 45 -0.068696 0.004380 -0.030652
32 45 -0.056508 0.002043 -0.041117
33 45 0.001635 -0.008207 -0.008489
34 45 0.029637 -0.009038 0.016981
35 45 0.016233 0.000171 0.014440
36 45 -0.005813 0.008685 -0.000433
37 45 -0.012602 0.009910 -0.008410
38 45 -0.005273 0.005626 -0.005749
39 45 0.004596 0.000640 0.000922
40 45 0.009651 -0.002204 0.005462
41 45 0.009487 -0.002780 0.006346
42 45 0.006812 -0.002164 0.004979
43 45 0.003981 -0.001315 0.003097
44 45 0.001987 -0.000671 0.001624
45 45 0.000870 -0.000298 0.000741
46 45 0.000341 -0.000118 0.000300
47 45 0.000123 -0.000043 0.000109
48 45 0.000050 -0.000018 0.000033
49 45 0.000000 0.000000 0.000000

0 46 0.000000 0.000000 0.000000
1 46 0.004352 -0.003097 0.000488
2 46 0.008527 -0.006681 0.000927
3 46 0.012295 -0.010985 0.001145
4 46 0.015340 -0.016511 0.002379
5 46 0.015909 -0.022276 0.002467
6 46 0.014826 -0.028880 0.003864
7 46 0.006641 -0.032491 0.002772
8 46 -0.003490 -0.034243 0.002278
9 46 -0.024643 -0.027252 -0.001567
10 46 -0.043454 -0.014695 -0.006792
11 46 -0.065069 0.007279 -0.012342
12 46 -0.071936 0.031848 -0.019761
13 46 -0.054342 0.049074 -0.017582
14 46 -0.017053 0.055075 -0.012278
15 46 0.051212 0.034370 0.006704
16 46 0.100501 0.001383 0.029840
17 46 0.108549 -0.030503 0.037927
18 46 0.062087 -0.049017 0.032955
19 46 -0.050810 -0.030408 -0.004383
20 46 -0.128317 -0.000023 -0.049441
21 46 -0.106986 0.014243 -0.052214
22 46 -0.023241 0.022467 -0.022429
23 46 0.095064 0.016396 0.027382
24 46 0.146260 -0.004649 0.071193
25 46 0.029198 -0.008459 0.039478
26 46 -0.120677 0.002379 -0.047202
27 46 -0.102246 -0.003916 -0.069083
28 46 0.029817 -0.016811 -0.002797
29 46 0.082944 -0.005443 0.047922
30 46 0.023907 0.018333 0.026285
31 46 -0.033954 0.020247 -0.015499
32 46 -0.028166 -0.001405 -0.021903
33 46 0.002557 -0.019031 -0.002491
34 46 0.010758 -0.016103 0.008453
35 46 -0.002742 -0.001166 0.002184
36 46 -0.013530 0.009986 -0.007177
37 46 -0.010270 0.011204 -0.008270
38 46 0.000690 0.006235 -0.002246
39 46 0.009460 0.000876 0.004306
40 46 0.012088 -0.002018 0.007346
41 46 0.010144 -0.002567 0.006928
42 46 0.006679 -0.001968 0.004915
43 46 0.003686 -0.001173 0.002869
44 46 0.001763 -0.000588 0.001437
45 46 0.000747 -0.000257 0.000633
46 46 0.000285 -0.000100 0.000249
47 46 0.000100 -0.000036 0.000088
48 46 0.000040 -0.000014 0.000026
49 46 0.000000 0.000000 0.000000

0 47 0.000000 0.000000 0.000000
1 47 0.005295 -0.000521 0.000139
2 47 0.010301 -0.000929 0.000500
3 47 0.015313 -0.001483 0.000945
4 47 0.019106 -0.001652 0.001939
5 47 0.021628 -0.001722 0.002424
6 47 0.021333 -0.001153 0.003511
7 47 0.016577 0.000323 0.002933
8 47 0.008080 0.001968 0.002659
9 47 -0.007787 0.005062 -0.000431
10 47 -0.023595 0.005722 -0.003689
11 47 -0.042595 0.006058 -0.008356
12 47 -0.050982 0.000413 -0.012742
13 47 -0.047819 -0.008418 -0.012269
14 47 -0.030257 -0.017976 -0.010179
15 47 0.005019 -0.025285 0.000360
16 47 0.031518 -0.015818 0.010515
17 47 0.048002 0.005114 0.015385
18 47 0.040934 0.031107 0.016255
19 47 0.004377 0.047190 0.002113
20 47 -0.017587 0.024066 -0.010815
21 47 -0.024333 -0.022394 -0.010021
22 47 -0.028648 -0.051891 -0.009680
23 47 -0.004076 -0.045548 -0.002622
24 47 0.023081 0.004005 0.011401
25 47 0.008103 0.060917 0.005979
26 47 -0.009434 0.052615 -0.008926
27 47 0.008319 -0.018745 -0.001409
28 47 0.017293 -0.061010 0.013055
29 47 -0.011600 -0.026494 0.002781
30 47 -0.032550 0.028756 -0.017158
31 47 -0.009657 0.038561 -0.013731
32 47 0.025479 0.007135 0.008365
33 47 0.028344 -0.020483 0.018983
34 47 0.000310 -0.020863 0.007192
35 47 -0.025573 -0.004989 -0.010989
36 47 -0.028190 0.007894 -0.017902
37 47 -0.012726 0.010381 -0.011409
38 47 0.004808 0.006214 -0.000271
39 47 0.014298 0.001315 0.007452
40 47 0.015146 -0.001419 0.009554
41 47 0.011428 -0.002026 0.007924
42 47 0.006978 -0.001583 0.005165
43 47 0.003632 -0.000945 0.002829
44 47 0.001657 -0.000471 0.001347
45 47 0.000674 -0.000204 0.000569
46 47 0.000248 -0.000079 0.000216
47 47 0.000085 -0.000028 0.000074
48 47 0.000033 -0.000011 0.000022
49 47 0.000000 0.000000 0.000000

0 48 0.000000 0.000000 0.000000
1 48 -0.004544 -0.000823 -0.000097
2 48 -0.009583 -0.000895 -0.000429
3 48 -0.014496 0.000009 -0.000962
4 48 -0.020465 0.003146 -0.001956
5 48 -0.025135 0.008167 -0.003102
6 48 -0.029870 0.016187 -0.004450
7 48 -0.030248 0.025884 -0.005813
8 48 -0.027044 0.036300 -0.006058
9 48 -0.015902 0.044907 -0.005864
10 48 0.003264 0.046538 -0.002159
11 48 0.027379 0.039741 0.002241
12 48 0.055642 0.018240 0.010436
13 48 0.070407 -0.011797 0.017136
14 48 0.068975 -0.045247 0.019759
15 48 0.036534 -0.068041 0.016099
16 48 -0.022365 -0.061334 -0.001492
17 48 -0.075375 -0.028221 -0.021025
18 48 -0.104360 0.025855 -0.036407
19 48 -0.068116 0.070352 -0.035073
20 48 0.026875 0.065117 -0.001187
21 48 0.100356 0.019775 0.036670
22 48 0.109961 -0.038991 0.049949
23 48 0.034271 -0.077446 0.030919
24 48 -0.104534 -0.042638 -0.028839
25 48 -0.150324 0.044378 -0.078041
26 48 -0.010441 0.074920 -0.035961
27 48 0.140427 0.012912 0.057049
28 48 0.102737 -0.050110 0.074282
29 48 -0.050847 -0.039604 -0.001946
30 48 -0.113093 0.010086 -0.062658
31 48 -0.036702 0.031700 -0.039924
32 48 0.055541 0.013910 0.019127
33 48 0.065224 -0.009815 0.042135
34 48 0.011504 -0.015372 0.018356
35 48 -0.036206 -0.006410 -0.014775
36 48 -0.043012 0.003152 -0.026941
37 48 -0.021008 0.006263 -0.017612
38 48 0.003682 0.004357 -0.001871
39 48 0.016652 0.001336 0.008574
40 48 0.017879 -0.000559 0.011280
41 48 0.013298 -0.001110 0.009219
42 48 0.007950 -0.000931 0.005875
43 48 0.004043 -0.000573 0.003141
44 48 0.001802 -0.000290 0.001460
45 48 0.000717 -0.000127 0.000603
46 48 0.000258 -0.000049 0.000224
47 48 0.000086 -0.000018 0.000075
48 48 0.000033 -0.000007 0.000022
49 48 0.000000 0.000000 0.000000

0 49 0.000000 0.000000 0.000000
1 49 0.000000 0.000000 0.000000
2 49 0.000000 0.000000 0.000000
3 49 0.000000 0.000000 0.000000
4 49 0.000000 0.000000 0.000000
5 49 0.000000 0.000000 0.000000
6 49 0.000000 0.000000 0.000000
7 49 0.000000 0.000000 0.000000
8 49 0.000000 0.000000 0.000000
9 49 0.000000 0.000000 0.000000
10 49 0.000000 0.000000 0.000000
11 49 0.000000 0.000000 0.000000
12 49 0.000000 0.000000 0.000000
13 49 0.000000 0.000000 0.000000
14 49 0.000000 0.000000 0.000000
15 49 0.000000 0.000000 0.000000
16 49 0.000000 0.000000 0.000000
17 49 0.000000 0.000000 0.000000
18 49 0.000000 0.000000 0.000000
19 49 0.000000 0.000000 0.000000
20 49 0.000000 0.000000 0.000000
21 49 0.000000 0.000000 0.000000
22 49 0.000000 0.000000 0.000000
23 49 0.000000 0.000000 0.000000
24 49 0.000000 0.000000 0.000000
25 49 0.000000 0.000000 0.000000
26 49 0.000000 0.000000 0.000000
27 49 0.000000 0.000000 0.000000
28 49 0.000000 0.000000 0.000000
29 49 0.000000 0.000000 0.000000
30 49 0.000000 0.000000 0.000000
31 49 0.000000 0.000000 0.000000
32 49 0.000000 0.000000 0.000000
33 49 0.000000 0.000000 0.000000
34 49 0.000000 0.000000 0.000000
35 49 0.000000 0.000000 0.000000
36 49 0.000000 0.000000 0.000000
37 49 0.000000 0.000000 0.000000
38 49 0.000000 0.000000 0.000000
39 49 0.000000 0.000000 0.000000
40 49 0.000000 0.000000 0.000000
41 49 0.000000 0.000000 0.000000
42 49 0.000000 0.000000 0.000000
43 49 0.000000 0.000000 0.000000
44 49 0.000000 0.000000 0.000000
45 49 0.000000 0.000000 0.000000
46 49 0.000000 0.000000 0.000000
47 49 0.000000 0.000000 0.000000
48 49 0.000000 0.000000 0.000000
49 49 0.000000 0.000000 0.000000

