#:x y Ey Bx Bz
0 0 0.000000 0.000000 0.000000
1 0 0.000000 0.000000 0.000000
2 0 0.000000 0.000000 0.000000
3 0 0.000000 0.000000 0.000000
4 0 0.000000 0.000000 0.000000
5 0 0.000000 0.000000 0.000000
6 0 0.000000 0.000000 0.000000
7 0 0.000000 0.000000 0.000000
8 0 0.000000 0.000000 0.000000
9 0 0.000000 0.000000 0.000000
10 0 0.000000 0.000000 0.000000
11 0 0.000000 0.000000 0.000000
12 0 0.000000 0.000000 0.000000
13 0 0.000000 0.000000 0.000000
14 0 0.000000 0.000000 0.000000
15 0 0.000000 0.000000 0.000000
16 0 0.000000 0.000000 0.000000
17 0 0.000000 0.000000 0.000000
18 0 0.000000 0.000000 0.000000
19 0 0.000000 0.000000 0.000000
20 0 0.000000 0.000000 0.000000
21 0 0.000000 0.000000 0.000000
22 0 0.000000 0.000000 0.000000
23 0 0.000000 0.000000 0.000000
24 0 0.000000 0.000000 0.000000
25 0 0.000000 0.000000 0.000000
26 0 0.000000 0.000000 0.000000
27 0 0.000000 0.000000 0.000000
28 0 0.000000 0.000000 0.000000
29 0 0.000000 0.000000 0.000000
30 0 0.000000 0.000000 0.000000
31 0 0.000000 0.000000 0.000000
32 0 0.000000 0.000000 0.000000
33 0 0.000000 0.000000 0.000000
34 0 0.000000 0.000000 0.000000
35 0 0.000000 0.000000 0.000000
36 0 0.000000 0.000000 0.000000
37 0 0.000000 0.000000 0.000000
38 0 0.000000 0.000000 0.000000
39 0 0.000000 0.000000 0.000000
40 0 0.000000 0.000000 0.000000
41 0 0.000000 0.000000 0.000000
42 0 0.000000 0.000000 0.000000
43 0 0.000000 0.000000 0.000000
44 0 0.000000 0.000000 0.000000
45 0 0.000000 0.000000 0.000000
46 0 0.000000 0.000000 0.000000
47 0 0.000000 0.000000 0.000000
48 0 0.000000 0.000000 0.000000
49 0 0.000000 0.000000 0.000000

0 1 0.000000 0.000000 0.000000
1 1 0.016979 0.012571 0.000653
2 1 0.022107 0.015038 0.001631
3 1 0.027324 0.017157 0.002912
4 1 0.032312 0.018834 0.004435
5 1 0.036790 0.020040 0.006113
6 1 0.040533 0.020801 0.007840
7 1 0.043378 0.021168 0.009509
8 1 0.045220 0.021206 0.011011
9 1 0.046001 0.020970 0.012249
10 1 0.045704 0.020498 0.013139
11 1 0.044344 0.019807 0.013613
12 1 0.041974 0.018894 0.013627
13 1 0.038689 0.017739 0.013164
14 1 0.034637 0.016322 0.012250
15 1 0.030029 0.014644 0.010955
16 1 0.025138 0.012741 0.009394
17 1 0.020266 0.010700 0.007711
18 1 0.015703 0.008640 0.006052
19 1 0.011679 0.006691 0.004539
20 1 0.008332 0.004962 0.003255
21 1 0.005702 0.003522 0.002233
22 1 0.003745 0.002393 0.001467
23 1 0.002362 0.001558 0.000924
24 1 0.001432 0.000973 0.000559
25 1 0.000836 0.000583 0.000325
26 1 0.000470 0.000336 0.000182
27 1 0.000255 0.000187 0.000098
28 1 0.000134 0.000100 0.000051
29 1 0.000068 0.000052 0.000026
30 1 0.000034 0.000026 0.000013
31 1 0.000016 0.000013 0.000006
32 1 0.000007 0.000006 0.000003
33 1 0.000003 0.000003 0.000001
34 1 0.000001 0.000001 0.000001
35 1 0.000001 0.000001 0.000000
36 1 0.000000 0.000000 0.000000
37 1 0.000000 0.000000 0.000000
38 1 0.000000 0.000000 0.000000
39 1 0.000000 0.000000 0.000000
40 1 0.000000 0.000000 0.000000
41 1 0.000000 0.000000 0.000000
42 1 0.000000 0.000000 0.000000
43 1 0.000000 0.000000 0.000000
44 1 0.000000 0.000000 0.000000
45 1 0.000000 0.000000 0.000000
46 1 0.000000 0.000000 0.000000
47 1 0.000000 0.000000 0.000000
48 1 0.000000 0.000000 0.000000
49 1 0.000000 0.000000 0.000000

0 2 0.000000 0.000000 0.000000
1 2 0.027583 0.027278 0.001036
2 2 0.033505 0.031025 0.002430
3 2 0.038996 0.033888 0.004112
4 2 0.043819 0.035846 0.005988
5 2 0.047829 0.036987 0.007958
6 2 0.050956 0.037455 0.009924
7 2 0.053184 0.037410 0.011797
8 2 0.054525 0.036999 0.013497
9 2 0.055002 0.036330 0.014954
10 2 0.054634 0.035469 0.016102
11 2 0.053434 0.034433 0.016884
12 2 0.051405 0.033199 0.017246
13 2 0.048548 0.031705 0.017140
14 2 0.044872 0.029864 0.016529
15 2 0.040429 0.027587 0.015410
16 2 0.035350 0.024832 0.013835
17 2 0.029867 0.021644 0.011918
18 2 0.024293 0.018171 0.009824
19 2 0.018971 0.014637 0.007736
20 2 0.014200 0.011283 0.005814
21 2 0.010179 0.008315 0.004172
22 2 0.006988 0.005856 0.002861
23 2 0.004597 0.003944 0.001876
24 2 0.002900 0.002543 0.001178
25 2 0.001757 0.001571 0.000710
26 2 0.001024 0.000932 0.000411
27 2 0.000575 0.000532 0.000229
28 2 0.000311 0.000292 0.000123
29 2 0.000163 0.000155 0.000064
30 2 0.000082 0.000079 0.000032
31 2 0.000040 0.000039 0.000016
32 2 0.000019 0.000019 0.000007
33 2 0.000009 0.000009 0.000003
34 2 0.000004 0.000004 0.000002
35 2 0.000002 0.000002 0.000001
36 2 0.000001 0.000001 0.000000
37 2 0.000000 0.000000 0.000000
38 2 0.000000 0.000000 0.000000
39 2 0.000000 0.000000 0.000000
40 2 0.000000 0.000000 0.000000
41 2 0.000000 0.000000 0.000000
42 2 0.000000 0.000000 0.000000
43 2 0.000000 0.000000 0.000000
44 2 0.000000 0.000000 0.000000
45 2 0.000000 0.000000 0.000000
46 2 0.000000 0.000000 0.000000
47 2 0.000000 0.000000 0.000000
48 2 0.000000 0.000000 0.000000
49 2 0.000000 0.000000 0.000000

0 3 0.000000 0.000000 0.000000
1 3 0.045476 0.041718 0.001677
2 3 0.051062 0.044246 0.003666
3 3 0.055390 0.045450 0.005829
4 3 0.058522 0.045606 0.008046
5 3 0.060624 0.045032 0.010229
6 3 0.061908 0.044024 0.012317
7 3 0.062575 0.042822 0.014275
8 3 0.062790 0.041600 0.016082
9 3 0.062666 0.040463 0.017720
10 3 0.062256 0.039458 0.019168
11 3 0.061556 0.038576 0.020396
12 3 0.060514 0.037771 0.021360
13 3 0.059025 0.036962 0.021993
14 3 0.056921 0.036022 0.022194
15 3 0.053981 0.034759 0.021829
16 3 0.050006 0.032948 0.020789
17 3 0.044931 0.030410 0.019045
18 3 0.038912 0.027106 0.016696
19 3 0.032322 0.023183 0.013957
20 3 0.025671 0.018944 0.011104
21 3 0.019462 0.014755 0.008404
22 3 0.014079 0.010946 0.006054
23 3 0.009723 0.007738 0.004156
24 3 0.006417 0.005217 0.002723
25 3 0.004053 0.003361 0.001707
26 3 0.002454 0.002072 0.001025
27 3 0.001427 0.001225 0.000591
28 3 0.000798 0.000696 0.000328
29 3 0.000430 0.000380 0.000175
30 3 0.000224 0.000201 0.000090
31 3 0.000113 0.000102 0.000045
32 3 0.000055 0.000050 0.000022
33 3 0.000026 0.000024 0.000010
34 3 0.000012 0.000011 0.000005
35 3 0.000005 0.000005 0.000002
36 3 0.000002 0.000002 0.000001
37 3 0.000001 0.000001 0.000000
38 3 0.000000 0.000000 0.000000
39 3 0.000000 0.000000 0.000000
40 3 0.000000 0.000000 0.000000
41 3 0.000000 0.000000 0.000000
42 3 0.000000 0.000000 0.000000
43 3 0.000000 0.000000 0.000000
44 3 0.000000 0.000000 0.000000
45 3 0.000000 0.000000 0.000000
46 3 0.000000 0.000000 0.000000
47 3 0.000000 0.000000 0.000000
48 3 0.000000 0.000000 0.000000
49 3 0.000000 0.000000 0.000000

0 4 0.000000 0.000000 0.000000
1 4 0.061471 0.048503 0.002262
2 4 0.063513 0.047411 0.004602
3 4 0.063950 0.045367 0.006870
4 4 0.063313 0.042893 0.008989
5 4 0.062100 0.040380 0.010938
6 4 0.060712 0.038084 0.012732
7 4 0.059429 0.036140 0.014406
8 4 0.058425 0.034597 0.015999
9 4 0.057790 0.033457 0.017547
10 4 0.057545 0.032694 0.019074
11 4 0.057649 0.032259 0.020578
12 4 0.058022 0.032090 0.022054
13 4 0.058567 0.032147 0.023484
14 4 0.059122 0.032407 0.024804
15 4 0.059372 0.032785 0.025839
16 4 0.058803 0.033038 0.026303
17 4 0.056836 0.032774 0.025887
18 4 0.053061 0.031586 0.024403
19 4 0.047457 0.029238 0.021889
20 4 0.040444 0.025793 0.018614
21 4 0.032749 0.021589 0.014987
22 4 0.025174 0.017117 0.011427
23 4 0.018381 0.012859 0.008263
24 4 0.012764 0.009164 0.005678
25 4 0.008446 0.006209 0.003716
26 4 0.005336 0.004008 0.002322
27 4 0.003226 0.002471 0.001388
28 4 0.001871 0.001459 0.000796
29 4 0.001042 0.000826 0.000439
30 4 0.000559 0.000450 0.000233
31 4 0.000290 0.000236 0.000119
32 4 0.000145 0.000120 0.000059
33 4 0.000070 0.000059 0.000028
34 4 0.000033 0.000028 0.000013
35 4 0.000015 0.000013 0.000006
36 4 0.000007 0.000006 0.000003
37 4 0.000003 0.000003 0.000001
38 4 0.000001 0.000001 0.000000
39 4 0.000000 0.000000 0.000000
40 4 0.000000 0.000000 0.000000
41 4 0.000000 0.000000 0.000000
42 4 0.000000 0.000000 0.000000
43 4 0.000000 0.000000 0.000000
44 4 0.000000 0.000000 0.000000
45 4 0.000000 0.000000 0.000000
46 4 0.000000 0.000000 0.000000
47 4 0.000000 0.000000 0.000000
48 4 0.000000 0.000000 0.000000
49 4 0.000000 0.000000 0.000000

0 5 0.000000 0.000000 0.000000
1 5 0.063274 0.042591 0.002402
2 5 0.059703 0.038493 0.004550
3 5 0.055567 0.034679 0.006405
4 5 0.051555 0.031459 0.008000
5 5 0.048093 0.028929 0.009405
6 5 0.045395 0.027060 0.010700
7 5 0.043526 0.025766 0.011953
8 5 0.042442 0.024931 0.013208
9 5 0.042065 0.024433 0.014507
10 5 0.042332 0.024195 0.015888
11 5 0.043166 0.024163 0.017357
12 5 0.044460 0.024260 0.018895
13 5 0.046161 0.024421 0.020531
14 5 0.048350 0.024706 0.022360
15 5 0.051104 0.025320 0.024434
16 5 0.054196 0.026422 0.026582
17 5 0.056898 0.027872 0.028345
18 5 0.058139 0.029162 0.029127
19 5 0.056964 0.029603 0.028468
20 5 0.052977 0.028665 0.026261
21 5 0.046518 0.026216 0.022790
22 5 0.038500 0.022551 0.018603
23 5 0.030050 0.018237 0.014307
24 5 0.022161 0.013889 0.010392
25 5 0.015481 0.009988 0.007151
26 5 0.010273 0.006803 0.004675
27 5 0.006493 0.004402 0.002913
28 5 0.003920 0.002715 0.001735
29 5 0.002267 0.001600 0.000990
30 5 0.001258 0.000904 0.000542
31 5 0.000672 0.000491 0.000286
32 5 0.000346 0.000256 0.000146
33 5 0.000172 0.000129 0.000072
34 5 0.000083 0.000063 0.000034
35 5 0.000039 0.000030 0.000016
36 5 0.000018 0.000014 0.000007
37 5 0.000008 0.000006 0.000003
38 5 0.000003 0.000003 0.000001
39 5 0.000001 0.000001 0.000001
40 5 0.000001 0.000000 0.000000
41 5 0.000000 0.000000 0.000000
42 5 0.000000 0.000000 0.000000
43 5 0.000000 0.000000 0.000000
44 5 0.000000 0.000000 0.000000
45 5 0.000000 0.000000 0.000000
46 5 0.000000 0.000000 0.000000
47 5 0.000000 0.000000 0.000000
48 5 0.000000 0.000000 0.000000
49 5 0.000000 0.000000 0.000000

0 6 0.000000 0.000000 0.000000
1 6 0.048100 0.030137 0.002027
2 6 0.041813 0.026542 0.003653
3 6 0.036724 0.023940 0.004982
4 6 0.032982 0.022165 0.006131
5 6 0.030497 0.021028 0.007195
6 6 0.029078 0.020358 0.008248
7 6 0.028539 0.020050 0.009352
8 6 0.028694 0.020040 0.010524
9 6 0.029337 0.020225 0.011748
10 6 0.030345 0.020507 0.013051
11 6 0.031693 0.020875 0.014464
12 6 0.033277 0.021302 0.015910
13 6 0.034864 0.021596 0.017260
14 6 0.036408 0.021516 0.018560
15 6 0.038359 0.021124 0.020142
16 6 0.041432 0.020910 0.022382
17 6 0.045899 0.021464 0.025284
18 6 0.051051 0.022962 0.028277
19 6 0.055329 0.024922 0.030426
20 6 0.057059 0.026432 0.030894
21 6 0.055255 0.026643 0.029328
22 6 0.049994 0.025163 0.025969
23 6 0.042261 0.022169 0.021479
24 6 0.033459 0.018232 0.016648
25 6 0.024896 0.014040 0.012138
26 6 0.017478 0.010165 0.008358
27 6 0.011620 0.006947 0.005456
28 6 0.007342 0.004499 0.003388
29 6 0.004424 0.002772 0.002009
30 6 0.002550 0.001630 0.001140
31 6 0.001409 0.000918 0.000621
32 6 0.000749 0.000496 0.000326
33 6 0.000384 0.000258 0.000165
34 6 0.000190 0.000129 0.000080
35 6 0.000091 0.000063 0.000038
36 6 0.000042 0.000029 0.000017
37 6 0.000019 0.000013 0.000008
38 6 0.000008 0.000006 0.000003
39 6 0.000004 0.000003 0.000001
40 6 0.000001 0.000001 0.000001
41 6 0.000001 0.000000 0.000000
42 6 0.000000 0.000000 0.000000
43 6 0.000000 0.000000 0.000000
44 6 0.000000 0.000000 0.000000
45 6 0.000000 0.000000 0.000000
46 6 0.000000 0.000000 0.000000
47 6 0.000000 0.000000 0.000000
48 6 0.000000 0.000000 0.000000
49 6 0.000000 0.000000 0.000000

0 7 0.000000 0.000000 0.000000
1 7 0.029639 0.021718 0.001532
2 7 0.025453 0.019523 0.002751
3 7 0.022708 0.017661 0.003769
4 7 0.021032 0.016044 0.004687
5 7 0.020173 0.014732 0.005580
6 7 0.019938 0.013790 0.006483
7 7 0.020253 0.013253 0.007479
8 7 0.021163 0.013215 0.008653
9 7 0.022590 0.013700 0.009960
10 7 0.024318 0.014534 0.011346
11 7 0.026345 0.015581 0.012919
12 7 0.028809 0.016946 0.014756
13 7 0.031421 0.018643 0.016577
14 7 0.033357 0.020188 0.017892
15 7 0.034122 0.020842 0.018602
16 7 0.034418 0.020366 0.019318
17 7 0.035859 0.019405 0.020940
18 7 0.039666 0.019031 0.023865
19 7 0.045521 0.019891 0.027542
20 7 0.051564 0.021721 0.030728
21 7 0.055430 0.023552 0.032176
22 7 0.055465 0.024325 0.031243
23 7 0.051381 0.023444 0.028083
24 7 0.044127 0.020960 0.023436
25 7 0.035281 0.017404 0.018242
26 7 0.026393 0.013475 0.013312
27 7 0.018565 0.009777 0.009152
28 7 0.012337 0.006680 0.005954
29 7 0.007778 0.004318 0.003681
30 7 0.004670 0.002652 0.002170
31 7 0.002679 0.001553 0.001224
32 7 0.001473 0.000870 0.000662
33 7 0.000779 0.000467 0.000345
34 7 0.000396 0.000242 0.000173
35 7 0.000195 0.000121 0.000084
36 7 0.000093 0.000058 0.000039
37 7 0.000043 0.000027 0.000018
38 7 0.000019 0.000012 0.000008
39 7 0.000008 0.000005 0.000003
40 7 0.000004 0.000002 0.000001
41 7 0.000001 0.000001 0.000001
42 7 0.000001 0.000000 0.000000
43 7 0.000000 0.000000 0.000000
44 7 0.000000 0.000000 0.000000
45 7 0.000000 0.000000 0.000000
46 7 0.000000 0.000000 0.000000
47 7 0.000000 0.000000 0.000000
48 7 0.000000 0.000000 0.000000
49 7 0.000000 0.000000 0.000000

0 8 0.000000 0.000000 0.000000
1 8 0.018511 0.013955 0.001122
2 8 0.015035 0.009742 0.001897
3 8 0.011843 0.005769 0.002376
4 8 0.008993 0.002395 0.002646
5 8 0.006761 -0.000110 0.002881
6 8 0.005375 -0.001579 0.003164
7 8 0.004827 -0.002137 0.003546
8 8 0.005275 -0.001939 0.004260
9 8 0.006960 -0.000907 0.005441
10 8 0.009580 0.000853 0.006870
11 8 0.012630 0.002853 0.008444
12 8 0.016370 0.004910 0.010566
13 8 0.021452 0.007534 0.013539
14 8 0.027385 0.011108 0.016761
15 8 0.032213 0.014964 0.019045
16 8 0.034286 0.017720 0.019842
17 8 0.034113 0.018569 0.019935
18 8 0.034151 0.018042 0.020817
19 8 0.036768 0.017509 0.023403
20 8 0.042331 0.018023 0.027283
21 8 0.048972 0.019599 0.031006
22 8 0.053877 0.021363 0.033004
23 8 0.054905 0.022233 0.032406
24 8 0.051483 0.021555 0.029302
25 8 0.044519 0.019330 0.024496
26 8 0.035693 0.016054 0.019042
27 8 0.026695 0.012406 0.013847
28 8 0.018733 0.008969 0.009472
29 8 0.012399 0.006099 0.006124
30 8 0.007778 0.003920 0.003760
31 8 0.004642 0.002392 0.002200
32 8 0.002646 0.001391 0.001231
33 8 0.001445 0.000774 0.000661
34 8 0.000759 0.000413 0.000341
35 8 0.000383 0.000212 0.000170
36 8 0.000187 0.000105 0.000082
37 8 0.000088 0.000050 0.000038
38 8 0.000040 0.000023 0.000017
39 8 0.000018 0.000010 0.000008
40 8 0.000008 0.000005 0.000003
41 8 0.000003 0.000002 0.000001
42 8 0.000001 0.000001 0.000001
43 8 0.000001 0.000000 0.000000
44 8 0.000000 0.000000 0.000000
45 8 0.000000 0.000000 0.000000
46 8 0.000000 0.000000 0.000000
47 8 0.000000 0.000000 0.000000
48 8 0.000000 0.000000 0.000000
49 8 0.000000 0.000000 0.000000

0 9 0.000000 0.000000 0.000000
1 9 0.002453 -0.003566 0.000361
2 9 -0.004858 -0.009550 0.000118
3 9 -0.011166 -0.013846 -0.000509
4 9 -0.016046 -0.016408 -0.001377
5 9 -0.019352 -0.017557 -0.002202
6 9 -0.020830 -0.017436 -0.002678
7 9 -0.020770 -0.016239 -0.002913
8 9 -0.019769 -0.014569 -0.002897
9 9 -0.017539 -0.012631 -0.002140
10 9 -0.013705 -0.010025 -0.000601
11 9 -0.009257 -0.006942 0.000982
12 9 -0.005250 -0.004365 0.002422
13 9 -0.000633 -0.002541 0.004785
14 9 0.006665 -0.000282 0.008975
15 9 0.016492 0.003577 0.014145
16 9 0.025710 0.008547 0.018246
17 9 0.031123 0.012837 0.020069
18 9 0.032582 0.015111 0.020401
19 9 0.032971 0.015607 0.021178
20 9 0.035485 0.015659 0.023726
21 9 0.041051 0.016412 0.027748
22 9 0.047900 0.017995 0.031673
23 9 0.053062 0.019642 0.033773
24 9 0.054242 0.020379 0.033107
25 9 0.050836 0.019642 0.029802
26 9 0.043815 0.017480 0.024753
27 9 0.034944 0.014392 0.019092
28 9 0.025962 0.011019 0.013762
29 9 0.018082 0.007890 0.009327
30 9 0.011872 0.005313 0.005973
31 9 0.007384 0.003382 0.003632
32 9 0.004369 0.002043 0.002105
33 9 0.002469 0.001177 0.001167
34 9 0.001337 0.000649 0.000620
35 9 0.000696 0.000343 0.000317
36 9 0.000349 0.000174 0.000157
37 9 0.000169 0.000086 0.000075
38 9 0.000079 0.000041 0.000034
39 9 0.000036 0.000019 0.000015
40 9 0.000016 0.000008 0.000007
41 9 0.000007 0.000004 0.000003
42 9 0.000003 0.000002 0.000001
43 9 0.000001 0.000001 0.000000
44 9 0.000000 0.000000 0.000000
45 9 0.000000 0.000000 0.000000
46 9 0.000000 0.000000 0.000000
47 9 0.000000 0.000000 0.000000
48 9 0.000000 0.000000 0.000000
49 9 0.000000 0.000000 0.000000

0 10 0.000000 0.000000 0.000000
1 10 -0.026449 -0.022606 -0.000903
2 10 -0.033852 -0.025947 -0.002432
3 10 -0.038550 -0.027566 -0.004122
4 10 -0.040745 -0.027758 -0.005727
5 10 -0.041346 -0.027041 -0.007271
6 10 -0.040621 -0.025849 -0.008237
7 10 -0.038223 -0.023812 -0.008437
8 10 -0.035186 -0.021047 -0.008547
9 10 -0.032383 -0.018458 -0.008420
10 10 -0.028403 -0.015874 -0.006970
11 10 -0.022401 -0.012212 -0.004459
12 10 -0.016705 -0.007829 -0.002610
13 10 -0.013468 -0.004569 -0.001808
14 10 -0.010667 -0.003111 -0.000066
15 10 -0.004236 -0.001879 0.004397
16 10 0.006596 0.000950 0.010687
17 10 0.018046 0.005286 0.016101
18 10 0.025803 0.009425 0.018947
19 10 0.029138 0.011972 0.019990
20 10 0.030939 0.013024 0.021343
21 10 0.034530 0.013695 0.024392
22 10 0.040809 0.014897 0.028738
23 10 0.047907 0.016625 0.032690
24 10 0.052857 0.018143 0.034519
25 10 0.053537 0.018627 0.033410
26 10 0.049599 0.017688 0.029658
27 10 0.042215 0.015488 0.024284
28 10 0.033239 0.012548 0.018466
29 10 0.024381 0.009457 0.013128
30 10 0.016768 0.006671 0.008777
31 10 0.010875 0.004428 0.005548
32 10 0.006684 0.002780 0.003331
33 10 0.003910 0.001658 0.001907
34 10 0.002185 0.000944 0.001045
35 10 0.001170 0.000514 0.000549
36 10 0.000602 0.000269 0.000278
37 10 0.000299 0.000135 0.000136
38 10 0.000143 0.000066 0.000064
39 10 0.000066 0.000031 0.000029
40 10 0.000030 0.000014 0.000013
41 10 0.000013 0.000006 0.000006
42 10 0.000006 0.000003 0.000002
43 10 0.000002 0.000001 0.000001
44 10 0.000001 0.000000 0.000000
45 10 0.000000 0.000000 0.000000
46 10 0.000000 0.000000 0.000000
47 10 0.000000 0.000000 0.000000
48 10 0.000000 0.000000 0.000000
49 10 0.000000 0.000000 0.000000

0 11 0.000000 0.000000 0.000000
1 11 -0.048972 -0.033748 -0.002123
2 11 -0.052098 -0.036336 -0.004644
3 11 -0.053873 -0.038158 -0.007327
4 11 -0.054332 -0.039108 -0.009543
5 11 -0.053740 -0.038749 -0.011615
6 11 -0.053231 -0.037770 -0.013615
7 11 -0.051588 -0.036306 -0.014341
8 11 -0.047744 -0.033360 -0.014049
9 11 -0.044037 -0.029522 -0.014222
10 11 -0.041275 -0.026395 -0.014039
11 11 -0.036026 -0.023360 -0.011411
12 11 -0.026981 -0.018523 -0.007130
13 11 -0.018502 -0.012275 -0.004206
14 11 -0.014429 -0.007098 -0.003326
15 11 -0.012350 -0.004170 -0.001817
16 11 -0.006943 -0.002132 0.002631
17 11 0.003167 0.000757 0.009060
18 11 0.014198 0.004535 0.014599
19 11 0.021932 0.007917 0.017682
20 11 0.025916 0.010001 0.019298
21 11 0.029036 0.011094 0.021519
22 11 0.034123 0.012136 0.025385
23 11 0.041410 0.013678 0.030117
24 11 0.048635 0.015463 0.033882
25 11 0.052924 0.016745 0.035094
26 11 0.052580 0.016873 0.033233
27 11 0.047717 0.015663 0.028865
28 11 0.039799 0.013400 0.023146
29 11 0.030737 0.010616 0.017257
30 11 0.022139 0.007834 0.012043
31 11 0.014968 0.005419 0.007913
32 11 0.009552 0.003532 0.004921
33 11 0.005783 0.002180 0.002909
34 11 0.003334 0.001280 0.001641
35 11 0.001838 0.000717 0.000887
36 11 0.000972 0.000385 0.000460
37 11 0.000494 0.000199 0.000230
38 11 0.000242 0.000099 0.000111
39 11 0.000115 0.000047 0.000052
40 11 0.000053 0.000022 0.000023
41 11 0.000023 0.000010 0.000010
42 11 0.000010 0.000004 0.000004
43 11 0.000004 0.000002 0.000002
44 11 0.000002 0.000001 0.000001
45 11 0.000001 0.000000 0.000000
46 11 0.000000 0.000000 0.000000
47 11 0.000000 0.000000 0.000000
48 11 0.000000 0.000000 0.000000
49 11 0.000000 0.000000 0.000000

0 12 0.000000 0.000000 0.000000
1 12 -0.063506 -0.048984 -0.003441
2 12 -0.067721 -0.052778 -0.007128
3 12 -0.071100 -0.054383 -0.011240
4 12 -0.073782 -0.054540 -0.014971
5 12 -0.074019 -0.052929 -0.017584
6 12 -0.073188 -0.049672 -0.020408
7 12 -0.072905 -0.046556 -0.022852
8 12 -0.070004 -0.043338 -0.022866
9 12 -0.063952 -0.038487 -0.021914
10 12 -0.059534 -0.033267 -0.022349
11 12 -0.057126 -0.029808 -0.022233
12 12 -0.050924 -0.027099 -0.018543
13 12 -0.039162 -0.022731 -0.012638
14 12 -0.027446 -0.016772 -0.008236
15 12 -0.020277 -0.011280 -0.005937
16 12 -0.015269 -0.007209 -0.002965
17 12 -0.007663 -0.003672 0.002504
18 12 0.003084 0.000213 0.009059
19 12 0.013304 0.004072 0.014124
20 12 0.020019 0.006971 0.016944
21 12 0.023994 0.008652 0.019016
22 12 0.028278 0.009754 0.022205
23 12 0.034857 0.011067 0.026909
24 12 0.042945 0.012790 0.031827
25 12 0.049832 0.014452 0.035047
26 12 0.052905 0.015352 0.035288
27 12 0.051093 0.015047 0.032449
28 12 0.045083 0.013557 0.027401
29 12 0.036619 0.011265 0.021402
30 12 0.027595 0.008683 0.015574
31 12 0.019431 0.006248 0.010628
32 12 0.012865 0.004222 0.006840
33 12 0.008052 0.002693 0.004173
34 12 0.004787 0.001630 0.002423
35 12 0.002714 0.000939 0.001344
36 12 0.001473 0.000518 0.000715
37 12 0.000767 0.000273 0.000366
38 12 0.000385 0.000139 0.000180
39 12 0.000186 0.000068 0.000086
40 12 0.000087 0.000032 0.000040
41 12 0.000040 0.000015 0.000018
42 12 0.000017 0.000007 0.000008
43 12 0.000007 0.000003 0.000003
44 12 0.000003 0.000001 0.000001
45 12 0.000001 0.000000 0.000001
46 12 0.000000 0.000000 0.000000
47 12 0.000000 0.000000 0.000000
48 12 0.000000 0.000000 0.000000
49 12 0.000000 0.000000 0.000000

0 13 0.000000 0.000000 0.000000
1 13 -0.085971 -0.064144 -0.005193
2 13 -0.089902 -0.064477 -0.010407
3 13 -0.090636 -0.062562 -0.015294
4 13 -0.090625 -0.059546 -0.020432
5 13 -0.089419 -0.056628 -0.023825
6 13 -0.085123 -0.052551 -0.025782
7 13 -0.081939 -0.047784 -0.028725
8 13 -0.080620 -0.044280 -0.030611
9 13 -0.075526 -0.040815 -0.029111
10 13 -0.067441 -0.035513 -0.027239
11 13 -0.062855 -0.029853 -0.027506
12 13 -0.061178 -0.025871 -0.027079
13 13 -0.055835 -0.022862 -0.023121
14 13 -0.045547 -0.019263 -0.017465
15 13 -0.035228 -0.015158 -0.013050
16 13 -0.027437 -0.011411 -0.009446
17 13 -0.019438 -0.007949 -0.004299
18 13 -0.008590 -0.004113 0.002741
19 13 0.003467 0.000056 0.009487
20 13 0.013066 0.003693 0.013999
21 13 0.018939 0.006129 0.016657
22 13 0.023253 0.007580 0.019419
23 13 0.028963 0.008813 0.023677
24 13 0.036909 0.010359 0.029023
25 13 0.045266 0.012099 0.033700
26 13 0.051118 0.013453 0.035918
27 13 0.052393 0.013857 0.034871
28 13 0.048810 0.013104 0.030944
29 13 0.041625 0.011391 0.025276
30 13 0.032765 0.009151 0.019150
31 13 0.023992 0.006837 0.013552
32 13 0.016456 0.004780 0.009015
33 13 0.010637 0.003146 0.005667
34 13 0.006512 0.001959 0.003383
35 13 0.003793 0.001159 0.001926
36 13 0.002110 0.000655 0.001049
37 13 0.001125 0.000354 0.000548
38 13 0.000576 0.000184 0.000276
39 13 0.000285 0.000092 0.000134
40 13 0.000136 0.000044 0.000063
41 13 0.000063 0.000021 0.000029
42 13 0.000028 0.000009 0.000013
43 13 0.000012 0.000004 0.000005
44 13 0.000005 0.000002 0.000002
45 13 0.000002 0.000001 0.000001
46 13 0.000001 0.000000 0.000000
47 13 0.000000 0.000000 0.000000
48 13 0.000000 0.000000 0.000000
49 13 0.000000 0.000000 0.000000

0 14 0.000000 0.000000 0.000000
1 14 -0.097882 -0.068539 -0.006577
2 14 -0.096773 -0.067733 -0.013278
3 14 -0.094461 -0.066379 -0.018543
4 14 -0.091560 -0.063685 -0.023818
5 14 -0.091289 -0.060952 -0.029023
6 14 -0.089610 -0.058384 -0.031362
7 14 -0.085195 -0.054244 -0.032988
8 14 -0.083654 -0.049546 -0.036004
9 14 -0.083239 -0.045963 -0.036996
10 14 -0.077773 -0.042332 -0.034568
11 14 -0.069531 -0.037408 -0.032155
12 14 -0.063843 -0.031952 -0.030927
13 14 -0.059192 -0.026734 -0.028302
14 14 -0.051873 -0.021602 -0.023555
15 14 -0.043170 -0.016747 -0.018945
16 14 -0.036024 -0.012825 -0.015380
17 14 -0.029326 -0.009764 -0.010934
18 14 -0.019785 -0.006660 -0.004107
19 14 -0.007249 -0.002989 0.003769
20 14 0.004741 0.000740 0.010115
21 14 0.013147 0.003662 0.014020
22 14 0.018509 0.005527 0.016896
23 14 0.023802 0.006836 0.020700
24 14 0.031184 0.008231 0.025991
25 14 0.040095 0.009886 0.031546
26 14 0.047918 0.011436 0.035403
27 14 0.051952 0.012322 0.036163
28 14 0.050970 0.012186 0.033635
29 14 0.045536 0.011049 0.028666
30 14 0.037363 0.009225 0.022565
31 14 0.028396 0.007139 0.016530
32 14 0.020141 0.005154 0.011345
33 14 0.013420 0.003493 0.007338
34 14 0.008447 0.002234 0.004497
35 14 0.005047 0.001355 0.002621
36 14 0.002875 0.000783 0.001460
37 14 0.001566 0.000432 0.000779
38 14 0.000819 0.000229 0.000399
39 14 0.000412 0.000116 0.000197
40 14 0.000200 0.000057 0.000094
41 14 0.000094 0.000027 0.000044
42 14 0.000043 0.000012 0.000019
43 14 0.000019 0.000006 0.000008
44 14 0.000008 0.000002 0.000004
45 14 0.000003 0.000001 0.000001
46 14 0.000001 0.000000 0.000001
47 14 0.000001 0.000000 0.000000
48 14 0.000000 0.000000 0.000000
49 14 0.000000 0.000000 0.000000

0 15 0.000000 0.000000 0.000000
1 15 -0.099083 -0.075986 -0.007825
2 15 -0.098538 -0.074586 -0.015799
3 15 -0.099125 -0.071807 -0.022778
4 15 -0.097721 -0.067866 -0.027933
5 15 -0.096822 -0.062771 -0.033671
6 15 -0.097928 -0.058167 -0.038198
7 15 -0.095972 -0.053991 -0.039849
8 15 -0.092310 -0.049265 -0.041544
9 15 -0.091068 -0.044468 -0.043531
10 15 -0.089385 -0.040151 -0.043277
11 15 -0.084667 -0.036292 -0.041440
12 15 -0.079162 -0.032967 -0.039623
13 15 -0.073105 -0.029767 -0.036450
14 15 -0.063936 -0.025715 -0.030770
15 15 -0.052605 -0.020694 -0.024642
16 15 -0.043127 -0.015812 -0.020157
17 15 -0.036192 -0.011913 -0.016138
18 15 -0.028182 -0.008628 -0.010130
19 15 -0.016657 -0.005194 -0.002070
20 15 -0.003698 -0.001587 0.005620
21 15 0.006857 0.001533 0.010971
22 15 0.013770 0.003698 0.014440
23 15 0.019215 0.005129 0.018018
24 15 0.026033 0.006416 0.023041
25 15 0.034916 0.007917 0.029005
26 15 0.043953 0.009481 0.034088
27 15 0.050232 0.010636 0.036493
28 15 0.051749 0.010959 0.035464
29 15 0.048304 0.010330 0.031453
30 15 0.041215 0.008938 0.025661
31 15 0.032436 0.007146 0.019414
32 15 0.023740 0.005314 0.013719
33 15 0.016273 0.003700 0.009113
34 15 0.010512 0.002426 0.005722
35 15 0.006431 0.001505 0.003411
36 15 0.003744 0.000888 0.001939
37 15 0.002081 0.000500 0.001055
38 15 0.001109 0.000269 0.000551
39 15 0.000568 0.000140 0.000277
40 15 0.000280 0.000070 0.000134
41 15 0.000134 0.000033 0.000063
42 15 0.000062 0.000016 0.000029
43 15 0.000028 0.000007 0.000013
44 15 0.000012 0.000003 0.000005
45 15 0.000005 0.000001 0.000002
46 15 0.000002 0.000001 0.000001
47 15 0.000001 0.000000 0.000000
48 15 0.000000 0.000000 0.000000
49 15 0.000000 0.000000 0.000000

0 16 0.000000 0.000000 0.000000
1 16 -0.103306 -0.076060 -0.009436
2 16 -0.099382 -0.070758 -0.017842
3 16 -0.096183 -0.065099 -0.025706
4 16 -0.093672 -0.060215 -0.031483
5 16 -0.090639 -0.055993 -0.036226
6 16 -0.089732 -0.052031 -0.040796
7 16 -0.089659 -0.048290 -0.043637
8 16 -0.088559 -0.044967 -0.045480
9 16 -0.087622 -0.042045 -0.046900
10 16 -0.085598 -0.038563 -0.046343
11 16 -0.081497 -0.033913 -0.044577
12 16 -0.078406 -0.029234 -0.043790
13 16 -0.076977 -0.025753 -0.042683
14 16 -0.072661 -0.022977 -0.038463
15 16 -0.063294 -0.019797 -0.031906
16 16 -0.052649 -0.016200 -0.026048
17 16 -0.044162 -0.012869 -0.021409
18 16 -0.036130 -0.009903 -0.015712
19 16 -0.025250 -0.006810 -0.007720
20 16 -0.011870 -0.003434 0.000883
21 16 0.000390 -0.000278 0.007618
22 16 0.009021 0.002091 0.011976
23 16 0.015079 0.003657 0.015606
24 16 0.021536 0.004888 0.020335
25 16 0.030099 0.006223 0.026390
26 16 0.039748 0.007691 0.032303
27 16 0.047709 0.008944 0.036094
28 16 0.051444 0.009564 0.036523
29 16 0.050023 0.009339 0.033605
30 16 0.044258 0.008348 0.028339
31 16 0.035975 0.006875 0.022087
32 16 0.027103 0.005252 0.016033
33 16 0.019070 0.003747 0.010913
34 16 0.012614 0.002512 0.007006
35 16 0.007887 0.001591 0.004263
36 16 0.004684 0.000957 0.002470
37 16 0.002653 0.000548 0.001367
38 16 0.001438 0.000301 0.000726
39 16 0.000748 0.000158 0.000370
40 16 0.000375 0.000080 0.000182
41 16 0.000181 0.000039 0.000087
42 16 0.000085 0.000018 0.000040
43 16 0.000038 0.000008 0.000018
44 16 0.000017 0.000004 0.000008
45 16 0.000007 0.000002 0.000003
46 16 0.000003 0.000001 0.000001
47 16 0.000001 0.000000 0.000001
48 16 0.000000 0.000000 0.000000
49 16 0.000000 0.000000 0.000000

0 17 0.000000 0.000000 0.000000
1 17 -0.088126 -0.068704 -0.010353
2 17 -0.081838 -0.064158 -0.019125
3 17 -0.078680 -0.060055 -0.026768
4 17 -0.078385 -0.056113 -0.033001
5 17 -0.079823 -0.052402 -0.038499
6 17 -0.082975 -0.049551 -0.043459
7 17 -0.085349 -0.046722 -0.046402
8 17 -0.086327 -0.043061 -0.048753
9 17 -0.089026 -0.039746 -0.051817
10 17 -0.091335 -0.037538 -0.052713
11 17 -0.088377 -0.035187 -0.050248
12 17 -0.082371 -0.031768 -0.047566
13 17 -0.078158 -0.027838 -0.045875
14 17 -0.074327 -0.023926 -0.042600
15 17 -0.067120 -0.019929 -0.036764
16 17 -0.057695 -0.015993 -0.030722
17 17 -0.049534 -0.012641 -0.025912
18 17 -0.042276 -0.009938 -0.020632
19 17 -0.032557 -0.007339 -0.012991
20 17 -0.019451 -0.004453 -0.003882
21 17 -0.006048 -0.001552 0.004052
22 17 0.004237 0.000809 0.009451
23 17 0.011243 0.002431 0.013400
24 17 0.017634 0.003617 0.017929
25 17 0.025815 0.004795 0.023903
26 17 0.035671 0.006108 0.030324
27 17 0.044804 0.007337 0.035209
28 17 0.050386 0.008110 0.036959
29 17 0.050868 0.008174 0.035162
30 17 0.046524 0.007524 0.030555
31 17 0.038945 0.006362 0.024464
32 17 0.030121 0.004979 0.018195
33 17 0.021700 0.003631 0.012660
34 17 0.014664 0.002484 0.008293
35 17 0.009350 0.001602 0.005140
36 17 0.005654 0.000980 0.003029
37 17 0.003256 0.000570 0.001704
38 17 0.001793 0.000317 0.000918
39 17 0.000946 0.000169 0.000475
40 17 0.000481 0.000087 0.000237
41 17 0.000235 0.000043 0.000114
42 17 0.000111 0.000020 0.000053
43 17 0.000051 0.000009 0.000024
44 17 0.000023 0.000004 0.000010
45 17 0.000010 0.000002 0.000004
46 17 0.000004 0.000001 0.000002
47 17 0.000002 0.000000 0.000001
48 17 0.000001 0.000000 0.000000
49 17 0.000000 0.000000 0.000000

0 18 0.000000 0.000000 0.000000
1 18 -0.070627 -0.062499 -0.010926
2 18 -0.065945 -0.054942 -0.019790
3 18 -0.064927 -0.048360 -0.027713
4 18 -0.066396 -0.043733 -0.033727
5 18 -0.067886 -0.039996 -0.038661
6 18 -0.072217 -0.036952 -0.044468
7 18 -0.078072 -0.035194 -0.048610
8 18 -0.080515 -0.033711 -0.050347
9 18 -0.082148 -0.031505 -0.052691
10 18 -0.085996 -0.028912 -0.055048
11 18 -0.088312 -0.026402 -0.054860
12 18 -0.087141 -0.024191 -0.053234
13 18 -0.085108 -0.022456 -0.051699
14 18 -0.081978 -0.020839 -0.048502
15 18 -0.074742 -0.018591 -0.042345
16 18 -0.064278 -0.015593 -0.035381
17 18 -0.054758 -0.012521 -0.029840
18 18 -0.047177 -0.009882 -0.024661
19 18 -0.038274 -0.007480 -0.017469
20 18 -0.025823 -0.004939 -0.008248
21 18 -0.011911 -0.002338 0.000553
22 18 -0.000316 -0.000114 0.006946
23 18 0.007715 0.001471 0.011374
24 18 0.014272 0.002589 0.015829
25 18 0.022126 0.003613 0.021659
26 18 0.031951 0.004744 0.028355
27 18 0.041845 0.005865 0.034063
28 18 0.048892 0.006675 0.036943
29 18 0.051058 0.006917 0.036209
30 18 0.048107 0.006532 0.032316
31 18 0.041340 0.005653 0.026499
32 18 0.032727 0.004517 0.020137
33 18 0.024076 0.003358 0.014287
34 18 0.016581 0.002337 0.009526
35 18 0.010757 0.001532 0.006002
36 18 0.006608 0.000951 0.003590
37 18 0.003862 0.000561 0.002048
38 18 0.002155 0.000316 0.001117
39 18 0.001153 0.000170 0.000585
40 18 0.000592 0.000088 0.000295
41 18 0.000293 0.000044 0.000143
42 18 0.000140 0.000021 0.000067
43 18 0.000065 0.000010 0.000031
44 18 0.000029 0.000004 0.000014
45 18 0.000013 0.000002 0.000006
46 18 0.000005 0.000001 0.000002
47 18 0.000002 0.000000 0.000001
48 18 0.000001 0.000000 0.000000
49 18 0.000000 0.000000 0.000000

0 19 0.000000 0.000000 0.000000
1 19 -0.042890 -0.043419 -0.010784
2 19 -0.035148 -0.036161 -0.018468
3 19 -0.033312 -0.032173 -0.025229
4 19 -0.037952 -0.030522 -0.031649
5 19 -0.044626 -0.030371 -0.036648
6 19 -0.051989 -0.030471 -0.042034
7 19 -0.061302 -0.030033 -0.047345
8 19 -0.069523 -0.029159 -0.050950
9 19 -0.075736 -0.028436 -0.054019
10 19 -0.080938 -0.027831 -0.056187
11 19 -0.082829 -0.026367 -0.055589
12 19 -0.081215 -0.023612 -0.053730
13 19 -0.080152 -0.020450 -0.052843
14 19 -0.080086 -0.017752 -0.051219
15 19 -0.076613 -0.015402 -0.046374
16 19 -0.068402 -0.013014 -0.039576
17 19 -0.059251 -0.010696 -0.033586
18 19 -0.051606 -0.008686 -0.028296
19 19 -0.043207 -0.006831 -0.021384
20 19 -0.031319 -0.004814 -0.012158
21 19 -0.017148 -0.002648 -0.002719
22 19 -0.004508 -0.000693 0.004564
23 19 0.004528 0.000760 0.009540
24 19 0.011411 0.001775 0.014035
25 19 0.019041 0.002644 0.019721
26 19 0.028724 0.003581 0.026541
27 19 0.039076 0.004543 0.032838
28 19 0.047232 0.005302 0.036639
29 19 0.050814 0.005626 0.036851
30 19 0.049136 0.005429 0.033658
31 19 0.043197 0.004792 0.028176
32 19 0.034894 0.003898 0.021812
33 19 0.026137 0.002945 0.015736
34 19 0.018296 0.002080 0.010653
35 19 0.012047 0.001382 0.006806
36 19 0.007502 0.000868 0.004124
37 19 0.004440 0.000518 0.002381
38 19 0.002507 0.000295 0.001314
39 19 0.001355 0.000161 0.000695
40 19 0.000704 0.000084 0.000354
41 19 0.000352 0.000042 0.000174
42 19 0.000170 0.000021 0.000082
43 19 0.000079 0.000010 0.000038
44 19 0.000036 0.000004 0.000017
45 19 0.000016 0.000002 0.000007
46 19 0.000007 0.000001 0.000003
47 19 0.000003 0.000000 0.000001
48 19 0.000001 0.000000 0.000001
49 19 0.000000 0.000000 0.000000

0 20 0.000000 0.000000 0.000000
1 20 -0.001440 -0.026971 -0.009095
2 20 0.000639 -0.020410 -0.015441
3 20 -0.005253 -0.018052 -0.021361
4 20 -0.015879 -0.017941 -0.027626
5 20 -0.027925 -0.018146 -0.033719
6 20 -0.040675 -0.018528 -0.040521
7 20 -0.053497 -0.019367 -0.046558
8 20 -0.062883 -0.019615 -0.050311
9 20 -0.070286 -0.018724 -0.054198
10 20 -0.079231 -0.017677 -0.058502
11 20 -0.086230 -0.017163 -0.059881
12 20 -0.087365 -0.016812 -0.058261
13 20 -0.085626 -0.016194 -0.056493
14 20 -0.083897 -0.015178 -0.054349
15 20 -0.079733 -0.013616 -0.049520
16 20 -0.071435 -0.011529 -0.042600
17 20 -0.062073 -0.009330 -0.036300
18 20 -0.054420 -0.007440 -0.031009
19 20 -0.046642 -0.005834 -0.024454
20 20 -0.035528 -0.004220 -0.015404
21 20 -0.021466 -0.002506 -0.005580
22 20 -0.008135 -0.000916 0.002418
23 20 0.001757 0.000304 0.007931
24 20 0.009029 0.001158 0.012540
25 20 0.016540 0.001859 0.018117
26 20 0.026054 0.002594 0.024975
27 20 0.036660 0.003365 0.031678
28 20 0.045623 0.004009 0.036196
29 20 0.050337 0.004337 0.037201
30 20 0.049749 0.004261 0.034641
31 20 0.044578 0.003822 0.029502
32 20 0.036620 0.003154 0.023192
33 20 0.027845 0.002414 0.016966
34 20 0.019757 0.001725 0.011632
35 20 0.013169 0.001159 0.007518
36 20 0.008294 0.000735 0.004604
37 20 0.004960 0.000443 0.002684
38 20 0.002828 0.000254 0.001495
39 20 0.001542 0.000140 0.000798
40 20 0.000808 0.000074 0.000409
41 20 0.000407 0.000037 0.000202
42 20 0.000198 0.000018 0.000097
43 20 0.000093 0.000009 0.000045
44 20 0.000042 0.000004 0.000020
45 20 0.000019 0.000002 0.000009
46 20 0.000008 0.000001 0.000004
47 20 0.000003 0.000000 0.000002
48 20 0.000001 0.000000 0.000001
49 20 0.000000 0.000000 0.000000

0 21 0.000000 0.000000 0.000000
1 21 0.042811 0.002361 -0.005184
2 21 0.042527 0.005373 -0.008427
3 21 0.032236 0.001920 -0.013616
4 21 0.015547 -0.003142 -0.020838
5 21 -0.001593 -0.007951 -0.027519
6 21 -0.017404 -0.011222 -0.034960
7 21 -0.034609 -0.013039 -0.043026
8 21 -0.049747 -0.014302 -0.048657
9 21 -0.060108 -0.015274 -0.052617
10 21 -0.068716 -0.015549 -0.056372
11 21 -0.075658 -0.014717 -0.058107
12 21 -0.078867 -0.012972 -0.057592
13 21 -0.080477 -0.011126 -0.057110
14 21 -0.082301 -0.009790 -0.056259
15 21 -0.081127 -0.008822 -0.052362
16 21 -0.074452 -0.007793 -0.045592
17 21 -0.065249 -0.006620 -0.038897
18 21 -0.057246 -0.005485 -0.033337
19 21 -0.049530 -0.004424 -0.026893
20 21 -0.038827 -0.003297 -0.017969
21 21 -0.024870 -0.002060 -0.007903
22 21 -0.011065 -0.000880 0.000635
23 21 -0.000495 0.000049 0.006606
24 21 0.007149 0.000701 0.011358
25 21 0.014612 0.001219 0.016861
26 21 0.023971 0.001749 0.023715
27 21 0.034704 0.002310 0.030685
28 21 0.044226 0.002796 0.035732
29 21 0.049794 0.003071 0.037360
30 21 0.050077 0.003057 0.035324
31 21 0.045555 0.002776 0.030495
32 21 0.037923 0.002316 0.024266
33 21 0.029179 0.001790 0.017947
34 21 0.020925 0.001291 0.012427
35 21 0.014083 0.000874 0.008105
36 21 0.008949 0.000559 0.005006
37 21 0.005395 0.000339 0.002940
38 21 0.003099 0.000196 0.001649
39 21 0.001702 0.000108 0.000886
40 21 0.000897 0.000057 0.000458
41 21 0.000455 0.000029 0.000228
42 21 0.000223 0.000014 0.000109
43 21 0.000105 0.000007 0.000051
44 21 0.000048 0.000003 0.000023
45 21 0.000021 0.000001 0.000010
46 21 0.000009 0.000001 0.000004
47 21 0.000004 0.000000 0.000002
48 21 0.000002 0.000000 0.000001
49 21 0.000000 0.000000 0.000000

0 22 0.000000 0.000000 0.000000
1 22 0.110028 0.035662 0.004682
2 22 0.094038 0.023025 0.003886
3 22 0.067672 0.010133 -0.002516
4 22 0.039697 0.002034 -0.012264
5 22 0.013466 -0.002218 -0.022191
6 22 -0.009174 -0.004722 -0.031798
7 22 -0.029227 -0.006476 -0.040690
8 22 -0.045455 -0.007129 -0.047225
9 22 -0.058268 -0.006829 -0.052853
10 22 -0.070763 -0.006644 -0.058472
11 22 -0.080729 -0.007098 -0.061174
12 22 -0.084156 -0.007684 -0.060229
13 22 -0.083640 -0.007815 -0.058692
14 22 -0.083285 -0.007389 -0.057294
15 22 -0.081395 -0.006547 -0.053543
16 22 -0.075060 -0.005464 -0.047019
17 22 -0.066266 -0.004373 -0.040354
18 22 -0.058532 -0.003468 -0.034823
19 22 -0.051231 -0.002744 -0.028573
20 22 -0.041041 -0.002055 -0.019813
21 22 -0.027298 -0.001318 -0.009624
22 22 -0.013226 -0.000606 -0.000713
23 22 -0.002173 -0.000035 0.005611
24 22 0.005776 0.000370 0.010496
25 22 0.013238 0.000688 0.015959
26 22 0.022482 0.001007 0.022795
27 22 0.033271 0.001347 0.029931
28 22 0.043156 0.001649 0.035337
29 22 0.049315 0.001829 0.037411
30 22 0.050229 0.001838 0.035766
31 22 0.046197 0.001683 0.031181
32 22 0.038829 0.001414 0.025030
33 22 0.030132 0.001101 0.018659
34 22 0.021775 0.000798 0.013012
35 22 0.014757 0.000544 0.008542
36 22 0.009437 0.000349 0.005307
37 22 0.005723 0.000213 0.003135
38 22 0.003305 0.000124 0.001768
39 22 0.001825 0.000069 0.000955
40 22 0.000966 0.000037 0.000495
41 22 0.000492 0.000019 0.000247
42 22 0.000242 0.000009 0.000119
43 22 0.000115 0.000004 0.000056
44 22 0.000053 0.000002 0.000025
45 22 0.000024 0.000001 0.000011
46 22 0.000010 0.000000 0.000005
47 22 0.000004 0.000000 0.000002
48 22 0.000002 0.000000 0.000001
49 22 0.000000 0.000000 0.000000

0 23 0.000000 0.000000 0.000000
1 23 0.188097 0.095553 0.029414
2 23 0.142422 0.033873 0.024513
3 23 0.098610 0.013198 0.010986
4 23 0.061309 0.005149 -0.003589
5 23 0.031160 0.001029 -0.015711
6 23 0.006726 -0.001009 -0.026881
7 23 -0.016576 -0.001921 -0.037764
8 23 -0.036359 -0.002804 -0.045425
9 23 -0.049871 -0.003736 -0.050592
10 23 -0.060980 -0.004029 -0.055568
11 23 -0.070931 -0.003402 -0.058785
12 23 -0.076940 -0.002332 -0.059201
13 23 -0.080049 -0.001500 -0.058970
14 23 -0.082694 -0.001194 -0.058442
15 23 -0.082617 -0.001236 -0.055099
16 23 -0.076952 -0.001313 -0.048547
17 23 -0.068012 -0.001274 -0.041600
18 23 -0.059893 -0.001138 -0.035852
19 23 -0.052453 -0.000952 -0.029600
20 23 -0.042393 -0.000728 -0.020911
21 23 -0.028743 -0.000473 -0.010660
22 23 -0.014526 -0.000225 -0.001539
23 23 -0.003192 -0.000026 0.004998
24 23 0.004947 0.000114 0.009974
25 23 0.012418 0.000222 0.015417
26 23 0.021591 0.000329 0.022237
27 23 0.032400 0.000443 0.029461
28 23 0.042486 0.000545 0.035077
29 23 0.048992 0.000607 0.037417
30 23 0.050286 0.000613 0.036012
31 23 0.046558 0.000564 0.031583
32 23 0.039361 0.000476 0.025486
33 23 0.030703 0.000371 0.019089
34 23 0.022290 0.000270 0.013370
35 23 0.015170 0.000184 0.008812
36 23 0.009738 0.000119 0.005495
37 23 0.005926 0.000073 0.003257
38 23 0.003434 0.000042 0.001842
39 23 0.001902 0.000023 0.000998
40 23 0.001010 0.000013 0.000519
41 23 0.000516 0.000006 0.000260
42 23 0.000254 0.000003 0.000126
43 23 0.000121 0.000002 0.000059
44 23 0.000056 0.000001 0.000027
45 23 0.000025 0.000000 0.000012
46 23 0.000011 0.000000 0.000005
47 23 0.000005 0.000000 0.000002
48 23 0.000002 0.000000 0.000001
49 23 0.000000 0.000000 0.000000

0 24 0.000000 0.000000 0.000000
1 24 0.323658 -0.095553 0.101800
2 24 0.185250 -0.033873 0.049327
3 24 0.115166 -0.013198 0.020844
4 24 0.068542 -0.005149 0.000894
5 24 0.032616 -0.001029 -0.014230
6 24 0.004497 0.001009 -0.026589
7 24 -0.019054 0.001921 -0.037343
8 24 -0.038207 0.002804 -0.045330
9 24 -0.053219 0.003736 -0.051816
10 24 -0.067047 0.004029 -0.057985
11 24 -0.078088 0.003402 -0.061239
12 24 -0.082479 0.002332 -0.060670
13 24 -0.082597 0.001500 -0.059305
14 24 -0.082808 0.001194 -0.058176
15 24 -0.081724 0.001236 -0.054815
16 24 -0.076127 0.001313 -0.048485
17 24 -0.067608 0.001274 -0.041728
18 24 -0.059860 0.001138 -0.036096
19 24 -0.052687 0.000952 -0.029929
20 24 -0.042810 0.000728 -0.021289
21 24 -0.029237 0.000473 -0.011022
22 24 -0.014978 0.000225 -0.001826
23 24 -0.003545 0.000026 0.004788
24 24 0.004665 -0.000114 0.009797
25 24 0.012143 -0.000222 0.015235
26 24 0.021293 -0.000329 0.022050
27 24 0.032107 -0.000443 0.029302
28 24 0.042258 -0.000545 0.034986
29 24 0.048879 -0.000607 0.037414
30 24 0.050299 -0.000613 0.036090
31 24 0.046675 -0.000564 0.031715
32 24 0.039537 -0.000476 0.025638
33 24 0.030893 -0.000371 0.019234
34 24 0.022463 -0.000270 0.013490
35 24 0.015309 -0.000184 0.008903
36 24 0.009840 -0.000119 0.005558
37 24 0.005995 -0.000073 0.003298
38 24 0.003478 -0.000042 0.001867
39 24 0.001928 -0.000023 0.001012
40 24 0.001025 -0.000013 0.000527
41 24 0.000524 -0.000006 0.000264
42 24 0.000258 -0.000003 0.000128
43 24 0.000123 -0.000002 0.000060
44 24 0.000057 -0.000001 0.000027
45 24 0.000025 -0.000000 0.000012
46 24 0.000011 -0.000000 0.000005
47 24 0.000005 -0.000000 0.000002
48 24 0.000002 -0.000000 0.000001
49 24 0.000000 0.000000 0.000000

0 25 0.000000 0.000000 0.000000
1 25 0.188097 -0.035662 0.029414
2 25 0.142422 -0.023025 0.024513
3 25 0.098610 -0.010133 0.010986
4 25 0.061309 -0.002034 -0.003589
5 25 0.031160 0.002218 -0.015711
6 25 0.006726 0.004722 -0.026881
7 25 -0.016576 0.006476 -0.037764
8 25 -0.036359 0.007129 -0.045425
9 25 -0.049871 0.006829 -0.050592
10 25 -0.060980 0.006644 -0.055568
11 25 -0.070931 0.007098 -0.058785
12 25 -0.076940 0.007684 -0.059201
13 25 -0.080049 0.007815 -0.058970
14 25 -0.082694 0.007389 -0.058442
15 25 -0.082617 0.006547 -0.055099
16 25 -0.076952 0.005464 -0.048547
17 25 -0.068012 0.004373 -0.041600
18 25 -0.059893 0.003468 -0.035852
19 25 -0.052453 0.002744 -0.029600
20 25 -0.042393 0.002055 -0.020911
21 25 -0.028743 0.001318 -0.010660
22 25 -0.014526 0.000606 -0.001539
23 25 -0.003192 0.000035 0.004998
24 25 0.004947 -0.000370 0.009974
25 25 0.012418 -0.000688 0.015417
26 25 0.021591 -0.001007 0.022237
27 25 0.032400 -0.001347 0.029461
28 25 0.042486 -0.001649 0.035077
29 25 0.048992 -0.001829 0.037417
30 25 0.050286 -0.001838 0.036012
31 25 0.046558 -0.001683 0.031583
32 25 0.039361 -0.001414 0.025486
33 25 0.030703 -0.001101 0.019089
34 25 0.022290 -0.000798 0.013370
35 25 0.015170 -0.000544 0.008812
36 25 0.009738 -0.000349 0.005495
37 25 0.005926 -0.000213 0.003257
38 25 0.003434 -0.000124 0.001842
39 25 0.001902 -0.000069 0.000998
40 25 0.001010 -0.000037 0.000519
41 25 0.000516 -0.000019 0.000260
42 25 0.000254 -0.000009 0.000126
43 25 0.000121 -0.000004 0.000059
44 25 0.000056 -0.000002 0.000027
45 25 0.000025 -0.000001 0.000012
46 25 0.000011 -0.000000 0.000005
47 25 0.000005 -0.000000 0.000002
48 25 0.000002 -0.000000 0.000001
49 25 0.000000 0.000000 0.000000

0 26 0.000000 0.000000 0.000000
1 26 0.110028 -0.002361 0.004682
2 26 0.094038 -0.005373 0.003886
3 26 0.067672 -0.001920 -0.002516
4 26 0.039697 0.003142 -0.012264
5 26 0.013466 0.007951 -0.022191
6 26 -0.009174 0.011222 -0.031798
7 26 -0.029227 0.013039 -0.040690
8 26 -0.045455 0.014302 -0.047225
9 26 -0.058268 0.015274 -0.052853
10 26 -0.070763 0.015549 -0.058472
11 26 -0.080729 0.014717 -0.061174
12 26 -0.084156 0.012972 -0.060229
13 26 -0.083640 0.011126 -0.058692
14 26 -0.083285 0.009790 -0.057294
15 26 -0.081395 0.008822 -0.053543
16 26 -0.075060 0.007793 -0.047019
17 26 -0.066266 0.006620 -0.040354
18 26 -0.058532 0.005485 -0.034823
19 26 -0.051231 0.004424 -0.028573
20 26 -0.041041 0.003297 -0.019813
21 26 -0.027298 0.002060 -0.009624
22 26 -0.013226 0.000880 -0.000713
23 26 -0.002173 -0.000049 0.005611
24 26 0.005776 -0.000701 0.010496
25 26 0.013238 -0.001219 0.015959
26 26 0.022482 -0.001749 0.022795
27 26 0.033271 -0.002310 0.029931
28 26 0.043156 -0.002796 0.035337
29 26 0.049315 -0.003071 0.037411
30 26 0.050229 -0.003057 0.035766
31 26 0.046197 -0.002776 0.031181
32 26 0.038829 -0.002316 0.025030
33 26 0.030132 -0.001790 0.018659
34 26 0.021775 -0.001291 0.013012
35 26 0.014757 -0.000874 0.008542
36 26 0.009437 -0.000559 0.005307
37 26 0.005723 -0.000339 0.003135
38 26 0.003305 -0.000196 0.001768
39 26 0.001825 -0.000108 0.000955
40 26 0.000966 -0.000057 0.000495
41 26 0.000492 -0.000029 0.000247
42 26 0.000242 -0.000014 0.000119
43 26 0.000115 -0.000007 0.000056
44 26 0.000053 -0.000003 0.000025
45 26 0.000024 -0.000001 0.000011
46 26 0.000010 -0.000001 0.000005
47 26 0.000004 -0.000000 0.000002
48 26 0.000002 -0.000000 0.000001
49 26 0.000000 0.000000 0.000000

0 27 0.000000 0.000000 0.000000
1 27 0.042811 0.026971 -0.005184
2 27 0.042527 0.020410 -0.008427
3 27 0.032236 0.018052 -0.013616
4 27 0.015547 0.017941 -0.020838
5 27 -0.001593 0.018146 -0.027519
6 27 -0.017404 0.018528 -0.034960
7 27 -0.034609 0.019367 -0.043026
8 27 -0.049747 0.019615 -0.048657
9 27 -0.060108 0.018724 -0.052617
10 27 -0.068716 0.017677 -0.056372
11 27 -0.075658 0.017163 -0.058107
12 27 -0.078867 0.016812 -0.057592
13 27 -0.080477 0.016194 -0.057110
14 27 -0.082301 0.015178 -0.056259
15 27 -0.081127 0.013616 -0.052362
16 27 -0.074452 0.011529 -0.045592
17 27 -0.065249 0.009330 -0.038897
18 27 -0.057246 0.007440 -0.033337
19 27 -0.049530 0.005834 -0.026893
20 27 -0.038827 0.004220 -0.017969
21 27 -0.024870 0.002506 -0.007903
22 27 -0.011065 0.000916 0.000635
23 27 -0.000495 -0.000304 0.006606
24 27 0.007149 -0.001158 0.011358
25 27 0.014612 -0.001859 0.016861
26 27 0.023971 -0.002594 0.023715
27 27 0.034704 -0.003365 0.030685
28 27 0.044226 -0.004009 0.035732
29 27 0.049794 -0.004337 0.037360
30 27 0.050077 -0.004261 0.035324
31 27 0.045555 -0.003822 0.030495
32 27 0.037923 -0.003154 0.024266
33 27 0.029179 -0.002414 0.017947
34 27 0.020925 -0.001725 0.012427
35 27 0.014083 -0.001159 0.008105
36 27 0.008949 -0.000735 0.005006
37 27 0.005395 -0.000443 0.002940
38 27 0.003099 -0.000254 0.001649
39 27 0.001702 -0.000140 0.000886
40 27 0.000897 -0.000074 0.000458
41 27 0.000455 -0.000037 0.000228
42 27 0.000223 -0.000018 0.000109
43 27 0.000105 -0.000009 0.000051
44 27 0.000048 -0.000004 0.000023
45 27 0.000021 -0.000002 0.000010
46 27 0.000009 -0.000001 0.000004
47 27 0.000004 -0.000000 0.000002
48 27 0.000002 -0.000000 0.000001
49 27 0.000000 0.000000 0.000000

0 28 0.000000 0.000000 0.000000
1 28 -0.001440 0.043419 -0.009095
2 28 0.000639 0.036161 -0.015441
3 28 -0.005253 0.032173 -0.021361
4 28 -0.015879 0.030522 -0.027626
5 28 -0.027925 0.030371 -0.033719
6 28 -0.040675 0.030471 -0.040521
7 28 -0.053497 0.030033 -0.046558
8 28 -0.062883 0.029159 -0.050311
9 28 -0.070286 0.028436 -0.054198
10 28 -0.079231 0.027831 -0.058502
11 28 -0.086230 0.026367 -0.059881
12 28 -0.087365 0.023612 -0.058261
13 28 -0.085626 0.020450 -0.056493
14 28 -0.083897 0.017752 -0.054349
15 28 -0.079733 0.015402 -0.049520
16 28 -0.071435 0.013014 -0.042600
17 28 -0.062073 0.010696 -0.036300
18 28 -0.054420 0.008686 -0.031009
19 28 -0.046642 0.006831 -0.024454
20 28 -0.035528 0.004814 -0.015404
21 28 -0.021466 0.002648 -0.005580
22 28 -0.008135 0.000693 0.002418
23 28 0.001757 -0.000760 0.007931
24 28 0.009029 -0.001775 0.012540
25 28 0.016540 -0.002644 0.018117
26 28 0.026054 -0.003581 0.024975
27 28 0.036660 -0.004543 0.031678
28 28 0.045623 -0.005302 0.036196
29 28 0.050337 -0.005626 0.037201
30 28 0.049749 -0.005429 0.034641
31 28 0.044578 -0.004792 0.029502
32 28 0.036620 -0.003898 0.023192
33 28 0.027845 -0.002945 0.016966
34 28 0.019757 -0.002080 0.011632
35 28 0.013169 -0.001382 0.007518
36 28 0.008294 -0.000868 0.004604
37 28 0.004960 -0.000518 0.002684
38 28 0.002828 -0.000295 0.001495
39 28 0.001542 -0.000161 0.000798
40 28 0.000808 -0.000084 0.000409
41 28 0.000407 -0.000042 0.000202
42 28 0.000198 -0.000021 0.000097
43 28 0.000093 -0.000010 0.000045
44 28 0.000042 -0.000004 0.000020
45 28 0.000019 -0.000002 0.000009
46 28 0.000008 -0.000001 0.000004
47 28 0.000003 -0.000000 0.000002
48 28 0.000001 -0.000000 0.000001
49 28 0.000000 0.000000 0.000000

0 29 0.000000 0.000000 0.000000
1 29 -0.042890 0.062499 -0.010784
2 29 -0.035148 0.054942 -0.018468
3 29 -0.033312 0.048360 -0.025229
4 29 -0.037952 0.043733 -0.031649
5 29 -0.044626 0.039996 -0.036648
6 29 -0.051989 0.036952 -0.042034
7 29 -0.061302 0.035194 -0.047345
8 29 -0.069523 0.033711 -0.050950
9 29 -0.075736 0.031505 -0.054019
10 29 -0.080938 0.028912 -0.056187
11 29 -0.082829 0.026402 -0.055589
12 29 -0.081215 0.024191 -0.053730
13 29 -0.080152 0.022456 -0.052843
14 29 -0.080086 0.020839 -0.051219
15 29 -0.076613 0.018591 -0.046374
16 29 -0.068402 0.015593 -0.039576
17 29 -0.059251 0.012521 -0.033586
18 29 -0.051606 0.009882 -0.028296
19 29 -0.043207 0.007480 -0.021384
20 29 -0.031319 0.004939 -0.012158
21 29 -0.017148 0.002338 -0.002719
22 29 -0.004508 0.000114 0.004564
23 29 0.004528 -0.001471 0.009540
24 29 0.011411 -0.002589 0.014035
25 29 0.019041 -0.003613 0.019721
26 29 0.028724 -0.004744 0.026541
27 29 0.039076 -0.005865 0.032838
28 29 0.047232 -0.006675 0.036639
29 29 0.050814 -0.006917 0.036851
30 29 0.049136 -0.006532 0.033658
31 29 0.043197 -0.005653 0.028176
32 29 0.034894 -0.004517 0.021812
33 29 0.026137 -0.003358 0.015736
34 29 0.018296 -0.002337 0.010653
35 29 0.012047 -0.001532 0.006806
36 29 0.007502 -0.000951 0.004124
37 29 0.004440 -0.000561 0.002381
38 29 0.002507 -0.000316 0.001314
39 29 0.001355 -0.000170 0.000695
40 29 0.000704 -0.000088 0.000354
41 29 0.000352 -0.000044 0.000174
42 29 0.000170 -0.000021 0.000082
43 29 0.000079 -0.000010 0.000038
44 29 0.000036 -0.000004 0.000017
45 29 0.000016 -0.000002 0.000007
46 29 0.000007 -0.000001 0.000003
47 29 0.000003 -0.000000 0.000001
48 29 0.000001 -0.000000 0.000001
49 29 0.000000 0.000000 0.000000

0 30 0.000000 0.000000 0.000000
1 30 -0.070627 0.068704 -0.010926
2 30 -0.065945 0.064158 -0.019790
3 30 -0.064927 0.060055 -0.027713
4 30 -0.066396 0.056113 -0.033727
5 30 -0.067886 0.052402 -0.038661
6 30 -0.072217 0.049551 -0.044468
7 30 -0.078072 0.046722 -0.048610
8 30 -0.080515 0.043061 -0.050347
9 30 -0.082148 0.039746 -0.052691
10 30 -0.085996 0.037538 -0.055048
11 30 -0.088312 0.035187 -0.054860
12 30 -0.087141 0.031768 -0.053234
13 30 -0.085108 0.027838 -0.051699
14 30 -0.081978 0.023926 -0.048502
15 30 -0.074742 0.019929 -0.042345
16 30 -0.064278 0.015993 -0.035381
17 30 -0.054758 0.012641 -0.029840
18 30 -0.047177 0.009938 -0.024661
19 30 -0.038274 0.007339 -0.017469
20 30 -0.025823 0.004453 -0.008248
21 30 -0.011911 0.001552 0.000553
22 30 -0.000316 -0.000809 0.006946
23 30 0.007715 -0.002431 0.011374
24 30 0.014272 -0.003617 0.015829
25 30 0.022126 -0.004795 0.021659
26 30 0.031951 -0.006108 0.028355
27 30 0.041845 -0.007337 0.034063
28 30 0.048892 -0.008110 0.036943
29 30 0.051058 -0.008174 0.036209
30 30 0.048107 -0.007524 0.032316
31 30 0.041340 -0.006362 0.026499
32 30 0.032727 -0.004979 0.020137
33 30 0.024076 -0.003631 0.014287
34 30 0.016581 -0.002484 0.009526
35 30 0.010757 -0.001602 0.006002
36 30 0.006608 -0.000980 0.003590
37 30 0.003862 -0.000570 0.002048
38 30 0.002155 -0.000317 0.001117
39 30 0.001153 -0.000169 0.000585
40 30 0.000592 -0.000087 0.000295
41 30 0.000293 -0.000043 0.000143
42 30 0.000140 -0.000020 0.000067
43 30 0.000065 -0.000009 0.000031
44 30 0.000029 -0.000004 0.000014
45 30 0.000013 -0.000002 0.000006
46 30 0.000005 -0.000001 0.000002
47 30 0.000002 -0.000000 0.000001
48 30 0.000001 -0.000000 0.000000
49 30 0.000000 0.000000 0.000000

0 31 0.000000 0.000000 0.000000
1 31 -0.088126 0.076060 -0.010353
2 31 -0.081838 0.070758 -0.019125
3 31 -0.078680 0.065099 -0.026768
4 31 -0.078385 0.060215 -0.033001
5 31 -0.079823 0.055993 -0.038499
6 31 -0.082975 0.052031 -0.043459
7 31 -0.085349 0.048290 -0.046402
8 31 -0.086327 0.044967 -0.048753
9 31 -0.089026 0.042045 -0.051817
10 31 -0.091335 0.038563 -0.052713
11 31 -0.088377 0.033913 -0.050248
12 31 -0.082371 0.029234 -0.047566
13 31 -0.078158 0.025753 -0.045875
14 31 -0.074327 0.022977 -0.042600
15 31 -0.067120 0.019797 -0.036764
16 31 -0.057695 0.016200 -0.030722
17 31 -0.049534 0.012869 -0.025912
18 31 -0.042276 0.009903 -0.020632
19 31 -0.032557 0.006810 -0.012991
20 31 -0.019451 0.003434 -0.003882
21 31 -0.006048 0.000278 0.004052
22 31 0.004237 -0.002091 0.009451
23 31 0.011243 -0.003657 0.013400
24 31 0.017634 -0.004888 0.017929
25 31 0.025815 -0.006223 0.023903
26 31 0.035671 -0.007691 0.030324
27 31 0.044804 -0.008944 0.035209
28 31 0.050386 -0.009564 0.036959
29 31 0.050868 -0.009339 0.035162
30 31 0.046524 -0.008348 0.030555
31 31 0.038945 -0.006875 0.024464
32 31 0.030121 -0.005252 0.018195
33 31 0.021700 -0.003747 0.012660
34 31 0.014664 -0.002512 0.008293
35 31 0.009350 -0.001591 0.005140
36 31 0.005654 -0.000957 0.003029
37 31 0.003256 -0.000548 0.001704
38 31 0.001793 -0.000301 0.000918
39 31 0.000946 -0.000158 0.000475
40 31 0.000481 -0.000080 0.000237
41 31 0.000235 -0.000039 0.000114
42 31 0.000111 -0.000018 0.000053
43 31 0.000051 -0.000008 0.000024
44 31 0.000023 -0.000004 0.000010
45 31 0.000010 -0.000002 0.000004
46 31 0.000004 -0.000001 0.000002
47 31 0.000002 -0.000000 0.000001
48 31 0.000001 -0.000000 0.000000
49 31 0.000000 0.000000 0.000000

0 32 0.000000 0.000000 0.000000
1 32 -0.103306 0.075986 -0.009436
2 32 -0.099382 0.074586 -0.017842
3 32 -0.096183 0.071807 -0.025706
4 32 -0.093672 0.067866 -0.031483
5 32 -0.090639 0.062771 -0.036226
6 32 -0.089732 0.058167 -0.040796
7 32 -0.089659 0.053991 -0.043637
8 32 -0.088559 0.049265 -0.045480
9 32 -0.087622 0.044468 -0.046900
10 32 -0.085598 0.040151 -0.046343
11 32 -0.081497 0.036292 -0.044577
12 32 -0.078406 0.032967 -0.043790
13 32 -0.076977 0.029767 -0.042683
14 32 -0.072661 0.025715 -0.038463
15 32 -0.063294 0.020694 -0.031906
16 32 -0.052649 0.015812 -0.026048
17 32 -0.044162 0.011913 -0.021409
18 32 -0.036130 0.008628 -0.015712
19 32 -0.025250 0.005194 -0.007720
20 32 -0.011870 0.001587 0.000883
21 32 0.000390 -0.001533 0.007618
22 32 0.009021 -0.003698 0.011976
23 32 0.015079 -0.005129 0.015606
24 32 0.021536 -0.006416 0.020335
25 32 0.030099 -0.007917 0.026390
26 32 0.039748 -0.009481 0.032303
27 32 0.047709 -0.010636 0.036094
28 32 0.051444 -0.010959 0.036523
29 32 0.050023 -0.010330 0.033605
30 32 0.044258 -0.008938 0.028339
31 32 0.035975 -0.007146 0.022087
32 32 0.027103 -0.005314 0.016033
33 32 0.019070 -0.003700 0.010913
34 32 0.012614 -0.002426 0.007006
35 32 0.007887 -0.001505 0.004263
36 32 0.004684 -0.000888 0.002470
37 32 0.002653 -0.000500 0.001367
38 32 0.001438 -0.000269 0.000726
39 32 0.000748 -0.000140 0.000370
40 32 0.000375 -0.000070 0.000182
41 32 0.000181 -0.000033 0.000087
42 32 0.000085 -0.000016 0.000040
43 32 0.000038 -0.000007 0.000018
44 32 0.000017 -0.000003 0.000008
45 32 0.000007 -0.000001 0.000003
46 32 0.000003 -0.000001 0.000001
47 32 0.000001 -0.000000 0.000001
48 32 0.000000 -0.000000 0.000000
49 32 0.000000 0.000000 0.000000

0 33 0.000000 0.000000 0.000000
1 33 -0.099083 0.068539 -0.007825
2 33 -0.098538 0.067733 -0.015799
3 33 -0.099125 0.066379 -0.022778
4 33 -0.097721 0.063685 -0.027933
5 33 -0.096822 0.060952 -0.033671
6 33 -0.097928 0.058384 -0.038198
7 33 -0.095972 0.054244 -0.039849
8 33 -0.092310 0.049546 -0.041544
9 33 -0.091068 0.045963 -0.043531
10 33 -0.089385 0.042332 -0.043277
11 33 -0.084667 0.037408 -0.041440
12 33 -0.079162 0.031952 -0.039623
13 33 -0.073105 0.026734 -0.036450
14 33 -0.063936 0.021602 -0.030770
15 33 -0.052605 0.016747 -0.024642
16 33 -0.043127 0.012825 -0.020157
17 33 -0.036192 0.009764 -0.016138
18 33 -0.028182 0.006660 -0.010130
19 33 -0.016657 0.002989 -0.002070
20 33 -0.003698 -0.000740 0.005620
21 33 0.006857 -0.003662 0.010971
22 33 0.013770 -0.005527 0.014440
23 33 0.019215 -0.006836 0.018018
24 33 0.026033 -0.008231 0.023041
25 33 0.034916 -0.009886 0.029005
26 33 0.043953 -0.011436 0.034088
27 33 0.050232 -0.012322 0.036493
28 33 0.051749 -0.012186 0.035464
29 33 0.048304 -0.011049 0.031453
30 33 0.041215 -0.009225 0.025661
31 33 0.032436 -0.007139 0.019414
32 33 0.023740 -0.005154 0.013719
33 33 0.016273 -0.003493 0.009113
34 33 0.010512 -0.002234 0.005722
35 33 0.006431 -0.001355 0.003411
36 33 0.003744 -0.000783 0.001939
37 33 0.002081 -0.000432 0.001055
38 33 0.001109 -0.000229 0.000551
39 33 0.000568 -0.000116 0.000277
40 33 0.000280 -0.000057 0.000134
41 33 0.000134 -0.000027 0.000063
42 33 0.000062 -0.000012 0.000029
43 33 0.000028 -0.000006 0.000013
44 33 0.000012 -0.000002 0.000005
45 33 0.000005 -0.000001 0.000002
46 33 0.000002 -0.000000 0.000001
47 33 0.000001 -0.000000 0.000000
48 33 0.000000 -0.000000 0.000000
49 33 0.000000 0.000000 0.000000

0 34 0.000000 0.000000 0.000000
1 34 -0.097882 0.064144 -0.006577
2 34 -0.096773 0.064477 -0.013278
3 34 -0.094461 0.062562 -0.018543
4 34 -0.091560 0.059546 -0.023818
5 34 -0.091289 0.056628 -0.029023
6 34 -0.089610 0.052551 -0.031362
7 34 -0.085195 0.047784 -0.032988
8 34 -0.083654 0.044280 -0.036004
9 34 -0.083239 0.040815 -0.036996
10 34 -0.077773 0.035513 -0.034568
11 34 -0.069531 0.029853 -0.032155
12 34 -0.063843 0.025871 -0.030927
13 34 -0.059192 0.022862 -0.028302
14 34 -0.051873 0.019263 -0.023555
15 34 -0.043170 0.015158 -0.018945
16 34 -0.036024 0.011411 -0.015380
17 34 -0.029326 0.007949 -0.010934
18 34 -0.019785 0.004113 -0.004107
19 34 -0.007249 -0.000056 0.003769
20 34 0.004741 -0.003693 0.010115
21 34 0.013147 -0.006129 0.014020
22 34 0.018509 -0.007580 0.016896
23 34 0.023802 -0.008813 0.020700
24 34 0.031184 -0.010359 0.025991
25 34 0.040095 -0.012099 0.031546
26 34 0.047918 -0.013453 0.035403
27 34 0.051952 -0.013857 0.036163
28 34 0.050970 -0.013104 0.033635
29 34 0.045536 -0.011391 0.028666
30 34 0.037363 -0.009151 0.022565
31 34 0.028396 -0.006837 0.016530
32 34 0.020141 -0.004780 0.011345
33 34 0.013420 -0.003146 0.007338
34 34 0.008447 -0.001959 0.004497
35 34 0.005047 -0.001159 0.002621
36 34 0.002875 -0.000655 0.001460
37 34 0.001566 -0.000354 0.000779
38 34 0.000819 -0.000184 0.000399
39 34 0.000412 -0.000092 0.000197
40 34 0.000200 -0.000044 0.000094
41 34 0.000094 -0.000021 0.000044
42 34 0.000043 -0.000009 0.000019
43 34 0.000019 -0.000004 0.000008
44 34 0.000008 -0.000002 0.000004
45 34 0.000003 -0.000001 0.000001
46 34 0.000001 -0.000000 0.000001
47 34 0.000001 -0.000000 0.000000
48 34 0.000000 -0.000000 0.000000
49 34 0.000000 0.000000 0.000000

0 35 0.000000 0.000000 0.000000
1 35 -0.085971 0.048984 -0.005193
2 35 -0.089902 0.052778 -0.010407
3 35 -0.090636 0.054383 -0.015294
4 35 -0.090625 0.054540 -0.020432
5 35 -0.089419 0.052929 -0.023825
6 35 -0.085123 0.049672 -0.025782
7 35 -0.081939 0.046556 -0.028725
8 35 -0.080620 0.043338 -0.030611
9 35 -0.075526 0.038487 -0.029111
10 35 -0.067441 0.033267 -0.027239
11 35 -0.062855 0.029808 -0.027506
12 35 -0.061178 0.027099 -0.027079
13 35 -0.055835 0.022731 -0.023121
14 35 -0.045547 0.016772 -0.017465
15 35 -0.035228 0.011280 -0.013050
16 35 -0.027437 0.007209 -0.009446
17 35 -0.019438 0.003672 -0.004299
18 35 -0.008590 -0.000213 0.002741
19 35 0.003467 -0.004072 0.009487
20 35 0.013066 -0.006971 0.013999
21 35 0.018939 -0.008652 0.016657
22 35 0.023253 -0.009754 0.019419
23 35 0.028963 -0.011067 0.023677
24 35 0.036909 -0.012790 0.029023
25 35 0.045266 -0.014452 0.033700
26 35 0.051118 -0.015352 0.035918
27 35 0.052393 -0.015047 0.034871
28 35 0.048810 -0.013557 0.030944
29 35 0.041625 -0.011265 0.025276
30 35 0.032765 -0.008683 0.019150
31 35 0.023992 -0.006248 0.013552
32 35 0.016456 -0.004222 0.009015
33 35 0.010637 -0.002693 0.005667
34 35 0.006512 -0.001630 0.003383
35 35 0.003793 -0.000939 0.001926
36 35 0.002110 -0.000518 0.001049
37 35 0.001125 -0.000273 0.000548
38 35 0.000576 -0.000139 0.000276
39 35 0.000285 -0.000068 0.000134
40 35 0.000136 -0.000032 0.000063
41 35 0.000063 -0.000015 0.000029
42 35 0.000028 -0.000007 0.000013
43 35 0.000012 -0.000003 0.000005
44 35 0.000005 -0.000001 0.000002
45 35 0.000002 -0.000000 0.000001
46 35 0.000001 -0.000000 0.000000
47 35 0.000000 -0.000000 0.000000
48 35 0.000000 -0.000000 0.000000
49 35 0.000000 0.000000 0.000000

0 36 0.000000 0.000000 0.000000
1 36 -0.063506 0.033748 -0.003441
2 36 -0.067721 0.036336 -0.007128
3 36 -0.071100 0.038158 -0.011240
4 36 -0.073782 0.039108 -0.014971
5 36 -0.074019 0.038749 -0.017584
6 36 -0.073188 0.037770 -0.020408
7 36 -0.072905 0.036306 -0.022852
8 36 -0.070004 0.033360 -0.022866
9 36 -0.063952 0.029522 -0.021914
10 36 -0.059534 0.026395 -0.022349
11 36 -0.057126 0.023360 -0.022233
12 36 -0.050924 0.018523 -0.018543
13 36 -0.039162 0.012275 -0.012638
14 36 -0.027446 0.007098 -0.008236
15 36 -0.020277 0.004170 -0.005937
16 36 -0.015269 0.002132 -0.002965
17 36 -0.007663 -0.000757 0.002504
18 36 0.003084 -0.004535 0.009059
19 36 0.013304 -0.007917 0.014124
20 36 0.020019 -0.010001 0.016944
21 36 0.023994 -0.011094 0.019016
22 36 0.028278 -0.012136 0.022205
23 36 0.034857 -0.013678 0.026909
24 36 0.042945 -0.015463 0.031827
25 36 0.049832 -0.016745 0.035047
26 36 0.052905 -0.016873 0.035288
27 36 0.051093 -0.015663 0.032449
28 36 0.045083 -0.013400 0.027401
29 36 0.036619 -0.010616 0.021402
30 36 0.027595 -0.007834 0.015574
31 36 0.019431 -0.005419 0.010628
32 36 0.012865 -0.003532 0.006840
33 36 0.008052 -0.002180 0.004173
34 36 0.004787 -0.001280 0.002423
35 36 0.002714 -0.000717 0.001344
36 36 0.001473 -0.000385 0.000715
37 36 0.000767 -0.000199 0.000366
38 36 0.000385 -0.000099 0.000180
39 36 0.000186 -0.000047 0.000086
40 36 0.000087 -0.000022 0.000040
41 36 0.000040 -0.000010 0.000018
42 36 0.000017 -0.000004 0.000008
43 36 0.000007 -0.000002 0.000003
44 36 0.000003 -0.000001 0.000001
45 36 0.000001 -0.000000 0.000001
46 36 0.000000 -0.000000 0.000000
47 36 0.000000 -0.000000 0.000000
48 36 0.000000 -0.000000 0.000000
49 36 0.000000 0.000000 0.000000

0 37 0.000000 0.000000 0.000000
1 37 -0.048972 0.022606 -0.002123
2 37 -0.052098 0.025947 -0.004644
3 37 -0.053873 0.027566 -0.007327
4 37 -0.054332 0.027758 -0.009543
5 37 -0.053740 0.027041 -0.011615
6 37 -0.053231 0.025849 -0.013615
7 37 -0.051588 0.023812 -0.014341
8 37 -0.047744 0.021047 -0.014049
9 37 -0.044037 0.018458 -0.014222
10 37 -0.041275 0.015874 -0.014039
11 37 -0.036026 0.012212 -0.011411
12 37 -0.026981 0.007829 -0.007130
13 37 -0.018502 0.004569 -0.004206
14 37 -0.014429 0.003111 -0.003326
15 37 -0.012350 0.001879 -0.001817
16 37 -0.006943 -0.000950 0.002631
17 37 0.003167 -0.005286 0.009060
18 37 0.014198 -0.009425 0.014599
19 37 0.021932 -0.011972 0.017682
20 37 0.025916 -0.013024 0.019298
21 37 0.029036 -0.013695 0.021519
22 37 0.034123 -0.014897 0.025385
23 37 0.041410 -0.016625 0.030117
24 37 0.048635 -0.018143 0.033882
25 37 0.052924 -0.018627 0.035094
26 37 0.052580 -0.017688 0.033233
27 37 0.047717 -0.015488 0.028865
28 37 0.039799 -0.012548 0.023146
29 37 0.030737 -0.009457 0.017257
30 37 0.022139 -0.006671 0.012043
31 37 0.014968 -0.004428 0.007913
32 37 0.009552 -0.002780 0.004921
33 37 0.005783 -0.001658 0.002909
34 37 0.003334 -0.000944 0.001641
35 37 0.001838 -0.000514 0.000887
36 37 0.000972 -0.000269 0.000460
37 37 0.000494 -0.000135 0.000230
38 37 0.000242 -0.000066 0.000111
39 37 0.000115 -0.000031 0.000052
40 37 0.000053 -0.000014 0.000023
41 37 0.000023 -0.000006 0.000010
42 37 0.000010 -0.000003 0.000004
43 37 0.000004 -0.000001 0.000002
44 37 0.000002 -0.000000 0.000001
45 37 0.000001 -0.000000 0.000000
46 37 0.000000 -0.000000 0.000000
47 37 0.000000 -0.000000 0.000000
48 37 0.000000 -0.000000 0.000000
49 37 0.000000 0.000000 0.000000

0 38 0.000000 0.000000 0.000000
1 38 -0.026449 0.003566 -0.000903
2 38 -0.033852 0.009550 -0.002432
3 38 -0.038550 0.013846 -0.004122
4 38 -0.040745 0.016408 -0.005727
5 38 -0.041346 0.017557 -0.007271
6 38 -0.040621 0.017436 -0.008237
7 38 -0.038223 0.016239 -0.008437
8 38 -0.035186 0.014569 -0.008547
9 38 -0.032383 0.012631 -0.008420
10 38 -0.028403 0.010025 -0.006970
11 38 -0.022402 0.006942 -0.004459
12 38 -0.016705 0.004365 -0.002610
13 38 -0.013468 0.002541 -0.001808
14 38 -0.010667 0.000281 -0.000066
15 38 -0.004236 -0.003577 0.004397
16 38 0.006596 -0.008547 0.010687
17 38 0.018046 -0.012837 0.016101
18 38 0.025803 -0.015111 0.018947
19 38 0.029138 -0.015607 0.019990
20 38 0.030939 -0.015659 0.021343
21 38 0.034530 -0.016412 0.024392
22 38 0.040809 -0.017995 0.028738
23 38 0.047907 -0.019642 0.032690
24 38 0.052857 -0.020379 0.034519
25 38 0.053537 -0.019642 0.033410
26 38 0.049599 -0.017480 0.029658
27 38 0.042215 -0.014392 0.024284
28 38 0.033239 -0.011019 0.018466
29 38 0.024381 -0.007890 0.013128
30 38 0.016768 -0.005313 0.008777
31 38 0.010875 -0.003382 0.005548
32 38 0.006684 -0.002043 0.003331
33 38 0.003910 -0.001177 0.001907
34 38 0.002185 -0.000649 0.001045
35 38 0.001170 -0.000343 0.000549
36 38 0.000602 -0.000174 0.000278
37 38 0.000299 -0.000086 0.000136
38 38 0.000143 -0.000041 0.000064
39 38 0.000066 -0.000019 0.000029
40 38 0.000030 -0.000008 0.000013
41 38 0.000013 -0.000004 0.000006
42 38 0.000006 -0.000002 0.000002
43 38 0.000002 -0.000001 0.000001
44 38 0.000001 -0.000000 0.000000
45 38 0.000000 -0.000000 0.000000
46 38 0.000000 -0.000000 0.000000
47 38 0.000000 -0.000000 0.000000
48 38 0.000000 -0.000000 0.000000
49 38 0.000000 0.000000 0.000000

0 39 0.000000 0.000000 0.000000
1 39 0.002453 -0.013955 0.000361
2 39 -0.004858 -0.009743 0.000118
3 39 -0.011166 -0.005769 -0.000509
4 39 -0.016046 -0.002395 -0.001377
5 39 -0.019353 0.000110 -0.002202
6 39 -0.020830 0.001578 -0.002678
7 39 -0.020770 0.002136 -0.002913
8 39 -0.019769 0.001938 -0.002897
9 39 -0.017539 0.000906 -0.002140
10 39 -0.013705 -0.000854 -0.000601
11 39 -0.009257 -0.002854 0.000982
12 39 -0.005250 -0.004911 0.002422
13 39 -0.000633 -0.007534 0.004785
14 39 0.006665 -0.011108 0.008975
15 39 0.016492 -0.014965 0.014145
16 39 0.025710 -0.017720 0.018246
17 39 0.031123 -0.018569 0.020069
18 39 0.032582 -0.018042 0.020401
19 39 0.032971 -0.017509 0.021178
20 39 0.035485 -0.018023 0.023726
21 39 0.041051 -0.019599 0.027748
22 39 0.047900 -0.021363 0.031673
23 39 0.053062 -0.022233 0.033773
24 39 0.054242 -0.021555 0.033107
25 39 0.050836 -0.019330 0.029802
26 39 0.043815 -0.016054 0.024753
27 39 0.034944 -0.012406 0.019092
28 39 0.025962 -0.008969 0.013762
29 39 0.018082 -0.006099 0.009327
30 39 0.011872 -0.003920 0.005973
31 39 0.007384 -0.002392 0.003632
32 39 0.004369 -0.001391 0.002105
33 39 0.002469 -0.000774 0.001167
34 39 0.001337 -0.000413 0.000620
35 39 0.000696 -0.000212 0.000317
36 39 0.000349 -0.000105 0.000157
37 39 0.000169 -0.000050 0.000075
38 39 0.000079 -0.000023 0.000034
39 39 0.000036 -0.000010 0.000015
40 39 0.000016 -0.000005 0.000007
41 39 0.000007 -0.000002 0.000003
42 39 0.000003 -0.000001 0.000001
43 39 0.000001 -0.000000 0.000000
44 39 0.000000 -0.000000 0.000000
45 39 0.000000 -0.000000 0.000000
46 39 0.000000 -0.000000 0.000000
47 39 0.000000 -0.000000 0.000000
48 39 0.000000 -0.000000 0.000000
49 39 0.000000 0.000000 0.000000

0 40 0.000000 0.000000 0.000000
1 40 0.018511 -0.021718 0.001122
2 40 0.015035 -0.019523 0.001897
3 40 0.011842 -0.017662 0.002376
4 40 0.008992 -0.016046 0.002646
5 40 0.006760 -0.014734 0.002881
6 40 0.005373 -0.013793 0.003163
7 40 0.004826 -0.013257 0.003546
8 40 0.005273 -0.013219 0.004260
9 40 0.006958 -0.013704 0.005441
10 40 0.009578 -0.014537 0.006870
11 40 0.012628 -0.015584 0.008444
12 40 0.016368 -0.016949 0.010566
13 40 0.021451 -0.018646 0.013539
14 40 0.027384 -0.020190 0.016761
15 40 0.032212 -0.020843 0.019045
16 40 0.034286 -0.020367 0.019842
17 40 0.034112 -0.019406 0.019935
18 40 0.034151 -0.019031 0.020817
19 40 0.036768 -0.019891 0.023403
20 40 0.042331 -0.021721 0.027283
21 40 0.048972 -0.023552 0.031006
22 40 0.053877 -0.024325 0.033004
23 40 0.054905 -0.023444 0.032406
24 40 0.051483 -0.020960 0.029302
25 40 0.044519 -0.017404 0.024496
26 40 0.035693 -0.013475 0.019042
27 40 0.026695 -0.009777 0.013847
28 40 0.018733 -0.006680 0.009472
29 40 0.012399 -0.004318 0.006124
30 40 0.007778 -0.002652 0.003760
31 40 0.004642 -0.001553 0.002200
32 40 0.002646 -0.000870 0.001231
33 40 0.001445 -0.000467 0.000661
34 40 0.000759 -0.000242 0.000341
35 40 0.000383 -0.000121 0.000170
36 40 0.000187 -0.000058 0.000082
37 40 0.000088 -0.000027 0.000038
38 40 0.000040 -0.000012 0.000017
39 40 0.000018 -0.000005 0.000008
40 40 0.000008 -0.000002 0.000003
41 40 0.000003 -0.000001 0.000001
42 40 0.000001 -0.000000 0.000001
43 40 0.000001 -0.000000 0.000000
44 40 0.000000 -0.000000 0.000000
45 40 0.000000 -0.000000 0.000000
46 40 0.000000 -0.000000 0.000000
47 40 0.000000 -0.000000 0.000000
48 40 0.000000 -0.000000 0.000000
49 40 0.000000 0.000000 0.000000

0 41 0.000000 0.000000 0.000000
1 41 0.029638 -0.030139 0.001532
2 41 0.025452 -0.026545 0.002751
3 41 0.022706 -0.023945 0.003769
4 41 0.021029 -0.022173 0.004687
5 41 0.020168 -0.021039 0.005579
6 41 0.019931 -0.020372 0.006482
7 41 0.020245 -0.020067 0.007478
8 41 0.021154 -0.020059 0.008650
9 41 0.022580 -0.020244 0.009957
10 41 0.024309 -0.020526 0.011344
11 41 0.026336 -0.020892 0.012916
12 41 0.028801 -0.021318 0.014754
13 41 0.031414 -0.021609 0.016575
14 41 0.033352 -0.021526 0.017891
15 41 0.034118 -0.021132 0.018601
16 41 0.034415 -0.020916 0.019317
17 41 0.035857 -0.021468 0.020939
18 41 0.039665 -0.022965 0.023865
19 41 0.045520 -0.024923 0.027542
20 41 0.051564 -0.026433 0.030727
21 41 0.055429 -0.026643 0.032175
22 41 0.055465 -0.025164 0.031243
23 41 0.051381 -0.022169 0.028083
24 41 0.044127 -0.018232 0.023435
25 41 0.035281 -0.014041 0.018242
26 41 0.026393 -0.010165 0.013312
27 41 0.018565 -0.006947 0.009152
28 41 0.012337 -0.004499 0.005954
29 41 0.007778 -0.002772 0.003681
30 41 0.004670 -0.001630 0.002170
31 41 0.002679 -0.000918 0.001224
32 41 0.001473 -0.000496 0.000662
33 41 0.000779 -0.000258 0.000345
34 41 0.000396 -0.000129 0.000173
35 41 0.000195 -0.000063 0.000084
36 41 0.000093 -0.000029 0.000039
37 41 0.000043 -0.000013 0.000018
38 41 0.000019 -0.000006 0.000008
39 41 0.000008 -0.000003 0.000003
40 41 0.000004 -0.000001 0.000001
41 41 0.000001 -0.000000 0.000001
42 41 0.000001 -0.000000 0.000000
43 41 0.000000 -0.000000 0.000000
44 41 0.000000 -0.000000 0.000000
45 41 0.000000 -0.000000 0.000000
46 41 0.000000 -0.000000 0.000000
47 41 0.000000 -0.000000 0.000000
48 41 0.000000 -0.000000 0.000000
49 41 0.000000 0.000000 0.000000

0 42 0.000000 0.000000 0.000000
1 42 0.048095 -0.042602 0.002027
2 42 0.041805 -0.038511 0.003652
3 42 0.036711 -0.034707 0.004980
4 42 0.032962 -0.031499 0.006129
5 42 0.030471 -0.028982 0.007190
6 42 0.029045 -0.027125 0.008241
7 42 0.028500 -0.025841 0.009344
8 42 0.028651 -0.025012 0.010514
9 42 0.029292 -0.024518 0.011737
10 42 0.030300 -0.024278 0.013039
11 42 0.031651 -0.024241 0.014452
12 42 0.033239 -0.024330 0.015899
13 42 0.034831 -0.024480 0.017250
14 42 0.036382 -0.024754 0.018552
15 42 0.038339 -0.025357 0.020135
16 42 0.041417 -0.026449 0.022377
17 42 0.045889 -0.027891 0.025280
18 42 0.051044 -0.029175 0.028274
19 42 0.055324 -0.029611 0.030425
20 42 0.057056 -0.028671 0.030893
21 42 0.055253 -0.026219 0.029328
22 42 0.049993 -0.022553 0.025969
23 42 0.042261 -0.018239 0.021479
24 42 0.033459 -0.013890 0.016647
25 42 0.024896 -0.009988 0.012137
26 42 0.017478 -0.006803 0.008358
27 42 0.011620 -0.004402 0.005456
28 42 0.007342 -0.002715 0.003388
29 42 0.004424 -0.001600 0.002009
30 42 0.002550 -0.000904 0.001140
31 42 0.001409 -0.000491 0.000621
32 42 0.000749 -0.000256 0.000326
33 42 0.000384 -0.000129 0.000165
34 42 0.000190 -0.000063 0.000080
35 42 0.000091 -0.000030 0.000038
36 42 0.000042 -0.000014 0.000017
37 42 0.000019 -0.000006 0.000008
38 42 0.000008 -0.000003 0.000003
39 42 0.000004 -0.000001 0.000001
40 42 0.000001 -0.000000 0.000001
41 42 0.000001 -0.000000 0.000000
42 42 0.000000 -0.000000 0.000000
43 42 0.000000 -0.000000 0.000000
44 42 0.000000 -0.000000 0.000000
45 42 0.000000 -0.000000 0.000000
46 42 0.000000 -0.000000 0.000000
47 42 0.000000 -0.000000 0.000000
48 42 0.000000 -0.000000 0.000000
49 42 0.000000 0.000000 0.000000

0 43 0.000000 0.000000 0.000000
1 43 0.063249 -0.048554 0.002401
2 43 0.059662 -0.047494 0.004547
3 43 0.055504 -0.045489 0.006398
4 43 0.051466 -0.043061 0.007987
5 43 0.047976 -0.040595 0.009385
6 43 0.045251 -0.038343 0.010672
7 43 0.043357 -0.036436 0.011916
8 43 0.042256 -0.034918 0.013164
9 43 0.041871 -0.033788 0.014457
10 43 0.042140 -0.033020 0.015835
11 43 0.042984 -0.032564 0.017304
12 43 0.044296 -0.032364 0.018846
13 43 0.046020 -0.032381 0.020487
14 43 0.048235 -0.032599 0.022323
15 43 0.051014 -0.032935 0.024405
16 43 0.054129 -0.033150 0.026560
17 43 0.056849 -0.032855 0.028329
18 43 0.058106 -0.031641 0.029116
19 43 0.056942 -0.029275 0.028461
20 43 0.052963 -0.025816 0.026256
21 43 0.046510 -0.021603 0.022787
22 43 0.038495 -0.017125 0.018601
23 43 0.030047 -0.012863 0.014306
24 43 0.022160 -0.009167 0.010392
25 43 0.015480 -0.006211 0.007151
26 43 0.010272 -0.004009 0.004675
27 43 0.006493 -0.002472 0.002913
28 43 0.003920 -0.001459 0.001735
29 43 0.002267 -0.000826 0.000990
30 43 0.001258 -0.000450 0.000542
31 43 0.000672 -0.000236 0.000286
32 43 0.000346 -0.000120 0.000146
33 43 0.000172 -0.000059 0.000072
34 43 0.000083 -0.000028 0.000034
35 43 0.000039 -0.000013 0.000016
36 43 0.000018 -0.000006 0.000007
37 43 0.000008 -0.000003 0.000003
38 43 0.000003 -0.000001 0.000001
39 43 0.000001 -0.000000 0.000001
40 43 0.000001 -0.000000 0.000000
41 43 0.000000 -0.000000 0.000000
42 43 0.000000 -0.000000 0.000000
43 43 0.000000 -0.000000 0.000000
44 43 0.000000 -0.000000 0.000000
45 43 0.000000 -0.000000 0.000000
46 43 0.000000 -0.000000 0.000000
47 43 0.000000 -0.000000 0.000000
48 43 0.000000 -0.000000 0.000000
49 43 0.000000 0.000000 0.000000

0 44 0.000000 0.000000 0.000000
1 44 0.061357 -0.041933 0.002258
2 44 0.063332 -0.044575 0.004587
3 44 0.063685 -0.045917 0.006840
4 44 0.062952 -0.046225 0.008937
5 44 0.061637 -0.045805 0.010858
6 44 0.060152 -0.044938 0.012622
7 44 0.058787 -0.043850 0.014266
8 44 0.057725 -0.042703 0.015831
9 44 0.057061 -0.041595 0.017359
10 44 0.056821 -0.040570 0.018874
11 44 0.056962 -0.039624 0.020379
12 44 0.057398 -0.038716 0.021865
13 44 0.058024 -0.037780 0.023314
14 44 0.058672 -0.036700 0.024659
15 44 0.059014 -0.035298 0.025721
16 44 0.058531 -0.033359 0.026212
17 44 0.056637 -0.030710 0.025819
18 44 0.052922 -0.027316 0.024355
19 44 0.047364 -0.023324 0.021857
20 44 0.040384 -0.019035 0.018594
21 44 0.032712 -0.014812 0.014974
22 44 0.025152 -0.010980 0.011419
23 44 0.018368 -0.007757 0.008259
24 44 0.012757 -0.005228 0.005676
25 44 0.008442 -0.003367 0.003715
26 44 0.005334 -0.002075 0.002321
27 44 0.003225 -0.001227 0.001388
28 44 0.001870 -0.000697 0.000796
29 44 0.001042 -0.000381 0.000439
30 44 0.000559 -0.000201 0.000233
31 44 0.000289 -0.000102 0.000119
32 44 0.000145 -0.000050 0.000059
33 44 0.000070 -0.000024 0.000028
34 44 0.000033 -0.000011 0.000013
35 44 0.000015 -0.000005 0.000006
36 44 0.000007 -0.000002 0.000003
37 44 0.000003 -0.000001 0.000001
38 44 0.000001 -0.000000 0.000000
39 44 0.000000 -0.000000 0.000000
40 44 0.000000 -0.000000 0.000000
41 44 0.000000 -0.000000 0.000000
42 44 0.000000 -0.000000 0.000000
43 44 0.000000 -0.000000 0.000000
44 44 0.000000 -0.000000 0.000000
45 44 0.000000 -0.000000 0.000000
46 44 0.000000 -0.000000 0.000000
47 44 0.000000 -0.000000 0.000000
48 44 0.000000 -0.000000 0.000000
49 44 0.000000 0.000000 0.000000

0 45 0.000000 0.000000 0.000000
1 45 0.045018 -0.028065 0.001658
2 45 0.050369 -0.032172 0.003612
3 45 0.054417 -0.035447 0.005720
4 45 0.057238 -0.037842 0.007864
5 45 0.059025 -0.039408 0.009957
6 45 0.060016 -0.040252 0.011947
7 45 0.060439 -0.040503 0.013808
8 45 0.060483 -0.040280 0.015528
9 45 0.060278 -0.039677 0.017100
10 45 0.059883 -0.038755 0.018510
11 45 0.059292 -0.037541 0.019732
12 45 0.058439 -0.036029 0.020723
13 45 0.057201 -0.034185 0.021412
14 45 0.055381 -0.031954 0.021687
15 45 0.052735 -0.029279 0.021409
16 45 0.049039 -0.026148 0.020457
17 45 0.044212 -0.022627 0.018794
18 45 0.038398 -0.018875 0.016515
19 45 0.031971 -0.015121 0.013832
20 45 0.025440 -0.011603 0.011021
21 45 0.019316 -0.008518 0.008352
22 45 0.013990 -0.005980 0.006022
23 45 0.009671 -0.004017 0.004137
24 45 0.006387 -0.002584 0.002713
25 45 0.004037 -0.001594 0.001701
26 45 0.002445 -0.000944 0.001022
27 45 0.001423 -0.000538 0.000589
28 45 0.000796 -0.000295 0.000327
29 45 0.000429 -0.000157 0.000175
30 45 0.000223 -0.000080 0.000090
31 45 0.000112 -0.000040 0.000045
32 45 0.000055 -0.000019 0.000022
33 45 0.000026 -0.000009 0.000010
34 45 0.000012 -0.000004 0.000005
35 45 0.000005 -0.000002 0.000002
36 45 0.000002 -0.000001 0.000001
37 45 0.000001 -0.000000 0.000000
38 45 0.000000 -0.000000 0.000000
39 45 0.000000 -0.000000 0.000000
40 45 0.000000 -0.000000 0.000000
41 45 0.000000 -0.000000 0.000000
42 45 0.000000 -0.000000 0.000000
43 45 0.000000 -0.000000 0.000000
44 45 0.000000 -0.000000 0.000000
45 45 0.000000 -0.000000 0.000000
46 45 0.000000 -0.000000 0.000000
47 45 0.000000 -0.000000 0.000000
48 45 0.000000 -0.000000 0.000000
49 45 0.000000 0.000000 0.000000

0 46 0.000000 0.000000 0.000000
1 46 0.025972 -0.015075 0.000971
2 46 0.031191 -0.018501 0.002253
3 46 0.035882 -0.021660 0.003771
4 46 0.039860 -0.024384 0.005434
5 46 0.043042 -0.026566 0.007154
6 46 0.045423 -0.028157 0.008850
7 46 0.047046 -0.029152 0.010457
8 46 0.047972 -0.029570 0.011919
9 46 0.048256 -0.029445 0.013190
10 46 0.047931 -0.028813 0.014224
11 46 0.047003 -0.027708 0.014973
12 46 0.045452 -0.026159 0.015388
13 46 0.043235 -0.024200 0.015411
14 46 0.040306 -0.021869 0.014993
15 46 0.036656 -0.019234 0.014107
16 46 0.032354 -0.016398 0.012778
17 46 0.027583 -0.013501 0.011099
18 46 0.022623 -0.010701 0.009218
19 46 0.017799 -0.008147 0.007307
20 46 0.013410 -0.005950 0.005524
21 46 0.009668 -0.004166 0.003984
22 46 0.006670 -0.002797 0.002743
23 46 0.004406 -0.001802 0.001805
24 46 0.002790 -0.001114 0.001138
25 46 0.001696 -0.000663 0.000687
26 46 0.000991 -0.000380 0.000399
27 46 0.000557 -0.000210 0.000223
28 46 0.000302 -0.000112 0.000120
29 46 0.000158 -0.000058 0.000062
30 46 0.000080 -0.000029 0.000031
31 46 0.000039 -0.000014 0.000015
32 46 0.000019 -0.000007 0.000007
33 46 0.000009 -0.000003 0.000003
34 46 0.000004 -0.000001 0.000001
35 46 0.000002 -0.000001 0.000001
36 46 0.000001 -0.000000 0.000000
37 46 0.000000 -0.000000 0.000000
38 46 0.000000 -0.000000 0.000000
39 46 0.000000 -0.000000 0.000000
40 46 0.000000 -0.000000 0.000000
41 46 0.000000 -0.000000 0.000000
42 46 0.000000 -0.000000 0.000000
43 46 0.000000 -0.000000 0.000000
44 46 0.000000 -0.000000 0.000000
45 46 0.000000 -0.000000 0.000000
46 46 0.000000 -0.000000 0.000000
47 46 0.000000 -0.000000 0.000000
48 46 0.000000 -0.000000 0.000000
49 46 0.000000 0.000000 0.000000

0 47 0.000000 0.000000 0.000000
1 47 0.012091 -0.006833 0.000461
2 47 0.015447 -0.008953 0.001132
3 47 0.018761 -0.011107 0.001989
4 47 0.021837 -0.013151 0.002986
5 47 0.024522 -0.014954 0.004066
6 47 0.026707 -0.016413 0.005165
7 47 0.028328 -0.017454 0.006220
8 47 0.029351 -0.018036 0.007172
9 47 0.029765 -0.018141 0.007968
10 47 0.029571 -0.017780 0.008561
11 47 0.028776 -0.016981 0.008911
12 47 0.027395 -0.015791 0.008984
13 47 0.025459 -0.014277 0.008761
14 47 0.023026 -0.012523 0.008243
15 47 0.020196 -0.010631 0.007461
16 47 0.017117 -0.008712 0.006479
17 47 0.013975 -0.006878 0.005385
18 47 0.010964 -0.005222 0.004278
19 47 0.008253 -0.003809 0.003246
20 47 0.005955 -0.002667 0.002353
21 47 0.004119 -0.001794 0.001630
22 47 0.002732 -0.001159 0.001081
23 47 0.001739 -0.000720 0.000686
24 47 0.001063 -0.000430 0.000418
25 47 0.000626 -0.000248 0.000245
26 47 0.000354 -0.000138 0.000138
27 47 0.000194 -0.000074 0.000075
28 47 0.000102 -0.000038 0.000039
29 47 0.000052 -0.000019 0.000020
30 47 0.000026 -0.000009 0.000010
31 47 0.000012 -0.000004 0.000005
32 47 0.000006 -0.000002 0.000002
33 47 0.000003 -0.000001 0.000001
34 47 0.000001 -0.000000 0.000000
35 47 0.000000 -0.000000 0.000000
36 47 0.000000 -0.000000 0.000000
37 47 0.000000 -0.000000 0.000000
38 47 0.000000 -0.000000 0.000000
39 47 0.000000 -0.000000 0.000000
40 47 0.000000 -0.000000 0.000000
41 47 0.000000 -0.000000 0.000000
42 47 0.000000 -0.000000 0.000000
43 47 0.000000 -0.000000 0.000000
44 47 0.000000 -0.000000 0.000000
45 47 0.000000 -0.000000 0.000000
46 47 0.000000 -0.000000 0.000000
47 47 0.000000 -0.000000 0.000000
48 47 0.000000 -0.000000 0.000000
49 47 0.000000 0.000000 0.000000

0 48 0.000000 0.000000 0.000000
1 48 0.004321 -0.003229 0.000168
2 48 0.005796 -0.004510 0.000431
3 48 0.007340 -0.005914 0.000786
4 48 0.008853 -0.007341 0.001218
5 48 0.010237 -0.008682 0.001701
6 48 0.011413 -0.009833 0.002204
7 48 0.012319 -0.010709 0.002692
8 48 0.012914 -0.011246 0.003129
9 48 0.013174 -0.011410 0.003486
10 48 0.013090 -0.011196 0.003735
11 48 0.012668 -0.010628 0.003854
12 48 0.011926 -0.009756 0.003831
13 48 0.010902 -0.008651 0.003663
14 48 0.009651 -0.007400 0.003365
15 48 0.008253 -0.006098 0.002963
16 48 0.006799 -0.004835 0.002497
17 48 0.005386 -0.003684 0.002011
18 48 0.004095 -0.002697 0.001548
19 48 0.002987 -0.001896 0.001138
20 48 0.002090 -0.001280 0.000800
21 48 0.001402 -0.000831 0.000538
22 48 0.000903 -0.000519 0.000347
23 48 0.000559 -0.000312 0.000214
24 48 0.000333 -0.000180 0.000127
25 48 0.000191 -0.000101 0.000073
26 48 0.000106 -0.000054 0.000040
27 48 0.000056 -0.000028 0.000021
28 48 0.000029 -0.000014 0.000011
29 48 0.000015 -0.000007 0.000005
30 48 0.000007 -0.000003 0.000003
31 48 0.000003 -0.000002 0.000001
32 48 0.000002 -0.000001 0.000001
33 48 0.000001 -0.000000 0.000000
34 48 0.000000 -0.000000 0.000000
35 48 0.000000 -0.000000 0.000000
36 48 0.000000 -0.000000 0.000000
37 48 0.000000 -0.000000 0.000000
38 48 0.000000 -0.000000 0.000000
39 48 0.000000 -0.000000 0.000000
40 48 0.000000 -0.000000 0.000000
41 48 0.000000 -0.000000 0.000000
42 48 0.000000 -0.000000 0.000000
43 48 0.000000 -0.000000 0.000000
44 48 0.000000 -0.000000 0.000000
45 48 0.000000 -0.000000 0.000000
46 48 0.000000 -0.000000 0.000000
47 48 0.000000 -0.000000 0.000000
48 48 0.000000 -0.000000 0.000000
49 48 0.000000 0.000000 0.000000

0 49 0.000000 0.000000 0.000000
1 49 0.000000 0.000000 0.000000
2 49 0.000000 0.000000 0.000000
3 49 0.000000 0.000000 0.000000
4 49 0.000000 0.000000 0.000000
5 49 0.000000 0.000000 0.000000
6 49 0.000000 0.000000 0.000000
7 49 0.000000 0.000000 0.000000
8 49 0.000000 0.000000 0.000000
9 49 0.000000 0.000000 0.000000
10 49 0.000000 0.000000 0.000000
11 49 0.000000 0.000000 0.000000
12 49 0.000000 0.000000 0.000000
13 49 0.000000 0.000000 0.000000
14 49 0.000000 0.000000 0.000000
15 49 0.000000 0.000000 0.000000
16 49 0.000000 0.000000 0.000000
17 49 0.000000 0.000000 0.000000
18 49 0.000000 0.000000 0.000000
19 49 0.000000 0.000000 0.000000
20 49 0.000000 0.000000 0.000000
21 49 0.000000 0.000000 0.000000
22 49 0.000000 0.000000 0.000000
23 49 0.000000 0.000000 0.000000
24 49 0.000000 0.000000 0.000000
25 49 0.000000 0.000000 0.000000
26 49 0.000000 0.000000 0.000000
27 49 0.000000 0.000000 0.000000
28 49 0.000000 0.000000 0.000000
29 49 0.000000 0.000000 0.000000
30 49 0.000000 0.000000 0.000000
31 49 0.000000 0.000000 0.000000
32 49 0.000000 0.000000 0.000000
33 49 0.000000 0.000000 0.000000
34 49 0.000000 0.000000 0.000000
35 49 0.000000 0.000000 0.000000
36 49 0.000000 0.000000 0.000000
37 49 0.000000 0.000000 0.000000
38 49 0.000000 0.000000 0.000000
39 49 0.000000 0.000000 0.000000
40 49 0.000000 0.000000 0.000000
41 49 0.000000 0.000000 0.000000
42 49 0.000000 0.000000 0.000000
43 49 0.000000 0.000000 0.000000
44 49 0.000000 0.000000 0.000000
45 49 0.000000 0.000000 0.000000
46 49 0.000000 0.000000 0.000000
47 49 0.000000 0.000000 0.000000
48 49 0.000000 0.000000 0.000000
49 49 0.000000 0.000000 0.000000

