#:x y Ey Bx Bz
0 0 0.000000 0.000000 0.000000
1 0 0.000000 0.000000 0.000000
2 0 0.000000 0.000000 0.000000
3 0 0.000000 0.000000 0.000000
4 0 0.000000 0.000000 0.000000
5 0 0.000000 0.000000 0.000000
6 0 0.000000 0.000000 0.000000
7 0 0.000000 0.000000 0.000000
8 0 0.000000 0.000000 0.000000
9 0 0.000000 0.000000 0.000000
10 0 0.000000 0.000000 0.000000
11 0 0.000000 0.000000 0.000000
12 0 0.000000 0.000000 0.000000
13 0 0.000000 0.000000 0.000000
14 0 0.000000 0.000000 0.000000
15 0 0.000000 0.000000 0.000000
16 0 0.000000 0.000000 0.000000
17 0 0.000000 0.000000 0.000000
18 0 0.000000 0.000000 0.000000
19 0 0.000000 0.000000 0.000000
20 0 0.000000 0.000000 0.000000
21 0 0.000000 0.000000 0.000000
22 0 0.000000 0.000000 0.000000
23 0 0.000000 0.000000 0.000000
24 0 0.000000 0.000000 0.000000
25 0 0.000000 0.000000 0.000000
26 0 0.000000 0.000000 0.000000
27 0 0.000000 0.000000 0.000000
28 0 0.000000 0.000000 0.000000
29 0 0.000000 0.000000 0.000000
30 0 0.000000 0.000000 0.000000
31 0 0.000000 0.000000 0.000000
32 0 0.000000 0.000000 0.000000
33 0 0.000000 0.000000 0.000000
34 0 0.000000 0.000000 0.000000
35 0 0.000000 0.000000 0.000000
36 0 0.000000 0.000000 0.000000
37 0 0.000000 0.000000 0.000000
38 0 0.000000 0.000000 0.000000
39 0 0.000000 0.000000 0.000000
40 0 0.000000 0.000000 0.000000
41 0 0.000000 0.000000 0.000000
42 0 0.000000 0.000000 0.000000
43 0 0.000000 0.000000 0.000000
44 0 0.000000 0.000000 0.000000
45 0 0.000000 0.000000 0.000000
46 0 0.000000 0.000000 0.000000
47 0 0.000000 0.000000 0.000000
48 0 0.000000 0.000000 0.000000
49 0 0.000000 0.000000 0.000000

0 1 0.000000 0.000000 0.000000
1 1 0.047608 0.021635 0.001365
2 1 0.056500 0.020314 0.003222
3 1 0.063376 0.019594 0.005403
4 1 0.068931 0.019300 0.007917
5 1 0.073350 0.019390 0.010373
6 1 0.076515 0.019352 0.012803
7 1 0.079228 0.019039 0.015436
8 1 0.081146 0.018866 0.017600
9 1 0.081474 0.018353 0.019315
10 1 0.081468 0.017304 0.021304
11 1 0.081193 0.016701 0.022746
12 1 0.078779 0.016344 0.022998
13 1 0.075286 0.015202 0.023391
14 1 0.072703 0.014159 0.024019
15 1 0.068836 0.014299 0.023016
16 1 0.061883 0.014240 0.020732
17 1 0.055095 0.012902 0.019374
18 1 0.050282 0.012038 0.018233
19 1 0.043456 0.012903 0.014687
20 1 0.032454 0.013553 0.009444
21 1 0.021752 0.012223 0.005622
22 1 0.014713 0.010583 0.003127
23 1 0.007409 0.011050 -0.001352
24 1 -0.004869 0.012902 -0.008741
25 1 -0.019811 0.013410 -0.016010
26 1 -0.031681 0.011665 -0.020853
27 1 -0.039660 0.009295 -0.024801
28 1 -0.047936 0.007832 -0.030313
29 1 -0.058684 0.007032 -0.036943
30 1 -0.069071 0.005985 -0.042169
31 1 -0.075811 0.004688 -0.045070
32 1 -0.079794 0.003854 -0.047397
33 1 -0.084468 0.003687 -0.050940
34 1 -0.090913 0.003522 -0.055031
35 1 -0.096291 0.002676 -0.057301
36 1 -0.097228 0.001266 -0.056432
37 1 -0.093600 0.000029 -0.053529
38 1 -0.088469 -0.000512 -0.050763
39 1 -0.084720 -0.000546 -0.049026
40 1 -0.082355 -0.000713 -0.046961
41 1 -0.079161 -0.001481 -0.041927
42 1 -0.074010 -0.002801 -0.031544
43 1 -0.069579 -0.004214 -0.014652
44 1 -0.071171 -0.005069 0.007677
45 1 -0.080415 -0.004655 0.030053
46 1 -0.088104 -0.002642 0.042498
47 1 -0.077435 -0.000015 0.037943
48 1 -0.042606 0.001082 0.023178
49 1 0.000000 0.000000 0.000000

0 2 0.000000 0.000000 0.000000
1 2 0.040158 0.047315 0.001308
2 2 0.050990 0.046007 0.003227
3 2 0.060517 0.043738 0.005462
4 2 0.067989 0.040727 0.007909
5 2 0.073678 0.037584 0.010614
6 2 0.077325 0.034758 0.012988
7 2 0.078718 0.032090 0.015138
8 2 0.079257 0.030033 0.017470
9 2 0.078904 0.028819 0.019175
10 2 0.076710 0.027697 0.020177
11 2 0.074269 0.026787 0.021494
12 2 0.072347 0.026685 0.022515
13 2 0.068786 0.026627 0.022179
14 2 0.063681 0.026025 0.021569
15 2 0.059597 0.025763 0.021538
16 2 0.055739 0.026052 0.020599
17 2 0.049208 0.025810 0.017904
18 2 0.040947 0.024918 0.015027
19 2 0.034093 0.024334 0.012964
20 2 0.028157 0.024052 0.010329
21 2 0.019973 0.023249 0.005843
22 2 0.009034 0.021972 0.000348
23 2 -0.001841 0.020772 -0.004589
24 2 -0.010410 0.019335 -0.008585
25 2 -0.017157 0.017149 -0.012361
26 2 -0.024068 0.015006 -0.016768
27 2 -0.032795 0.014283 -0.022275
28 2 -0.043688 0.014847 -0.028707
29 2 -0.055465 0.014916 -0.035105
30 2 -0.065907 0.013248 -0.040324
31 2 -0.073619 0.010577 -0.044083
32 2 -0.079187 0.008495 -0.047166
33 2 -0.084213 0.007475 -0.050351
34 2 -0.089214 0.006549 -0.053336
35 2 -0.092897 0.004731 -0.054994
36 2 -0.093644 0.002233 -0.054640
37 2 -0.091381 0.000138 -0.052792
38 2 -0.087682 -0.000852 -0.050578
39 2 -0.084119 -0.001122 -0.048464
40 2 -0.080777 -0.001688 -0.045567
41 2 -0.076651 -0.003250 -0.040029
42 2 -0.071697 -0.005690 -0.029875
43 2 -0.068556 -0.008239 -0.013838
44 2 -0.071337 -0.009779 0.007287
45 2 -0.080319 -0.009017 0.028464
46 2 -0.086411 -0.005305 0.040510
47 2 -0.074880 -0.000390 0.037166
48 2 -0.041326 0.001813 0.024260
49 2 0.000000 0.000000 0.000000

0 3 0.000000 0.000000 0.000000
1 3 0.039779 0.063274 0.001385
2 3 0.046064 0.060963 0.003169
3 3 0.051210 0.058382 0.005255
4 3 0.055117 0.055716 0.007209
5 3 0.058308 0.052846 0.009526
6 3 0.061669 0.050379 0.011926
7 3 0.063797 0.048196 0.013664
8 3 0.065133 0.045769 0.015754
9 3 0.067182 0.043927 0.018055
10 3 0.067748 0.042737 0.019106
11 3 0.066343 0.041099 0.020001
12 3 0.065967 0.039588 0.021716
13 3 0.065358 0.039151 0.022227
14 3 0.061469 0.038647 0.021185
15 3 0.057013 0.037299 0.020969
16 3 0.054617 0.036412 0.021200
17 3 0.050647 0.036523 0.019277
18 3 0.042871 0.036209 0.015928
19 3 0.035359 0.034799 0.013795
20 3 0.030353 0.033460 0.012123
21 3 0.023938 0.033014 0.008272
22 3 0.013645 0.032724 0.002730
23 3 0.002890 0.031576 -0.001892
24 3 -0.005370 0.029547 -0.005493
25 3 -0.013532 0.027364 -0.010388
26 3 -0.024749 0.025664 -0.017216
27 3 -0.037477 0.024459 -0.023853
28 3 -0.047745 0.023107 -0.028565
29 3 -0.054618 0.020874 -0.032131
30 3 -0.060683 0.017754 -0.036241
31 3 -0.067972 0.014608 -0.041099
32 3 -0.075579 0.012270 -0.045444
33 3 -0.081404 0.010621 -0.048306
34 3 -0.084736 0.008759 -0.049907
35 3 -0.086453 0.006086 -0.050938
36 3 -0.087409 0.003012 -0.051559
37 3 -0.087436 0.000503 -0.051342
38 3 -0.085845 -0.000956 -0.049867
39 3 -0.082353 -0.001851 -0.047052
40 3 -0.077393 -0.003156 -0.042829
41 3 -0.071949 -0.005481 -0.036574
42 3 -0.067638 -0.008659 -0.026907
43 3 -0.066877 -0.011880 -0.012372
44 3 -0.071631 -0.013850 0.006635
45 3 -0.079880 -0.012886 0.025634
46 3 -0.082884 -0.008034 0.036878
47 3 -0.069747 -0.001433 0.035633
48 3 -0.038649 0.001892 0.026073
49 3 0.000000 0.000000 0.000000

0 4 0.000000 0.000000 0.000000
1 4 0.033099 0.074075 0.001456
2 4 0.037106 0.071150 0.003026
3 4 0.040308 0.068466 0.004971
4 4 0.043321 0.066250 0.006836
5 4 0.045335 0.063989 0.008471
6 4 0.047582 0.061542 0.010698
7 4 0.050153 0.059546 0.012573
8 4 0.051061 0.057386 0.013781
9 4 0.051922 0.054897 0.015726
10 4 0.053668 0.053155 0.017513
11 4 0.053420 0.051772 0.017970
12 4 0.051801 0.049921 0.018708
13 4 0.051576 0.048495 0.020052
14 4 0.050752 0.047921 0.020076
15 4 0.047185 0.047145 0.019039
16 4 0.043346 0.045968 0.018580
17 4 0.040613 0.045169 0.018056
18 4 0.036729 0.044667 0.016210
19 4 0.030851 0.043917 0.013654
20 4 0.024432 0.043019 0.011016
21 4 0.017729 0.042026 0.007752
22 4 0.010399 0.040525 0.004016
23 4 0.003440 0.038735 0.000680
24 4 -0.003193 0.037602 -0.002959
25 4 -0.012130 0.037175 -0.008611
26 4 -0.024440 0.036041 -0.015749
27 4 -0.036431 0.032985 -0.021518
28 4 -0.043812 0.028495 -0.024565
29 4 -0.047548 0.024116 -0.026990
30 4 -0.052597 0.020810 -0.031436
31 4 -0.061335 0.018355 -0.037550
32 4 -0.070734 0.016004 -0.042558
33 4 -0.076458 0.013264 -0.044737
34 4 -0.077908 0.010091 -0.045160
35 4 -0.078155 0.006745 -0.045959
36 4 -0.079791 0.003612 -0.047712
37 4 -0.082085 0.001005 -0.048976
38 4 -0.082219 -0.001070 -0.048007
39 4 -0.078490 -0.002979 -0.044396
40 4 -0.071988 -0.005234 -0.038948
41 4 -0.065728 -0.008128 -0.032190
42 4 -0.062811 -0.011556 -0.023237
43 4 -0.065077 -0.014964 -0.010466
44 4 -0.071891 -0.017151 0.005983
45 4 -0.078632 -0.016211 0.022170
46 4 -0.077330 -0.010900 0.032187
47 4 -0.062104 -0.003336 0.033357
48 4 -0.034456 0.001125 0.027964
49 4 0.000000 0.000000 0.000000

0 5 0.000000 0.000000 0.000000
1 5 0.020403 0.085966 0.001438
2 5 0.025335 0.082246 0.002931
3 5 0.029198 0.077513 0.004492
4 5 0.032542 0.072509 0.006417
5 5 0.034613 0.068053 0.007741
6 5 0.034875 0.063898 0.009067
7 5 0.035642 0.060550 0.010958
8 5 0.035963 0.058488 0.011950
9 5 0.034642 0.056796 0.012675
10 5 0.034502 0.055435 0.014338
11 5 0.035189 0.055037 0.015364
12 5 0.033976 0.054932 0.015397
13 5 0.032626 0.054504 0.016130
14 5 0.032767 0.054234 0.017032
15 5 0.031903 0.054290 0.016678
16 5 0.029199 0.054224 0.015887
17 5 0.026643 0.053807 0.015421
18 5 0.024178 0.053016 0.014354
19 5 0.020425 0.051991 0.012416
20 5 0.015891 0.051077 0.010365
21 5 0.011151 0.050121 0.007951
22 5 0.005192 0.048312 0.004437
23 5 -0.002035 0.045437 0.000435
24 5 -0.008705 0.042371 -0.003003
25 5 -0.014010 0.039707 -0.006155
26 5 -0.019157 0.036878 -0.009825
27 5 -0.024956 0.033334 -0.013817
28 5 -0.030967 0.029746 -0.017667
29 5 -0.037474 0.027164 -0.021989
30 5 -0.045819 0.025423 -0.027583
31 5 -0.055747 0.023184 -0.033567
32 5 -0.064201 0.019501 -0.037770
33 5 -0.068265 0.014828 -0.039251
34 5 -0.068657 0.010373 -0.039527
35 5 -0.069010 0.006848 -0.040806
36 5 -0.071712 0.004037 -0.043397
37 5 -0.075253 0.001330 -0.045335
38 5 -0.075949 -0.001610 -0.044438
39 5 -0.071851 -0.004717 -0.040340
40 5 -0.064782 -0.007816 -0.034372
41 5 -0.059001 -0.010907 -0.027626
42 5 -0.058269 -0.014139 -0.019442
43 5 -0.063533 -0.017417 -0.008235
44 5 -0.071710 -0.019750 0.005704
45 5 -0.075989 -0.019103 0.018774
46 5 -0.069668 -0.013964 0.027077
47 5 -0.052288 -0.006114 0.030306
48 5 -0.028815 -0.000518 0.029089
49 5 0.000000 0.000000 0.000000

0 6 0.000000 0.000000 0.000000
1 6 0.011135 0.084050 0.001301
2 6 0.009907 0.080616 0.002599
3 6 0.008937 0.077060 0.003489
4 6 0.008510 0.073370 0.004640
5 6 0.009683 0.070064 0.005881
6 6 0.010815 0.067232 0.006550
7 6 0.012181 0.064470 0.007778
8 6 0.014994 0.062233 0.009270
9 6 0.017152 0.060641 0.010039
10 6 0.018509 0.059209 0.011126
11 6 0.020750 0.058037 0.012635
12 6 0.022644 0.057322 0.013509
13 6 0.023359 0.056920 0.014215
14 6 0.024033 0.056658 0.015096
15 6 0.024385 0.056266 0.015443
16 6 0.023990 0.055742 0.015560
17 6 0.023669 0.055534 0.015826
18 6 0.022638 0.055481 0.015169
19 6 0.019582 0.054699 0.013416
20 6 0.016239 0.053126 0.012156
21 6 0.014492 0.051730 0.011488
22 6 0.012104 0.050845 0.009384
23 6 0.006252 0.049641 0.005320
24 6 -0.001428 0.047441 0.001278
25 6 -0.007539 0.044449 -0.001605
26 6 -0.012271 0.041151 -0.004655
27 6 -0.018453 0.037856 -0.009202
28 6 -0.026858 0.034835 -0.014579
29 6 -0.035452 0.032135 -0.019417
30 6 -0.042493 0.029160 -0.023407
31 6 -0.047999 0.025046 -0.026922
32 6 -0.052354 0.019727 -0.029888
33 6 -0.055431 0.014289 -0.032022
34 6 -0.057561 0.009971 -0.033749
35 6 -0.059993 0.006958 -0.035919
36 6 -0.063411 0.004321 -0.038485
37 6 -0.066433 0.001061 -0.040033
38 6 -0.066501 -0.002953 -0.039004
39 6 -0.062544 -0.007046 -0.035199
40 6 -0.056617 -0.010539 -0.029745
41 6 -0.052859 -0.013411 -0.023502
42 6 -0.054699 -0.016230 -0.015822
43 6 -0.062163 -0.019348 -0.005585
44 6 -0.070446 -0.021911 0.006194
45 6 -0.071439 -0.021759 0.016020
46 6 -0.060130 -0.017203 0.022038
47 6 -0.041049 -0.009549 0.026380
48 6 -0.022131 -0.002861 0.028571
49 6 0.000000 0.000000 0.000000

0 7 0.000000 0.000000 0.000000
1 7 -0.000136 0.074725 0.001089
2 7 -0.004673 0.072255 0.001998
3 7 -0.007691 0.070071 0.002599
4 7 -0.009814 0.067971 0.002917
5 7 -0.010435 0.065753 0.003579
6 7 -0.009721 0.063658 0.004045
7 7 -0.008888 0.061762 0.004456
8 7 -0.007241 0.060036 0.005344
9 7 -0.004919 0.058571 0.006163
10 7 -0.002721 0.057572 0.007050
11 7 -0.000243 0.057119 0.008221
12 7 0.002129 0.056778 0.009136
13 7 0.004259 0.056413 0.010215
14 7 0.006982 0.056595 0.011684
15 7 0.009165 0.057137 0.012384
16 7 0.009663 0.057071 0.012465
17 7 0.010458 0.056529 0.013320
18 7 0.012399 0.056417 0.014228
19 7 0.012692 0.056480 0.013517
20 7 0.010351 0.055738 0.011960
21 7 0.008124 0.054179 0.011121
22 7 0.007093 0.052465 0.010302
23 7 0.005111 0.050718 0.008216
24 7 0.001354 0.048742 0.005476
25 7 -0.002715 0.046703 0.002975
26 7 -0.007145 0.044715 -0.000195
27 7 -0.013788 0.042264 -0.005029
28 7 -0.022255 0.038702 -0.010300
29 7 -0.029138 0.034002 -0.013902
30 7 -0.032333 0.028676 -0.015740
31 7 -0.033788 0.023249 -0.017713
32 7 -0.036789 0.018133 -0.021105
33 7 -0.042053 0.013739 -0.025222
34 7 -0.047635 0.010248 -0.028659
35 7 -0.051686 0.007231 -0.030918
36 7 -0.053956 0.003837 -0.032320
37 7 -0.054812 -0.000450 -0.032917
38 7 -0.054094 -0.005254 -0.032189
39 7 -0.051657 -0.009614 -0.029731
40 7 -0.048717 -0.012878 -0.025661
41 7 -0.048007 -0.015320 -0.020021
42 7 -0.052051 -0.017872 -0.012253
43 7 -0.060360 -0.021069 -0.002267
44 7 -0.067425 -0.023979 0.007695
45 7 -0.064828 -0.024334 0.014142
46 7 -0.049415 -0.020435 0.017251
47 7 -0.029582 -0.013191 0.021429
48 7 -0.015183 -0.005535 0.025710
49 7 0.000000 0.000000 0.000000

0 8 0.000000 0.000000 0.000000
1 8 -0.011455 0.065304 0.000835
2 8 -0.015572 0.060629 0.001252
3 8 -0.019408 0.056274 0.001397
4 8 -0.023019 0.052760 0.001205
5 8 -0.026154 0.050439 0.001013
6 8 -0.028363 0.049178 0.000763
7 8 -0.029598 0.048733 0.000660
8 8 -0.029327 0.049258 0.001005
9 8 -0.028137 0.050350 0.001234
10 8 -0.026433 0.051331 0.001814
11 8 -0.022999 0.052598 0.003297
12 8 -0.018936 0.054340 0.004421
13 8 -0.016060 0.055637 0.005165
14 8 -0.012485 0.056382 0.007008
15 8 -0.007369 0.057420 0.009101
16 8 -0.003734 0.058586 0.009862
17 8 -0.002122 0.059052 0.010400
18 8 0.000267 0.058879 0.011827
19 8 0.003341 0.058551 0.012825
20 8 0.004615 0.058073 0.012533
21 8 0.004181 0.057300 0.011928
22 8 0.003468 0.056090 0.011258
23 8 0.001946 0.054006 0.009628
24 8 -0.000906 0.050792 0.007316
25 8 -0.003508 0.046989 0.005528
26 8 -0.004885 0.043292 0.004051
27 8 -0.006606 0.039569 0.001617
28 8 -0.009917 0.035217 -0.001679
29 8 -0.013454 0.030270 -0.004445
30 8 -0.015807 0.025502 -0.006476
31 8 -0.018437 0.021485 -0.009364
32 8 -0.023855 0.018020 -0.014127
33 8 -0.031713 0.014532 -0.019467
34 8 -0.038581 0.010656 -0.023133
35 8 -0.041649 0.006321 -0.024387
36 8 -0.041409 0.001583 -0.024434
37 8 -0.040419 -0.003347 -0.024682
38 8 -0.040367 -0.007976 -0.025184
39 8 -0.041078 -0.011721 -0.024806
40 8 -0.042072 -0.014422 -0.022286
41 8 -0.044276 -0.016665 -0.016824
42 8 -0.049469 -0.019411 -0.008285
43 8 -0.057274 -0.022985 0.001917
44 8 -0.062331 -0.026201 0.010101
45 8 -0.056624 -0.026786 0.012921
46 8 -0.038704 -0.023289 0.012566
47 8 -0.019348 -0.016429 0.015324
48 8 -0.008982 -0.008042 0.020175
49 8 0.000000 0.000000 0.000000

0 9 0.000000 0.000000 0.000000
1 9 -0.028784 0.046719 0.000235
2 9 -0.036675 0.043587 -0.000077
3 9 -0.042141 0.041135 -0.000748
4 9 -0.045657 0.039277 -0.001708
5 9 -0.047091 0.037995 -0.002307
6 9 -0.046684 0.037593 -0.002870
7 9 -0.045909 0.037580 -0.003501
8 9 -0.043874 0.037815 -0.003133
9 9 -0.040320 0.038876 -0.002514
10 9 -0.037501 0.040312 -0.002307
11 9 -0.034416 0.041558 -0.001051
12 9 -0.029357 0.043143 0.000970
13 9 -0.024679 0.045157 0.002244
14 9 -0.021190 0.046927 0.003674
15 9 -0.016553 0.048299 0.006087
16 9 -0.011127 0.049507 0.008223
17 9 -0.006813 0.050570 0.009757
18 9 -0.002995 0.051439 0.011539
19 9 0.000879 0.051850 0.013083
20 9 0.003733 0.051357 0.013773
21 9 0.006045 0.050127 0.014571
22 9 0.009201 0.048906 0.015811
23 9 0.011821 0.047842 0.015946
24 9 0.011510 0.046242 0.014285
25 9 0.009153 0.043669 0.012302
26 9 0.007422 0.040402 0.011022
27 9 0.006383 0.036762 0.009445
28 9 0.003988 0.032779 0.006578
29 9 -0.000214 0.028667 0.003070
30 9 -0.004822 0.024919 -0.000202
31 9 -0.009412 0.021643 -0.003674
32 9 -0.014957 0.018204 -0.008018
33 9 -0.021229 0.013854 -0.012412
34 9 -0.025868 0.008546 -0.015139
35 9 -0.027011 0.002951 -0.015759
36 9 -0.025850 -0.002183 -0.015791
37 9 -0.025564 -0.006506 -0.016969
38 9 -0.028031 -0.010016 -0.019252
39 9 -0.032329 -0.012851 -0.020723
40 9 -0.036545 -0.015308 -0.019091
41 9 -0.040468 -0.017947 -0.013140
42 9 -0.045720 -0.021340 -0.003493
43 9 -0.052401 -0.025338 0.006813
44 9 -0.055610 -0.028508 0.012844
45 9 -0.047992 -0.028798 0.011733
46 9 -0.029464 -0.025258 0.007609
47 9 -0.011737 -0.018648 0.008059
48 9 -0.004493 -0.009894 0.012133
49 9 0.000000 0.000000 0.000000

0 10 0.000000 0.000000 0.000000
1 10 -0.042487 0.023473 -0.000489
2 10 -0.052101 0.022667 -0.001712
3 10 -0.058493 0.021993 -0.003086
4 10 -0.062438 0.021646 -0.004887
5 10 -0.064937 0.021423 -0.006487
6 10 -0.065013 0.021613 -0.007352
7 10 -0.063887 0.022591 -0.008396
8 10 -0.062519 0.023951 -0.008899
9 10 -0.059139 0.025649 -0.008228
10 10 -0.054612 0.027943 -0.007547
11 10 -0.050393 0.030571 -0.006575
12 10 -0.045116 0.033187 -0.004573
13 10 -0.038790 0.035657 -0.002382
14 10 -0.032619 0.038061 -0.000095
15 10 -0.026140 0.040549 0.002752
16 10 -0.019635 0.042730 0.005360
17 10 -0.014013 0.044034 0.007624
18 10 -0.008054 0.044800 0.010591
19 10 -0.001269 0.045697 0.013606
20 10 0.003854 0.046374 0.015107
21 10 0.006459 0.046018 0.015785
22 10 0.009174 0.044652 0.017189
23 10 0.013077 0.042858 0.018652
24 10 0.015936 0.040843 0.018729
25 10 0.016639 0.038580 0.017879
26 10 0.016662 0.036261 0.017164
27 10 0.016387 0.033977 0.015929
28 10 0.013993 0.031384 0.012981
29 10 0.008951 0.028127 0.008909
30 10 0.003544 0.024271 0.005387
31 10 -0.000163 0.019992 0.002832
32 10 -0.002688 0.015175 0.000283
33 10 -0.005422 0.009678 -0.002685
34 10 -0.008190 0.003881 -0.005279
35 10 -0.009950 -0.001372 -0.006940
36 10 -0.011111 -0.005450 -0.008487
37 10 -0.013640 -0.008428 -0.011123
38 10 -0.018687 -0.010892 -0.014594
39 10 -0.025038 -0.013424 -0.016774
40 10 -0.030579 -0.016353 -0.015087
41 10 -0.035009 -0.019848 -0.008345
42 10 -0.040110 -0.023902 0.002051
43 10 -0.046215 -0.027919 0.011735
44 10 -0.048606 -0.030430 0.014995
45 10 -0.040547 -0.029842 0.009801
46 10 -0.023035 -0.025864 0.002021
47 10 -0.007646 -0.019419 -0.000151
48 10 -0.002315 -0.010759 0.002239
49 10 0.000000 0.000000 0.000000

0 11 0.000000 0.000000 0.000000
1 11 -0.047011 -0.005319 -0.001282
2 11 -0.058496 -0.006893 -0.003480
3 11 -0.068262 -0.006664 -0.005956
4 11 -0.075310 -0.004839 -0.008480
5 11 -0.080203 -0.001746 -0.011075
6 11 -0.082605 0.002011 -0.012895
7 11 -0.082147 0.006021 -0.014129
8 11 -0.080012 0.010166 -0.014863
9 11 -0.076202 0.014334 -0.014601
10 11 -0.070930 0.018147 -0.013789
11 11 -0.064849 0.021539 -0.012288
12 11 -0.057503 0.025007 -0.009797
13 11 -0.049805 0.028422 -0.007321
14 11 -0.042760 0.031105 -0.004711
15 11 -0.034653 0.033334 -0.000858
16 11 -0.025351 0.035787 0.003146
17 11 -0.017653 0.038083 0.006004
18 11 -0.011466 0.039534 0.008975
19 11 -0.004149 0.040311 0.012887
20 11 0.003686 0.040856 0.016239
21 11 0.009560 0.041195 0.018300
22 11 0.013770 0.041252 0.020093
23 11 0.017518 0.040912 0.021641
24 11 0.019833 0.039750 0.021847
25 11 0.020060 0.037463 0.021037
26 11 0.020019 0.034399 0.020583
27 11 0.020929 0.031110 0.020318
28 11 0.021174 0.027606 0.018822
29 11 0.019291 0.023524 0.016061
30 11 0.016727 0.018818 0.013602
31 11 0.015584 0.013844 0.012144
32 11 0.015291 0.008906 0.010506
33 11 0.013480 0.004109 0.007486
34 11 0.009307 -0.000341 0.003508
35 11 0.004184 -0.004058 -0.000226
36 11 -0.000566 -0.006867 -0.003426
37 11 -0.005310 -0.009138 -0.006715
38 11 -0.010912 -0.011566 -0.010051
39 11 -0.016995 -0.014644 -0.011806
40 11 -0.022421 -0.018400 -0.009672
41 11 -0.027330 -0.022558 -0.002601
42 11 -0.033351 -0.026688 0.007544
43 11 -0.040311 -0.030005 0.015603
44 11 -0.043176 -0.031246 0.015597
45 11 -0.035786 -0.029418 0.006542
46 11 -0.020160 -0.024864 -0.004309
47 11 -0.007185 -0.018648 -0.008851
48 11 -0.002477 -0.010564 -0.008519
49 11 0.000000 0.000000 0.000000

0 12 0.000000 0.000000 0.000000
1 12 -0.060713 -0.030129 -0.002507
2 12 -0.069693 -0.030774 -0.005705
3 12 -0.076241 -0.029682 -0.009116
4 12 -0.080649 -0.027262 -0.012386
5 12 -0.083458 -0.024021 -0.015351
6 12 -0.084681 -0.019987 -0.017524
7 12 -0.084621 -0.015318 -0.019235
8 12 -0.083851 -0.010615 -0.020279
9 12 -0.081195 -0.005723 -0.019944
10 12 -0.077048 -0.000402 -0.019218
11 12 -0.072997 0.004634 -0.018217
12 12 -0.067345 0.009141 -0.015605
13 12 -0.059380 0.013677 -0.012269
14 12 -0.051817 0.018114 -0.009436
15 12 -0.044639 0.021859 -0.005891
16 12 -0.035671 0.024898 -0.001245
17 12 -0.026028 0.027480 0.003054
18 12 -0.017466 0.029704 0.006951
19 12 -0.009137 0.031558 0.011200
20 12 -0.000882 0.032721 0.015035
21 12 0.006099 0.032769 0.017951
22 12 0.012602 0.031928 0.021063
23 12 0.020035 0.030903 0.024552
24 12 0.026829 0.029873 0.026791
25 12 0.030686 0.028381 0.027224
26 12 0.032511 0.026153 0.027263
27 12 0.034495 0.023343 0.027597
28 12 0.036277 0.020025 0.027121
29 12 0.036159 0.016100 0.025213
30 12 0.034509 0.011756 0.022943
31 12 0.033050 0.007548 0.021157
32 12 0.031593 0.003886 0.018925
33 12 0.027969 0.000714 0.014935
34 12 0.021301 -0.002217 0.009559
35 12 0.013524 -0.004997 0.004507
36 12 0.007129 -0.007646 0.000805
37 12 0.002532 -0.010372 -0.001967
38 12 -0.001635 -0.013528 -0.004339
39 12 -0.006458 -0.017266 -0.005462
40 12 -0.012066 -0.021357 -0.003387
41 12 -0.018822 -0.025340 0.002987
42 12 -0.027523 -0.028684 0.011747
43 12 -0.036765 -0.030669 0.017417
44 12 -0.040883 -0.030366 0.014102
45 12 -0.034456 -0.027337 0.001855
46 12 -0.020693 -0.022386 -0.011141
47 12 -0.009648 -0.016608 -0.017430
48 12 -0.004452 -0.009498 -0.019083
49 12 0.000000 0.000000 0.000000

0 13 0.000000 0.000000 0.000000
1 13 -0.071420 -0.050764 -0.003899
2 13 -0.077839 -0.051377 -0.008387
3 13 -0.082606 -0.050626 -0.012794
4 13 -0.085678 -0.048294 -0.016768
5 13 -0.088021 -0.044561 -0.020538
6 13 -0.089291 -0.039978 -0.023140
7 13 -0.088408 -0.034499 -0.024715
8 13 -0.086963 -0.028413 -0.026025
9 13 -0.084612 -0.022416 -0.025933
10 13 -0.079722 -0.016525 -0.024502
11 13 -0.073988 -0.010619 -0.022901
12 13 -0.068056 -0.004987 -0.020391
13 13 -0.060382 0.000088 -0.016661
14 13 -0.051640 0.004563 -0.012697
15 13 -0.042700 0.008697 -0.008248
16 13 -0.032945 0.012661 -0.003118
17 13 -0.023194 0.015999 0.001655
18 13 -0.014167 0.018268 0.006317
19 13 -0.004253 0.019911 0.011897
20 13 0.006561 0.021516 0.017326
21 13 0.015458 0.022806 0.021113
22 13 0.021885 0.023188 0.024154
23 13 0.028297 0.022590 0.027678
24 13 0.035212 0.021223 0.030785
25 13 0.040691 0.019181 0.032443
26 13 0.044479 0.016684 0.033474
27 13 0.048099 0.014151 0.034646
28 13 0.051203 0.011748 0.034919
29 13 0.051648 0.009262 0.033200
30 13 0.049078 0.006577 0.030247
31 13 0.045438 0.003933 0.027355
32 13 0.041739 0.001543 0.024293
33 13 0.036751 -0.000787 0.019943
34 13 0.029610 -0.003440 0.014448
35 13 0.021958 -0.006549 0.009450
36 13 0.016304 -0.009941 0.006166
37 13 0.013069 -0.013436 0.004157
38 13 0.010240 -0.016998 0.002403
39 13 0.005560 -0.020589 0.001168
40 13 -0.001913 -0.023999 0.002237
41 13 -0.012257 -0.026884 0.006976
42 13 -0.024943 -0.028845 0.013670
43 13 -0.037014 -0.029322 0.016777
44 13 -0.042231 -0.027676 0.010627
45 13 -0.036238 -0.023858 -0.003840
46 13 -0.023669 -0.018907 -0.017957
47 13 -0.013801 -0.013820 -0.025274
48 13 -0.007389 -0.007916 -0.028581
49 13 0.000000 0.000000 0.000000

0 14 0.000000 0.000000 0.000000
1 14 -0.079190 -0.075315 -0.005531
2 14 -0.086820 -0.072278 -0.011404
3 14 -0.091669 -0.067654 -0.017144
4 14 -0.093752 -0.062296 -0.021890
5 14 -0.093574 -0.056592 -0.025929
6 14 -0.092525 -0.050824 -0.029028
7 14 -0.090042 -0.045289 -0.030671
8 14 -0.086441 -0.039974 -0.031485
9 14 -0.082461 -0.034622 -0.031259
10 14 -0.077464 -0.029254 -0.029847
11 14 -0.071745 -0.024243 -0.027807
12 14 -0.065150 -0.019462 -0.024607
13 14 -0.056949 -0.014468 -0.020365
14 14 -0.048553 -0.009649 -0.016227
15 14 -0.040285 -0.005630 -0.011477
16 14 -0.030001 -0.002089 -0.005263
17 14 -0.018421 0.001458 0.000847
18 14 -0.008326 0.004685 0.005998
19 14 0.001041 0.007113 0.011582
20 14 0.011718 0.008742 0.017799
21 14 0.022511 0.009757 0.023219
22 14 0.031834 0.010389 0.027797
23 14 0.040479 0.010960 0.032362
24 14 0.048482 0.011482 0.036124
25 14 0.053882 0.011511 0.037916
26 14 0.056382 0.010742 0.038520
27 14 0.058146 0.009406 0.039223
28 14 0.059898 0.007845 0.039425
29 14 0.059731 0.006064 0.037781
30 14 0.056659 0.003948 0.034638
31 14 0.052426 0.001591 0.031493
32 14 0.048729 -0.000872 0.028655
33 14 0.044879 -0.003569 0.025088
34 14 0.039580 -0.006755 0.020454
35 14 0.033549 -0.010408 0.015965
36 14 0.028796 -0.014145 0.012827
37 14 0.025736 -0.017549 0.010723
38 14 0.022255 -0.020447 0.008520
39 14 0.015661 -0.022862 0.006243
40 14 0.004751 -0.024806 0.005684
41 14 -0.010013 -0.026182 0.008486
42 14 -0.026744 -0.026751 0.013134
43 14 -0.041069 -0.026061 0.014073
44 14 -0.046465 -0.023627 0.005879
45 14 -0.039957 -0.019601 -0.009803
46 14 -0.027718 -0.015070 -0.024176
47 14 -0.018326 -0.010853 -0.031936
48 14 -0.010424 -0.006197 -0.036498
49 14 0.000000 0.000000 0.000000

0 15 0.000000 0.000000 0.000000
1 15 -0.076370 -0.094783 -0.007194
2 15 -0.081325 -0.090338 -0.014338
3 15 -0.084910 -0.084624 -0.020962
4 15 -0.087588 -0.078081 -0.026572
5 15 -0.089489 -0.071220 -0.031218
6 15 -0.090604 -0.064365 -0.034613
7 15 -0.090246 -0.057333 -0.036627
8 15 -0.089007 -0.050424 -0.037903
9 15 -0.086721 -0.044075 -0.037741
10 15 -0.081923 -0.037893 -0.035934
11 15 -0.076049 -0.031751 -0.033818
12 15 -0.070069 -0.026220 -0.030805
13 15 -0.061765 -0.021319 -0.025936
14 15 -0.051563 -0.016591 -0.020650
15 15 -0.041899 -0.012038 -0.015494
16 15 -0.031903 -0.007972 -0.009309
17 15 -0.020418 -0.004573 -0.002522
18 15 -0.008893 -0.001786 0.003873
19 15 0.002257 0.000740 0.010445
20 15 0.013687 0.003234 0.017154
21 15 0.023991 0.005291 0.022640
22 15 0.032050 0.006351 0.027044
23 15 0.039748 0.006502 0.031803
24 15 0.048332 0.006256 0.036556
25 15 0.055728 0.005829 0.039647
26 15 0.060228 0.005153 0.041103
27 15 0.063134 0.004264 0.042217
28 15 0.065634 0.003207 0.042881
29 15 0.066429 0.001780 0.041839
30 15 0.064426 -0.000265 0.039183
31 15 0.061177 -0.002866 0.036445
32 15 0.058689 -0.005755 0.034258
33 15 0.056504 -0.008804 0.031572
34 15 0.052771 -0.012035 0.027535
35 15 0.047261 -0.015319 0.022899
36 15 0.041580 -0.018259 0.018922
37 15 0.036498 -0.020471 0.015651
38 15 0.030376 -0.021867 0.012176
39 15 0.020627 -0.022647 0.008502
40 15 0.006009 -0.023054 0.006412
41 15 -0.012607 -0.023174 0.007669
42 15 -0.032290 -0.022836 0.010811
43 15 -0.047599 -0.021592 0.010245
44 15 -0.052038 -0.019000 0.000805
45 15 -0.044150 -0.015279 -0.015299
46 15 -0.031578 -0.011454 -0.029366
47 15 -0.022220 -0.008154 -0.037220
48 15 -0.012936 -0.004626 -0.042695
49 15 0.000000 0.000000 0.000000

0 16 0.000000 0.000000 0.000000
1 16 -0.066962 -0.111246 -0.008883
2 16 -0.070298 -0.106334 -0.017293
3 16 -0.073871 -0.099086 -0.024855
4 16 -0.076991 -0.090752 -0.030871
5 16 -0.079243 -0.081978 -0.035778
6 16 -0.081424 -0.073509 -0.039612
7 16 -0.082114 -0.065777 -0.041558
8 16 -0.081096 -0.058527 -0.042541
9 16 -0.079877 -0.051750 -0.042717
10 16 -0.077098 -0.045660 -0.041095
11 16 -0.072125 -0.040124 -0.038436
12 16 -0.066415 -0.034814 -0.035142
13 16 -0.059510 -0.029649 -0.030531
14 16 -0.051030 -0.024964 -0.025189
15 16 -0.041843 -0.020949 -0.019406
16 16 -0.031288 -0.017162 -0.012451
17 16 -0.019389 -0.013300 -0.005168
18 16 -0.008326 -0.009862 0.001298
19 16 0.002057 -0.007324 0.008037
20 16 0.014029 -0.005403 0.015779
21 16 0.026716 -0.003640 0.022901
22 16 0.037333 -0.001990 0.028464
23 16 0.046033 -0.000596 0.033538
24 16 0.054290 0.000379 0.038355
25 16 0.061214 0.000654 0.041668
26 16 0.065608 0.000034 0.043421
27 16 0.068853 -0.001284 0.044979
28 16 0.072453 -0.002941 0.046491
29 16 0.075162 -0.004844 0.046574
30 16 0.075184 -0.007101 0.044814
31 16 0.073299 -0.009645 0.042524
32 16 0.071447 -0.012195 0.040542
33 16 0.069444 -0.014553 0.037934
34 16 0.065291 -0.016695 0.033572
35 16 0.058273 -0.018555 0.027922
36 16 0.049910 -0.019890 0.022396
37 16 0.041549 -0.020468 0.017515
38 16 0.032246 -0.020329 0.012709
39 16 0.019639 -0.019789 0.007995
40 16 0.002358 -0.019194 0.005028
41 16 -0.018623 -0.018685 0.005476
42 16 -0.039711 -0.018067 0.007785
43 16 -0.054729 -0.016839 0.006319
44 16 -0.057376 -0.014555 -0.003791
45 16 -0.047654 -0.011442 -0.019843
46 16 -0.034453 -0.008420 -0.033355
47 16 -0.024977 -0.005957 -0.041175
48 16 -0.014642 -0.003350 -0.047321
49 16 0.000000 0.000000 0.000000

0 17 0.000000 0.000000 0.000000
1 17 -0.061681 -0.112512 -0.010751
2 17 -0.058122 -0.107649 -0.020151
3 17 -0.056313 -0.101527 -0.028137
4 17 -0.056780 -0.094966 -0.034463
5 17 -0.058513 -0.088433 -0.039229
6 17 -0.061351 -0.081886 -0.042952
7 17 -0.064544 -0.075207 -0.045273
8 17 -0.066957 -0.068662 -0.046451
9 17 -0.068411 -0.062368 -0.046528
10 17 -0.067983 -0.055995 -0.045057
11 17 -0.065828 -0.049692 -0.042802
12 17 -0.062643 -0.044028 -0.039642
13 17 -0.056848 -0.038839 -0.034595
14 17 -0.048542 -0.033662 -0.028807
15 17 -0.040253 -0.028779 -0.023196
16 17 -0.031300 -0.024667 -0.016398
17 17 -0.019732 -0.021212 -0.008345
18 17 -0.007284 -0.018071 -0.000711
19 17 0.004176 -0.015134 0.006530
20 17 0.015688 -0.012541 0.014191
21 17 0.027415 -0.010642 0.021406
22 17 0.037953 -0.009713 0.027535
23 17 0.047892 -0.009527 0.033640
24 17 0.058598 -0.009562 0.039924
25 17 0.068589 -0.009621 0.044773
26 17 0.075550 -0.009892 0.047563
27 17 0.080149 -0.010494 0.049588
28 17 0.084262 -0.011350 0.051429
29 17 0.087302 -0.012432 0.051889
30 17 0.087419 -0.013787 0.050266
31 17 0.084930 -0.015289 0.047647
32 17 0.081738 -0.016624 0.045046
33 17 0.078031 -0.017568 0.041738
34 17 0.071939 -0.018127 0.036496
35 17 0.062529 -0.018355 0.029605
36 17 0.051304 -0.018182 0.022611
37 17 0.040098 -0.017513 0.016451
38 17 0.028541 -0.016447 0.010858
39 17 0.014397 -0.015301 0.005814
40 17 -0.003989 -0.014405 0.002730
41 17 -0.025779 -0.013864 0.003038
42 17 -0.046990 -0.013424 0.005013
43 17 -0.060904 -0.012542 0.003016
44 17 -0.061449 -0.010778 -0.007464
45 17 -0.049893 -0.008355 -0.023274
46 17 -0.036093 -0.006082 -0.036210
47 17 -0.026546 -0.004301 -0.044009
48 17 -0.015549 -0.002395 -0.050671
49 17 0.000000 0.000000 0.000000

0 18 0.000000 0.000000 0.000000
1 18 -0.052474 -0.105809 -0.012555
2 18 -0.045886 -0.101337 -0.022975
3 18 -0.043123 -0.095807 -0.031321
4 18 -0.043275 -0.090077 -0.037644
5 18 -0.045108 -0.084340 -0.042510
6 18 -0.048289 -0.078966 -0.046276
7 18 -0.051122 -0.073976 -0.048288
8 18 -0.052838 -0.068959 -0.049292
9 18 -0.054596 -0.064085 -0.049603
10 18 -0.054791 -0.059609 -0.047975
11 18 -0.052291 -0.055193 -0.045080
12 18 -0.049094 -0.050635 -0.041826
13 18 -0.044832 -0.046230 -0.037104
14 18 -0.037873 -0.042238 -0.030976
15 18 -0.029397 -0.038547 -0.024503
16 18 -0.020081 -0.034848 -0.017235
17 18 -0.009258 -0.031163 -0.009167
18 18 0.001992 -0.027991 -0.001419
19 18 0.013087 -0.025601 0.006421
20 18 0.025627 -0.023587 0.015231
21 18 0.039171 -0.021496 0.023683
22 18 0.050780 -0.019437 0.030385
23 18 0.060034 -0.017765 0.036272
24 18 0.068985 -0.016650 0.042222
25 18 0.077546 -0.016128 0.047120
26 18 0.083853 -0.016170 0.050160
27 18 0.088126 -0.016549 0.052365
28 18 0.091946 -0.016927 0.054357
29 18 0.094683 -0.017152 0.054932
30 18 0.094171 -0.017293 0.053110
31 18 0.090299 -0.017364 0.049810
32 18 0.085051 -0.017214 0.046273
33 18 0.079163 -0.016730 0.042093
34 18 0.071127 -0.015980 0.036072
35 18 0.059921 -0.015095 0.028344
36 18 0.046951 -0.014090 0.020492
37 18 0.034296 -0.012920 0.013733
38 18 0.021936 -0.011661 0.008023
39 18 0.007641 -0.010555 0.003267
40 18 -0.010594 -0.009856 0.000595
41 18 -0.032154 -0.009607 0.001147
42 18 -0.052794 -0.009522 0.003020
43 18 -0.065349 -0.009062 0.000631
44 18 -0.063936 -0.007825 -0.010127
45 18 -0.050851 -0.006028 -0.025687
46 18 -0.036654 -0.004371 -0.038145
47 18 -0.027157 -0.003104 -0.045986
48 18 -0.015832 -0.001709 -0.053066
49 18 0.000000 0.000000 0.000000

0 19 0.000000 0.000000 0.000000
1 19 -0.044871 -0.089263 -0.014360
2 19 -0.035215 -0.082551 -0.025308
3 19 -0.030332 -0.077046 -0.033679
4 19 -0.029787 -0.073272 -0.039975
5 19 -0.031482 -0.070809 -0.044555
6 19 -0.034973 -0.068783 -0.048368
7 19 -0.039532 -0.066745 -0.050882
8 19 -0.043148 -0.064617 -0.051991
9 19 -0.045892 -0.062129 -0.052253
10 19 -0.047489 -0.059047 -0.051078
11 19 -0.047039 -0.055690 -0.048608
12 19 -0.044975 -0.052452 -0.045195
13 19 -0.040688 -0.049105 -0.040104
14 19 -0.033906 -0.045402 -0.033945
15 19 -0.026509 -0.041804 -0.027732
16 19 -0.018201 -0.038762 -0.020362
17 19 -0.007027 -0.036022 -0.011482
18 19 0.005421 -0.033204 -0.002916
19 19 0.016659 -0.030409 0.004947
20 19 0.027786 -0.027980 0.013337
21 19 0.039956 -0.026158 0.021836
22 19 0.051627 -0.024937 0.029242
23 19 0.062152 -0.024008 0.036077
24 19 0.072664 -0.022952 0.042905
25 19 0.082363 -0.021654 0.048407
26 19 0.088838 -0.020330 0.051531
27 19 0.092093 -0.019161 0.053299
28 19 0.094172 -0.018101 0.054704
29 19 0.095171 -0.017077 0.054817
30 19 0.093146 -0.016109 0.052542
31 19 0.087742 -0.015180 0.048623
32 19 0.080903 -0.014163 0.044423
33 19 0.073702 -0.012974 0.039779
34 19 0.064869 -0.011697 0.033516
35 19 0.053237 -0.010475 0.025598
36 19 0.039986 -0.009350 0.017560
37 19 0.027248 -0.008283 0.010791
38 19 0.015205 -0.007301 0.005407
39 19 0.001602 -0.006561 0.001250
40 19 -0.015866 -0.006235 -0.000812
41 19 -0.036787 -0.006324 0.000087
42 19 -0.056692 -0.006546 0.001890
43 19 -0.068028 -0.006421 -0.000883
44 19 -0.065043 -0.005610 -0.011923
45 19 -0.050846 -0.004318 -0.027300
46 19 -0.036480 -0.003134 -0.039408
47 19 -0.027140 -0.002240 -0.047352
48 19 -0.015719 -0.001220 -0.054775
49 19 0.000000 0.000000 0.000000

0 20 0.000000 0.000000 0.000000
1 20 -0.021519 -0.070201 -0.015733
2 20 -0.013858 -0.062529 -0.026722
3 20 -0.013969 -0.057564 -0.034718
4 20 -0.018845 -0.054794 -0.040983
5 20 -0.025659 -0.053132 -0.046068
6 20 -0.032920 -0.052118 -0.050318
7 20 -0.039182 -0.051288 -0.053127
8 20 -0.043616 -0.050180 -0.054788
9 20 -0.047126 -0.049012 -0.055607
10 20 -0.048579 -0.047936 -0.054416
11 20 -0.046963 -0.046522 -0.051700
12 20 -0.044391 -0.044670 -0.048549
13 20 -0.040716 -0.042796 -0.043805
14 20 -0.033896 -0.041033 -0.037233
15 20 -0.025269 -0.039087 -0.030310
16 20 -0.016348 -0.036777 -0.022862
17 20 -0.006064 -0.034343 -0.014313
18 20 0.005368 -0.032202 -0.005682
19 20 0.016779 -0.030417 0.002817
20 20 0.028980 -0.028566 0.012006
21 20 0.041920 -0.026332 0.020956
22 20 0.052992 -0.023928 0.028122
23 20 0.061391 -0.021775 0.034166
24 20 0.069245 -0.020042 0.040268
25 20 0.077010 -0.018661 0.045526
26 20 0.082603 -0.017510 0.048709
27 20 0.085487 -0.016423 0.050512
28 20 0.087265 -0.015216 0.051893
29 20 0.088020 -0.013841 0.052011
30 20 0.085794 -0.012417 0.049693
31 20 0.080065 -0.011054 0.045584
32 20 0.072813 -0.009740 0.041170
33 20 0.065442 -0.008440 0.036511
34 20 0.056904 -0.007216 0.030456
35 20 0.045888 -0.006170 0.022803
36 20 0.033306 -0.005325 0.014991
37 20 0.021239 -0.004625 0.008506
38 20 0.009994 -0.004057 0.003595
39 20 -0.002686 -0.003710 0.000062
40 20 -0.019315 -0.003697 -0.001430
41 20 -0.039613 -0.004001 -0.000246
42 20 -0.058914 -0.004383 0.001438
43 20 -0.069336 -0.004450 -0.001739
44 20 -0.065219 -0.003941 -0.013077
45 20 -0.050293 -0.003039 -0.028346
46 20 -0.035930 -0.002213 -0.040216
47 20 -0.026799 -0.001592 -0.048294
48 20 -0.015411 -0.000858 -0.055995
49 20 0.000000 0.000000 0.000000

0 21 0.000000 0.000000 0.000000
1 21 0.010379 -0.048375 -0.016656
2 21 0.013138 -0.037738 -0.026546
3 21 0.006591 -0.033243 -0.033861
4 21 -0.004336 -0.032523 -0.040156
5 21 -0.015701 -0.033454 -0.045533
6 21 -0.026725 -0.034651 -0.050607
7 21 -0.037018 -0.035715 -0.054494
8 21 -0.044650 -0.036571 -0.056729
9 21 -0.050219 -0.036874 -0.058076
10 21 -0.054151 -0.036514 -0.057885
11 21 -0.055181 -0.035871 -0.055903
12 21 -0.053793 -0.035142 -0.052813
13 21 -0.050274 -0.034021 -0.048147
14 21 -0.044211 -0.032409 -0.042098
15 21 -0.036945 -0.030778 -0.035689
16 21 -0.028624 -0.029438 -0.028185
17 21 -0.017619 -0.028058 -0.019116
18 21 -0.005284 -0.026299 -0.010226
19 21 0.005746 -0.024351 -0.002163
20 21 0.016463 -0.022633 0.006417
21 21 0.028501 -0.021314 0.015386
22 21 0.040329 -0.020241 0.023260
23 21 0.050557 -0.019089 0.030155
24 21 0.060132 -0.017595 0.036852
25 21 0.068869 -0.015772 0.042369
26 21 0.074580 -0.013875 0.045478
27 21 0.076908 -0.012121 0.046972
28 21 0.077933 -0.010542 0.048085
29 21 0.078289 -0.009100 0.048185
30 21 0.076184 -0.007802 0.046031
31 21 0.070866 -0.006659 0.042098
32 21 0.064129 -0.005624 0.037873
33 21 0.057456 -0.004657 0.033533
34 21 0.049889 -0.003796 0.027931
35 21 0.039972 -0.003111 0.020728
36 21 0.028386 -0.002615 0.013271
37 21 0.017159 -0.002258 0.007115
38 21 0.006701 -0.002011 0.002618
39 21 -0.005207 -0.001923 -0.000421
40 21 -0.021194 -0.002064 -0.001487
41 21 -0.041060 -0.002415 -0.000128
42 21 -0.059972 -0.002800 0.001391
43 21 -0.069789 -0.002930 -0.002172
44 21 -0.064919 -0.002625 -0.013794
45 21 -0.049555 -0.002029 -0.029011
46 21 -0.035283 -0.001482 -0.040728
47 21 -0.026361 -0.001071 -0.048939
48 21 -0.015057 -0.000573 -0.056854
49 21 0.000000 0.000000 0.000000

0 22 0.000000 0.000000 0.000000
1 22 0.066564 -0.025426 -0.016520
2 22 0.056227 -0.016187 -0.023960
3 22 0.034915 -0.015785 -0.030501
4 22 0.011979 -0.017348 -0.037507
5 22 -0.008832 -0.018691 -0.044264
6 22 -0.026434 -0.019711 -0.050424
7 22 -0.040542 -0.020369 -0.055206
8 22 -0.050922 -0.020616 -0.058530
9 22 -0.058633 -0.020858 -0.060698
10 22 -0.063196 -0.021231 -0.060714
11 22 -0.063927 -0.021326 -0.058923
12 22 -0.062956 -0.021085 -0.056465
13 22 -0.060402 -0.020907 -0.052271
14 22 -0.054257 -0.020821 -0.045982
15 22 -0.045958 -0.020427 -0.039238
16 22 -0.037459 -0.019570 -0.032050
17 22 -0.027561 -0.018574 -0.023562
18 22 -0.016032 -0.017778 -0.014705
19 22 -0.004383 -0.017087 -0.006083
20 22 0.007657 -0.016091 0.003047
21 22 0.020298 -0.014595 0.012057
22 22 0.031304 -0.012860 0.019392
23 22 0.039692 -0.011303 0.025508
24 22 0.047520 -0.010106 0.031703
25 22 0.055566 -0.009187 0.037266
26 22 0.061756 -0.008385 0.040786
27 22 0.065159 -0.007561 0.042745
28 22 0.067338 -0.006635 0.044270
29 22 0.068799 -0.005626 0.044779
30 22 0.067754 -0.004635 0.043016
31 22 0.063380 -0.003752 0.039398
32 22 0.057465 -0.002993 0.035450
33 22 0.051631 -0.002339 0.031456
34 22 0.045027 -0.001801 0.026280
35 22 0.036107 -0.001406 0.019481
36 22 0.025383 -0.001149 0.012331
37 22 0.014829 -0.000990 0.006428
38 22 0.004939 -0.000902 0.002218
39 22 -0.006458 -0.000908 -0.000494
40 22 -0.022049 -0.001046 -0.001289
41 22 -0.041673 -0.001304 0.000156
42 22 -0.060374 -0.001573 0.001512
43 22 -0.069827 -0.001678 -0.002371
44 22 -0.064494 -0.001514 -0.014224
45 22 -0.048885 -0.001171 -0.029418
46 22 -0.034725 -0.000857 -0.041042
47 22 -0.025972 -0.000621 -0.049362
48 22 -0.014752 -0.000330 -0.057426
49 22 0.000000 0.000000 0.000000

0 23 0.000000 0.000000 0.000000
1 23 0.144035 -0.000135 -0.014467
2 23 0.101397 0.002668 -0.018146
3 23 0.059780 -0.001291 -0.025426
4 23 0.026029 -0.004061 -0.034022
5 23 -0.000262 -0.006047 -0.042004
6 23 -0.021474 -0.007502 -0.049401
7 23 -0.039082 -0.008739 -0.055255
8 23 -0.052107 -0.009921 -0.059073
9 23 -0.061776 -0.010732 -0.061780
10 23 -0.069019 -0.011107 -0.062774
11 23 -0.072546 -0.011445 -0.061657
12 23 -0.072930 -0.011818 -0.059278
13 23 -0.070940 -0.011860 -0.055323
14 23 -0.066125 -0.011533 -0.049774
15 23 -0.059550 -0.011275 -0.043639
16 23 -0.051635 -0.011273 -0.036406
17 23 -0.040998 -0.011174 -0.027560
18 23 -0.028842 -0.010659 -0.018751
19 23 -0.017802 -0.009913 -0.010740
20 23 -0.006989 -0.009357 -0.002174
21 23 0.005399 -0.009147 0.006963
22 23 0.017865 -0.009058 0.015086
23 23 0.028694 -0.008739 0.022111
24 23 0.038724 -0.008010 0.028914
25 23 0.048082 -0.006960 0.034709
26 23 0.054737 -0.005825 0.038206
27 23 0.058134 -0.004799 0.040055
28 23 0.060281 -0.003948 0.041565
29 23 0.062017 -0.003252 0.042251
30 23 0.061605 -0.002670 0.040798
31 23 0.058041 -0.002175 0.037507
32 23 0.052939 -0.001743 0.033862
33 23 0.047895 -0.001361 0.030181
34 23 0.042079 -0.001036 0.025332
35 23 0.033896 -0.000784 0.018820
36 23 0.023767 -0.000603 0.011877
37 23 0.013650 -0.000479 0.006130
38 23 0.004099 -0.000399 0.002085
39 23 -0.007010 -0.000365 -0.000442
40 23 -0.022390 -0.000387 -0.001087
41 23 -0.041895 -0.000458 0.000394
42 23 -0.060493 -0.000537 0.001636
43 23 -0.069753 -0.000566 -0.002454
44 23 -0.064169 -0.000507 -0.014455
45 23 -0.048439 -0.000391 -0.029640
46 23 -0.034360 -0.000285 -0.041213
47 23 -0.025713 -0.000206 -0.049603
48 23 -0.014552 -0.000109 -0.057756
49 23 0.000000 0.000000 0.000000

0 24 0.000000 0.000000 0.000000
1 24 0.278871 -0.001668 -0.006833
2 24 0.143143 -0.005118 -0.010281
3 24 0.075404 -0.001934 -0.021221
4 24 0.031767 -0.000059 -0.032021
5 24 -0.000201 0.000923 -0.041378
6 24 -0.024791 0.001287 -0.049365
7 24 -0.043888 0.001372 -0.055571
8 24 -0.058097 0.001371 -0.060008
9 24 -0.068759 0.001001 -0.063079
10 24 -0.075713 0.000232 -0.063907
11 24 -0.078427 -0.000504 -0.062805
12 24 -0.079015 -0.001104 -0.060922
13 24 -0.077686 -0.001907 -0.057238
14 24 -0.072477 -0.002927 -0.051356
15 24 -0.064845 -0.003708 -0.044948
16 24 -0.056863 -0.004052 -0.038083
17 24 -0.047308 -0.004302 -0.029817
18 24 -0.035812 -0.004775 -0.021046
19 24 -0.023997 -0.005289 -0.012493
20 24 -0.011776 -0.005433 -0.003447
21 24 0.001144 -0.005061 0.005574
22 24 0.012664 -0.004417 0.013027
23 24 0.021740 -0.003874 0.019293
24 24 0.030369 -0.003634 0.025697
25 24 0.039413 -0.003638 0.031588
26 24 0.046795 -0.003678 0.035506
27 24 0.051436 -0.003590 0.037845
28 24 0.054840 -0.003338 0.039768
29 24 0.057615 -0.002970 0.040769
30 24 0.058004 -0.002548 0.039556
31 24 0.055054 -0.002122 0.036451
32 24 0.050445 -0.001729 0.032967
33 24 0.045840 -0.001389 0.029449
34 24 0.040449 -0.001098 0.024771
35 24 0.032661 -0.000839 0.018413
36 24 0.022861 -0.000605 0.011589
37 24 0.012995 -0.000402 0.005935
38 24 0.003639 -0.000230 0.001976
39 24 -0.007315 -0.000074 -0.000467
40 24 -0.022582 0.000087 -0.001047
41 24 -0.042017 0.000257 0.000457
42 24 -0.060562 0.000406 0.001667
43 24 -0.069745 0.000482 -0.002488
44 24 -0.064069 0.000454 -0.014535
45 24 -0.048295 0.000358 -0.029716
46 24 -0.034241 0.000266 -0.041271
47 24 -0.025627 0.000195 -0.049683
48 24 -0.014485 0.000103 -0.057866
49 24 0.000000 0.000000 0.000000

0 25 0.000000 0.000000 0.000000
1 25 0.141945 0.022153 -0.014507
2 25 0.098644 0.011908 -0.018250
3 25 0.056265 0.010356 -0.025621
4 25 0.021665 0.010642 -0.034339
5 25 -0.005542 0.010609 -0.042473
6 25 -0.027715 0.010187 -0.050054
7 25 -0.046306 0.009375 -0.056122
8 25 -0.060307 0.008159 -0.060180
9 25 -0.070923 0.006985 -0.063147
10 25 -0.079061 0.006024 -0.064416
11 25 -0.083413 0.004898 -0.063584
12 25 -0.084532 0.003579 -0.061492
13 25 -0.083177 0.002486 -0.057820
14 25 -0.078886 0.001668 -0.052542
15 25 -0.072717 0.000737 -0.046660
16 25 -0.065085 -0.000453 -0.039657
17 25 -0.054605 -0.001574 -0.031012
18 25 -0.042480 -0.002287 -0.022368
19 25 -0.031343 -0.002691 -0.014482
20 25 -0.020308 -0.003204 -0.005999
21 25 -0.007575 -0.004034 0.003102
22 25 0.005354 -0.004931 0.011238
23 25 0.016758 -0.005500 0.018328
24 25 0.027464 -0.005580 0.025244
25 25 0.037590 -0.005276 0.031201
26 25 0.045087 -0.004778 0.034905
27 25 0.049383 -0.004254 0.036998
28 25 0.052464 -0.003815 0.038783
29 25 0.055146 -0.003474 0.039764
30 25 0.055669 -0.003160 0.038618
31 25 0.053006 -0.002810 0.035634
32 25 0.048748 -0.002431 0.032286
33 25 0.044475 -0.002060 0.028882
34 25 0.039346 -0.001697 0.024286
35 25 0.031758 -0.001319 0.017997
36 25 0.022130 -0.000930 0.011243
37 25 0.012423 -0.000564 0.005653
38 25 0.003201 -0.000234 0.001735
39 25 -0.007654 0.000096 -0.000693
40 25 -0.022841 0.000477 -0.001263
41 25 -0.042203 0.000914 0.000273
42 25 -0.060700 0.001312 0.001555
43 25 -0.069889 0.001507 -0.002507
44 25 -0.064256 0.001404 -0.014489
45 25 -0.048493 0.001102 -0.029662
46 25 -0.034393 0.000815 -0.041226
47 25 -0.025733 0.000596 -0.049611
48 25 -0.014562 0.000316 -0.057763
49 25 0.000000 0.000000 0.000000

0 26 0.000000 0.000000 0.000000
1 26 0.061075 0.041669 -0.016625
2 26 0.049193 0.029327 -0.024223
3 26 0.026160 0.022980 -0.030983
4 26 0.001364 0.020309 -0.038270
5 26 -0.021401 0.019241 -0.045372
6 26 -0.040999 0.018441 -0.051939
7 26 -0.057096 0.017562 -0.057182
8 26 -0.069409 0.016573 -0.061014
9 26 -0.078956 0.015166 -0.063726
10 26 -0.085219 0.013262 -0.064309
11 26 -0.087487 0.011265 -0.063099
12 26 -0.087867 0.009386 -0.061220
13 26 -0.086460 0.007331 -0.057593
14 26 -0.081249 0.005006 -0.051848
15 26 -0.073665 0.002885 -0.045614
16 26 -0.065657 0.001277 -0.038891
17 26 -0.056027 -0.000152 -0.030814
18 26 -0.044540 -0.001746 -0.022305
19 26 -0.032710 -0.003320 -0.013959
20 26 -0.020265 -0.004463 -0.005026
21 26 -0.006999 -0.005011 0.003873
22 26 0.004847 -0.005128 0.011189
23 26 0.014285 -0.005148 0.017382
24 26 0.023363 -0.005348 0.023754
25 26 0.032844 -0.005730 0.029590
26 26 0.040632 -0.006061 0.033478
27 26 0.045771 -0.006146 0.035890
28 26 0.049788 -0.005982 0.037943
29 26 0.053151 -0.005640 0.039039
30 26 0.054025 -0.005150 0.037902
31 26 0.051543 -0.004538 0.034929
32 26 0.047444 -0.003887 0.031623
33 26 0.043311 -0.003275 0.028247
34 26 0.038256 -0.002692 0.023648
35 26 0.030713 -0.002088 0.017369
36 26 0.021176 -0.001465 0.010675
37 26 0.011620 -0.000876 0.005159
38 26 0.002545 -0.000343 0.001268
39 26 -0.008204 0.000194 -0.001188
40 26 -0.023294 0.000822 -0.001784
41 26 -0.042540 0.001543 -0.000190
42 26 -0.060965 0.002201 0.001277
43 26 -0.070221 0.002528 -0.002528
44 26 -0.064751 0.002361 -0.014326
45 26 -0.049049 0.001859 -0.029483
46 26 -0.034827 0.001376 -0.041082
47 26 -0.026034 0.001006 -0.049387
48 26 -0.014785 0.000538 -0.057446
49 26 0.000000 0.000000 0.000000

0 27 0.000000 0.000000 0.000000
1 27 -0.001195 0.057396 -0.016874
2 27 -0.001170 0.047106 -0.027074
3 27 -0.010631 0.039459 -0.034796
4 27 -0.024572 0.034019 -0.041594
5 27 -0.038971 0.029772 -0.047567
6 27 -0.052974 0.026322 -0.053317
7 27 -0.066123 0.023252 -0.057948
8 27 -0.076431 0.020136 -0.060981
9 27 -0.084453 0.017212 -0.063162
10 27 -0.090583 0.014641 -0.063825
11 27 -0.093540 0.011994 -0.062702
12 27 -0.093795 0.009162 -0.060460
13 27 -0.091638 0.006551 -0.056620
14 27 -0.086656 0.004278 -0.051360
15 27 -0.080196 0.002036 -0.045695
16 27 -0.072416 -0.000369 -0.038878
17 27 -0.061690 -0.002710 -0.030429
18 27 -0.049379 -0.004577 -0.022083
19 27 -0.038117 -0.005915 -0.014478
20 27 -0.026913 -0.007147 -0.006260
21 27 -0.014129 -0.008592 0.002455
22 27 -0.001293 -0.010037 0.010191
23 27 0.010211 -0.011057 0.017075
24 27 0.021332 -0.011482 0.023895
25 27 0.031881 -0.011379 0.029678
26 27 0.039664 -0.010873 0.033197
27 27 0.044308 -0.010137 0.035245
28 27 0.047863 -0.009371 0.037045
29 27 0.050924 -0.008643 0.037954
30 27 0.051647 -0.007867 0.036709
31 27 0.049217 -0.006970 0.033758
32 27 0.045359 -0.006015 0.030554
33 27 0.041484 -0.005088 0.027241
34 27 0.036564 -0.004179 0.022637
35 27 0.029083 -0.003236 0.016371
36 27 0.019678 -0.002277 0.009768
37 27 0.010347 -0.001385 0.004363
38 27 0.001492 -0.000589 0.000508
39 27 -0.009099 0.000201 -0.002002
40 27 -0.024037 0.001107 -0.002643
41 27 -0.043088 0.002134 -0.000953
42 27 -0.061386 0.003068 0.000817
43 27 -0.070752 0.003545 -0.002563
44 27 -0.065561 0.003332 -0.014054
45 27 -0.049972 0.002639 -0.029180
46 27 -0.035549 0.001956 -0.040836
47 27 -0.026525 0.001432 -0.049009
48 27 -0.015146 0.000771 -0.056909
49 27 0.000000 0.000000 0.000000

0 28 0.000000 0.000000 0.000000
1 28 -0.042986 0.067406 -0.016131
2 28 -0.039357 0.057313 -0.027650
3 28 -0.043524 0.048577 -0.036303
4 28 -0.052362 0.041811 -0.043342
5 28 -0.062947 0.036663 -0.049300
6 28 -0.073708 0.032298 -0.054502
7 28 -0.083142 0.028283 -0.058322
8 28 -0.090389 0.024537 -0.061029
9 28 -0.096342 0.020770 -0.062913
10 28 -0.099870 0.016720 -0.062788
11 28 -0.099980 0.012667 -0.061123
12 28 -0.098810 0.008971 -0.058999
13 28 -0.096240 0.005366 -0.055247
14 28 -0.090257 0.001573 -0.049626
15 28 -0.082227 -0.001974 -0.043607
16 28 -0.073685 -0.004846 -0.037008
17 28 -0.063575 -0.007315 -0.029249
18 28 -0.052125 -0.009767 -0.021341
19 28 -0.040502 -0.012106 -0.013491
20 28 -0.027892 -0.013986 -0.004866
21 28 -0.014334 -0.015161 0.003618
22 28 -0.002417 -0.015622 0.010428
23 28 0.007078 -0.015667 0.016241
24 28 0.016300 -0.015694 0.022255
25 28 0.025732 -0.015801 0.027585
26 28 0.033313 -0.015748 0.031015
27 28 0.038521 -0.015342 0.033253
28 28 0.042963 -0.014611 0.035265
29 28 0.046714 -0.013625 0.036211
30 28 0.047783 -0.012371 0.034907
31 28 0.045598 -0.010885 0.031979
32 28 0.042067 -0.009332 0.028881
33 28 0.038501 -0.007848 0.025629
34 28 0.033749 -0.006417 0.021021
35 28 0.026391 -0.004972 0.014803
36 28 0.017239 -0.003544 0.008363
37 28 0.008295 -0.002243 0.003145
38 28 -0.000197 -0.001096 -0.000638
39 28 -0.010522 0.000020 -0.003198
40 28 -0.025198 0.001261 -0.003878
41 28 -0.043924 0.002632 -0.002040
42 28 -0.061999 0.003873 0.000155
43 28 -0.071491 0.004531 -0.002633
44 28 -0.066690 0.004306 -0.013686
45 28 -0.051273 0.003439 -0.028752
46 28 -0.036567 0.002557 -0.040481
47 28 -0.027199 0.001874 -0.048469
48 28 -0.015631 0.001019 -0.056137
49 28 0.000000 0.000000 0.000000

0 29 0.000000 0.000000 0.000000
1 29 -0.080028 0.072935 -0.015003
2 29 -0.075219 0.065023 -0.026746
3 29 -0.074852 0.056525 -0.036043
4 29 -0.078382 0.048343 -0.043368
5 29 -0.083647 0.040675 -0.049051
6 29 -0.090171 0.033868 -0.054011
7 29 -0.097235 0.027893 -0.057692
8 29 -0.102858 0.022277 -0.059968
9 29 -0.107163 0.017119 -0.061379
10 29 -0.109936 0.012609 -0.061326
11 29 -0.110342 0.008343 -0.059945
12 29 -0.108879 0.004063 -0.057583
13 29 -0.104995 0.000016 -0.053507
14 29 -0.098467 -0.003574 -0.048326
15 29 -0.091216 -0.006849 -0.043057
16 29 -0.082977 -0.010134 -0.036599
17 29 -0.071812 -0.013420 -0.028597
18 29 -0.059324 -0.016213 -0.020875
19 29 -0.047994 -0.018240 -0.013817
20 29 -0.036714 -0.019898 -0.006185
21 29 -0.024309 -0.021627 0.001611
22 29 -0.012293 -0.023301 0.008384
23 29 -0.001276 -0.024543 0.014673
24 29 0.009919 -0.025154 0.021063
25 29 0.020540 -0.025070 0.026262
26 29 0.028232 -0.024285 0.029242
27 29 0.033053 -0.022987 0.031057
28 29 0.037100 -0.021479 0.032729
29 29 0.040514 -0.019871 0.033355
30 29 0.041379 -0.018065 0.031858
31 29 0.039343 -0.016023 0.028990
32 29 0.036321 -0.013893 0.026101
33 29 0.033321 -0.011808 0.023002
34 29 0.028966 -0.009743 0.018466
35 29 0.021955 -0.007645 0.012394
36 29 0.013315 -0.005592 0.006243
37 29 0.005022 -0.003734 0.001326
38 29 -0.002882 -0.002101 -0.002313
39 29 -0.012762 -0.000541 -0.004888
40 29 -0.026993 0.001132 -0.005567
41 29 -0.045193 0.002921 -0.003502
42 29 -0.062884 0.004526 -0.000750
43 29 -0.072477 0.005424 -0.002776
44 29 -0.068161 0.005242 -0.013246
45 29 -0.052978 0.004240 -0.028202
46 29 -0.037900 0.003166 -0.040011
47 29 -0.028050 0.002324 -0.047762
48 29 -0.016224 0.001276 -0.055118
49 29 0.000000 0.000000 0.000000

0 30 0.000000 0.000000 0.000000
1 30 -0.102914 0.069358 -0.013466
2 30 -0.100719 0.062135 -0.024928
3 30 -0.101576 0.054380 -0.034404
4 30 -0.104558 0.046854 -0.041907
5 30 -0.108470 0.039931 -0.047965
6 30 -0.113057 0.033463 -0.052909
7 30 -0.116725 0.027220 -0.056066
8 30 -0.118817 0.021362 -0.058171
9 30 -0.120605 0.015912 -0.059533
10 30 -0.120590 0.010460 -0.058907
11 30 -0.117733 0.005094 -0.056973
12 30 -0.114113 0.000329 -0.054643
13 30 -0.109423 -0.004031 -0.050820
14 30 -0.102082 -0.008476 -0.045574
15 30 -0.093304 -0.012740 -0.039975
16 30 -0.083788 -0.016350 -0.033579
17 30 -0.072880 -0.019421 -0.026387
18 30 -0.061657 -0.022292 -0.019524
19 30 -0.050696 -0.025060 -0.012575
20 30 -0.038381 -0.027574 -0.004661
21 30 -0.025128 -0.029464 0.002897
22 30 -0.013844 -0.030435 0.008717
23 30 -0.004912 -0.030691 0.013747
24 30 0.003768 -0.030727 0.018885
25 30 0.012166 -0.030711 0.023038
26 30 0.018479 -0.030425 0.025432
27 30 0.023005 -0.029709 0.027125
28 30 0.027407 -0.028599 0.028780
29 30 0.031147 -0.027072 0.029242
30 30 0.032151 -0.025026 0.027580
31 30 0.030395 -0.022524 0.024761
32 30 0.027926 -0.019823 0.022062
33 30 0.025507 -0.017102 0.019096
34 30 0.021599 -0.014337 0.014652
35 30 0.015091 -0.011492 0.008821
36 30 0.007237 -0.008700 0.003109
37 30 -0.000082 -0.006159 -0.001363
38 30 -0.007105 -0.003900 -0.004752
39 30 -0.016277 -0.001749 -0.007259
40 30 -0.029787 0.000489 -0.007846
41 30 -0.047155 0.002805 -0.005440
42 30 -0.064211 0.004870 -0.001981
43 30 -0.073812 0.006103 -0.003065
44 30 -0.070046 0.006060 -0.012786
45 30 -0.055149 0.004989 -0.027552
46 30 -0.039594 0.003750 -0.039428
47 30 -0.029084 0.002757 -0.046886
48 30 -0.016912 0.001528 -0.053842
49 30 0.000000 0.000000 0.000000

0 31 0.000000 0.000000 0.000000
1 31 -0.124517 0.062113 -0.011878
2 31 -0.123256 0.056875 -0.022460
3 31 -0.122725 0.050014 -0.031637
4 31 -0.123594 0.042611 -0.039123
5 31 -0.125024 0.035154 -0.044991
6 31 -0.127033 0.028242 -0.049744
7 31 -0.129040 0.022186 -0.053019
8 31 -0.130060 0.016634 -0.055080
9 31 -0.130042 0.011501 -0.055975
10 31 -0.128164 0.006946 -0.055273
11 31 -0.124661 0.002798 -0.053751
12 31 -0.120288 -0.001299 -0.051304
13 31 -0.113506 -0.005442 -0.046965
14 31 -0.104444 -0.009305 -0.041895
15 31 -0.095642 -0.012699 -0.037024
16 31 -0.086427 -0.016064 -0.030999
17 31 -0.074845 -0.019694 -0.023759
18 31 -0.062622 -0.023078 -0.016984
19 31 -0.051609 -0.025725 -0.010652
20 31 -0.040747 -0.027898 -0.003950
21 31 -0.029846 -0.030033 0.002260
22 31 -0.020277 -0.032153 0.007345
23 31 -0.011418 -0.034088 0.012375
24 31 -0.001862 -0.035648 0.017567
25 31 0.006954 -0.036527 0.021324
26 31 0.012767 -0.036502 0.023041
27 31 0.016303 -0.035742 0.024041
28 31 0.019512 -0.034579 0.024940
29 31 0.021893 -0.033072 0.024584
30 31 0.021707 -0.031073 0.022330
31 31 0.019403 -0.028591 0.019335
32 31 0.017029 -0.025832 0.016694
33 31 0.014917 -0.022905 0.013760
34 31 0.011315 -0.019742 0.009370
35 31 0.005341 -0.016334 0.003836
36 31 -0.001535 -0.012892 -0.001314
37 31 -0.007611 -0.009673 -0.005215
38 31 -0.013478 -0.006722 -0.008247
39 31 -0.021651 -0.003868 -0.010571
40 31 -0.034083 -0.000936 -0.010927
41 31 -0.050212 0.002033 -0.008021
42 31 -0.066277 0.004681 -0.003688
43 31 -0.075706 0.006384 -0.003634
44 31 -0.072496 0.006620 -0.012406
45 31 -0.057910 0.005591 -0.026849
46 31 -0.041739 0.004240 -0.038747
47 31 -0.030336 0.003121 -0.045853
48 31 -0.017693 0.001745 -0.052314
49 31 0.000000 0.000000 0.000000

0 32 0.000000 0.000000 0.000000
1 32 -0.134535 0.046240 -0.010093
2 32 -0.137069 0.043617 -0.019669
3 32 -0.139008 0.040135 -0.028316
4 32 -0.139919 0.036054 -0.035312
5 32 -0.139614 0.031746 -0.041091
6 32 -0.139080 0.027427 -0.045689
7 32 -0.137046 0.022838 -0.048304
8 32 -0.133410 0.018223 -0.049877
9 32 -0.129761 0.013977 -0.050580
10 32 -0.124801 0.009679 -0.049444
11 32 -0.117939 0.005179 -0.047248
12 32 -0.110661 0.001031 -0.044416
13 32 -0.102527 -0.002756 -0.040284
14 32 -0.093170 -0.006645 -0.035455
15 32 -0.083461 -0.010635 -0.030238
16 32 -0.072738 -0.014410 -0.023912
17 32 -0.061019 -0.017780 -0.017336
18 32 -0.050467 -0.020786 -0.011662
19 32 -0.040910 -0.023760 -0.005805
20 32 -0.030051 -0.026909 0.000963
21 32 -0.018735 -0.029799 0.007022
22 32 -0.009711 -0.031839 0.011438
23 32 -0.002786 -0.033085 0.015291
24 32 0.003557 -0.034008 0.018825
25 32 0.008472 -0.034789 0.020809
26 32 0.010807 -0.035324 0.021203
27 32 0.011987 -0.035614 0.021390
28 32 0.013561 -0.035676 0.021542
29 32 0.014328 -0.035286 0.020296
30 32 0.012551 -0.034186 0.017271
31 32 0.009095 -0.032424 0.013826
32 32 0.006029 -0.030239 0.010875
33 32 0.003349 -0.027702 0.007588
34 32 -0.000721 -0.024693 0.002959
35 32 -0.006674 -0.021217 -0.002425
36 32 -0.012813 -0.017535 -0.007060
37 32 -0.017715 -0.013932 -0.010393
38 32 -0.022388 -0.010454 -0.013036
39 32 -0.029391 -0.006949 -0.015085
40 32 -0.040411 -0.003301 -0.015055
41 32 -0.054850 0.000385 -0.011473
42 32 -0.069493 0.003719 -0.006086
43 32 -0.078487 0.006040 -0.004689
44 32 -0.075770 0.006731 -0.012268
45 32 -0.061473 0.005897 -0.026188
46 32 -0.044497 0.004526 -0.038017
47 32 -0.031891 0.003332 -0.044701
48 32 -0.018589 0.001873 -0.050569
49 32 0.000000 0.000000 0.000000

0 33 0.000000 0.000000 0.000000
1 33 -0.139141 0.033422 -0.008329
2 33 -0.140503 0.033746 -0.016473
3 33 -0.140152 0.032588 -0.023947
4 33 -0.138765 0.030698 -0.030258
5 33 -0.136628 0.028388 -0.035463
6 33 -0.133844 0.025881 -0.039290
7 33 -0.129805 0.023426 -0.041627
8 33 -0.125160 0.020965 -0.043139
9 33 -0.119792 0.018199 -0.043150
10 33 -0.112271 0.015116 -0.041475
11 33 -0.104066 0.012059 -0.039478
12 33 -0.096173 0.008879 -0.036596
13 33 -0.086395 0.005123 -0.031896
14 33 -0.075174 0.001172 -0.026839
15 33 -0.064954 -0.002346 -0.021994
16 33 -0.054865 -0.005744 -0.016224
17 33 -0.043747 -0.009492 -0.009972
18 33 -0.033035 -0.013247 -0.004242
19 33 -0.023126 -0.016509 0.001522
20 33 -0.013339 -0.019251 0.007275
21 33 -0.005047 -0.021632 0.011658
22 33 0.000674 -0.023851 0.014819
23 33 0.005756 -0.026191 0.018202
24 33 0.011505 -0.028624 0.021465
25 33 0.015908 -0.030661 0.022973
26 33 0.017325 -0.031942 0.022777
27 33 0.017125 -0.032643 0.022202
28 33 0.016560 -0.033046 0.021166
29 33 0.014380 -0.033104 0.018437
30 33 0.009515 -0.032665 0.014116
31 33 0.003524 -0.031815 0.009742
32 33 -0.001569 -0.030708 0.005961
33 33 -0.006159 -0.029238 0.001773
34 33 -0.011946 -0.027143 -0.003576
35 33 -0.018907 -0.024384 -0.009183
36 33 -0.025118 -0.021214 -0.013607
37 33 -0.029492 -0.017879 -0.016634
38 33 -0.033440 -0.014379 -0.019065
39 33 -0.039485 -0.010576 -0.020880
40 33 -0.049001 -0.006438 -0.020386
41 33 -0.061427 -0.002152 -0.016000
42 33 -0.074264 0.001855 -0.009421
43 33 -0.082547 0.004885 -0.006491
44 33 -0.080214 0.006199 -0.012600
45 33 -0.066137 0.005734 -0.025721
46 33 -0.048115 0.004459 -0.037326
47 33 -0.033906 0.003269 -0.043510
48 33 -0.019662 0.001836 -0.048696
49 33 0.000000 0.000000 0.000000

0 34 0.000000 0.000000 0.000000
1 34 -0.129531 0.019739 -0.006456
2 34 -0.131715 0.024893 -0.013052
3 34 -0.131100 0.028700 -0.019316
4 34 -0.127802 0.030863 -0.024393
5 34 -0.122406 0.031481 -0.028587
6 34 -0.116371 0.031019 -0.031685
7 34 -0.109204 0.029350 -0.033197
8 34 -0.101286 0.026695 -0.033780
9 34 -0.093420 0.023696 -0.033254
10 34 -0.085023 0.020337 -0.031509
11 34 -0.076430 0.016479 -0.029136
12 34 -0.067521 0.012411 -0.025637
13 34 -0.057585 0.008430 -0.021161
14 34 -0.048038 0.004595 -0.016883
15 34 -0.039203 0.000677 -0.012112
16 34 -0.028928 -0.003469 -0.006019
17 34 -0.017919 -0.007359 -0.000193
18 34 -0.008942 -0.010521 0.004496
19 34 -0.001217 -0.013377 0.009427
20 34 0.007312 -0.016488 0.014787
21 34 0.015478 -0.019559 0.019140
22 34 0.021726 -0.021977 0.022440
23 34 0.026882 -0.023652 0.025518
24 34 0.031034 -0.024770 0.027594
25 34 0.032279 -0.025399 0.027521
26 34 0.030395 -0.025722 0.026107
27 34 0.027640 -0.026115 0.024678
28 34 0.024849 -0.026680 0.022689
29 34 0.020240 -0.027114 0.018853
30 34 0.012938 -0.027198 0.013572
31 34 0.004746 -0.027081 0.008363
32 34 -0.002655 -0.026925 0.003526
33 34 -0.010017 -0.026552 -0.002009
34 34 -0.018693 -0.025642 -0.008589
35 34 -0.027921 -0.024126 -0.014945
36 34 -0.035488 -0.022183 -0.019723
37 34 -0.040617 -0.019903 -0.023020
38 34 -0.044987 -0.017143 -0.025720
39 34 -0.050894 -0.013718 -0.027596
40 34 -0.059310 -0.009648 -0.026762
41 34 -0.069789 -0.005179 -0.021618
42 34 -0.080707 -0.000751 -0.013852
43 34 -0.088150 0.002914 -0.009287
44 34 -0.086144 0.004923 -0.013658
45 34 -0.072229 0.004962 -0.025643
46 34 -0.052899 0.003895 -0.036810
47 34 -0.036607 0.002798 -0.042417
48 34 -0.021018 0.001547 -0.046860
49 34 0.000000 0.000000 0.000000

0 35 0.000000 0.000000 0.000000
1 35 -0.103991 0.013957 -0.004502
2 35 -0.103284 0.020547 -0.009326
3 35 -0.100966 0.025270 -0.013809
4 35 -0.097120 0.028369 -0.017620
5 35 -0.092844 0.030205 -0.021014
6 35 -0.087927 0.030693 -0.023067
7 35 -0.081408 0.029921 -0.023963
8 35 -0.074967 0.028456 -0.024506
9 35 -0.068320 0.026149 -0.023606
10 35 -0.059865 0.022791 -0.021368
11 35 -0.051299 0.019141 -0.019001
12 35 -0.043250 0.015499 -0.015796
13 35 -0.034145 0.011363 -0.011472
14 35 -0.024620 0.006914 -0.007041
15 35 -0.015508 0.002788 -0.002272
16 35 -0.006153 -0.000956 0.003014
17 35 0.002656 -0.004536 0.007762
18 35 0.010228 -0.008021 0.012204
19 35 0.018194 -0.011381 0.017355
20 35 0.026580 -0.014274 0.022134
21 35 0.032582 -0.016262 0.025039
22 35 0.035647 -0.017561 0.026953
23 35 0.038236 -0.018874 0.029094
24 35 0.040867 -0.020379 0.030556
25 35 0.041613 -0.021619 0.030306
26 35 0.040242 -0.022324 0.029165
27 35 0.038305 -0.022653 0.027911
28 35 0.035525 -0.022688 0.025534
29 35 0.029884 -0.022308 0.021011
30 35 0.021230 -0.021623 0.015204
31 35 0.011744 -0.021044 0.009528
32 35 0.002627 -0.020806 0.003835
33 35 -0.007289 -0.020707 -0.002985
34 35 -0.018959 -0.020448 -0.010852
35 35 -0.030912 -0.019996 -0.018204
36 35 -0.040749 -0.019443 -0.023841
37 35 -0.047969 -0.018663 -0.028099
38 35 -0.054258 -0.017281 -0.031763
39 35 -0.061363 -0.014987 -0.034258
40 35 -0.069678 -0.011763 -0.033502
41 35 -0.078871 -0.007817 -0.027939
42 35 -0.088280 -0.003513 -0.019261
43 35 -0.095129 0.000455 -0.013165
44 35 -0.093618 0.003034 -0.015625
45 35 -0.079941 0.003582 -0.026130
46 35 -0.059121 0.002762 -0.036623
47 35 -0.040242 0.001825 -0.041606
48 35 -0.022781 0.000936 -0.045314
49 35 0.000000 0.000000 0.000000

0 36 0.000000 0.000000 0.000000
1 36 -0.069614 0.008592 -0.002659
2 36 -0.069551 0.017006 -0.005674
3 36 -0.067468 0.022922 -0.008602
4 36 -0.063897 0.026401 -0.011136
5 36 -0.059563 0.027711 -0.013170
6 36 -0.054597 0.027467 -0.014279
7 36 -0.049345 0.026148 -0.014848
8 36 -0.044367 0.023968 -0.014726
9 36 -0.038427 0.021147 -0.013241
10 36 -0.031839 0.018160 -0.011418
11 36 -0.026096 0.015162 -0.009400
12 36 -0.019415 0.011724 -0.005874
13 36 -0.011002 0.008027 -0.001744
14 36 -0.003507 0.004784 0.001746
15 36 0.003140 0.001746 0.005798
16 36 0.011150 -0.001752 0.010789
17 36 0.019437 -0.005315 0.015257
18 36 0.026265 -0.008242 0.019138
19 36 0.032491 -0.010697 0.023174
20 36 0.038283 -0.013109 0.026589
21 36 0.042445 -0.015489 0.028870
22 36 0.045774 -0.017742 0.031123
23 36 0.049668 -0.019735 0.033517
24 36 0.052539 -0.021033 0.034410
25 36 0.052067 -0.021319 0.033235
26 36 0.049137 -0.020933 0.031392
27 36 0.045893 -0.020427 0.029541
28 36 0.041904 -0.019847 0.026534
29 36 0.035406 -0.018916 0.021716
30 36 0.026794 -0.017675 0.016188
31 36 0.017995 -0.016504 0.010928
32 36 0.009178 -0.015592 0.005201
33 36 -0.001427 -0.014817 -0.002115
34 36 -0.014443 -0.014131 -0.010561
35 36 -0.027935 -0.013758 -0.018476
36 36 -0.039626 -0.013861 -0.024966
37 36 -0.049354 -0.014185 -0.030556
38 36 -0.058562 -0.014171 -0.035741
39 36 -0.068099 -0.013363 -0.039453
40 36 -0.077560 -0.011614 -0.039388
41 36 -0.086636 -0.008946 -0.034060
42 36 -0.095546 -0.005490 -0.025093
43 36 -0.102587 -0.001795 -0.017876
44 36 -0.102144 0.000981 -0.018460
45 36 -0.089088 0.001840 -0.027238
46 36 -0.066829 0.001166 -0.036864
47 36 -0.044960 0.000369 -0.041280
48 36 -0.025030 0.000004 -0.044378
49 36 0.000000 0.000000 0.000000

0 37 0.000000 0.000000 0.000000
1 37 -0.026684 0.000617 -0.000871
2 37 -0.028740 0.007177 -0.002316
3 37 -0.030372 0.012426 -0.003773
4 37 -0.030667 0.016289 -0.005092
5 37 -0.030149 0.019143 -0.006365
6 37 -0.028352 0.020888 -0.006806
7 37 -0.024730 0.021317 -0.006648
8 37 -0.020283 0.020967 -0.006008
9 37 -0.014844 0.019971 -0.004417
10 37 -0.008488 0.018127 -0.002338
11 37 -0.001768 0.015720 0.000352
12 37 0.005839 0.013104 0.003939
13 37 0.013459 0.010407 0.007401
14 37 0.020102 0.007540 0.010871
15 37 0.027487 0.004344 0.015442
16 37 0.035737 0.001200 0.020003
17 37 0.042040 -0.001331 0.023239
18 37 0.046483 -0.003589 0.026394
19 37 0.051696 -0.006240 0.030281
20 37 0.057062 -0.008933 0.033383
21 37 0.060104 -0.010847 0.034964
22 37 0.061137 -0.011985 0.036048
23 37 0.061393 -0.012895 0.036658
24 37 0.059913 -0.013746 0.035694
25 37 0.056056 -0.014480 0.033483
26 37 0.051672 -0.015241 0.031418
27 37 0.048021 -0.016036 0.029353
28 37 0.043471 -0.016429 0.025851
29 37 0.036399 -0.016042 0.020771
30 37 0.027975 -0.015048 0.015535
31 37 0.020067 -0.013841 0.010752
32 37 0.012124 -0.012500 0.005316
33 37 0.002133 -0.010910 -0.001735
34 37 -0.010181 -0.009270 -0.009676
35 37 -0.022903 -0.008115 -0.017095
36 37 -0.034516 -0.007810 -0.023691
37 37 -0.045549 -0.008182 -0.030231
38 37 -0.057203 -0.008724 -0.036852
39 37 -0.069313 -0.009006 -0.041962
40 37 -0.080604 -0.008777 -0.043068
41 37 -0.090683 -0.007778 -0.038732
42 37 -0.100409 -0.005755 -0.030357
43 37 -0.108863 -0.002959 -0.022740
44 37 -0.110496 -0.000525 -0.021764
45 37 -0.098869 0.000246 -0.028764
46 37 -0.075633 -0.000556 -0.037487
47 37 -0.050639 -0.001356 -0.041580
48 37 -0.027694 -0.001131 -0.044374
49 37 0.000000 0.000000 0.000000

0 38 0.000000 0.000000 0.000000
1 38 0.005602 -0.006711 0.000472
2 38 0.002870 0.000020 0.000470
3 38 0.001771 0.005288 0.000493
4 38 0.001849 0.009443 0.000199
5 38 0.002434 0.012688 0.000174
6 38 0.004787 0.014822 0.000923
7 38 0.007900 0.016368 0.001510
8 38 0.010948 0.017460 0.002640
9 38 0.015767 0.017491 0.004928
10 38 0.021512 0.016882 0.007190
11 38 0.026716 0.016172 0.009689
12 38 0.032720 0.014823 0.013141
13 38 0.039478 0.012741 0.016680
14 38 0.045754 0.010607 0.020191
15 38 0.051983 0.008583 0.024117
16 38 0.057856 0.006450 0.027631
17 38 0.062431 0.004193 0.030603
18 38 0.066908 0.001863 0.034061
19 38 0.071758 -0.000274 0.037327
20 38 0.074474 -0.001770 0.038813
21 38 0.074168 -0.002812 0.039182
22 38 0.073457 -0.004169 0.039971
23 38 0.073449 -0.005988 0.040519
24 38 0.071954 -0.007558 0.039384
25 38 0.067876 -0.008432 0.037007
26 38 0.062722 -0.008904 0.034459
27 38 0.057005 -0.009268 0.031169
28 38 0.049165 -0.009403 0.026088
29 38 0.038896 -0.009260 0.019892
30 38 0.028434 -0.009107 0.014170
31 38 0.019437 -0.009033 0.009084
32 38 0.010818 -0.008645 0.003404
33 38 0.000842 -0.007540 -0.003371
34 38 -0.010164 -0.005891 -0.010248
35 38 -0.020570 -0.004322 -0.016297
36 38 -0.030100 -0.003312 -0.022014
37 38 -0.040331 -0.002909 -0.028508
38 38 -0.052475 -0.002961 -0.035661
39 38 -0.065678 -0.003379 -0.041573
40 38 -0.078134 -0.004018 -0.043766
41 38 -0.089479 -0.004417 -0.040891
42 38 -0.100951 -0.003918 -0.033936
43 38 -0.111993 -0.002377 -0.026768
44 38 -0.116877 -0.000767 -0.024776
45 38 -0.107830 -0.000547 -0.030192
46 38 -0.084551 -0.001859 -0.038207
47 38 -0.056718 -0.002928 -0.042493
48 38 -0.030445 -0.002206 -0.045505
49 38 0.000000 0.000000 0.000000

0 39 0.000000 0.000000 0.000000
1 39 0.038063 -0.014566 0.001624
2 39 0.034403 -0.006714 0.002888
3 39 0.032514 0.000622 0.003933
4 39 0.032227 0.006900 0.004802
5 39 0.033826 0.011679 0.006119
6 39 0.037100 0.014990 0.007535
7 39 0.040532 0.017004 0.008917
8 39 0.044947 0.017540 0.011302
9 39 0.050538 0.017013 0.013911
10 39 0.055007 0.016152 0.016054
11 39 0.059336 0.014626 0.019168
12 39 0.065239 0.012320 0.022949
13 39 0.070381 0.010227 0.025870
14 39 0.073976 0.008510 0.028815
15 39 0.078386 0.006362 0.032605
16 39 0.083274 0.003983 0.035965
17 39 0.086739 0.002217 0.038551
18 39 0.089377 0.000995 0.041187
19 39 0.091719 -0.000181 0.043374
20 39 0.092677 -0.001319 0.044479
21 39 0.092668 -0.002285 0.045419
22 39 0.092977 -0.002994 0.046465
23 39 0.092148 -0.003079 0.046047
24 39 0.087784 -0.002311 0.043479
25 39 0.080760 -0.001223 0.040204
26 39 0.073624 -0.000565 0.037143
27 39 0.066291 -0.000373 0.033214
28 39 0.056805 -0.000205 0.027523
29 39 0.045208 -0.000030 0.021024
30 39 0.033577 -0.000248 0.014917
31 39 0.022718 -0.000940 0.008843
32 39 0.011406 -0.001611 0.001870
33 39 -0.000876 -0.001767 -0.005598
34 39 -0.012474 -0.001393 -0.012099
35 39 -0.021700 -0.000756 -0.017104
36 39 -0.029289 0.000004 -0.021759
37 39 -0.037698 0.000857 -0.027414
38 39 -0.048311 0.001576 -0.033877
39 39 -0.060211 0.001725 -0.039367
40 39 -0.071870 0.001087 -0.041860
41 39 -0.083448 0.000080 -0.040284
42 39 -0.096528 -0.000434 -0.035123
43 39 -0.110577 -0.000005 -0.029030
44 39 -0.119486 0.000623 -0.026577
45 39 -0.114152 -0.000009 -0.030765
46 39 -0.092091 -0.002154 -0.038501
47 39 -0.062170 -0.003798 -0.043772
48 39 -0.032671 -0.002863 -0.047711
49 39 0.000000 0.000000 0.000000

0 40 0.000000 0.000000 0.000000
1 40 0.069287 -0.012202 0.002604
2 40 0.069732 -0.006105 0.004980
3 40 0.070227 -0.001045 0.007233
4 40 0.070539 0.003028 0.009249
5 40 0.070730 0.006285 0.011313
6 40 0.071118 0.008564 0.013315
7 40 0.071709 0.009945 0.015413
8 40 0.073075 0.010649 0.017877
9 40 0.074732 0.010771 0.020124
10 40 0.076412 0.010272 0.022614
11 40 0.079472 0.009194 0.025898
12 40 0.082937 0.008049 0.028721
13 40 0.085100 0.007022 0.031073
14 40 0.087918 0.005560 0.034432
15 40 0.092262 0.003834 0.037947
16 40 0.095129 0.002784 0.040044
17 40 0.095991 0.002265 0.041830
18 40 0.097605 0.001345 0.044385
19 40 0.099808 0.000218 0.046365
20 40 0.100087 -0.000177 0.046914
21 40 0.098540 0.000193 0.047009
22 40 0.096504 0.000680 0.046827
23 40 0.093255 0.001090 0.045372
24 40 0.088158 0.001528 0.042912
25 40 0.082846 0.001854 0.040715
26 40 0.078297 0.002085 0.038525
27 40 0.072585 0.002734 0.034805
28 40 0.063837 0.004133 0.029315
29 40 0.053078 0.005826 0.023387
30 40 0.042155 0.007045 0.017600
31 40 0.030679 0.007510 0.010944
32 40 0.017126 0.007422 0.002759
33 40 0.002060 0.006932 -0.005777
34 40 -0.011696 0.006037 -0.012854
35 40 -0.022172 0.004969 -0.018104
36 40 -0.030250 0.004288 -0.022734
37 40 -0.038186 0.004401 -0.027806
38 40 -0.047002 0.005064 -0.032984
39 40 -0.056045 0.005530 -0.036983
40 40 -0.064886 0.005238 -0.038718
41 40 -0.074908 0.004354 -0.037714
42 40 -0.088306 0.003620 -0.034050
43 40 -0.104568 0.003516 -0.029109
44 40 -0.117285 0.003435 -0.026467
45 40 -0.116238 0.002005 -0.029751
46 40 -0.096612 -0.001037 -0.037736
47 40 -0.065687 -0.003460 -0.044936
48 40 -0.033589 -0.002754 -0.050574
49 40 0.000000 0.000000 0.000000

0 41 0.000000 0.000000 0.000000
1 41 0.097155 -0.010423 0.003266
2 41 0.096766 -0.005951 0.006486
3 41 0.096490 -0.002738 0.009439
4 41 0.095660 -0.000442 0.012070
5 41 0.095041 0.000811 0.014944
6 41 0.094756 0.001299 0.017490
7 41 0.093939 0.001720 0.019846
8 41 0.093619 0.001818 0.022553
9 41 0.093927 0.001577 0.025088
10 41 0.094272 0.001514 0.027621
11 41 0.095186 0.001524 0.030389
12 41 0.096325 0.001357 0.032864
13 41 0.097561 0.001092 0.035486
14 41 0.099721 0.000856 0.038493
15 41 0.101598 0.000864 0.040701
16 41 0.101948 0.001033 0.042243
17 41 0.102711 0.000859 0.044526
18 41 0.104711 0.000501 0.046818
19 41 0.105026 0.000801 0.047367
20 41 0.102519 0.001711 0.046899
21 41 0.099961 0.002204 0.047033
22 41 0.098547 0.002027 0.047112
23 41 0.096040 0.002073 0.045724
24 41 0.091318 0.002899 0.043317
25 41 0.085766 0.004130 0.040839
26 41 0.079719 0.005389 0.037658
27 41 0.071710 0.006792 0.032891
28 41 0.061780 0.008396 0.027397
29 41 0.052177 0.009936 0.022599
30 41 0.043877 0.011303 0.018171
31 41 0.034825 0.012704 0.012446
32 41 0.022781 0.014091 0.004834
33 41 0.008396 0.014830 -0.003378
34 41 -0.005677 0.014280 -0.010705
35 41 -0.017848 0.012591 -0.016997
36 41 -0.028545 0.010681 -0.022919
37 41 -0.038478 0.009413 -0.028514
38 41 -0.047182 0.008918 -0.032908
39 41 -0.053876 0.008697 -0.035316
40 41 -0.059384 0.008263 -0.035762
41 41 -0.066620 0.007630 -0.034568
42 41 -0.078661 0.007211 -0.031638
43 41 -0.095339 0.007208 -0.027323
44 41 -0.110463 0.006961 -0.024303
45 41 -0.113306 0.005158 -0.026769
46 41 -0.096850 0.001529 -0.035412
47 41 -0.066084 -0.001650 -0.045370
48 41 -0.032502 -0.001674 -0.053328
49 41 0.000000 0.000000 0.000000

0 42 0.000000 0.000000 0.000000
1 42 0.118766 -0.012288 0.003724
2 42 0.116485 -0.011420 0.007382
3 42 0.112923 -0.009857 0.010489
4 42 0.109042 -0.007874 0.013687
5 42 0.106522 -0.006021 0.016815
6 42 0.104192 -0.003950 0.019241
7 42 0.102627 -0.002191 0.022140
8 42 0.103188 -0.001295 0.025260
9 42 0.103789 -0.000440 0.027638
10 42 0.104223 0.000316 0.030343
11 42 0.106112 0.000288 0.033505
12 42 0.108122 0.000121 0.036060
13 42 0.109286 0.000384 0.038464
14 42 0.110686 0.000568 0.041088
15 42 0.112012 0.000541 0.043222
16 42 0.112703 0.000734 0.045099
17 42 0.113440 0.001281 0.047075
18 42 0.113475 0.002179 0.048140
19 42 0.111518 0.003361 0.048092
20 42 0.109059 0.004427 0.048341
21 42 0.107699 0.005304 0.048900
22 42 0.105308 0.006685 0.047895
23 42 0.099353 0.008944 0.044892
24 42 0.091292 0.011317 0.041612
25 42 0.083869 0.012915 0.038817
26 42 0.076664 0.013824 0.035248
27 42 0.067687 0.014562 0.030190
28 42 0.057390 0.015116 0.024828
29 42 0.048060 0.015249 0.020310
30 42 0.040192 0.015341 0.016060
31 42 0.031986 0.016181 0.010908
32 42 0.022177 0.017906 0.004856
33 42 0.011442 0.019637 -0.001236
34 42 0.000690 0.020292 -0.007180
35 42 -0.010505 0.019535 -0.013661
36 42 -0.022840 0.017843 -0.020864
37 42 -0.035324 0.015878 -0.027587
38 42 -0.045453 0.014000 -0.032127
39 42 -0.051636 0.012310 -0.033840
40 42 -0.055217 0.010924 -0.033478
41 42 -0.060015 0.010065 -0.031920
42 42 -0.069744 0.009912 -0.029021
43 42 -0.084879 0.010287 -0.024523
44 42 -0.100254 0.010348 -0.020582
45 42 -0.105632 0.008784 -0.022015
46 42 -0.092350 0.005194 -0.031397
47 42 -0.062737 0.001543 -0.044500
48 42 -0.029117 0.000343 -0.055001
49 42 0.000000 0.000000 0.000000

0 43 0.000000 0.000000 0.000000
1 43 0.120425 -0.009276 0.003783
2 43 0.120193 -0.009402 0.007418
3 43 0.119321 -0.009217 0.010933
4 43 0.118747 -0.009075 0.014658
5 43 0.117819 -0.008649 0.017675
6 43 0.115918 -0.007942 0.020618
7 43 0.115171 -0.007675 0.024064
8 43 0.114470 -0.007245 0.026586
9 43 0.112511 -0.006407 0.028828
10 43 0.112005 -0.006176 0.031987
11 43 0.112578 -0.006107 0.034536
12 43 0.111578 -0.005269 0.036161
13 43 0.110743 -0.004493 0.038518
14 43 0.111639 -0.004270 0.041084
15 43 0.111890 -0.003550 0.042539
16 43 0.110745 -0.002049 0.043686
17 43 0.109975 -0.000617 0.045145
18 43 0.109348 0.000614 0.046007
19 43 0.107711 0.002176 0.046182
20 43 0.105683 0.004155 0.046372
21 43 0.103332 0.006427 0.045966
22 43 0.099097 0.008991 0.044095
23 43 0.093189 0.011447 0.041708
24 43 0.088048 0.013202 0.040084
25 43 0.084148 0.014535 0.038455
26 43 0.078853 0.016442 0.035187
27 43 0.070394 0.019175 0.030302
28 43 0.060053 0.021714 0.025074
29 43 0.049573 0.022990 0.019886
30 43 0.038862 0.023076 0.014111
31 43 0.027546 0.022880 0.007876
32 43 0.016950 0.023059 0.002451
33 43 0.008745 0.023581 -0.001506
34 43 0.002228 0.024078 -0.005177
35 43 -0.005519 0.024210 -0.010364
36 43 -0.016419 0.023669 -0.017333
37 43 -0.029061 0.022163 -0.024332
38 43 -0.039944 0.019667 -0.029226
39 43 -0.046794 0.016656 -0.031289
40 43 -0.050558 0.013968 -0.031266
41 43 -0.054600 0.012324 -0.029906
42 43 -0.062301 0.011947 -0.026841
43 43 -0.074660 0.012474 -0.021570
44 43 -0.088201 0.012983 -0.016182
45 43 -0.094287 0.012182 -0.016230
46 43 -0.083569 0.009368 -0.026024
47 43 -0.055851 0.005701 -0.041957
48 43 -0.023750 0.003025 -0.054659
49 43 0.000000 0.000000 0.000000

0 44 0.000000 0.000000 0.000000
1 44 0.118962 -0.005441 0.003587
2 44 0.118906 -0.006107 0.007075
3 44 0.118689 -0.006909 0.010747
4 44 0.118574 -0.008045 0.014147
5 44 0.117480 -0.009254 0.017129
6 44 0.116562 -0.010885 0.020546
7 44 0.115950 -0.012531 0.023456
8 44 0.113761 -0.013476 0.025587
9 44 0.111864 -0.014379 0.028440
10 44 0.111377 -0.015181 0.031136
11 44 0.109450 -0.014835 0.032519
12 44 0.106865 -0.013989 0.034341
13 44 0.106564 -0.013547 0.036976
14 44 0.106363 -0.012466 0.038378
15 44 0.103948 -0.010229 0.038861
16 44 0.102038 -0.008173 0.040275
17 44 0.102061 -0.006694 0.041877
18 44 0.101196 -0.004553 0.042099
19 44 0.098328 -0.001481 0.041653
20 44 0.095480 0.001408 0.041567
21 44 0.093200 0.003708 0.041188
22 44 0.090242 0.006103 0.040012
23 44 0.086680 0.008942 0.038710
24 44 0.083078 0.011947 0.037266
25 44 0.078208 0.015046 0.034563
26 44 0.070913 0.018445 0.030540
27 44 0.062738 0.021999 0.026709
28 44 0.055838 0.025204 0.023727
29 44 0.049290 0.027722 0.020111
30 44 0.040110 0.029441 0.014356
31 44 0.027745 0.030186 0.007317
32 44 0.015431 0.029840 0.001377
33 44 0.006537 0.028807 -0.002353
34 44 0.000829 0.027943 -0.005140
35 44 -0.004844 0.027764 -0.008935
36 44 -0.012866 0.027816 -0.014225
37 44 -0.022650 0.027013 -0.019804
38 44 -0.031818 0.024658 -0.024209
39 44 -0.038767 0.021105 -0.026932
40 44 -0.043882 0.017489 -0.028191
41 44 -0.048878 0.014896 -0.027853
42 44 -0.055597 0.013777 -0.024947
43 44 -0.064977 0.013926 -0.018876
44 44 -0.075387 0.014660 -0.011953
45 44 -0.080576 0.014871 -0.010426
46 44 -0.071610 0.013432 -0.019993
47 44 -0.046396 0.010219 -0.037666
48 44 -0.017287 0.005961 -0.051634
49 44 0.000000 0.000000 0.000000

0 45 0.000000 0.000000 0.000000
1 45 0.114483 -0.001043 0.003241
2 45 0.114856 -0.006427 0.006541
3 45 0.113345 -0.010973 0.009786
4 45 0.110184 -0.014320 0.012570
5 45 0.106333 -0.016654 0.015408
6 45 0.103156 -0.018219 0.018136
7 45 0.099724 -0.018749 0.020121
8 45 0.096642 -0.018761 0.022396
9 45 0.095486 -0.018707 0.024958
10 45 0.094241 -0.017916 0.026490
11 45 0.092251 -0.016589 0.028000
12 45 0.092174 -0.015622 0.030480
13 45 0.092886 -0.014349 0.032154
14 45 0.091401 -0.012018 0.032610
15 45 0.089825 -0.009671 0.033929
16 45 0.090532 -0.007894 0.035905
17 45 0.090498 -0.005467 0.036313
18 45 0.087502 -0.001905 0.035576
19 45 0.084524 0.001522 0.035758
20 45 0.083457 0.004171 0.036358
21 45 0.081567 0.006994 0.035478
22 45 0.076981 0.010673 0.033412
23 45 0.071636 0.014640 0.031660
24 45 0.066895 0.018173 0.029920
25 45 0.061219 0.021073 0.026919
26 45 0.053936 0.023197 0.023178
27 45 0.047502 0.024469 0.020530
28 45 0.043948 0.025562 0.019250
29 45 0.041449 0.027601 0.017459
30 45 0.036379 0.030777 0.013583
31 45 0.027632 0.033761 0.008155
32 45 0.017400 0.034967 0.002839
33 45 0.008250 0.034178 -0.001498
34 45 0.000792 0.032638 -0.005196
35 45 -0.005781 0.031622 -0.008780
36 45 -0.012041 0.031196 -0.012236
37 45 -0.017904 0.030373 -0.015341
38 45 -0.023386 0.028251 -0.018212
39 45 -0.028989 0.024861 -0.021131
40 45 -0.035142 0.021049 -0.023795
41 45 -0.041667 0.017789 -0.024894
42 45 -0.048239 0.015680 -0.022632
43 45 -0.055118 0.014947 -0.016294
44 45 -0.062123 0.015510 -0.008405
45 45 -0.065542 0.016685 -0.005530
46 45 -0.057781 0.016918 -0.014121
47 45 -0.035759 0.014487 -0.031815
48 45 -0.010918 0.008729 -0.045673
49 45 0.000000 0.000000 0.000000

0 46 0.000000 0.000000 0.000000
1 46 0.090863 0.001267 0.002563
2 46 0.090606 -0.005089 0.005220
3 46 0.089877 -0.010512 0.007741
4 46 0.088615 -0.014860 0.010184
5 46 0.087457 -0.018256 0.012696
6 46 0.086044 -0.020529 0.014756
7 46 0.084084 -0.021827 0.016680
8 46 0.082833 -0.022621 0.018897
9 46 0.081706 -0.022623 0.020513
10 46 0.079624 -0.021809 0.021697
11 46 0.078385 -0.020930 0.023557
12 46 0.078271 -0.019745 0.025177
13 46 0.076763 -0.017557 0.025632
14 46 0.074637 -0.015126 0.026454
15 46 0.074590 -0.013111 0.028215
16 46 0.074786 -0.010444 0.028925
17 46 0.072285 -0.006605 0.028213
18 46 0.069349 -0.002992 0.028284
19 46 0.069061 -0.000237 0.029514
20 46 0.069079 0.003118 0.029582
21 46 0.065756 0.007843 0.027684
22 46 0.060520 0.012411 0.025843
23 46 0.057229 0.015489 0.025411
24 46 0.056030 0.018032 0.025154
25 46 0.053757 0.021545 0.023485
26 46 0.048694 0.025638 0.020526
27 46 0.041984 0.028677 0.017262
28 46 0.035246 0.030187 0.014128
29 46 0.029122 0.031363 0.011164
30 46 0.023898 0.033315 0.008611
31 46 0.019680 0.035693 0.006497
32 46 0.015592 0.037281 0.004068
33 46 0.010011 0.037429 0.000445
34 46 0.002402 0.036536 -0.004123
35 46 -0.005551 0.035344 -0.008180
36 46 -0.011343 0.034131 -0.010490
37 46 -0.014210 0.032621 -0.011373
38 46 -0.016004 0.030442 -0.012428
39 46 -0.019416 0.027523 -0.014894
40 46 -0.025444 0.024116 -0.018291
41 46 -0.032691 0.020631 -0.020497
42 46 -0.039083 0.017601 -0.019128
43 46 -0.044037 0.015752 -0.013363
44 46 -0.048149 0.015819 -0.005639
45 46 -0.049776 0.017724 -0.002117
46 46 -0.043198 0.019566 -0.009067
47 46 -0.025267 0.018016 -0.024759
48 46 -0.005724 0.010998 -0.036944
49 46 0.000000 0.000000 0.000000

0 47 0.000000 0.000000 0.000000
1 47 0.062763 0.001766 0.001777
2 47 0.062040 -0.003588 0.003579
3 47 0.061617 -0.008090 0.005344
4 47 0.061634 -0.012136 0.007193
5 47 0.061910 -0.015837 0.008921
6 47 0.061854 -0.019080 0.010478
7 47 0.061776 -0.021926 0.012170
8 47 0.061619 -0.024181 0.013621
9 47 0.060592 -0.025512 0.014658
10 47 0.059460 -0.026151 0.015939
11 47 0.058870 -0.026196 0.017187
12 47 0.057533 -0.025213 0.017696
13 47 0.055586 -0.023394 0.018248
14 47 0.054829 -0.021403 0.019406
15 47 0.054455 -0.018962 0.019983
16 47 0.052527 -0.015509 0.019633
17 47 0.050473 -0.011681 0.019844
18 47 0.050324 -0.008323 0.020824
19 47 0.050244 -0.004863 0.020860
20 47 0.047882 -0.000373 0.019666
21 47 0.044990 0.004600 0.019036
22 47 0.044203 0.008743 0.019509
23 47 0.044204 0.012021 0.019391
24 47 0.042124 0.015746 0.017795
25 47 0.038377 0.020760 0.016061
26 47 0.035368 0.026402 0.015194
27 47 0.032815 0.031305 0.013934
28 47 0.027973 0.034621 0.010777
29 47 0.020420 0.036397 0.006651
30 47 0.013654 0.037215 0.004025
31 47 0.010846 0.037735 0.003680
32 47 0.010679 0.038346 0.003629
33 47 0.008850 0.038960 0.001522
34 47 0.003135 0.039082 -0.002599
35 47 -0.004224 0.038237 -0.006436
36 47 -0.009218 0.036400 -0.008015
37 47 -0.010354 0.034010 -0.007670
38 47 -0.009907 0.031545 -0.007494
39 47 -0.011353 0.029085 -0.009138
40 47 -0.016047 0.026300 -0.012224
41 47 -0.022361 0.022907 -0.014620
42 47 -0.027695 0.019221 -0.014027
43 47 -0.031028 0.016376 -0.009667
44 47 -0.033098 0.015868 -0.003480
45 47 -0.033517 0.018218 -0.000302
46 47 -0.028571 0.021303 -0.005145
47 47 -0.015782 0.020494 -0.016888
48 47 -0.002313 0.012574 -0.025946
49 47 0.000000 0.000000 0.000000

0 48 0.000000 0.000000 0.000000
1 48 0.036206 0.005503 0.000988
2 48 0.037465 -0.002876 0.001995
3 48 0.037270 -0.010199 0.002988
4 48 0.036026 -0.016218 0.003912
5 48 0.033985 -0.020802 0.004624
6 48 0.031695 -0.024101 0.005334
7 48 0.029818 -0.026222 0.006034
8 48 0.028054 -0.027201 0.006440
9 48 0.026540 -0.027397 0.006938
10 48 0.026024 -0.026965 0.007693
11 48 0.025708 -0.025699 0.008036
12 48 0.024864 -0.023878 0.008183
13 48 0.024808 -0.021898 0.008955
14 48 0.025620 -0.019348 0.009648
15 48 0.025186 -0.015996 0.009356
16 48 0.023833 -0.012599 0.009229
17 48 0.024165 -0.009412 0.010238
18 48 0.025338 -0.005508 0.010780
19 48 0.023904 -0.000704 0.009557
20 48 0.020631 0.003695 0.008421
21 48 0.019902 0.007141 0.009298
22 48 0.021825 0.010983 0.010473
23 48 0.021172 0.016163 0.009053
24 48 0.015670 0.021298 0.005742
25 48 0.010220 0.024485 0.004148
26 48 0.010283 0.026062 0.005703
27 48 0.014459 0.028150 0.007784
28 48 0.016636 0.031775 0.007348
29 48 0.013808 0.035671 0.004644
30 48 0.008899 0.038090 0.002321
31 48 0.006110 0.038883 0.001858
32 48 0.005835 0.039283 0.002087
33 48 0.005135 0.040086 0.001109
34 48 0.001972 0.040701 -0.001307
35 48 -0.002439 0.040003 -0.003631
36 48 -0.005349 0.037710 -0.004443
37 48 -0.005623 0.034673 -0.003916
38 48 -0.004747 0.031944 -0.003467
39 48 -0.005090 0.029749 -0.004247
40 48 -0.007623 0.027408 -0.006068
41 48 -0.011305 0.024167 -0.007607
42 48 -0.014387 0.020157 -0.007450
43 48 -0.016102 0.016732 -0.005113
44 48 -0.016914 0.015848 -0.001670
45 48 -0.016874 0.018397 0.000210
46 48 -0.014184 0.022153 -0.002265
47 48 -0.007499 0.021762 -0.008548
48 48 -0.000632 0.013373 -0.013373
49 48 0.000000 0.000000 0.000000

0 49 0.000000 0.000000 0.000000
1 49 0.000000 0.000000 0.000000
2 49 0.000000 0.000000 0.000000
3 49 0.000000 0.000000 0.000000
4 49 0.000000 0.000000 0.000000
5 49 0.000000 0.000000 0.000000
6 49 0.000000 0.000000 0.000000
7 49 0.000000 0.000000 0.000000
8 49 0.000000 0.000000 0.000000
9 49 0.000000 0.000000 0.000000
10 49 0.000000 0.000000 0.000000
11 49 0.000000 0.000000 0.000000
12 49 0.000000 0.000000 0.000000
13 49 0.000000 0.000000 0.000000
14 49 0.000000 0.000000 0.000000
15 49 0.000000 0.000000 0.000000
16 49 0.000000 0.000000 0.000000
17 49 0.000000 0.000000 0.000000
18 49 0.000000 0.000000 0.000000
19 49 0.000000 0.000000 0.000000
20 49 0.000000 0.000000 0.000000
21 49 0.000000 0.000000 0.000000
22 49 0.000000 0.000000 0.000000
23 49 0.000000 0.000000 0.000000
24 49 0.000000 0.000000 0.000000
25 49 0.000000 0.000000 0.000000
26 49 0.000000 0.000000 0.000000
27 49 0.000000 0.000000 0.000000
28 49 0.000000 0.000000 0.000000
29 49 0.000000 0.000000 0.000000
30 49 0.000000 0.000000 0.000000
31 49 0.000000 0.000000 0.000000
32 49 0.000000 0.000000 0.000000
33 49 0.000000 0.000000 0.000000
34 49 0.000000 0.000000 0.000000
35 49 0.000000 0.000000 0.000000
36 49 0.000000 0.000000 0.000000
37 49 0.000000 0.000000 0.000000
38 49 0.000000 0.000000 0.000000
39 49 0.000000 0.000000 0.000000
40 49 0.000000 0.000000 0.000000
41 49 0.000000 0.000000 0.000000
42 49 0.000000 0.000000 0.000000
43 49 0.000000 0.000000 0.000000
44 49 0.000000 0.000000 0.000000
45 49 0.000000 0.000000 0.000000
46 49 0.000000 0.000000 0.000000
47 49 0.000000 0.000000 0.000000
48 49 0.000000 0.000000 0.000000
49 49 0.000000 0.000000 0.000000

