#:x y Ey Bx Bz
0 0 0.000000 0.000000 0.000000
1 0 0.000000 0.000000 0.000000
2 0 0.000000 0.000000 0.000000
3 0 0.000000 0.000000 0.000000
4 0 0.000000 0.000000 0.000000
5 0 0.000000 0.000000 0.000000
6 0 0.000000 0.000000 0.000000
7 0 0.000000 0.000000 0.000000
8 0 0.000000 0.000000 0.000000
9 0 0.000000 0.000000 0.000000
10 0 0.000000 0.000000 0.000000
11 0 0.000000 0.000000 0.000000
12 0 0.000000 0.000000 0.000000
13 0 0.000000 0.000000 0.000000
14 0 0.000000 0.000000 0.000000
15 0 0.000000 0.000000 0.000000
16 0 0.000000 0.000000 0.000000
17 0 0.000000 0.000000 0.000000
18 0 0.000000 0.000000 0.000000
19 0 0.000000 0.000000 0.000000
20 0 0.000000 0.000000 0.000000
21 0 0.000000 0.000000 0.000000
22 0 0.000000 0.000000 0.000000
23 0 0.000000 0.000000 0.000000
24 0 0.000000 0.000000 0.000000
25 0 0.000000 0.000000 0.000000
26 0 0.000000 0.000000 0.000000
27 0 0.000000 0.000000 0.000000
28 0 0.000000 0.000000 0.000000
29 0 0.000000 0.000000 0.000000
30 0 0.000000 0.000000 0.000000
31 0 0.000000 0.000000 0.000000
32 0 0.000000 0.000000 0.000000
33 0 0.000000 0.000000 0.000000
34 0 0.000000 0.000000 0.000000
35 0 0.000000 0.000000 0.000000
36 0 0.000000 0.000000 0.000000
37 0 0.000000 0.000000 0.000000
38 0 0.000000 0.000000 0.000000
39 0 0.000000 0.000000 0.000000
40 0 0.000000 0.000000 0.000000
41 0 0.000000 0.000000 0.000000
42 0 0.000000 0.000000 0.000000
43 0 0.000000 0.000000 0.000000
44 0 0.000000 0.000000 0.000000
45 0 0.000000 0.000000 0.000000
46 0 0.000000 0.000000 0.000000
47 0 0.000000 0.000000 0.000000
48 0 0.000000 0.000000 0.000000
49 0 0.000000 0.000000 0.000000

0 1 0.000000 0.000000 0.000000
1 1 -0.071153 -0.025994 -0.002001
2 1 -0.081803 -0.022955 -0.004548
3 1 -0.089802 -0.019606 -0.007420
4 1 -0.095361 -0.016507 -0.010425
5 1 -0.098890 -0.013974 -0.013424
6 1 -0.100833 -0.012123 -0.016306
7 1 -0.101561 -0.010896 -0.018991
8 1 -0.101397 -0.010162 -0.021450
9 1 -0.100561 -0.009810 -0.023631
10 1 -0.099108 -0.009700 -0.025459
11 1 -0.097090 -0.009666 -0.026935
12 1 -0.094620 -0.009665 -0.028070
13 1 -0.091642 -0.009722 -0.028753
14 1 -0.087957 -0.009712 -0.028881
15 1 -0.083630 -0.009469 -0.028562
16 1 -0.078957 -0.009099 -0.027917
17 1 -0.073869 -0.008850 -0.026759
18 1 -0.067873 -0.008624 -0.024803
19 1 -0.060911 -0.008008 -0.022225
20 1 -0.053856 -0.006984 -0.019642
21 1 -0.047520 -0.006369 -0.017302
22 1 -0.041199 -0.007194 -0.014449
23 1 -0.032724 -0.009552 -0.009828
24 1 -0.020406 -0.012202 -0.002947
25 1 -0.004988 -0.013418 0.005167
26 1 0.010417 -0.012313 0.012552
27 1 0.022458 -0.009469 0.017729
28 1 0.029930 -0.006431 0.020751
29 1 0.034490 -0.004610 0.023086
30 1 0.039346 -0.004453 0.026532
31 1 0.047061 -0.005381 0.032019
32 1 0.058005 -0.006319 0.039068
33 1 0.070267 -0.006374 0.046100
34 1 0.080765 -0.005232 0.051250
35 1 0.086722 -0.003161 0.053172
36 1 0.086711 -0.000746 0.051454
37 1 0.080929 0.001418 0.046596
38 1 0.070818 0.002946 0.039667
39 1 0.058385 0.003714 0.031892
40 1 0.045563 0.003816 0.024323
41 1 0.033799 0.003454 0.017667
42 1 0.023923 0.002850 0.012264
43 1 0.016211 0.002184 0.008162
44 1 0.010547 0.001573 0.005222
45 1 0.006605 0.001074 0.003221
46 1 0.003988 0.000698 0.001924
47 1 0.002305 0.000428 0.001147
48 1 0.001166 0.000223 0.000833
49 1 0.000000 0.000000 0.000000

0 2 0.000000 0.000000 0.000000
1 2 -0.063228 -0.041508 -0.001860
2 2 -0.069087 -0.039983 -0.004095
3 2 -0.074594 -0.038303 -0.006631
4 2 -0.079805 -0.036506 -0.009376
5 2 -0.084565 -0.034616 -0.012243
6 2 -0.088702 -0.032713 -0.015151
7 2 -0.092031 -0.030894 -0.017973
8 2 -0.094383 -0.029184 -0.020608
9 2 -0.095789 -0.027655 -0.023039
10 2 -0.096301 -0.026421 -0.025172
11 2 -0.095806 -0.025431 -0.026865
12 2 -0.094338 -0.024586 -0.028146
13 2 -0.092177 -0.024001 -0.029100
14 2 -0.089303 -0.023769 -0.029542
15 2 -0.085302 -0.023641 -0.029230
16 2 -0.080150 -0.023367 -0.028303
17 2 -0.074414 -0.023190 -0.027075
18 2 -0.068234 -0.023463 -0.025363
19 2 -0.060688 -0.023901 -0.022506
20 2 -0.050880 -0.023714 -0.018243
21 2 -0.039463 -0.022608 -0.013294
22 2 -0.028468 -0.021279 -0.008774
23 2 -0.019455 -0.020650 -0.005105
24 2 -0.012113 -0.020747 -0.001676
25 2 -0.004768 -0.020562 0.002437
26 2 0.003912 -0.019047 0.007553
27 2 0.013839 -0.016180 0.013186
28 2 0.023912 -0.013060 0.018613
29 2 0.033228 -0.011030 0.023549
30 2 0.041822 -0.010666 0.028290
31 2 0.050381 -0.011413 0.033294
32 2 0.059353 -0.012026 0.038622
33 2 0.068263 -0.011367 0.043701
34 2 0.075735 -0.008990 0.047526
35 2 0.080111 -0.005257 0.049132
36 2 0.080212 -0.001029 0.048011
37 2 0.075813 0.002769 0.044278
38 2 0.067655 0.005493 0.038581
39 2 0.057116 0.006913 0.031835
40 2 0.045739 0.007151 0.024948
41 2 0.034850 0.006540 0.018625
42 2 0.025339 0.005460 0.013285
43 2 0.017632 0.004238 0.009079
44 2 0.011773 0.003092 0.005960
45 2 0.007560 0.002137 0.003769
46 2 0.004675 0.001405 0.002308
47 2 0.002760 0.000871 0.001414
48 2 0.001414 0.000457 0.001056
49 2 0.000000 0.000000 0.000000

0 3 0.000000 0.000000 0.000000
1 3 -0.057927 -0.055089 -0.001865
2 3 -0.063005 -0.054290 -0.004027
3 3 -0.067605 -0.053158 -0.006412
4 3 -0.071740 -0.051548 -0.008944
5 3 -0.075275 -0.049479 -0.011502
6 3 -0.078130 -0.047065 -0.014054
7 3 -0.080367 -0.044587 -0.016553
8 3 -0.081864 -0.042239 -0.018830
9 3 -0.082558 -0.040036 -0.020883
10 3 -0.082741 -0.038168 -0.022812
11 3 -0.082407 -0.036827 -0.024412
12 3 -0.081144 -0.035789 -0.025469
13 3 -0.079124 -0.034854 -0.026244
14 3 -0.076954 -0.034339 -0.026921
15 3 -0.074300 -0.034431 -0.027005
16 3 -0.070159 -0.034569 -0.026065
17 3 -0.064750 -0.034248 -0.024630
18 3 -0.059545 -0.033965 -0.023458
19 3 -0.054821 -0.034537 -0.022116
20 3 -0.048574 -0.035647 -0.019220
21 3 -0.038946 -0.035811 -0.014287
22 3 -0.027125 -0.033943 -0.008728
23 3 -0.016754 -0.030536 -0.004565
24 3 -0.010342 -0.027110 -0.002349
25 3 -0.006720 -0.024749 -0.000589
26 3 -0.002131 -0.023362 0.002834
27 3 0.006428 -0.022209 0.008816
28 3 0.018909 -0.020830 0.016442
29 3 0.032663 -0.019379 0.023893
30 3 0.044659 -0.018209 0.029785
31 3 0.053376 -0.017303 0.033853
32 3 0.059135 -0.016124 0.036678
33 3 0.063123 -0.013959 0.038940
34 3 0.066197 -0.010431 0.040843
35 3 0.068316 -0.005762 0.042041
36 3 0.068757 -0.000680 0.041943
37 3 0.066733 0.003917 0.040123
38 3 0.061932 0.007321 0.036559
39 3 0.054709 0.009207 0.031645
40 3 0.045934 0.009644 0.026017
41 3 0.036679 0.008974 0.020345
42 3 0.027901 0.007638 0.015167
43 3 0.020265 0.006047 0.010804
44 3 0.014088 0.004501 0.007374
45 3 0.009395 0.003172 0.004836
46 3 0.006015 0.002126 0.003067
47 3 0.003660 0.001339 0.001951
48 3 0.001906 0.000708 0.001512
49 3 0.000000 0.000000 0.000000

0 4 0.000000 0.000000 0.000000
1 4 -0.054476 -0.069490 -0.001946
2 4 -0.060130 -0.064653 -0.004127
3 4 -0.063477 -0.059842 -0.006349
4 4 -0.065047 -0.055431 -0.008562
5 4 -0.065470 -0.051720 -0.010658
6 4 -0.065096 -0.048689 -0.012556
7 4 -0.064463 -0.046275 -0.014426
8 4 -0.063964 -0.044600 -0.016210
9 4 -0.063270 -0.043430 -0.017664
10 4 -0.062392 -0.042420 -0.019027
11 4 -0.061901 -0.041807 -0.020505
12 4 -0.061363 -0.041716 -0.021573
13 4 -0.059798 -0.041521 -0.021961
14 4 -0.057766 -0.040932 -0.022360
15 4 -0.056424 -0.040653 -0.023055
16 4 -0.054910 -0.040972 -0.023039
17 4 -0.051364 -0.040870 -0.021618
18 4 -0.046365 -0.039515 -0.019863
19 4 -0.042727 -0.037744 -0.019220
20 4 -0.041430 -0.037028 -0.019261
21 4 -0.039769 -0.037416 -0.018009
22 4 -0.034542 -0.037413 -0.014415
23 4 -0.025872 -0.035853 -0.009598
24 4 -0.016774 -0.033241 -0.005381
25 4 -0.009404 -0.031060 -0.002120
26 4 -0.002710 -0.030144 0.001596
27 4 0.006087 -0.029974 0.007274
28 4 0.018260 -0.029376 0.014834
29 4 0.032038 -0.027605 0.022542
30 4 0.043935 -0.024755 0.028371
31 4 0.051341 -0.021358 0.031408
32 4 0.054074 -0.017773 0.032233
33 4 0.053999 -0.013956 0.032224
34 4 0.053447 -0.009677 0.032535
35 4 0.053760 -0.004883 0.033475
36 4 0.054820 0.000105 0.034541
37 4 0.055518 0.004689 0.034887
38 4 0.054604 0.008258 0.033839
39 4 0.051369 0.010420 0.031194
40 4 0.045881 0.011123 0.027223
41 4 0.038822 0.010603 0.022492
42 4 0.031145 0.009263 0.017627
43 4 0.023742 0.007529 0.013140
44 4 0.017246 0.005750 0.009345
45 4 0.011968 0.004156 0.006364
46 4 0.007943 0.002851 0.004183
47 4 0.004978 0.001832 0.002764
48 4 0.002634 0.000978 0.002221
49 4 0.000000 0.000000 0.000000

0 5 0.000000 0.000000 0.000000
1 5 -0.037054 -0.077009 -0.001694
2 5 -0.039776 -0.070585 -0.003489
3 5 -0.041681 -0.064764 -0.005249
4 5 -0.043004 -0.059757 -0.006969
5 5 -0.044258 -0.055714 -0.008776
6 5 -0.045446 -0.052671 -0.010423
7 5 -0.046279 -0.050207 -0.011950
8 5 -0.047357 -0.048319 -0.013731
9 5 -0.048673 -0.047267 -0.015376
10 5 -0.049201 -0.046504 -0.016519
11 5 -0.049420 -0.045651 -0.017873
12 5 -0.050475 -0.045395 -0.019612
13 5 -0.051174 -0.045850 -0.020599
14 5 -0.049967 -0.045883 -0.020632
15 5 -0.048395 -0.045208 -0.021126
16 5 -0.048471 -0.045068 -0.022404
17 5 -0.048419 -0.045921 -0.022634
18 5 -0.045007 -0.046275 -0.020688
19 5 -0.038941 -0.044831 -0.018161
20 5 -0.034331 -0.042426 -0.017168
21 5 -0.032950 -0.040883 -0.017318
22 5 -0.031762 -0.040708 -0.016209
23 5 -0.026810 -0.040831 -0.012454
24 5 -0.017748 -0.040254 -0.007091
25 5 -0.007519 -0.039132 -0.002006
26 5 0.001415 -0.038136 0.002238
27 5 0.009334 -0.037288 0.006584
28 5 0.017891 -0.035756 0.011916
29 5 0.027448 -0.032693 0.017761
30 5 0.036208 -0.028037 0.022572
31 5 0.041737 -0.022525 0.025073
32 5 0.043072 -0.017062 0.025283
33 5 0.041468 -0.012123 0.024439
34 5 0.039429 -0.007642 0.024063
35 5 0.039047 -0.003332 0.025005
36 5 0.040890 0.000934 0.027075
37 5 0.043992 0.004957 0.029327
38 5 0.046635 0.008316 0.030660
39 5 0.047304 0.010602 0.030342
40 5 0.045284 0.011612 0.028227
41 5 0.040757 0.011415 0.024677
42 5 0.034526 0.010295 0.020330
43 5 0.027616 0.008634 0.015841
44 5 0.020935 0.006797 0.011721
45 5 0.015093 0.005054 0.008273
46 5 0.010360 0.003559 0.005627
47 5 0.006675 0.002337 0.003854
48 5 0.003582 0.001261 0.003199
49 5 0.000000 0.000000 0.000000

0 6 0.000000 0.000000 0.000000
1 6 -0.011917 -0.078906 -0.001253
2 6 -0.012317 -0.075334 -0.002463
3 6 -0.014292 -0.071184 -0.003744
4 6 -0.016959 -0.066721 -0.004897
5 6 -0.019796 -0.062047 -0.006219
6 6 -0.023043 -0.057836 -0.007754
7 6 -0.025746 -0.054284 -0.008911
8 6 -0.027648 -0.050986 -0.010160
9 6 -0.030179 -0.048535 -0.012010
10 6 -0.032689 -0.047345 -0.013412
11 6 -0.033578 -0.046362 -0.014145
12 6 -0.034539 -0.045295 -0.015680
13 6 -0.037263 -0.045352 -0.017876
14 6 -0.039209 -0.046457 -0.018776
15 6 -0.038270 -0.046907 -0.018477
16 6 -0.037313 -0.046450 -0.019241
17 6 -0.039176 -0.046807 -0.021308
18 6 -0.041123 -0.048665 -0.022073
19 6 -0.038701 -0.050468 -0.020071
20 6 -0.032350 -0.050730 -0.017061
21 6 -0.026351 -0.049884 -0.015200
22 6 -0.022590 -0.049177 -0.014040
23 6 -0.018626 -0.048810 -0.011555
24 6 -0.011846 -0.047959 -0.007116
25 6 -0.003127 -0.046089 -0.002240
26 6 0.004458 -0.043509 0.001389
27 6 0.009331 -0.040660 0.003760
28 6 0.012719 -0.037375 0.006153
29 6 0.016651 -0.033063 0.009431
30 6 0.021514 -0.027480 0.013072
31 6 0.025783 -0.021136 0.015782
32 6 0.027761 -0.014970 0.016804
33 6 0.027310 -0.009704 0.016612
34 6 0.026043 -0.005458 0.016518
35 6 0.026106 -0.001876 0.017694
36 6 0.028708 0.001464 0.020420
37 6 0.033465 0.004711 0.023999
38 6 0.038763 0.007671 0.027221
39 6 0.042694 0.009968 0.028989
40 6 0.043911 0.011283 0.028742
41 6 0.042029 0.011505 0.026551
42 6 0.037542 0.010763 0.022948
43 6 0.031446 0.009348 0.018651
44 6 0.024827 0.007605 0.014329
45 6 0.018557 0.005831 0.010466
46 6 0.013149 0.004222 0.007353
47 6 0.008690 0.002834 0.005214
48 6 0.004721 0.001545 0.004461
49 6 0.000000 0.000000 0.000000

0 7 0.000000 0.000000 0.000000
1 7 -0.001018 -0.070673 -0.001027
2 7 0.002871 -0.067792 -0.001648
3 7 0.005569 -0.064016 -0.002221
4 7 0.006986 -0.060227 -0.002610
5 7 0.008048 -0.056561 -0.002665
6 7 0.008014 -0.053181 -0.003278
7 7 0.006365 -0.050972 -0.004026
8 7 0.005085 -0.049442 -0.004167
9 7 0.003597 -0.047897 -0.005056
10 7 -0.000115 -0.047392 -0.006925
11 7 -0.003696 -0.048072 -0.007840
12 7 -0.005050 -0.048304 -0.008147
13 7 -0.007361 -0.048083 -0.010034
14 7 -0.012257 -0.049047 -0.012656
15 7 -0.015588 -0.050934 -0.013369
16 7 -0.015057 -0.051802 -0.012747
17 7 -0.014626 -0.051396 -0.013551
18 7 -0.017526 -0.051335 -0.015825
19 7 -0.020924 -0.052330 -0.016920
20 7 -0.020792 -0.053397 -0.015754
21 7 -0.017738 -0.053664 -0.013999
22 7 -0.014959 -0.053326 -0.013029
23 7 -0.013114 -0.052647 -0.011987
24 7 -0.010165 -0.051136 -0.009528
25 7 -0.005297 -0.048187 -0.006081
26 7 -0.000584 -0.043975 -0.003398
27 7 0.001581 -0.039285 -0.002357
28 7 0.001394 -0.034616 -0.001991
29 7 0.001320 -0.029783 -0.000684
30 7 0.003385 -0.024390 0.002110
31 7 0.007312 -0.018490 0.005472
32 7 0.011183 -0.012701 0.008083
33 7 0.013489 -0.007745 0.009472
34 7 0.014469 -0.003924 0.010349
35 7 0.015756 -0.000996 0.011923
36 7 0.018982 0.001543 0.014946
37 7 0.024556 0.004062 0.019205
38 7 0.031424 0.006578 0.023678
39 7 0.037710 0.008807 0.027113
40 7 0.041666 0.010375 0.028601
41 7 0.042352 0.011029 0.027862
42 7 0.039818 0.010740 0.025217
43 7 0.034865 0.009684 0.021343
44 7 0.028620 0.008155 0.017000
45 7 0.022145 0.006453 0.012831
46 7 0.016173 0.004804 0.009304
47 7 0.010946 0.003296 0.006826
48 7 0.006013 0.001815 0.006006
49 7 0.000000 0.000000 0.000000

0 8 0.000000 0.000000 0.000000
1 8 0.005135 -0.047069 -0.000732
2 8 0.015576 -0.045212 -0.000738
3 8 0.024313 -0.043934 -0.000239
4 8 0.030072 -0.043278 0.000041
5 8 0.033313 -0.043457 0.000810
6 8 0.035431 -0.043499 0.001575
7 8 0.034613 -0.043635 0.001103
8 8 0.031720 -0.044708 0.000863
9 8 0.029898 -0.045560 0.001216
10 8 0.026994 -0.045790 -0.000046
11 8 0.021099 -0.046980 -0.002259
12 8 0.016343 -0.048987 -0.002958
13 8 0.014280 -0.050083 -0.003390
14 8 0.010464 -0.050570 -0.005893
15 8 0.003913 -0.052007 -0.008893
16 8 -0.000625 -0.054107 -0.009859
17 8 -0.001449 -0.055389 -0.009790
18 8 -0.002240 -0.055555 -0.010866
19 8 -0.005070 -0.055229 -0.012598
20 8 -0.007773 -0.054475 -0.013259
21 8 -0.008826 -0.052995 -0.013080
22 8 -0.009934 -0.051047 -0.013568
23 8 -0.012555 -0.049115 -0.014740
24 8 -0.015135 -0.046978 -0.015007
25 8 -0.015416 -0.043866 -0.013594
26 8 -0.013791 -0.039494 -0.011675
27 8 -0.012765 -0.034467 -0.010787
28 8 -0.013648 -0.029599 -0.010884
29 8 -0.014920 -0.025113 -0.010419
30 8 -0.013983 -0.020647 -0.008087
31 8 -0.009875 -0.015894 -0.004121
32 8 -0.004036 -0.011061 0.000072
33 8 0.001271 -0.006719 0.003277
34 8 0.004972 -0.003309 0.005443
35 8 0.007845 -0.000804 0.007534
36 8 0.011583 0.001207 0.010620
37 8 0.017326 0.003177 0.015035
38 8 0.024808 0.005291 0.020154
39 8 0.032531 0.007395 0.024780
40 8 0.038606 0.009131 0.027766
41 8 0.041629 0.010161 0.028483
42 8 0.041144 0.010324 0.026960
43 8 0.037614 0.009677 0.023734
44 8 0.032068 0.008440 0.019580
45 8 0.025658 0.006894 0.015259
46 8 0.019292 0.005277 0.011414
47 8 0.013353 0.003698 0.008656
48 8 0.007408 0.002053 0.007821
49 8 0.000000 0.000000 0.000000

0 9 0.000000 0.000000 0.000000
1 9 0.015252 -0.023233 -0.000156
2 9 0.025307 -0.022598 0.000192
3 9 0.033148 -0.022681 0.001396
4 9 0.039236 -0.022770 0.002457
5 9 0.042264 -0.023447 0.003136
6 9 0.044567 -0.024738 0.004683
7 9 0.046501 -0.025631 0.005504
8 9 0.045031 -0.027032 0.004893
9 9 0.042611 -0.029506 0.005132
10 9 0.041737 -0.031582 0.005508
11 9 0.038556 -0.033187 0.003717
12 9 0.032224 -0.035645 0.001399
13 9 0.027324 -0.038545 0.000506
14 9 0.024100 -0.040640 -0.000777
15 9 0.018631 -0.042102 -0.003858
16 9 0.011113 -0.043618 -0.007030
17 9 0.004739 -0.045110 -0.009166
18 9 -0.000409 -0.046405 -0.011416
19 9 -0.005963 -0.047562 -0.014157
20 9 -0.010993 -0.048125 -0.015987
21 9 -0.013813 -0.047289 -0.016475
22 9 -0.015723 -0.045035 -0.017205
23 9 -0.019373 -0.042242 -0.019238
24 9 -0.024578 -0.039529 -0.021370
25 9 -0.028421 -0.036597 -0.021820
26 9 -0.029205 -0.032925 -0.020607
27 9 -0.028386 -0.028656 -0.019302
28 9 -0.028235 -0.024474 -0.018838
29 9 -0.028791 -0.020818 -0.018356
30 9 -0.027871 -0.017479 -0.016281
31 9 -0.023642 -0.013992 -0.012092
32 9 -0.016587 -0.010229 -0.006832
33 9 -0.008980 -0.006555 -0.002079
34 9 -0.002812 -0.003467 0.001403
35 9 0.001705 -0.001161 0.004115
36 9 0.005951 0.000590 0.007200
37 9 0.011525 0.002214 0.011458
38 9 0.018958 0.004004 0.016753
39 9 0.027343 0.005943 0.022119
40 9 0.034907 0.007750 0.026312
41 9 0.039932 0.009060 0.028402
42 9 0.041468 0.009621 0.028092
43 9 0.039555 0.009380 0.025703
44 9 0.034996 0.008475 0.021944
45 9 0.028927 0.007142 0.017646
46 9 0.022368 0.005616 0.013609
47 9 0.015814 0.004014 0.010661
48 9 0.008850 0.002246 0.009874
49 9 0.000000 0.000000 0.000000

0 10 0.000000 0.000000 0.000000
1 10 0.021457 -0.000748 0.000544
2 10 0.030644 0.002398 0.001565
3 10 0.038308 0.004000 0.003116
4 10 0.045759 0.004176 0.005413
5 10 0.051381 0.003371 0.006798
6 10 0.054049 0.000934 0.008135
7 10 0.056740 -0.002392 0.010103
8 10 0.057823 -0.005616 0.010486
9 10 0.055088 -0.009428 0.009791
10 10 0.052070 -0.013799 0.009876
11 10 0.049604 -0.017693 0.009242
12 10 0.044494 -0.021080 0.006848
13 10 0.037515 -0.024395 0.004400
14 10 0.031296 -0.027562 0.002280
15 10 0.025009 -0.030465 -0.000683
16 10 0.017755 -0.032855 -0.003996
17 10 0.010907 -0.034117 -0.006712
18 10 0.004226 -0.034262 -0.009870
19 10 -0.004408 -0.034288 -0.014437
20 10 -0.014368 -0.034799 -0.018925
21 10 -0.022223 -0.035143 -0.021511
22 10 -0.026849 -0.034478 -0.022855
23 10 -0.030805 -0.032933 -0.024803
24 10 -0.035985 -0.031154 -0.027388
25 10 -0.040763 -0.029260 -0.028831
26 10 -0.042561 -0.026845 -0.028142
27 10 -0.041449 -0.023784 -0.026366
28 10 -0.039766 -0.020562 -0.025018
29 10 -0.038886 -0.017726 -0.024117
30 10 -0.037560 -0.015291 -0.022249
31 10 -0.033564 -0.012820 -0.018282
32 10 -0.026295 -0.009978 -0.012624
33 10 -0.017449 -0.006908 -0.006823
34 10 -0.009436 -0.004074 -0.002177
35 10 -0.003392 -0.001833 0.001238
36 10 0.001452 -0.000156 0.004397
37 10 0.006807 0.001284 0.008388
38 10 0.013841 0.002830 0.013559
39 10 0.022327 0.004587 0.019288
40 10 0.030810 0.006374 0.024379
41 10 0.037444 0.007856 0.027690
42 10 0.040865 0.008730 0.028607
43 10 0.040654 0.008855 0.027185
44 10 0.037300 0.008283 0.024001
45 10 0.031826 0.007197 0.019900
46 10 0.025282 0.005807 0.015814
47 10 0.018232 0.004230 0.012787
48 10 0.010282 0.002382 0.012121
49 10 0.000000 0.000000 0.000000

0 11 0.000000 0.000000 0.000000
1 11 0.037742 0.023514 0.001561
2 11 0.047295 0.025968 0.003935
3 11 0.054194 0.026368 0.006167
4 11 0.058666 0.024855 0.008915
5 11 0.062167 0.022356 0.011425
6 11 0.062812 0.019299 0.012685
7 11 0.061635 0.015471 0.014027
8 11 0.060622 0.011350 0.014987
9 11 0.057847 0.007306 0.014452
10 11 0.053232 0.003270 0.013485
11 11 0.048462 -0.000864 0.012203
12 11 0.042789 -0.005192 0.009810
13 11 0.036104 -0.009279 0.007114
14 11 0.029488 -0.012505 0.004350
15 11 0.021675 -0.015358 0.000229
16 11 0.011840 -0.018750 -0.004733
17 11 0.002913 -0.022228 -0.008414
18 11 -0.003160 -0.024518 -0.011019
19 11 -0.009108 -0.025428 -0.014714
20 11 -0.017520 -0.025780 -0.019651
21 11 -0.026500 -0.025938 -0.023749
22 11 -0.033141 -0.025587 -0.026199
23 11 -0.038000 -0.024703 -0.028403
24 11 -0.043269 -0.023756 -0.031239
25 11 -0.048596 -0.022944 -0.033448
26 11 -0.051372 -0.021857 -0.033464
27 11 -0.050492 -0.020101 -0.031599
28 11 -0.047809 -0.017876 -0.029533
29 11 -0.045602 -0.015731 -0.028110
30 11 -0.043794 -0.013907 -0.026403
31 11 -0.040293 -0.012121 -0.022948
32 11 -0.033590 -0.009974 -0.017452
33 11 -0.024481 -0.007419 -0.011129
34 11 -0.015327 -0.004820 -0.005563
35 11 -0.007973 -0.002603 -0.001404
36 11 -0.002413 -0.000913 0.001967
37 11 0.002851 0.000451 0.005729
38 11 0.009390 0.001823 0.010627
39 11 0.017626 0.003395 0.016439
40 11 0.026561 0.005096 0.022136
41 11 0.034400 0.006648 0.026471
42 11 0.039484 0.007739 0.028558
43 11 0.040960 0.008166 0.028169
44 11 0.038948 0.007904 0.025699
45 11 0.034272 0.007074 0.021954
46 11 0.027936 0.005850 0.017965
47 11 0.020524 0.004335 0.014977
48 11 0.011650 0.002455 0.014503
49 11 0.000000 0.000000 0.000000

0 12 0.000000 0.000000 0.000000
1 12 0.057613 0.039250 0.002863
2 12 0.062323 0.041201 0.006358
3 12 0.065487 0.041860 0.009751
4 12 0.066948 0.041393 0.012846
5 12 0.067898 0.039746 0.015836
6 12 0.068227 0.037041 0.017940
7 12 0.067345 0.033680 0.019436
8 12 0.065771 0.029834 0.020275
9 12 0.062825 0.025184 0.019907
10 12 0.058906 0.020174 0.019215
11 12 0.054846 0.015734 0.018005
12 12 0.048683 0.011439 0.014927
13 12 0.040228 0.006501 0.011174
14 12 0.032820 0.001731 0.008378
15 12 0.026372 -0.001808 0.004947
16 12 0.017144 -0.004609 -0.000654
17 12 0.005317 -0.007578 -0.006643
18 12 -0.005235 -0.010619 -0.011267
19 12 -0.013739 -0.013324 -0.015600
20 12 -0.022470 -0.015731 -0.020712
21 12 -0.031375 -0.017772 -0.025331
22 12 -0.038065 -0.018973 -0.028167
23 12 -0.042337 -0.019172 -0.030178
24 12 -0.046581 -0.018891 -0.032819
25 12 -0.051666 -0.018656 -0.035530
26 12 -0.055350 -0.018336 -0.036459
27 12 -0.055449 -0.017480 -0.035062
28 12 -0.052762 -0.016025 -0.032735
29 12 -0.049829 -0.014393 -0.030903
30 12 -0.047669 -0.012950 -0.029302
31 12 -0.044750 -0.011594 -0.026456
32 12 -0.039034 -0.009949 -0.021478
33 12 -0.030365 -0.007836 -0.015073
34 12 -0.020701 -0.005483 -0.008865
35 12 -0.012311 -0.003318 -0.003980
36 12 -0.005956 -0.001600 -0.000257
37 12 -0.000586 -0.000258 0.003391
38 12 0.005523 0.000992 0.007982
39 12 0.013335 0.002391 0.013691
40 12 0.022372 0.003962 0.019743
41 12 0.031040 0.005503 0.024889
42 12 0.037517 0.006719 0.028036
43 12 0.040579 0.007374 0.028685
44 12 0.039962 0.007378 0.027018
45 12 0.036226 0.006793 0.023759
46 12 0.030263 0.005750 0.020004
47 12 0.022618 0.004329 0.017172
48 12 0.012911 0.002462 0.016957
49 12 0.000000 0.000000 0.000000

0 13 0.000000 0.000000 0.000000
1 13 0.071864 0.055621 0.004401
2 13 0.076276 0.057957 0.009199
3 13 0.079488 0.057970 0.013813
4 13 0.081329 0.055922 0.018070
5 13 0.082207 0.052720 0.021807
6 13 0.081286 0.048558 0.024175
7 13 0.078840 0.043427 0.025980
8 13 0.076559 0.038412 0.027359
9 13 0.072563 0.033689 0.026698
10 13 0.066027 0.028369 0.025025
11 13 0.060323 0.022917 0.023894
12 13 0.055062 0.018281 0.021485
13 13 0.046705 0.014011 0.016914
14 13 0.036700 0.009447 0.012404
15 13 0.028322 0.004879 0.008543
16 13 0.020324 0.000718 0.003698
17 13 0.010854 -0.002866 -0.001945
18 13 0.001391 -0.005576 -0.006938
19 13 -0.007246 -0.007424 -0.011804
20 13 -0.016916 -0.009084 -0.017787
21 13 -0.027839 -0.011055 -0.023875
22 13 -0.037049 -0.012973 -0.028090
23 13 -0.042823 -0.014240 -0.030587
24 13 -0.047096 -0.014887 -0.033131
25 13 -0.051971 -0.015337 -0.036098
26 13 -0.056345 -0.015651 -0.037869
27 13 -0.057662 -0.015468 -0.037233
28 13 -0.055624 -0.014603 -0.035034
29 13 -0.052500 -0.013357 -0.032958
30 13 -0.050114 -0.012152 -0.031398
31 13 -0.047708 -0.011053 -0.029115
32 13 -0.043092 -0.009764 -0.024820
33 13 -0.035279 -0.008030 -0.018652
34 13 -0.025608 -0.005947 -0.012074
35 13 -0.016484 -0.003885 -0.006541
36 13 -0.009330 -0.002167 -0.002369
37 13 -0.003668 -0.000833 0.001299
38 13 0.002156 0.000329 0.005624
39 13 0.009498 0.001574 0.011128
40 13 0.018399 0.002993 0.017335
41 13 0.027572 0.004462 0.023083
42 13 0.035161 0.005724 0.027149
43 13 0.039649 0.006531 0.028791
44 13 0.040404 0.006749 0.027968
45 13 0.037691 0.006385 0.025293
46 13 0.032224 0.005524 0.021887
47 13 0.024466 0.004219 0.019318
48 13 0.014031 0.002408 0.019420
49 13 0.000000 0.000000 0.000000

0 14 0.000000 0.000000 0.000000
1 14 0.090637 0.067598 0.006119
2 14 0.092492 0.066724 0.012456
3 14 0.092569 0.064485 0.018178
4 14 0.090595 0.061260 0.022844
5 14 0.088498 0.057389 0.027298
6 14 0.086601 0.053655 0.030289
7 14 0.082772 0.049635 0.031633
8 14 0.079111 0.045028 0.033045
9 14 0.076417 0.040524 0.033377
10 14 0.071464 0.036188 0.031613
11 14 0.064865 0.031580 0.029482
12 14 0.058875 0.026712 0.027076
13 14 0.051987 0.021833 0.023151
14 14 0.043390 0.017323 0.018515
15 14 0.034494 0.013424 0.013782
16 14 0.024634 0.009620 0.007797
17 14 0.012915 0.005259 0.000887
18 14 0.001882 0.000724 -0.004870
19 14 -0.006366 -0.003039 -0.009415
20 14 -0.013998 -0.005830 -0.014698
21 14 -0.023369 -0.008119 -0.020900
22 14 -0.032819 -0.010060 -0.026039
23 14 -0.039688 -0.011409 -0.029314
24 14 -0.044593 -0.012197 -0.032137
25 14 -0.049794 -0.012807 -0.035471
26 14 -0.055093 -0.013390 -0.038120
27 14 -0.057932 -0.013633 -0.038460
28 14 -0.057074 -0.013233 -0.036715
29 14 -0.054242 -0.012329 -0.034575
30 14 -0.051761 -0.011325 -0.033001
31 14 -0.049724 -0.010404 -0.031160
32 14 -0.046116 -0.009377 -0.027568
33 14 -0.039336 -0.007967 -0.021838
34 14 -0.030020 -0.006165 -0.015130
35 14 -0.020460 -0.004259 -0.009070
36 14 -0.012574 -0.002587 -0.004409
37 14 -0.006491 -0.001272 -0.000600
38 14 -0.000791 -0.000180 0.003535
39 14 0.006119 0.000928 0.008795
40 14 0.014746 0.002189 0.015014
41 14 0.024166 0.003548 0.021180
42 14 0.032596 0.004792 0.026010
43 14 0.038317 0.005682 0.028563
44 14 0.040367 0.006057 0.028585
45 14 0.038699 0.005879 0.026551
46 14 0.033811 0.005189 0.023586
47 14 0.026042 0.004015 0.021369
48 14 0.014990 0.002298 0.021828
49 14 0.000000 0.000000 0.000000

0 15 0.000000 0.000000 0.000000
1 15 0.097157 0.073557 0.007789
2 15 0.095673 0.072734 0.015233
3 15 0.094719 0.070434 0.022228
4 15 0.093895 0.067192 0.027735
5 15 0.092576 0.063071 0.032403
6 15 0.092087 0.058276 0.036340
7 15 0.090898 0.053303 0.038530
8 15 0.088268 0.048375 0.039776
9 15 0.085326 0.043323 0.040156
10 15 0.081235 0.038005 0.039016
11 15 0.076047 0.032944 0.037242
12 15 0.070442 0.028550 0.034647
13 15 0.062756 0.024142 0.030116
14 15 0.053210 0.019194 0.025010
15 15 0.044881 0.014480 0.020743
16 15 0.037264 0.010771 0.015659
17 15 0.026918 0.007711 0.008532
18 15 0.014321 0.004722 0.001199
19 15 0.002854 0.001791 -0.004937
20 15 -0.007249 -0.001024 -0.011061
21 15 -0.017978 -0.003857 -0.017911
22 15 -0.028627 -0.006556 -0.023921
23 15 -0.036615 -0.008641 -0.027866
24 15 -0.041951 -0.009938 -0.030859
25 15 -0.047123 -0.010792 -0.034340
26 15 -0.052901 -0.011514 -0.037653
27 15 -0.057038 -0.011974 -0.038975
28 15 -0.057531 -0.011875 -0.037890
29 15 -0.055325 -0.011240 -0.035864
30 15 -0.052903 -0.010408 -0.034270
31 15 -0.051118 -0.009624 -0.032747
32 15 -0.048352 -0.008794 -0.029800
33 15 -0.042626 -0.007661 -0.024609
34 15 -0.033895 -0.006137 -0.017962
35 15 -0.024165 -0.004426 -0.011516
36 15 -0.015669 -0.002848 -0.006375
37 15 -0.009101 -0.001578 -0.002340
38 15 -0.003383 -0.000552 0.001691
39 15 0.003175 0.000435 0.006713
40 15 0.011467 0.001542 0.012851
41 15 0.020945 0.002766 0.019281
42 15 0.029978 0.003944 0.024723
43 15 0.036729 0.004858 0.028085
44 15 0.039955 0.005335 0.028914
45 15 0.039306 0.005304 0.027548
46 15 0.035038 0.004769 0.025084
47 15 0.027337 0.003732 0.023283
48 15 0.015781 0.002140 0.024126
49 15 0.000000 0.000000 0.000000

0 16 0.000000 0.000000 0.000000
1 16 0.100764 0.079273 0.009527
2 16 0.099339 0.075378 0.018247
3 16 0.097577 0.070224 0.025950
4 16 0.095815 0.064585 0.032211
5 16 0.093997 0.059198 0.037291
6 16 0.092455 0.054488 0.041160
7 16 0.090287 0.049909 0.043393
8 16 0.088012 0.045383 0.045072
9 16 0.086302 0.041509 0.045811
10 16 0.082584 0.037804 0.044295
11 16 0.076917 0.033491 0.042099
12 16 0.072293 0.029080 0.040146
13 16 0.067119 0.025200 0.036369
14 16 0.058431 0.021503 0.030587
15 16 0.048335 0.017554 0.024939
16 16 0.039210 0.013356 0.019384
17 16 0.029577 0.009043 0.012658
18 16 0.018871 0.004971 0.005700
19 16 0.009133 0.001699 -0.000229
20 16 0.000321 -0.000684 -0.006223
21 16 -0.009958 -0.002700 -0.013444
22 16 -0.021556 -0.004716 -0.020526
23 16 -0.031373 -0.006523 -0.025617
24 16 -0.038145 -0.007845 -0.029210
25 16 -0.043941 -0.008805 -0.032964
26 16 -0.050289 -0.009641 -0.036827
27 16 -0.055568 -0.010278 -0.039040
28 16 -0.057396 -0.010433 -0.038688
29 16 -0.055980 -0.010047 -0.036903
30 16 -0.053726 -0.009386 -0.035300
31 16 -0.052100 -0.008724 -0.033985
32 16 -0.049987 -0.008049 -0.031586
33 16 -0.045238 -0.007146 -0.026962
34 16 -0.037213 -0.005885 -0.020513
35 16 -0.027529 -0.004392 -0.013819
36 16 -0.018567 -0.002948 -0.008247
37 16 -0.011510 -0.001753 -0.003936
38 16 -0.005666 -0.000800 0.000069
39 16 0.000635 0.000076 0.004885
40 16 0.008583 0.001036 0.010890
41 16 0.017994 0.002113 0.017466
42 16 0.027432 0.003192 0.023380
43 16 0.035015 0.004082 0.027438
44 16 0.039277 0.004610 0.029014
45 16 0.039582 0.004686 0.028308
46 16 0.035938 0.004285 0.026377
47 16 0.028362 0.003387 0.025032
48 16 0.016409 0.001945 0.026267
49 16 0.000000 0.000000 0.000000

0 17 0.000000 0.000000 0.000000
1 17 0.095306 0.074957 0.010962
2 17 0.089501 0.069837 0.020492
3 17 0.085942 0.064816 0.028735
4 17 0.084396 0.060395 0.035081
5 17 0.083934 0.056103 0.040308
6 17 0.085684 0.052036 0.045032
7 17 0.087461 0.048417 0.047762
8 17 0.087386 0.044622 0.049314
9 17 0.087771 0.040497 0.050796
10 17 0.087705 0.036529 0.050527
11 17 0.084594 0.032832 0.048435
12 17 0.079994 0.029139 0.045966
13 17 0.074879 0.025172 0.042425
14 17 0.067869 0.021020 0.037394
15 17 0.059765 0.017309 0.032198
16 17 0.051455 0.014409 0.026518
17 17 0.040859 0.011769 0.018894
18 17 0.027529 0.008724 0.010403
19 17 0.014854 0.005403 0.003209
20 17 0.004541 0.002296 -0.003138
21 17 -0.005678 -0.000466 -0.010301
22 17 -0.017044 -0.002940 -0.017698
23 17 -0.027291 -0.004961 -0.023427
24 17 -0.034672 -0.006353 -0.027454
25 17 -0.040757 -0.007280 -0.031419
26 17 -0.047452 -0.008051 -0.035713
27 17 -0.053661 -0.008693 -0.038726
28 17 -0.056761 -0.008972 -0.039142
29 17 -0.056254 -0.008770 -0.037705
30 17 -0.054291 -0.008266 -0.036135
31 17 -0.052790 -0.007719 -0.034954
32 17 -0.051166 -0.007174 -0.032997
33 17 -0.047270 -0.006463 -0.028917
34 17 -0.039984 -0.005441 -0.022748
35 17 -0.030498 -0.004174 -0.015926
36 17 -0.021216 -0.002894 -0.009991
37 17 -0.013707 -0.001804 -0.005391
38 17 -0.007672 -0.000936 -0.001350
39 17 -0.001539 -0.000167 0.003302
40 17 0.006093 0.000653 0.009154
41 17 0.015362 0.001581 0.015792
42 17 0.025052 0.002538 0.022060
43 17 0.033289 0.003365 0.026699
44 17 0.038435 0.003901 0.028944
45 17 0.039603 0.004046 0.028864
46 17 0.036558 0.003755 0.027470
47 17 0.029143 0.002994 0.026594
48 17 0.016887 0.001720 0.028211
49 17 0.000000 0.000000 0.000000

0 18 0.000000 0.000000 0.000000
1 18 0.078381 0.070990 0.012179
2 18 0.073889 0.064272 0.022139
3 18 0.072443 0.057596 0.030541
4 18 0.073934 0.051708 0.037410
5 18 0.076078 0.046955 0.042638
6 18 0.078738 0.042993 0.047273
7 18 0.081948 0.039423 0.050721
8 18 0.084042 0.036318 0.052813
9 18 0.085267 0.033714 0.054149
10 18 0.085246 0.030987 0.053874
11 18 0.083192 0.027756 0.052300
12 18 0.080683 0.024639 0.050511
13 18 0.077190 0.022019 0.047123
14 18 0.070051 0.019243 0.041380
15 18 0.060869 0.015826 0.035478
16 18 0.052973 0.012190 0.030207
17 18 0.045056 0.008877 0.023718
18 18 0.034645 0.006051 0.015816
19 18 0.023221 0.003762 0.008353
20 18 0.012694 0.001953 0.001472
21 18 0.001711 0.000292 -0.006270
22 18 -0.010817 -0.001493 -0.014503
23 18 -0.022594 -0.003249 -0.021183
24 18 -0.031265 -0.004651 -0.025822
25 18 -0.037937 -0.005656 -0.030014
26 18 -0.044914 -0.006464 -0.034599
27 18 -0.051772 -0.007138 -0.038235
28 18 -0.055915 -0.007507 -0.039350
29 18 -0.056275 -0.007446 -0.038301
30 18 -0.054660 -0.007079 -0.036801
31 18 -0.053265 -0.006638 -0.035707
32 18 -0.052000 -0.006202 -0.034095
33 18 -0.048817 -0.005649 -0.030503
34 18 -0.042239 -0.004839 -0.024652
35 18 -0.033046 -0.003795 -0.017794
36 18 -0.023570 -0.002699 -0.011573
37 18 -0.015673 -0.001740 -0.006695
38 18 -0.009417 -0.000972 -0.002578
39 18 -0.003376 -0.000310 0.001954
40 18 0.003984 0.000377 0.007656
41 18 0.013078 0.001155 0.014298
42 18 0.022907 0.001976 0.020822
43 18 0.031643 0.002712 0.025935
44 18 0.037524 0.003220 0.028760
45 18 0.039447 0.003400 0.029254
46 18 0.036952 0.003196 0.028373
47 18 0.029711 0.002567 0.027954
48 18 0.017234 0.001475 0.029932
49 18 0.000000 0.000000 0.000000

0 19 0.000000 0.000000 0.000000
1 19 0.056530 0.057362 0.012849
2 19 0.049696 0.048762 0.022720
3 19 0.048062 0.042797 0.030605
4 19 0.050639 0.039200 0.037057
5 19 0.055655 0.036802 0.042573
6 19 0.062633 0.035180 0.047789
7 19 0.069730 0.033942 0.051557
8 19 0.074970 0.032207 0.054120
9 19 0.080076 0.030017 0.056651
10 19 0.084347 0.027998 0.057460
11 19 0.084613 0.025950 0.055887
12 19 0.082559 0.023398 0.053958
13 19 0.080499 0.020500 0.051451
14 19 0.076257 0.017722 0.046797
15 19 0.068867 0.015369 0.040944
16 19 0.060294 0.013365 0.034843
17 19 0.050347 0.011226 0.027370
18 19 0.037950 0.008569 0.018629
19 19 0.025320 0.005646 0.010690
20 19 0.014802 0.003009 0.003902
21 19 0.004788 0.000852 -0.003503
22 19 -0.006890 -0.000972 -0.011775
23 19 -0.018707 -0.002507 -0.018959
24 19 -0.027978 -0.003653 -0.024113
25 19 -0.035122 -0.004453 -0.028579
26 19 -0.042405 -0.005103 -0.033442
27 19 -0.049840 -0.005683 -0.037615
28 19 -0.054908 -0.006055 -0.039368
29 19 -0.056101 -0.006083 -0.038721
30 19 -0.054874 -0.005834 -0.037323
31 19 -0.053588 -0.005494 -0.036288
32 19 -0.052580 -0.005155 -0.034936
33 19 -0.049969 -0.004735 -0.031760
34 19 -0.044028 -0.004112 -0.026226
35 19 -0.035165 -0.003281 -0.019396
36 19 -0.025594 -0.002381 -0.012959
37 19 -0.017382 -0.001572 -0.007835
38 19 -0.010905 -0.000921 -0.003622
39 19 -0.004902 -0.000369 0.000830
40 19 0.002238 0.000190 0.006396
41 19 0.011152 0.000821 0.013012
42 19 0.021044 0.001498 0.019713
43 19 0.030150 0.002121 0.025201
44 19 0.036624 0.002572 0.028514
45 19 0.039184 0.002758 0.029513
46 19 0.037172 0.002621 0.029100
47 19 0.030105 0.002118 0.029106
48 19 0.017473 0.001217 0.031407
49 19 0.000000 0.000000 0.000000

0 20 0.000000 0.000000 0.000000
1 20 0.018073 0.042769 0.012669
2 20 0.014577 0.034687 0.021455
3 20 0.019144 0.029878 0.028798
4 20 0.029022 0.027311 0.035504
5 20 0.039849 0.025928 0.041190
6 20 0.050609 0.024709 0.046978
7 20 0.061536 0.023471 0.052027
8 20 0.069907 0.022451 0.055249
9 20 0.075834 0.021418 0.057737
10 20 0.080617 0.019940 0.059087
11 20 0.082930 0.018112 0.058538
12 20 0.082957 0.016477 0.057075
13 20 0.081370 0.015085 0.054306
14 20 0.076571 0.013304 0.049249
15 20 0.069260 0.010872 0.043503
16 20 0.062513 0.008363 0.038294
17 20 0.055593 0.006356 0.031912
18 20 0.045489 0.004856 0.023500
19 20 0.033112 0.003627 0.014979
20 20 0.021412 0.002512 0.007382
21 20 0.010082 0.001356 -0.000612
22 20 -0.002623 0.000051 -0.009413
23 20 -0.015397 -0.001283 -0.017190
24 20 -0.025488 -0.002392 -0.022793
25 20 -0.033037 -0.003190 -0.027439
26 20 -0.040448 -0.003800 -0.032451
27 20 -0.048200 -0.004314 -0.037000
28 20 -0.053938 -0.004657 -0.039271
29 20 -0.055827 -0.004727 -0.038995
30 20 -0.054970 -0.004563 -0.037713
31 20 -0.053794 -0.004311 -0.036725
32 20 -0.052971 -0.004057 -0.035565
33 20 -0.050805 -0.003749 -0.032727
34 20 -0.045402 -0.003289 -0.027481
35 20 -0.036864 -0.002660 -0.020714
36 20 -0.027266 -0.001959 -0.014125
37 20 -0.018812 -0.001317 -0.008793
38 20 -0.012134 -0.000796 -0.004481
39 20 -0.006133 -0.000359 -0.000079
40 20 0.000837 0.000074 0.005374
41 20 0.009587 0.000561 0.011947
42 20 0.019493 0.001089 0.018769
43 20 0.028866 0.001586 0.024545
44 20 0.035802 0.001958 0.028252
45 20 0.038879 0.002126 0.029674
46 20 0.037272 0.002039 0.029668
47 20 0.030364 0.001655 0.030046
48 20 0.017629 0.000951 0.032625
49 20 0.000000 0.000000 0.000000

0 21 0.000000 0.000000 0.000000
1 21 -0.024662 0.020157 0.011025
2 21 -0.024326 0.012371 0.017900
3 21 -0.014315 0.011143 0.024202
4 21 0.000371 0.012510 0.031008
5 21 0.016335 0.014238 0.037742
6 21 0.031941 0.015845 0.044410
7 21 0.046311 0.016981 0.050079
8 21 0.058032 0.017145 0.054361
9 21 0.068148 0.016715 0.058179
10 21 0.076474 0.016300 0.060266
11 21 0.080333 0.015613 0.059729
12 21 0.081179 0.014252 0.058551
13 21 0.081706 0.012586 0.056864
14 21 0.079675 0.011193 0.052693
15 21 0.073310 0.010155 0.046654
16 21 0.065081 0.009138 0.040422
17 21 0.056081 0.007750 0.033275
18 21 0.044942 0.005879 0.024644
19 21 0.032770 0.003845 0.016260
20 21 0.022075 0.002095 0.009025
21 21 0.012030 0.000784 0.001406
22 21 0.000231 -0.000234 -0.007341
23 21 -0.012447 -0.001085 -0.015460
24 21 -0.023003 -0.001753 -0.021488
25 21 -0.031007 -0.002241 -0.026388
26 21 -0.038682 -0.002642 -0.031579
27 21 -0.046765 -0.003009 -0.036438
28 21 -0.053062 -0.003279 -0.039127
29 21 -0.055528 -0.003360 -0.039166
30 21 -0.055000 -0.003265 -0.037997
31 21 -0.053922 -0.003096 -0.037043
32 21 -0.053228 -0.002921 -0.036019
33 21 -0.051390 -0.002711 -0.033440
34 21 -0.046412 -0.002396 -0.028433
35 21 -0.038157 -0.001957 -0.021741
36 21 -0.028572 -0.001457 -0.015050
37 21 -0.019943 -0.000992 -0.009557
38 21 -0.013100 -0.000611 -0.005154
39 21 -0.007083 -0.000295 -0.000781
40 21 -0.000236 0.000014 0.004584
41 21 0.008378 0.000359 0.011114
42 21 0.018274 0.000737 0.018013
43 21 0.027830 0.001098 0.024000
44 21 0.035110 0.001374 0.028010
45 21 0.038586 0.001507 0.029768
46 21 0.037299 0.001455 0.030092
47 21 0.030524 0.001186 0.030773
48 21 0.017723 0.000681 0.033576
49 21 0.000000 0.000000 0.000000

0 22 0.000000 0.000000 0.000000
1 22 -0.089434 -0.006926 0.005967
2 22 -0.075702 -0.005544 0.010022
3 22 -0.050740 0.000160 0.016819
4 22 -0.023694 0.004543 0.025314
5 22 0.000473 0.007130 0.033499
6 22 0.021397 0.008149 0.041760
7 22 0.040257 0.008381 0.049086
8 22 0.054718 0.008517 0.054061
9 22 0.065231 0.008401 0.057999
10 22 0.074091 0.007781 0.060839
11 22 0.079880 0.007019 0.061316
12 22 0.082081 0.006567 0.060326
13 22 0.082144 0.006231 0.058164
14 22 0.079301 0.005449 0.053803
15 22 0.073599 0.004153 0.048316
16 22 0.067662 0.002902 0.043106
17 22 0.061264 0.002173 0.036773
18 22 0.051454 0.001902 0.028177
19 22 0.038765 0.001754 0.019120
20 22 0.026518 0.001495 0.011095
21 22 0.015065 0.001043 0.002974
22 22 0.002428 0.000418 -0.006069
23 22 -0.010761 -0.000261 -0.014462
24 22 -0.021683 -0.000838 -0.020712
25 22 -0.029857 -0.001249 -0.025705
26 22 -0.037553 -0.001547 -0.030958
27 22 -0.045752 -0.001790 -0.036000
28 22 -0.052387 -0.001961 -0.038979
29 22 -0.055260 -0.002017 -0.039257
30 22 -0.054986 -0.001965 -0.038184
31 22 -0.053992 -0.001865 -0.037258
32 22 -0.053385 -0.001762 -0.036324
33 22 -0.051772 -0.001640 -0.033928
34 22 -0.047100 -0.001456 -0.029100
35 22 -0.039064 -0.001196 -0.022474
36 22 -0.029507 -0.000898 -0.015720
37 22 -0.020760 -0.000616 -0.010111
38 22 -0.013795 -0.000384 -0.005639
39 22 -0.007757 -0.000193 -0.001279
40 22 -0.000993 -0.000007 0.004024
41 22 0.007520 0.000199 0.010517
42 22 0.017398 0.000426 0.017463
43 22 0.027072 0.000645 0.023594
44 22 0.034588 0.000815 0.027818
45 22 0.038345 0.000899 0.029818
46 22 0.037289 0.000872 0.030384
47 22 0.030615 0.000712 0.031291
48 22 0.017776 0.000409 0.034257
49 22 0.000000 0.000000 0.000000

0 23 0.000000 0.000000 0.000000
1 23 -0.169831 -0.048713 -0.007615
2 23 -0.124502 -0.019272 -0.003195
3 23 -0.080795 -0.006946 0.007152
4 23 -0.044826 -0.001821 0.018774
5 23 -0.015341 0.000624 0.029366
6 23 0.008941 0.002272 0.038826
7 23 0.029446 0.003396 0.046760
8 23 0.045955 0.003789 0.052745
9 23 0.059506 0.003908 0.057707
10 23 0.070443 0.004198 0.060790
11 23 0.076635 0.004317 0.061090
12 23 0.079365 0.003896 0.060471
13 23 0.081379 0.003289 0.059267
14 23 0.080588 0.003060 0.055440
15 23 0.074966 0.003215 0.049435
16 23 0.067135 0.003280 0.043212
17 23 0.058769 0.002866 0.036285
18 23 0.048412 0.002008 0.027779
19 23 0.036580 0.001052 0.019198
20 23 0.025792 0.000324 0.011700
21 23 0.015679 -0.000077 0.003953
22 23 0.003843 -0.000254 -0.004998
23 23 -0.009192 -0.000336 -0.013556
24 23 -0.020369 -0.000393 -0.020046
25 23 -0.028842 -0.000446 -0.025200
26 23 -0.036723 -0.000509 -0.030548
27 23 -0.045084 -0.000582 -0.035721
28 23 -0.051957 -0.000642 -0.038880
29 23 -0.055088 -0.000666 -0.039306
30 23 -0.054972 -0.000653 -0.038293
31 23 -0.054029 -0.000622 -0.037382
32 23 -0.053471 -0.000589 -0.036500
33 23 -0.051988 -0.000549 -0.034211
34 23 -0.047500 -0.000488 -0.029493
35 23 -0.039601 -0.000402 -0.022913
36 23 -0.030067 -0.000303 -0.016125
37 23 -0.021255 -0.000209 -0.010448
38 23 -0.014214 -0.000131 -0.005931
39 23 -0.008160 -0.000067 -0.001577
40 23 -0.001443 -0.000005 0.003690
41 23 0.007008 0.000064 0.010158
42 23 0.016871 0.000139 0.017128
43 23 0.026610 0.000212 0.023343
44 23 0.034264 0.000270 0.027694
45 23 0.038189 0.000299 0.029840
46 23 0.037271 0.000290 0.030555
47 23 0.030659 0.000237 0.031601
48 23 0.017801 0.000136 0.034666
49 23 0.000000 0.000000 0.000000

0 24 0.000000 0.000000 0.000000
1 24 -0.306704 0.048713 -0.048023
2 24 -0.168373 0.019272 -0.019933
3 24 -0.098439 0.006946 0.000185
4 24 -0.052198 0.001821 0.015599
5 24 -0.018262 -0.000624 0.027586
6 24 0.008413 -0.002272 0.038106
7 24 0.031063 -0.003396 0.046930
8 24 0.048206 -0.003789 0.052919
9 24 0.060675 -0.003908 0.057594
10 24 0.071152 -0.004198 0.061079
11 24 0.078272 -0.004317 0.062004
12 24 0.081338 -0.003896 0.061249
13 24 0.082061 -0.003289 0.059341
14 24 0.079966 -0.003060 0.055263
15 24 0.074878 -0.003215 0.049895
16 24 0.069237 -0.003280 0.044686
17 24 0.063009 -0.002866 0.038370
18 24 0.053324 -0.002008 0.029738
19 24 0.040588 -0.001052 0.020526
20 24 0.028197 -0.000324 0.012362
21 24 0.016719 0.000077 0.004201
22 24 0.004128 0.000254 -0.004910
23 24 -0.009168 0.000336 -0.013497
24 24 -0.020360 0.000393 -0.019972
25 24 -0.028756 0.000446 -0.025095
26 24 -0.036555 0.000509 -0.030427
27 24 -0.044890 0.000582 -0.035624
28 24 -0.051809 0.000642 -0.038838
29 24 -0.055019 0.000666 -0.039316
30 24 -0.054959 0.000653 -0.038326
31 24 -0.054037 0.000622 -0.037422
32 24 -0.053497 0.000589 -0.036558
33 24 -0.052057 0.000549 -0.034305
34 24 -0.047631 0.000488 -0.029624
35 24 -0.039779 0.000402 -0.023059
36 24 -0.030254 0.000303 -0.016260
37 24 -0.021420 0.000209 -0.010561
38 24 -0.014355 0.000131 -0.006029
39 24 -0.008294 0.000067 -0.001676
40 24 -0.001593 0.000005 0.003578
41 24 0.006837 -0.000064 0.010039
42 24 0.016695 -0.000139 0.017016
43 24 0.026455 -0.000212 0.023258
44 24 0.034155 -0.000270 0.027651
45 24 0.038135 -0.000299 0.029847
46 24 0.037264 -0.000290 0.030611
47 24 0.030673 -0.000237 0.031704
48 24 0.017809 -0.000136 0.034802
49 24 0.000000 0.000000 0.000000

0 25 0.000000 0.000000 0.000000
1 25 -0.169831 0.006926 -0.007615
2 25 -0.124502 0.005544 -0.003195
3 25 -0.080795 -0.000160 0.007152
4 25 -0.044826 -0.004543 0.018774
5 25 -0.015341 -0.007130 0.029366
6 25 0.008941 -0.008149 0.038826
7 25 0.029446 -0.008381 0.046760
8 25 0.045955 -0.008517 0.052745
9 25 0.059506 -0.008401 0.057707
10 25 0.070443 -0.007781 0.060790
11 25 0.076635 -0.007019 0.061090
12 25 0.079365 -0.006567 0.060471
13 25 0.081379 -0.006231 0.059267
14 25 0.080588 -0.005449 0.055440
15 25 0.074966 -0.004153 0.049435
16 25 0.067135 -0.002902 0.043212
17 25 0.058769 -0.002173 0.036285
18 25 0.048412 -0.001902 0.027779
19 25 0.036580 -0.001754 0.019198
20 25 0.025792 -0.001495 0.011700
21 25 0.015679 -0.001043 0.003953
22 25 0.003843 -0.000418 -0.004998
23 25 -0.009192 0.000261 -0.013556
24 25 -0.020369 0.000838 -0.020046
25 25 -0.028842 0.001249 -0.025200
26 25 -0.036723 0.001547 -0.030548
27 25 -0.045084 0.001790 -0.035721
28 25 -0.051957 0.001961 -0.038880
29 25 -0.055088 0.002017 -0.039306
30 25 -0.054972 0.001965 -0.038293
31 25 -0.054029 0.001865 -0.037382
32 25 -0.053471 0.001762 -0.036500
33 25 -0.051988 0.001640 -0.034211
34 25 -0.047500 0.001456 -0.029493
35 25 -0.039601 0.001196 -0.022913
36 25 -0.030067 0.000898 -0.016125
37 25 -0.021255 0.000616 -0.010448
38 25 -0.014214 0.000384 -0.005931
39 25 -0.008160 0.000193 -0.001577
40 25 -0.001443 0.000007 0.003690
41 25 0.007008 -0.000199 0.010158
42 25 0.016871 -0.000426 0.017128
43 25 0.026610 -0.000645 0.023343
44 25 0.034264 -0.000815 0.027694
45 25 0.038189 -0.000899 0.029840
46 25 0.037271 -0.000872 0.030555
47 25 0.030659 -0.000712 0.031601
48 25 0.017801 -0.000409 0.034666
49 25 0.000000 0.000000 0.000000

0 26 0.000000 0.000000 0.000000
1 26 -0.089434 -0.020157 0.005967
2 26 -0.075702 -0.012371 0.010022
3 26 -0.050740 -0.011143 0.016819
4 26 -0.023694 -0.012510 0.025314
5 26 0.000473 -0.014238 0.033499
6 26 0.021397 -0.015845 0.041760
7 26 0.040257 -0.016981 0.049086
8 26 0.054718 -0.017145 0.054061
9 26 0.065231 -0.016715 0.057999
10 26 0.074091 -0.016300 0.060839
11 26 0.079880 -0.015614 0.061316
12 26 0.082081 -0.014252 0.060326
13 26 0.082144 -0.012586 0.058163
14 26 0.079301 -0.011193 0.053802
15 26 0.073599 -0.010155 0.048316
16 26 0.067662 -0.009138 0.043106
17 26 0.061264 -0.007750 0.036773
18 26 0.051454 -0.005880 0.028177
19 26 0.038764 -0.003845 0.019120
20 26 0.026518 -0.002095 0.011095
21 26 0.015065 -0.000784 0.002974
22 26 0.002428 0.000234 -0.006069
23 26 -0.010761 0.001085 -0.014462
24 26 -0.021683 0.001753 -0.020712
25 26 -0.029857 0.002241 -0.025705
26 26 -0.037553 0.002642 -0.030958
27 26 -0.045752 0.003009 -0.036000
28 26 -0.052387 0.003279 -0.038979
29 26 -0.055260 0.003360 -0.039257
30 26 -0.054986 0.003265 -0.038184
31 26 -0.053992 0.003096 -0.037258
32 26 -0.053385 0.002921 -0.036324
33 26 -0.051772 0.002711 -0.033928
34 26 -0.047100 0.002396 -0.029100
35 26 -0.039064 0.001957 -0.022474
36 26 -0.029507 0.001457 -0.015720
37 26 -0.020760 0.000992 -0.010111
38 26 -0.013795 0.000611 -0.005639
39 26 -0.007757 0.000295 -0.001279
40 26 -0.000993 -0.000014 0.004024
41 26 0.007520 -0.000359 0.010517
42 26 0.017398 -0.000737 0.017463
43 26 0.027072 -0.001098 0.023594
44 26 0.034588 -0.001374 0.027818
45 26 0.038345 -0.001507 0.029818
46 26 0.037289 -0.001455 0.030384
47 26 0.030615 -0.001186 0.031291
48 26 0.017776 -0.000681 0.034257
49 26 0.000000 0.000000 0.000000

0 27 0.000000 0.000000 0.000000
1 27 -0.024662 -0.042769 0.011025
2 27 -0.024326 -0.034687 0.017900
3 27 -0.014315 -0.029878 0.024202
4 27 0.000371 -0.027311 0.031008
5 27 0.016335 -0.025928 0.037742
6 27 0.031941 -0.024709 0.044410
7 27 0.046310 -0.023472 0.050079
8 27 0.058032 -0.022451 0.054361
9 27 0.068148 -0.021419 0.058179
10 27 0.076474 -0.019941 0.060266
11 27 0.080333 -0.018113 0.059729
12 27 0.081179 -0.016478 0.058551
13 27 0.081705 -0.015086 0.056864
14 27 0.079675 -0.013304 0.052693
15 27 0.073310 -0.010873 0.046654
16 27 0.065081 -0.008364 0.040422
17 27 0.056080 -0.006357 0.033275
18 27 0.044942 -0.004857 0.024644
19 27 0.032770 -0.003628 0.016260
20 27 0.022075 -0.002512 0.009025
21 27 0.012030 -0.001356 0.001406
22 27 0.000231 -0.000051 -0.007341
23 27 -0.012447 0.001283 -0.015460
24 27 -0.023003 0.002392 -0.021488
25 27 -0.031007 0.003190 -0.026388
26 27 -0.038682 0.003800 -0.031579
27 27 -0.046765 0.004314 -0.036438
28 27 -0.053062 0.004657 -0.039127
29 27 -0.055528 0.004727 -0.039166
30 27 -0.055000 0.004563 -0.037997
31 27 -0.053922 0.004311 -0.037043
32 27 -0.053228 0.004057 -0.036019
33 27 -0.051390 0.003749 -0.033440
34 27 -0.046412 0.003289 -0.028433
35 27 -0.038157 0.002660 -0.021741
36 27 -0.028572 0.001959 -0.015050
37 27 -0.019943 0.001317 -0.009557
38 27 -0.013100 0.000796 -0.005154
39 27 -0.007083 0.000359 -0.000781
40 27 -0.000236 -0.000074 0.004584
41 27 0.008378 -0.000561 0.011114
42 27 0.018274 -0.001089 0.018013
43 27 0.027830 -0.001586 0.024000
44 27 0.035110 -0.001958 0.028010
45 27 0.038586 -0.002126 0.029768
46 27 0.037299 -0.002039 0.030092
47 27 0.030524 -0.001655 0.030773
48 27 0.017723 -0.000951 0.033576
49 27 0.000000 0.000000 0.000000

0 28 0.000000 0.000000 0.000000
1 28 0.018073 -0.057362 0.012669
2 28 0.014577 -0.048763 0.021455
3 28 0.019144 -0.042798 0.028798
4 28 0.029022 -0.039201 0.035504
5 28 0.039849 -0.036803 0.041190
6 28 0.050608 -0.035181 0.046978
7 28 0.061535 -0.033944 0.052027
8 28 0.069905 -0.032209 0.055249
9 28 0.075832 -0.030020 0.057737
10 28 0.080615 -0.028002 0.059087
11 28 0.082928 -0.025954 0.058538
12 28 0.082955 -0.023402 0.057074
13 28 0.081368 -0.020504 0.054306
14 28 0.076568 -0.017727 0.049248
15 28 0.069258 -0.015373 0.043502
16 28 0.062511 -0.013369 0.038293
17 28 0.055591 -0.011229 0.031911
18 28 0.045488 -0.008572 0.023500
19 28 0.033111 -0.005648 0.014979
20 28 0.021411 -0.003011 0.007382
21 28 0.010081 -0.000854 -0.000613
22 28 -0.002624 0.000971 -0.009413
23 28 -0.015397 0.002506 -0.017190
24 28 -0.025488 0.003653 -0.022793
25 28 -0.033038 0.004452 -0.027439
26 28 -0.040448 0.005102 -0.032451
27 28 -0.048200 0.005683 -0.037000
28 28 -0.053938 0.006055 -0.039271
29 28 -0.055827 0.006083 -0.038995
30 28 -0.054970 0.005834 -0.037713
31 28 -0.053794 0.005494 -0.036725
32 28 -0.052971 0.005155 -0.035565
33 28 -0.050805 0.004735 -0.032727
34 28 -0.045402 0.004112 -0.027481
35 28 -0.036864 0.003281 -0.020714
36 28 -0.027266 0.002381 -0.014125
37 28 -0.018812 0.001572 -0.008793
38 28 -0.012134 0.000921 -0.004481
39 28 -0.006133 0.000369 -0.000079
40 28 0.000837 -0.000190 0.005374
41 28 0.009587 -0.000821 0.011947
42 28 0.019493 -0.001498 0.018769
43 28 0.028866 -0.002121 0.024545
44 28 0.035802 -0.002572 0.028252
45 28 0.038879 -0.002758 0.029674
46 28 0.037272 -0.002621 0.029668
47 28 0.030364 -0.002118 0.030046
48 28 0.017629 -0.001217 0.032625
49 28 0.000000 0.000000 0.000000

0 29 0.000000 0.000000 0.000000
1 29 0.056529 -0.070991 0.012849
2 29 0.049695 -0.064273 0.022720
3 29 0.048061 -0.057598 0.030605
4 29 0.050637 -0.051711 0.037057
5 29 0.055652 -0.046959 0.042573
6 29 0.062630 -0.042999 0.047789
7 29 0.069725 -0.039431 0.051556
8 29 0.074964 -0.036329 0.054119
9 29 0.080070 -0.033726 0.056650
10 29 0.084339 -0.031001 0.057458
11 29 0.084604 -0.027771 0.055885
12 29 0.082550 -0.024655 0.053956
13 29 0.080490 -0.022036 0.051448
14 29 0.076247 -0.019260 0.046794
15 29 0.068857 -0.015842 0.040942
16 29 0.060285 -0.012205 0.034841
17 29 0.050339 -0.008891 0.027368
18 29 0.037943 -0.006063 0.018627
19 29 0.025314 -0.003773 0.010688
20 29 0.014797 -0.001961 0.003900
21 29 0.004784 -0.000299 -0.003504
22 29 -0.006893 0.001488 -0.011776
23 29 -0.018709 0.003246 -0.018960
24 29 -0.027980 0.004648 -0.024114
25 29 -0.035123 0.005654 -0.028579
26 29 -0.042406 0.006463 -0.033442
27 29 -0.049841 0.007137 -0.037615
28 29 -0.054908 0.007506 -0.039368
29 29 -0.056102 0.007446 -0.038721
30 29 -0.054874 0.007079 -0.037323
31 29 -0.053589 0.006638 -0.036288
32 29 -0.052580 0.006202 -0.034936
33 29 -0.049969 0.005649 -0.031760
34 29 -0.044028 0.004839 -0.026226
35 29 -0.035165 0.003795 -0.019396
36 29 -0.025594 0.002699 -0.012959
37 29 -0.017382 0.001740 -0.007835
38 29 -0.010905 0.000972 -0.003622
39 29 -0.004902 0.000310 0.000830
40 29 0.002238 -0.000377 0.006396
41 29 0.011152 -0.001155 0.013012
42 29 0.021044 -0.001976 0.019713
43 29 0.030150 -0.002712 0.025201
44 29 0.036624 -0.003220 0.028514
45 29 0.039184 -0.003400 0.029513
46 29 0.037172 -0.003196 0.029100
47 29 0.030105 -0.002567 0.029106
48 29 0.017473 -0.001475 0.031407
49 29 0.000000 0.000000 0.000000

0 30 0.000000 0.000000 0.000000
1 30 0.078379 -0.074960 0.012179
2 30 0.073886 -0.069843 0.022139
3 30 0.072438 -0.064825 0.030540
4 30 0.073926 -0.060409 0.037409
5 30 0.076068 -0.056121 0.042637
6 30 0.078725 -0.052061 0.047271
7 30 0.081930 -0.048449 0.050718
8 30 0.084020 -0.044661 0.052809
9 30 0.085241 -0.040543 0.054144
10 30 0.085215 -0.036581 0.053867
11 30 0.083158 -0.032890 0.052293
12 30 0.080646 -0.029200 0.050502
13 30 0.077152 -0.025235 0.047114
14 30 0.070013 -0.021083 0.041370
15 30 0.060831 -0.017370 0.035467
16 30 0.052938 -0.014466 0.030198
17 30 0.045024 -0.011821 0.023709
18 30 0.034617 -0.008770 0.015807
19 30 0.023196 -0.005442 0.008346
20 30 0.012674 -0.002329 0.001465
21 30 0.001695 0.000440 -0.006275
22 30 -0.010830 0.002920 -0.014507
23 30 -0.022603 0.004945 -0.021186
24 30 -0.031272 0.006341 -0.025824
25 30 -0.037942 0.007272 -0.030016
26 30 -0.044918 0.008045 -0.034600
27 30 -0.051775 0.008689 -0.038236
28 30 -0.055917 0.008970 -0.039351
29 30 -0.056276 0.008768 -0.038301
30 30 -0.054660 0.008265 -0.036801
31 30 -0.053266 0.007718 -0.035707
32 30 -0.052000 0.007174 -0.034095
33 30 -0.048817 0.006463 -0.030503
34 30 -0.042239 0.005441 -0.024652
35 30 -0.033046 0.004174 -0.017794
36 30 -0.023570 0.002894 -0.011573
37 30 -0.015673 0.001804 -0.006695
38 30 -0.009417 0.000936 -0.002578
39 30 -0.003376 0.000167 0.001954
40 30 0.003984 -0.000653 0.007656
41 30 0.013078 -0.001581 0.014298
42 30 0.022907 -0.002538 0.020822
43 30 0.031643 -0.003365 0.025935
44 30 0.037524 -0.003901 0.028760
45 30 0.039447 -0.004046 0.029254
46 30 0.036952 -0.003755 0.028373
47 30 0.029711 -0.002994 0.027954
48 30 0.017234 -0.001720 0.029932
49 30 0.000000 0.000000 0.000000

0 31 0.000000 0.000000 0.000000
1 31 0.095298 -0.079288 0.010962
2 31 0.089489 -0.075402 0.020492
3 31 0.085922 -0.070260 0.028734
4 31 0.084367 -0.064636 0.035078
5 31 0.083894 -0.059268 0.040303
6 31 0.085630 -0.054579 0.045025
7 31 0.087392 -0.050023 0.047751
8 31 0.087302 -0.045521 0.049299
9 31 0.087672 -0.041669 0.050777
10 31 0.087592 -0.037984 0.050503
11 31 0.084469 -0.033688 0.048407
12 31 0.079861 -0.029288 0.045934
13 31 0.074741 -0.025413 0.042391
14 31 0.067731 -0.021716 0.037358
15 31 0.059630 -0.017760 0.032161
16 31 0.051327 -0.013550 0.026482
17 31 0.040742 -0.009220 0.018860
18 31 0.027424 -0.005128 0.010371
19 31 0.014764 -0.001834 0.003180
20 31 0.004465 0.000570 -0.003162
21 31 -0.005740 0.002607 -0.010321
22 31 -0.017093 0.004642 -0.017715
23 31 -0.027329 0.006466 -0.023439
24 31 -0.034700 0.007803 -0.027464
25 31 -0.040777 0.008774 -0.031426
26 31 -0.047466 0.009619 -0.035718
27 31 -0.053671 0.010263 -0.038730
28 31 -0.056768 0.010423 -0.039144
29 31 -0.056258 0.010041 -0.037706
30 31 -0.054294 0.009382 -0.036136
31 31 -0.052791 0.008721 -0.034955
32 31 -0.051167 0.008048 -0.032998
33 31 -0.047271 0.007145 -0.028917
34 31 -0.039984 0.005884 -0.022748
35 31 -0.030498 0.004392 -0.015926
36 31 -0.021216 0.002948 -0.009991
37 31 -0.013707 0.001753 -0.005391
38 31 -0.007672 0.000800 -0.001350
39 31 -0.001539 -0.000076 0.003302
40 31 0.006093 -0.001036 0.009154
41 31 0.015362 -0.002113 0.015792
42 31 0.025052 -0.003192 0.022060
43 31 0.033289 -0.004082 0.026699
44 31 0.038435 -0.004610 0.028944
45 31 0.039603 -0.004686 0.028864
46 31 0.036558 -0.004285 0.027470
47 31 0.029143 -0.003387 0.026594
48 31 0.016887 -0.001945 0.028211
49 31 0.000000 0.000000 0.000000

0 32 0.000000 0.000000 0.000000
1 32 0.100731 -0.073614 0.009527
2 32 0.099288 -0.072822 0.018244
3 32 0.097501 -0.070562 0.025944
4 32 0.095707 -0.067369 0.032200
5 32 0.093851 -0.063307 0.037273
6 32 0.092266 -0.058576 0.041133
7 32 0.090049 -0.053671 0.043355
8 32 0.087726 -0.048813 0.045021
9 32 0.085968 -0.043825 0.045746
10 32 0.082207 -0.038564 0.044216
11 32 0.076505 -0.033548 0.042006
12 32 0.071855 -0.029185 0.040041
13 32 0.066667 -0.024792 0.036255
14 32 0.057977 -0.019841 0.030467
15 32 0.047892 -0.015108 0.024816
16 32 0.038789 -0.011363 0.019263
17 32 0.029188 -0.008256 0.012543
18 32 0.018522 -0.005211 0.005593
19 32 0.008828 -0.002217 -0.000325
20 32 0.000062 0.000663 -0.006306
21 32 -0.010172 0.003559 -0.013514
22 32 -0.021727 0.006316 -0.020583
23 32 -0.031506 0.008453 -0.025662
24 32 -0.038246 0.009796 -0.029244
25 32 -0.044015 0.010687 -0.032990
26 32 -0.050342 0.011439 -0.036845
27 32 -0.055605 0.011921 -0.039053
28 32 -0.057421 0.011839 -0.038697
29 32 -0.055997 0.011217 -0.036908
30 32 -0.053736 0.010393 -0.035303
31 32 -0.052106 0.009614 -0.033988
32 32 -0.049991 0.008788 -0.031587
33 32 -0.045240 0.007657 -0.026963
34 32 -0.037214 0.006135 -0.020514
35 32 -0.027529 0.004425 -0.013820
36 32 -0.018567 0.002847 -0.008247
37 32 -0.011510 0.001578 -0.003937
38 32 -0.005666 0.000552 0.000069
39 32 0.000635 -0.000435 0.004885
40 32 0.008583 -0.001542 0.010890
41 32 0.017994 -0.002766 0.017466
42 32 0.027432 -0.003944 0.023380
43 32 0.035015 -0.004858 0.027438
44 32 0.039277 -0.005335 0.029014
45 32 0.039582 -0.005304 0.028308
46 32 0.035938 -0.004769 0.026377
47 32 0.028362 -0.003732 0.025032
48 32 0.016409 -0.002140 0.026267
49 32 0.000000 0.000000 0.000000

0 33 0.000000 0.000000 0.000000
1 33 0.097036 -0.067799 0.007785
2 33 0.095490 -0.067019 0.015223
3 33 0.094455 -0.064900 0.022207
4 33 0.093532 -0.061818 0.027698
5 33 0.092097 -0.058109 0.032345
6 33 0.091478 -0.054551 0.036254
7 33 0.090152 -0.050713 0.038411
8 33 0.087384 -0.046283 0.039619
9 33 0.084310 -0.041943 0.039959
10 33 0.080102 -0.037749 0.038778
11 33 0.074817 -0.033252 0.036965
12 33 0.069143 -0.028458 0.034335
13 33 0.061419 -0.023612 0.029777
14 33 0.051869 -0.019092 0.024653
15 33 0.043570 -0.015142 0.020378
16 33 0.036015 -0.011250 0.015298
17 33 0.025756 -0.006767 0.008184
18 33 0.013269 -0.002087 0.000874
19 33 0.001925 0.001838 -0.005232
20 33 -0.008047 0.004798 -0.011321
21 33 -0.018646 0.007254 -0.018132
22 33 -0.029171 0.009355 -0.024105
23 33 -0.037045 0.010850 -0.028014
24 33 -0.042283 0.011764 -0.030974
25 33 -0.047371 0.012482 -0.034427
26 33 -0.053082 0.013153 -0.037717
27 33 -0.057166 0.013464 -0.039021
28 33 -0.057619 0.013116 -0.037921
29 33 -0.055384 0.012251 -0.035886
30 33 -0.052941 0.011273 -0.034284
31 33 -0.051142 0.010371 -0.032756
32 33 -0.048368 0.009356 -0.029805
33 33 -0.042635 0.007955 -0.024612
34 33 -0.033900 0.006158 -0.017964
35 33 -0.024168 0.004255 -0.011517
36 33 -0.015670 0.002584 -0.006376
37 33 -0.009102 0.001271 -0.002340
38 33 -0.003383 0.000180 0.001691
39 33 0.003175 -0.000928 0.006713
40 33 0.011467 -0.002190 0.012851
41 33 0.020945 -0.003548 0.019281
42 33 0.029978 -0.004792 0.024723
43 33 0.036729 -0.005682 0.028085
44 33 0.039955 -0.006057 0.028914
45 33 0.039306 -0.005879 0.027548
46 33 0.035038 -0.005189 0.025084
47 33 0.027337 -0.004015 0.023283
48 33 0.015781 -0.002298 0.024126
49 33 0.000000 0.000000 0.000000

0 34 0.000000 0.000000 0.000000
1 34 0.090229 -0.056250 0.006107
2 34 0.091897 -0.058850 0.012425
3 34 0.091741 -0.059181 0.018115
4 34 0.089490 -0.057497 0.022736
5 34 0.087080 -0.054697 0.027129
6 34 0.084845 -0.050954 0.030044
7 34 0.080665 -0.046244 0.031300
8 34 0.076660 -0.041631 0.032613
9 34 0.073643 -0.037272 0.032840
10 34 0.068407 -0.032259 0.030971
11 34 0.061579 -0.027041 0.028742
12 34 0.055426 -0.022558 0.026247
13 34 0.048450 -0.018351 0.022251
14 34 0.039846 -0.013758 0.017566
15 34 0.031021 -0.009073 0.012810
16 34 0.021308 -0.004712 0.006827
17 34 0.009802 -0.000858 -0.000055
18 34 -0.000965 0.002180 -0.005760
19 34 -0.008908 0.004396 -0.010233
20 34 -0.016213 0.006445 -0.015428
21 34 -0.025250 0.008811 -0.021534
22 34 -0.034375 0.011111 -0.026574
23 34 -0.040943 0.012735 -0.029752
24 34 -0.045576 0.013701 -0.032485
25 34 -0.050544 0.014428 -0.035740
26 34 -0.055650 0.014973 -0.038321
27 34 -0.058334 0.014975 -0.038607
28 34 -0.057356 0.014255 -0.036819
29 34 -0.054434 0.013118 -0.034645
30 34 -0.051889 0.011993 -0.033048
31 34 -0.049806 0.010950 -0.031191
32 34 -0.046168 0.009699 -0.027587
33 34 -0.039368 0.007990 -0.021850
34 34 -0.030039 0.005923 -0.015137
35 34 -0.020471 0.003871 -0.009074
36 34 -0.012580 0.002158 -0.004411
37 34 -0.006494 0.000828 -0.000601
38 34 -0.000793 -0.000332 0.003534
39 34 0.006118 -0.001575 0.008795
40 34 0.014746 -0.002993 0.015014
41 34 0.024166 -0.004463 0.021180
42 34 0.032596 -0.005725 0.026010
43 34 0.038317 -0.006531 0.028563
44 34 0.040367 -0.006749 0.028585
45 34 0.038699 -0.006385 0.026551
46 34 0.033811 -0.005524 0.023586
47 34 0.026042 -0.004219 0.021369
48 34 0.014990 -0.002408 0.021828
49 34 0.000000 0.000000 0.000000

0 35 0.000000 0.000000 0.000000
1 35 0.070626 -0.041020 0.004368
2 35 0.074539 -0.043614 0.009110
3 35 0.077155 -0.045014 0.013638
4 35 0.078317 -0.045363 0.017778
5 35 0.078452 -0.044577 0.021364
6 35 0.076755 -0.042742 0.023550
7 35 0.073528 -0.040226 0.025146
8 35 0.070498 -0.037162 0.026296
9 35 0.065816 -0.033199 0.025398
10 35 0.058689 -0.028754 0.023488
11 35 0.052514 -0.024734 0.022133
12 35 0.046923 -0.020702 0.019525
13 35 0.038392 -0.015858 0.014791
14 35 0.028376 -0.011014 0.010163
15 35 0.020149 -0.007238 0.006236
16 35 0.012457 -0.004048 0.001380
17 35 0.003432 -0.000555 -0.004218
18 35 -0.005467 0.003122 -0.009111
19 35 -0.013448 0.006551 -0.013829
20 35 -0.022400 0.009739 -0.019626
21 35 -0.032576 0.012585 -0.025501
22 35 -0.041042 0.014587 -0.029488
23 35 -0.046105 0.015551 -0.031756
24 35 -0.049724 0.015977 -0.034080
25 35 -0.054019 0.016371 -0.036846
26 35 -0.057898 0.016592 -0.038442
27 35 -0.058808 0.016185 -0.037659
28 35 -0.056445 0.015089 -0.035341
29 35 -0.053073 0.013736 -0.033173
30 35 -0.050503 0.012501 -0.031544
31 35 -0.047964 0.011295 -0.029212
32 35 -0.043256 0.009756 -0.024882
33 35 -0.035382 0.007714 -0.018690
34 35 -0.025671 0.005409 -0.012097
35 35 -0.016521 0.003273 -0.006555
36 35 -0.009351 0.001574 -0.002377
37 35 -0.003680 0.000243 0.001295
38 35 0.002149 -0.001000 0.005621
39 35 0.009495 -0.002396 0.011126
40 35 0.018398 -0.003964 0.017335
41 35 0.027571 -0.005504 0.023083
42 35 0.035160 -0.006720 0.027149
43 35 0.039648 -0.007374 0.028791
44 35 0.040404 -0.007378 0.027968
45 35 0.037691 -0.006794 0.025293
46 35 0.032224 -0.005750 0.021887
47 35 0.024466 -0.004329 0.019318
48 35 0.014031 -0.002463 0.019420
49 35 0.000000 0.000000 0.000000

0 36 0.000000 0.000000 0.000000
1 36 0.054250 -0.027951 0.002775
2 36 0.057796 -0.031764 0.006129
3 36 0.059633 -0.033653 0.009319
4 36 0.059645 -0.033703 0.012148
5 36 0.059074 -0.032783 0.014807
6 36 0.057866 -0.031257 0.016525
7 36 0.055492 -0.028858 0.017588
8 36 0.052525 -0.026011 0.017964
9 36 0.048337 -0.023048 0.017122
10 36 0.043370 -0.019869 0.015963
11 36 0.038492 -0.016347 0.014312
12 36 0.031768 -0.012374 0.010840
13 36 0.023024 -0.008381 0.006755
14 36 0.015609 -0.004991 0.003708
15 36 0.009435 -0.001725 0.000119
16 36 0.000750 0.002317 -0.005541
17 36 -0.010281 0.006657 -0.011483
18 36 -0.019815 0.010000 -0.015956
19 36 -0.027112 0.012120 -0.020040
20 36 -0.034495 0.013800 -0.024819
21 36 -0.041961 0.015363 -0.029036
22 36 -0.047176 0.016448 -0.031425
23 36 -0.049994 0.016980 -0.032965
24 36 -0.052857 0.017385 -0.035138
25 36 -0.056677 0.017819 -0.037405
26 36 -0.059245 0.017841 -0.037931
27 36 -0.058394 0.017039 -0.036184
28 36 -0.054927 0.015605 -0.033564
29 36 -0.051375 0.014094 -0.031498
30 36 -0.048742 0.012760 -0.029716
31 36 -0.045475 0.011340 -0.026736
32 36 -0.039509 0.009457 -0.021662
33 36 -0.030669 0.007086 -0.015190
34 36 -0.020889 0.004611 -0.008937
35 36 -0.012425 0.002476 -0.004023
36 36 -0.006023 0.000838 -0.000282
37 36 -0.000625 -0.000495 0.003376
38 36 0.005502 -0.001848 0.007974
39 36 0.013324 -0.003409 0.013687
40 36 0.022366 -0.005103 0.019741
41 36 0.031036 -0.006652 0.024887
42 36 0.037516 -0.007741 0.028035
43 36 0.040578 -0.008167 0.028684
44 36 0.039961 -0.007904 0.027017
45 36 0.036226 -0.007074 0.023759
46 36 0.030262 -0.005850 0.020003
47 36 0.022618 -0.004335 0.017172
48 36 0.012911 -0.002455 0.016957
49 36 0.000000 0.000000 0.000000

0 37 0.000000 0.000000 0.000000
1 37 0.029641 -0.009061 0.001353
2 37 0.036856 -0.014647 0.003416
3 37 0.041226 -0.018773 0.005225
4 37 0.043066 -0.021457 0.007441
5 37 0.043927 -0.023051 0.009319
6 37 0.042017 -0.022825 0.009865
7 37 0.038452 -0.021462 0.010432
8 37 0.035286 -0.019906 0.010581
9 37 0.030652 -0.017441 0.009229
10 37 0.024512 -0.014081 0.007464
11 37 0.018582 -0.010857 0.005429
12 37 0.012132 -0.007805 0.002358
13 37 0.005067 -0.004496 -0.000920
14 37 -0.001531 -0.001018 -0.004149
15 37 -0.008930 0.002501 -0.008600
16 37 -0.017961 0.005799 -0.013739
17 37 -0.025711 0.008244 -0.017436
18 37 -0.030255 0.009828 -0.019887
19 37 -0.034358 0.011527 -0.023260
20 37 -0.040654 0.013915 -0.027717
21 37 -0.047303 0.016298 -0.031195
22 37 -0.051474 0.017786 -0.032909
23 37 -0.053804 0.018448 -0.034299
24 37 -0.056573 0.018861 -0.036282
25 37 -0.059517 0.019078 -0.037642
26 37 -0.060103 0.018624 -0.036851
27 37 -0.057282 0.017324 -0.034254
28 37 -0.052943 0.015625 -0.031552
29 37 -0.049372 0.014060 -0.029599
30 37 -0.046484 0.012647 -0.027468
31 37 -0.042157 0.010968 -0.023686
32 37 -0.034845 0.008718 -0.017949
33 37 -0.025302 0.006075 -0.011454
34 37 -0.015849 0.003539 -0.005770
35 37 -0.008295 0.001499 -0.001531
36 37 -0.002607 -0.000047 0.001891
37 37 0.002737 -0.001404 0.005685
38 37 0.009325 -0.002900 0.010602
39 37 0.017590 -0.004626 0.016425
40 37 0.026542 -0.006396 0.022129
41 37 0.034390 -0.007868 0.026467
42 37 0.039479 -0.008736 0.028556
43 37 0.040957 -0.008858 0.028168
44 37 0.038947 -0.008285 0.025698
45 37 0.034271 -0.007198 0.021954
46 37 0.027936 -0.005808 0.017965
47 37 0.020523 -0.004230 0.014977
48 37 0.011650 -0.002382 0.014503
49 37 0.000000 0.000000 0.000000

0 38 0.000000 0.000000 0.000000
1 38 0.004316 0.004292 0.000113
2 38 0.009552 0.000044 0.000533
3 38 0.013194 -0.003355 0.001316
4 38 0.016695 -0.006493 0.002695
5 38 0.018569 -0.008698 0.003038
6 38 0.017792 -0.009885 0.003242
7 38 0.017417 -0.011040 0.004019
8 38 0.015859 -0.011255 0.003187
9 38 0.010934 -0.009980 0.001288
10 38 0.006189 -0.008710 0.000208
11 38 0.002456 -0.007546 -0.001523
12 38 -0.003467 -0.005196 -0.004921
13 38 -0.010812 -0.002092 -0.008255
14 38 -0.016958 0.000496 -0.011120
15 38 -0.022735 0.002730 -0.014668
16 38 -0.029042 0.005287 -0.018383
17 38 -0.034506 0.008090 -0.021297
18 38 -0.039365 0.010965 -0.024433
19 38 -0.045746 0.013972 -0.028744
20 38 -0.053034 0.016654 -0.032733
21 38 -0.057834 0.018195 -0.034583
22 38 -0.059076 0.018551 -0.034969
23 38 -0.059397 0.018562 -0.035770
24 38 -0.060802 0.018781 -0.037068
25 38 -0.061792 0.018824 -0.037144
26 38 -0.059927 0.018075 -0.035080
27 38 -0.055402 0.016574 -0.031985
28 38 -0.050661 0.014917 -0.029431
29 38 -0.047147 0.013475 -0.027475
30 38 -0.043640 0.012005 -0.024725
31 38 -0.037906 0.010032 -0.020051
32 38 -0.029304 0.007450 -0.013849
33 38 -0.019472 0.004663 -0.007646
34 38 -0.010758 0.002217 -0.002713
35 38 -0.004231 0.000359 0.000899
36 38 0.000935 -0.001090 0.004188
37 38 0.006496 -0.002517 0.008263
38 38 0.013660 -0.004183 0.013487
39 38 0.022224 -0.006046 0.019247
40 38 0.030753 -0.007807 0.024357
41 38 0.037413 -0.009091 0.027678
42 38 0.040848 -0.009638 0.028601
43 38 0.040645 -0.009389 0.027182
44 38 0.037296 -0.008479 0.024000
45 38 0.031824 -0.007144 0.019899
46 38 0.025281 -0.005617 0.015814
47 38 0.018232 -0.004015 0.012787
48 38 0.010281 -0.002246 0.012120
49 38 0.000000 0.000000 0.000000

0 39 0.000000 0.000000 0.000000
1 39 -0.016271 0.015467 -0.000934
2 39 -0.011631 0.009417 -0.001592
3 39 -0.008901 0.004463 -0.001588
4 39 -0.007472 0.000721 -0.001881
5 39 -0.008555 -0.001577 -0.002665
6 39 -0.009769 -0.003429 -0.002646
7 39 -0.010757 -0.004659 -0.003376
8 39 -0.014580 -0.004491 -0.005529
9 39 -0.018827 -0.004156 -0.006794
10 39 -0.021057 -0.004121 -0.007862
11 39 -0.025169 -0.002862 -0.011019
12 39 -0.032049 -0.000569 -0.014607
13 39 -0.037145 0.001000 -0.016661
14 39 -0.040230 0.002126 -0.018977
15 39 -0.045225 0.004363 -0.022945
16 39 -0.051924 0.007425 -0.026836
17 39 -0.057109 0.009845 -0.029497
18 39 -0.060664 0.011348 -0.032048
19 39 -0.064179 0.012585 -0.034837
20 39 -0.066683 0.013652 -0.036429
21 39 -0.066457 0.014284 -0.036366
22 39 -0.064782 0.014769 -0.036212
23 39 -0.064327 0.015605 -0.037030
24 39 -0.064969 0.016559 -0.037640
25 39 -0.063909 0.016812 -0.036318
26 39 -0.059619 0.015990 -0.033168
27 39 -0.053757 0.014572 -0.029863
28 39 -0.048798 0.013226 -0.027443
29 39 -0.044963 0.012034 -0.025145
30 39 -0.040203 0.010518 -0.021465
31 39 -0.032757 0.008293 -0.015922
32 39 -0.023115 0.005536 -0.009571
33 39 -0.013511 0.002828 -0.003976
34 39 -0.005862 0.000654 0.000131
35 39 -0.000286 -0.000952 0.003287
36 39 0.004689 -0.002334 0.006678
37 39 0.010748 -0.003879 0.011137
38 39 0.018492 -0.005716 0.016562
39 39 0.027073 -0.007645 0.022008
40 39 0.034754 -0.009275 0.026249
41 39 0.039847 -0.010241 0.028368
42 39 0.041423 -0.010367 0.028074
43 39 0.039531 -0.009700 0.025693
44 39 0.034983 -0.008452 0.021939
45 39 0.028921 -0.006900 0.017643
46 39 0.022365 -0.005280 0.013607
47 39 0.015812 -0.003699 0.010660
48 39 0.008849 -0.002054 0.009874
49 39 0.000000 0.000000 0.000000

0 40 0.000000 0.000000 0.000000
1 40 -0.044687 0.025541 -0.001947
2 40 -0.039881 0.019227 -0.003393
3 40 -0.035924 0.012889 -0.004493
4 40 -0.034059 0.007338 -0.005911
5 40 -0.033868 0.002592 -0.006882
6 40 -0.034046 -0.001317 -0.007858
7 40 -0.036527 -0.003637 -0.010041
8 40 -0.040570 -0.004979 -0.011944
9 40 -0.043148 -0.006135 -0.013194
10 40 -0.046515 -0.006126 -0.015992
11 40 -0.052657 -0.004861 -0.019676
12 40 -0.057505 -0.004008 -0.021774
13 40 -0.059534 -0.003591 -0.023532
14 40 -0.063209 -0.001977 -0.027282
15 40 -0.069502 0.000577 -0.031437
16 40 -0.073642 0.002144 -0.033452
17 40 -0.073890 0.002492 -0.034301
18 40 -0.073867 0.003269 -0.036134
19 40 -0.075576 0.005223 -0.038425
20 40 -0.076762 0.007413 -0.039399
21 40 -0.075806 0.009018 -0.039232
22 40 -0.074304 0.010299 -0.039370
23 40 -0.073612 0.011592 -0.039769
24 40 -0.072110 0.012480 -0.038801
25 40 -0.067537 0.012401 -0.035685
26 40 -0.060375 0.011530 -0.031640
27 40 -0.053319 0.010581 -0.028304
28 40 -0.047949 0.009916 -0.025773
29 40 -0.043053 0.009159 -0.022661
30 40 -0.036328 0.007711 -0.017814
31 40 -0.027051 0.005440 -0.011588
32 40 -0.016807 0.002829 -0.005466
33 40 -0.007916 0.000524 -0.000692
34 40 -0.001424 -0.001185 0.002692
35 40 0.003533 -0.002501 0.005688
36 40 0.008766 -0.003861 0.009421
37 40 0.015541 -0.005551 0.014279
38 40 0.023710 -0.007505 0.019692
39 40 0.031875 -0.009368 0.024506
40 40 0.038225 -0.010705 0.027608
41 40 0.041413 -0.011218 0.028394
42 40 0.041025 -0.010844 0.026911
43 40 0.037551 -0.009741 0.023708
44 40 0.032035 -0.008185 0.019567
45 40 0.025640 -0.006468 0.015252
46 40 0.019283 -0.004812 0.011411
47 40 0.013349 -0.003300 0.008654
48 40 0.007406 -0.001817 0.007820
49 40 0.000000 0.000000 0.000000

0 41 0.000000 0.000000 0.000000
1 41 -0.068064 0.023931 -0.002653
2 41 -0.067963 0.019012 -0.005036
3 41 -0.067851 0.014381 -0.007429
4 41 -0.068010 0.010084 -0.009633
5 41 -0.067737 0.006017 -0.011461
6 41 -0.067996 0.002680 -0.013783
7 41 -0.069505 0.000130 -0.016168
8 41 -0.070443 -0.002136 -0.017880
9 41 -0.071514 -0.003595 -0.020281
10 41 -0.074825 -0.003876 -0.023614
11 41 -0.078081 -0.004058 -0.025957
12 41 -0.079219 -0.004439 -0.027665
13 41 -0.081433 -0.003807 -0.030930
14 41 -0.086348 -0.002227 -0.034908
15 41 -0.089790 -0.001377 -0.036951
16 41 -0.089428 -0.001486 -0.037622
17 41 -0.089181 -0.000804 -0.039667
18 41 -0.092224 0.001390 -0.043109
19 41 -0.095657 0.003572 -0.045267
20 41 -0.095374 0.004286 -0.045023
21 41 -0.091884 0.004000 -0.044002
22 41 -0.088259 0.003999 -0.043507
23 41 -0.084989 0.004546 -0.042587
24 41 -0.079832 0.004916 -0.039782
25 41 -0.071775 0.004706 -0.035409
26 41 -0.062755 0.004353 -0.031151
27 41 -0.055159 0.004381 -0.027889
28 41 -0.048951 0.004612 -0.024749
29 41 -0.041981 0.004338 -0.020290
30 41 -0.032640 0.003100 -0.014191
31 41 -0.021642 0.001144 -0.007595
32 41 -0.011283 -0.000851 -0.002016
33 41 -0.003338 -0.002375 0.001946
34 41 0.002297 -0.003440 0.004938
35 41 0.007250 -0.004451 0.008165
36 41 0.013233 -0.005811 0.012424
37 41 0.020796 -0.007599 0.017567
38 41 0.029041 -0.009527 0.022647
39 41 0.036246 -0.011125 0.026485
40 41 0.040793 -0.011982 0.028228
41 41 0.041845 -0.011915 0.027648
42 41 0.039532 -0.010997 0.025097
43 41 0.034708 -0.009478 0.021278
44 41 0.028536 -0.007675 0.016966
45 41 0.022101 -0.005868 0.012813
46 41 0.016151 -0.004241 0.009295
47 41 0.010935 -0.002843 0.006821
48 41 0.006008 -0.001550 0.006003
49 41 0.000000 0.000000 0.000000

0 42 0.000000 0.000000 0.000000
1 42 -0.088645 0.019211 -0.003124
2 42 -0.089525 0.013733 -0.006201
3 42 -0.091029 0.009324 -0.009284
4 42 -0.092616 0.005976 -0.012144
5 42 -0.094049 0.003675 -0.015071
6 42 -0.095787 0.002344 -0.018116
7 42 -0.097034 0.001486 -0.020702
8 42 -0.097645 0.001046 -0.023322
9 42 -0.099121 0.001246 -0.026507
10 42 -0.100853 0.001520 -0.029227
11 42 -0.101263 0.001475 -0.031282
12 42 -0.102044 0.001798 -0.034158
13 42 -0.104878 0.002613 -0.037723
14 42 -0.107196 0.002811 -0.040024
15 42 -0.106856 0.002134 -0.041155
16 42 -0.106678 0.001869 -0.043371
17 42 -0.109445 0.002519 -0.046896
18 42 -0.112365 0.002643 -0.049106
19 42 -0.110918 0.000994 -0.048509
20 42 -0.105485 -0.001539 -0.046839
21 42 -0.100292 -0.003099 -0.046230
22 42 -0.097180 -0.003173 -0.046214
23 42 -0.093627 -0.002844 -0.044713
24 42 -0.086855 -0.003099 -0.040995
25 42 -0.077469 -0.003712 -0.036415
26 42 -0.068189 -0.003855 -0.032454
27 42 -0.060260 -0.003296 -0.028949
28 42 -0.052267 -0.002675 -0.024537
29 42 -0.042229 -0.002750 -0.018409
30 42 -0.030064 -0.003640 -0.011273
31 42 -0.017797 -0.004814 -0.004707
32 42 -0.007712 -0.005675 0.000219
33 42 -0.000494 -0.006080 0.003701
34 42 0.005054 -0.006383 0.006846
35 42 0.010837 -0.007072 0.010715
36 42 0.017995 -0.008370 0.015565
37 42 0.026206 -0.010083 0.020738
38 42 0.034010 -0.011729 0.025104
39 42 0.039681 -0.012799 0.027658
40 42 0.042060 -0.012980 0.027932
41 42 0.040927 -0.012241 0.026072
42 42 0.036904 -0.010779 0.022673
43 42 0.031087 -0.008910 0.018498
44 42 0.024630 -0.006949 0.014246
45 42 0.018452 -0.005137 0.010421
46 42 0.013094 -0.003603 0.007330
47 42 0.008662 -0.002359 0.005203
48 42 0.004708 -0.001272 0.004453
49 42 0.000000 0.000000 0.000000

0 43 0.000000 0.000000 0.000000
1 43 -0.113009 0.015282 -0.003586
2 43 -0.113284 0.012926 -0.007142
3 43 -0.112428 0.010741 -0.010513
4 43 -0.110924 0.008994 -0.013694
5 43 -0.109452 0.007899 -0.016825
6 43 -0.108127 0.007360 -0.019684
7 43 -0.106738 0.007242 -0.022337
8 43 -0.105947 0.007596 -0.025191
9 43 -0.105794 0.008131 -0.027890
10 43 -0.105294 0.008457 -0.030104
11 43 -0.104951 0.008782 -0.032575
12 43 -0.105922 0.009224 -0.035506
13 43 -0.107010 0.009163 -0.037781
14 43 -0.106640 0.008335 -0.039211
15 43 -0.106312 0.007482 -0.041214
16 43 -0.107972 0.006950 -0.044100
17 43 -0.109764 0.005790 -0.046021
18 43 -0.108367 0.003244 -0.045823
19 43 -0.104382 0.000233 -0.045055
20 43 -0.101799 -0.001665 -0.045776
21 43 -0.102281 -0.002287 -0.047547
22 43 -0.102746 -0.003036 -0.047955
23 43 -0.099274 -0.005061 -0.045637
24 43 -0.091575 -0.007925 -0.041653
25 43 -0.082554 -0.010240 -0.037832
26 43 -0.074427 -0.011196 -0.034561
27 43 -0.066455 -0.011197 -0.030612
28 43 -0.056436 -0.011169 -0.024797
29 43 -0.043568 -0.011567 -0.017378
30 43 -0.029500 -0.012089 -0.009871
31 43 -0.016885 -0.012171 -0.003725
32 43 -0.007226 -0.011623 0.000751
33 43 0.000015 -0.010814 0.004395
34 43 0.006620 -0.010364 0.008349
35 43 0.014096 -0.010684 0.013175
36 43 0.022643 -0.011723 0.018512
37 43 0.031143 -0.013029 0.023359
38 43 0.037911 -0.014022 0.026650
39 43 0.041585 -0.014264 0.027740
40 43 0.041659 -0.013598 0.026594
41 43 0.038533 -0.012144 0.023686
42 43 0.033204 -0.010192 0.019745
43 43 0.026852 -0.008073 0.015506
44 43 0.020506 -0.006059 0.011535
45 43 0.014859 -0.004326 0.008173
46 43 0.010236 -0.002942 0.005573
47 43 0.006610 -0.001879 0.003826
48 43 0.003551 -0.001001 0.003182
49 43 0.000000 0.000000 0.000000

0 44 0.000000 0.000000 0.000000
1 44 -0.121735 0.008884 -0.003672
2 44 -0.123051 0.012120 -0.007351
3 44 -0.122004 0.015212 -0.010841
4 44 -0.119228 0.017864 -0.014101
5 44 -0.115462 0.019929 -0.017048
6 44 -0.111174 0.021356 -0.019637
7 44 -0.107024 0.022283 -0.022085
8 44 -0.103525 0.022792 -0.024390
9 44 -0.100448 0.022832 -0.026364
10 44 -0.097883 0.022561 -0.028305
11 44 -0.096452 0.022171 -0.030472
12 44 -0.095743 0.021461 -0.032386
13 44 -0.094773 0.020274 -0.033813
14 44 -0.094078 0.018977 -0.035474
15 44 -0.094775 0.017803 -0.037672
16 44 -0.095934 0.016249 -0.039398
17 44 -0.095594 0.013880 -0.039939
18 44 -0.094225 0.011265 -0.040348
19 44 -0.094524 0.009281 -0.042031
20 44 -0.097301 0.007688 -0.044483
21 44 -0.099595 0.005140 -0.045593
22 44 -0.097925 0.000770 -0.044175
23 44 -0.092250 -0.004699 -0.041290
24 44 -0.085643 -0.009627 -0.038824
25 44 -0.080498 -0.012999 -0.037262
26 44 -0.075973 -0.015096 -0.035251
27 44 -0.069216 -0.016825 -0.031156
28 44 -0.058501 -0.018638 -0.024727
29 44 -0.044881 -0.020158 -0.017266
30 44 -0.031137 -0.020685 -0.010439
31 44 -0.019488 -0.019927 -0.005014
32 44 -0.010190 -0.018300 -0.000540
33 44 -0.001912 -0.016635 0.004004
34 44 0.006856 -0.015635 0.009288
35 44 0.016572 -0.015510 0.015144
36 44 0.026366 -0.015950 0.020688
37 44 0.034620 -0.016384 0.024837
38 44 0.039850 -0.016296 0.026830
39 44 0.041340 -0.015420 0.026486
40 44 0.039306 -0.013788 0.024172
41 44 0.034659 -0.011640 0.020582
42 44 0.028594 -0.009297 0.016469
43 44 0.022228 -0.007045 0.012460
44 44 0.016374 -0.005083 0.008958
45 44 0.011480 -0.003502 0.006149
46 44 0.007677 -0.002307 0.004067
47 44 0.004838 -0.001436 0.002702
48 44 0.002567 -0.000755 0.002181
49 44 0.000000 0.000000 0.000000

0 45 0.000000 0.000000 0.000000
1 45 -0.110248 0.009568 -0.003237
2 45 -0.108368 0.014667 -0.006406
3 45 -0.105859 0.019515 -0.009438
4 45 -0.103005 0.023810 -0.012290
5 45 -0.099953 0.027312 -0.014902
6 45 -0.096878 0.029931 -0.017318
7 45 -0.094042 0.031684 -0.019577
8 45 -0.091456 0.032595 -0.021599
9 45 -0.089123 0.032783 -0.023460
10 45 -0.087350 0.032447 -0.025330
11 45 -0.086112 0.031629 -0.027065
12 45 -0.084954 0.030317 -0.028503
13 45 -0.083989 0.028714 -0.029936
14 45 -0.083758 0.027000 -0.031577
15 45 -0.083884 0.024986 -0.032966
16 45 -0.083325 0.022460 -0.033689
17 45 -0.082237 0.019699 -0.034268
18 45 -0.082001 0.017115 -0.035446
19 45 -0.082849 0.014456 -0.036805
20 45 -0.082766 0.010891 -0.036981
21 45 -0.079778 0.006063 -0.035417
22 45 -0.074698 0.000725 -0.033292
23 45 -0.070595 -0.003926 -0.032323
24 45 -0.069489 -0.007450 -0.032856
25 45 -0.070112 -0.010534 -0.033432
26 45 -0.069042 -0.014172 -0.032158
27 45 -0.063759 -0.018597 -0.028347
28 45 -0.054517 -0.022985 -0.022895
29 45 -0.043634 -0.026102 -0.017290
30 45 -0.033341 -0.027210 -0.012384
31 45 -0.024235 -0.026500 -0.007934
32 45 -0.015361 -0.024843 -0.003090
33 45 -0.005452 -0.023187 0.002752
34 45 0.005843 -0.022058 0.009415
35 45 0.017581 -0.021420 0.015994
36 45 0.028005 -0.020874 0.021322
37 45 0.035419 -0.019963 0.024505
38 45 0.038876 -0.018414 0.025222
39 45 0.038413 -0.016223 0.023742
40 45 0.034858 -0.013596 0.020716
41 45 0.029425 -0.010834 0.016918
42 45 0.023316 -0.008218 0.013027
43 45 0.017463 -0.005949 0.009512
44 45 0.012429 -0.004119 0.006617
45 45 0.008443 -0.002734 0.004406
46 45 0.005485 -0.001742 0.002830
47 45 0.003374 -0.001055 0.001821
48 45 0.001767 -0.000546 0.001426
49 45 0.000000 0.000000 0.000000

0 46 0.000000 0.000000 0.000000
1 46 -0.090106 0.017066 -0.002581
2 46 -0.085348 0.022250 -0.005008
3 46 -0.080875 0.025940 -0.007280
4 46 -0.077194 0.028512 -0.009413
5 46 -0.074438 0.030274 -0.011441
6 46 -0.072563 0.031449 -0.013404
7 46 -0.071373 0.032143 -0.015278
8 46 -0.070615 0.032403 -0.017054
9 46 -0.070188 0.032275 -0.018786
10 46 -0.070000 0.031749 -0.020431
11 46 -0.069791 0.030773 -0.021887
12 46 -0.069489 0.029384 -0.023225
13 46 -0.069290 0.027655 -0.024550
14 46 -0.069070 0.025525 -0.025677
15 46 -0.068339 0.022910 -0.026376
16 46 -0.067070 0.019961 -0.026832
17 46 -0.065852 0.016920 -0.027372
18 46 -0.064756 0.013735 -0.027766
19 46 -0.062765 0.010117 -0.027318
20 46 -0.059078 0.006121 -0.025874
21 46 -0.054666 0.002423 -0.024351
22 46 -0.051789 -0.000269 -0.023926
23 46 -0.051732 -0.002065 -0.024761
24 46 -0.053340 -0.004041 -0.025739
25 46 -0.053980 -0.007410 -0.025492
26 46 -0.051834 -0.012517 -0.023601
27 46 -0.047229 -0.018535 -0.020808
28 46 -0.041911 -0.024041 -0.018179
29 46 -0.037241 -0.027920 -0.016097
30 46 -0.033000 -0.029886 -0.013953
31 46 -0.027667 -0.030391 -0.010677
32 46 -0.019704 -0.030134 -0.005571
33 46 -0.008753 -0.029597 0.001164
34 46 0.004012 -0.028862 0.008493
35 46 0.016443 -0.027726 0.015039
36 46 0.026372 -0.025938 0.019657
37 46 0.032406 -0.023399 0.021797
38 46 0.034238 -0.020226 0.021553
39 46 0.032501 -0.016700 0.019489
40 46 0.028355 -0.013163 0.016361
41 46 0.023054 -0.009911 0.012882
42 46 0.017633 -0.007140 0.009585
43 46 0.012775 -0.004931 0.006778
44 46 0.008815 -0.003271 0.004576
45 46 0.005816 -0.002089 0.002963
46 46 0.003679 -0.001285 0.001851
47 46 0.002212 -0.000755 0.001156
48 46 0.001144 -0.000385 0.000880
49 46 0.000000 0.000000 0.000000

0 47 0.000000 0.000000 0.000000
1 47 -0.061990 0.016204 -0.001797
2 47 -0.061474 0.022532 -0.003596
3 47 -0.060467 0.027174 -0.005342
4 47 -0.059156 0.030444 -0.006998
5 47 -0.057726 0.032666 -0.008555
6 47 -0.056319 0.034099 -0.010005
7 47 -0.055004 0.034913 -0.011344
8 47 -0.053840 0.035214 -0.012597
9 47 -0.052870 0.035049 -0.013771
10 47 -0.052042 0.034415 -0.014836
11 47 -0.051314 0.033313 -0.015811
12 47 -0.050744 0.031768 -0.016749
13 47 -0.050301 0.029772 -0.017598
14 47 -0.049785 0.027296 -0.018265
15 47 -0.049147 0.024403 -0.018808
16 47 -0.048595 0.021222 -0.019364
17 47 -0.048142 0.017790 -0.019834
18 47 -0.047341 0.014056 -0.019925
19 47 -0.045876 0.010116 -0.019610
20 47 -0.044226 0.006330 -0.019320
21 47 -0.043244 0.003059 -0.019448
22 47 -0.042943 0.000246 -0.019706
23 47 -0.042041 -0.002629 -0.019210
24 47 -0.039039 -0.006136 -0.017336
25 47 -0.033841 -0.010403 -0.014482
26 47 -0.028224 -0.015016 -0.011929
27 47 -0.024614 -0.019366 -0.010878
28 47 -0.024216 -0.023076 -0.011496
29 47 -0.026021 -0.026170 -0.012727
30 47 -0.027384 -0.028890 -0.012934
31 47 -0.025612 -0.031372 -0.010864
32 47 -0.019426 -0.033453 -0.006292
33 47 -0.009488 -0.034716 -0.000049
34 47 0.002100 -0.034711 0.006455
35 47 0.012837 -0.033190 0.011852
36 47 0.020773 -0.030224 0.015270
37 47 0.025013 -0.026175 0.016489
38 47 0.025701 -0.021567 0.015822
39 47 0.023677 -0.016933 0.013874
40 47 0.020047 -0.012693 0.011302
41 47 0.015829 -0.009106 0.008646
42 47 0.011772 -0.006265 0.006258
43 47 0.008304 -0.004144 0.004311
44 47 0.005586 -0.002640 0.002840
45 47 0.003598 -0.001623 0.001795
46 47 0.002225 -0.000964 0.001096
47 47 0.001312 -0.000550 0.000668
48 47 0.000671 -0.000275 0.000495
49 47 0.000000 0.000000 0.000000

0 48 0.000000 0.000000 0.000000
1 48 -0.029182 0.007840 -0.000897
2 48 -0.032566 0.015084 -0.001939
3 48 -0.035270 0.021963 -0.003053
4 48 -0.036917 0.028140 -0.004154
5 48 -0.037462 0.033351 -0.005175
6 48 -0.037069 0.037444 -0.006071
7 48 -0.036012 0.040376 -0.006834
8 48 -0.034594 0.042190 -0.007478
9 48 -0.033054 0.042975 -0.008016
10 48 -0.031564 0.042850 -0.008473
11 48 -0.030271 0.041945 -0.008897
12 48 -0.029264 0.040364 -0.009305
13 48 -0.028515 0.038187 -0.009677
14 48 -0.028005 0.035511 -0.010042
15 48 -0.027828 0.032426 -0.010482
16 48 -0.028016 0.028948 -0.010989
17 48 -0.028370 0.025051 -0.011435
18 48 -0.028683 0.020787 -0.011788
19 48 -0.029091 0.016271 -0.012232
20 48 -0.029857 0.011503 -0.012898
21 48 -0.030641 0.006265 -0.013450
22 48 -0.030203 0.000366 -0.013117
23 48 -0.027186 -0.005955 -0.011302
24 48 -0.021434 -0.011898 -0.008256
25 48 -0.014588 -0.016507 -0.005132
26 48 -0.009278 -0.019320 -0.003296
27 48 -0.007481 -0.020746 -0.003437
28 48 -0.009293 -0.021860 -0.005125
29 48 -0.012912 -0.023756 -0.007096
30 48 -0.015739 -0.026917 -0.007984
31 48 -0.015740 -0.030966 -0.007003
32 48 -0.012306 -0.034893 -0.004222
33 48 -0.006261 -0.037550 -0.000390
34 48 0.000753 -0.038128 0.003489
35 48 0.007055 -0.036403 0.006567
36 48 0.011500 -0.032710 0.008389
37 48 0.013683 -0.027742 0.008912
38 48 0.013823 -0.022286 0.008393
39 48 0.012501 -0.017017 0.007220
40 48 0.010386 -0.012394 0.005770
41 48 0.008050 -0.008637 0.004332
42 48 0.005879 -0.005775 0.003079
43 48 0.004074 -0.003714 0.002085
44 48 0.002695 -0.002303 0.001350
45 48 0.001708 -0.001380 0.000840
46 48 0.001040 -0.000800 0.000505
47 48 0.000605 -0.000446 0.000302
48 48 0.000307 -0.000220 0.000220
49 48 0.000000 0.000000 0.000000

0 49 0.000000 0.000000 0.000000
1 49 0.000000 0.000000 0.000000
2 49 0.000000 0.000000 0.000000
3 49 0.000000 0.000000 0.000000
4 49 0.000000 0.000000 0.000000
5 49 0.000000 0.000000 0.000000
6 49 0.000000 0.000000 0.000000
7 49 0.000000 0.000000 0.000000
8 49 0.000000 0.000000 0.000000
9 49 0.000000 0.000000 0.000000
10 49 0.000000 0.000000 0.000000
11 49 0.000000 0.000000 0.000000
12 49 0.000000 0.000000 0.000000
13 49 0.000000 0.000000 0.000000
14 49 0.000000 0.000000 0.000000
15 49 0.000000 0.000000 0.000000
16 49 0.000000 0.000000 0.000000
17 49 0.000000 0.000000 0.000000
18 49 0.000000 0.000000 0.000000
19 49 0.000000 0.000000 0.000000
20 49 0.000000 0.000000 0.000000
21 49 0.000000 0.000000 0.000000
22 49 0.000000 0.000000 0.000000
23 49 0.000000 0.000000 0.000000
24 49 0.000000 0.000000 0.000000
25 49 0.000000 0.000000 0.000000
26 49 0.000000 0.000000 0.000000
27 49 0.000000 0.000000 0.000000
28 49 0.000000 0.000000 0.000000
29 49 0.000000 0.000000 0.000000
30 49 0.000000 0.000000 0.000000
31 49 0.000000 0.000000 0.000000
32 49 0.000000 0.000000 0.000000
33 49 0.000000 0.000000 0.000000
34 49 0.000000 0.000000 0.000000
35 49 0.000000 0.000000 0.000000
36 49 0.000000 0.000000 0.000000
37 49 0.000000 0.000000 0.000000
38 49 0.000000 0.000000 0.000000
39 49 0.000000 0.000000 0.000000
40 49 0.000000 0.000000 0.000000
41 49 0.000000 0.000000 0.000000
42 49 0.000000 0.000000 0.000000
43 49 0.000000 0.000000 0.000000
44 49 0.000000 0.000000 0.000000
45 49 0.000000 0.000000 0.000000
46 49 0.000000 0.000000 0.000000
47 49 0.000000 0.000000 0.000000
48 49 0.000000 0.000000 0.000000
49 49 0.000000 0.000000 0.000000

