#:x y Ey Bx Bz
0 0 0.000000 0.000000 0.000000
1 0 0.000000 0.000000 0.000000
2 0 0.000000 0.000000 0.000000
3 0 0.000000 0.000000 0.000000
4 0 0.000000 0.000000 0.000000
5 0 0.000000 0.000000 0.000000
6 0 0.000000 0.000000 0.000000
7 0 0.000000 0.000000 0.000000
8 0 0.000000 0.000000 0.000000
9 0 0.000000 0.000000 0.000000
10 0 0.000000 0.000000 0.000000
11 0 0.000000 0.000000 0.000000
12 0 0.000000 0.000000 0.000000
13 0 0.000000 0.000000 0.000000
14 0 0.000000 0.000000 0.000000
15 0 0.000000 0.000000 0.000000
16 0 0.000000 0.000000 0.000000
17 0 0.000000 0.000000 0.000000
18 0 0.000000 0.000000 0.000000
19 0 0.000000 0.000000 0.000000
20 0 0.000000 0.000000 0.000000
21 0 0.000000 0.000000 0.000000
22 0 0.000000 0.000000 0.000000
23 0 0.000000 0.000000 0.000000
24 0 0.000000 0.000000 0.000000
25 0 0.000000 0.000000 0.000000
26 0 0.000000 0.000000 0.000000
27 0 0.000000 0.000000 0.000000
28 0 0.000000 0.000000 0.000000
29 0 0.000000 0.000000 0.000000
30 0 0.000000 0.000000 0.000000
31 0 0.000000 0.000000 0.000000
32 0 0.000000 0.000000 0.000000
33 0 0.000000 0.000000 0.000000
34 0 0.000000 0.000000 0.000000
35 0 0.000000 0.000000 0.000000
36 0 0.000000 0.000000 0.000000
37 0 0.000000 0.000000 0.000000
38 0 0.000000 0.000000 0.000000
39 0 0.000000 0.000000 0.000000
40 0 0.000000 0.000000 0.000000
41 0 0.000000 0.000000 0.000000
42 0 0.000000 0.000000 0.000000
43 0 0.000000 0.000000 0.000000
44 0 0.000000 0.000000 0.000000
45 0 0.000000 0.000000 0.000000
46 0 0.000000 0.000000 0.000000
47 0 0.000000 0.000000 0.000000
48 0 0.000000 0.000000 0.000000
49 0 0.000000 0.000000 0.000000

0 1 0.000000 0.000000 0.000000
1 1 -0.000771 0.001782 -0.001782
2 1 -0.001158 0.003587 -0.001805
3 1 -0.000762 0.005390 -0.001803
4 1 0.000810 0.007075 -0.001685
5 1 0.003901 0.008393 -0.001318
6 1 0.008642 0.008936 -0.000544
7 1 0.014769 0.008182 0.000754
8 1 0.021369 0.005597 0.002585
9 1 0.026720 0.000896 0.004701
10 1 0.028491 -0.005641 0.006537
11 1 0.024316 -0.012841 0.007199
12 1 0.013200 -0.018586 0.005745
13 1 -0.003102 -0.020399 0.001813
14 1 -0.019573 -0.016577 -0.003822
15 1 -0.029197 -0.007651 -0.008926
16 1 -0.027376 0.003045 -0.010697
17 1 -0.016190 0.011132 -0.008087
18 1 -0.002919 0.014099 -0.002967
19 1 0.005951 0.012530 0.001569
20 1 0.008665 0.008812 0.003718
21 1 0.007279 0.005145 0.003668
22 1 0.004622 0.002559 0.002585
23 1 0.002399 0.001104 0.001456
24 1 0.001056 0.000418 0.000686
25 1 0.000403 0.000140 0.000278
26 1 0.000135 0.000042 0.000098
27 1 0.000040 0.000011 0.000031
28 1 0.000011 0.000003 0.000009
29 1 0.000003 0.000001 0.000002
30 1 0.000001 0.000000 0.000000
31 1 0.000000 0.000000 0.000000
32 1 0.000000 0.000000 0.000000
33 1 0.000000 0.000000 0.000000
34 1 0.000000 0.000000 0.000000
35 1 0.000000 0.000000 0.000000
36 1 0.000000 0.000000 0.000000
37 1 0.000000 0.000000 0.000000
38 1 0.000000 0.000000 0.000000
39 1 0.000000 0.000000 0.000000
40 1 0.000000 0.000000 0.000000
41 1 0.000000 0.000000 0.000000
42 1 0.000000 0.000000 0.000000
43 1 0.000000 0.000000 0.000000
44 1 0.000000 0.000000 0.000000
45 1 0.000000 0.000000 0.000000
46 1 0.000000 0.000000 0.000000
47 1 0.000000 0.000000 0.000000
48 1 0.000000 0.000000 0.000000
49 1 0.000000 0.000000 0.000000

0 2 0.000000 0.000000 0.000000
1 2 -0.002028 -0.001110 -0.000518
2 2 -0.004023 -0.002177 -0.000659
3 2 -0.005890 -0.003123 -0.000937
4 2 -0.007382 -0.003805 -0.001317
5 2 -0.008088 -0.004003 -0.001738
6 2 -0.007333 -0.003446 -0.002048
7 2 -0.004377 -0.001900 -0.002017
8 2 0.001504 0.000686 -0.001321
9 2 0.010343 0.003938 0.000379
10 2 0.020973 0.006957 0.003164
11 2 0.030451 0.008305 0.006686
12 2 0.033964 0.006598 0.009676
13 2 0.027015 0.001499 0.010172
14 2 0.008128 -0.005447 0.006418
15 2 -0.017680 -0.010571 -0.001876
16 2 -0.037835 -0.010150 -0.011482
17 2 -0.040564 -0.003997 -0.016476
18 2 -0.026007 0.003945 -0.013564
19 2 -0.005648 0.009174 -0.005434
20 2 0.008803 0.010070 0.002279
21 2 0.013521 0.007953 0.006061
22 2 0.011500 0.005003 0.006067
23 2 0.007320 0.002622 0.004281
24 2 0.003793 0.001175 0.002401
25 2 0.001663 0.000458 0.001125
26 2 0.000632 0.000157 0.000452
27 2 0.000211 0.000048 0.000159
28 2 0.000063 0.000013 0.000049
29 2 0.000017 0.000003 0.000014
30 2 0.000004 0.000001 0.000003
31 2 0.000001 0.000000 0.000001
32 2 0.000000 0.000000 0.000000
33 2 0.000000 0.000000 0.000000
34 2 0.000000 0.000000 0.000000
35 2 0.000000 0.000000 0.000000
36 2 0.000000 0.000000 0.000000
37 2 0.000000 0.000000 0.000000
38 2 0.000000 0.000000 0.000000
39 2 0.000000 0.000000 0.000000
40 2 0.000000 0.000000 0.000000
41 2 0.000000 0.000000 0.000000
42 2 0.000000 0.000000 0.000000
43 2 0.000000 0.000000 0.000000
44 2 0.000000 0.000000 0.000000
45 2 0.000000 0.000000 0.000000
46 2 0.000000 0.000000 0.000000
47 2 0.000000 0.000000 0.000000
48 2 0.000000 0.000000 0.000000
49 2 0.000000 0.000000 0.000000

0 3 0.000000 0.000000 0.000000
1 3 0.002459 -0.001310 0.001198
2 3 0.004577 -0.002919 0.001348
3 3 0.005914 -0.005091 0.001608
4 3 0.005971 -0.007961 0.001851
5 3 0.004122 -0.011489 0.001931
6 3 -0.000141 -0.015247 0.001558
7 3 -0.006863 -0.018403 0.000548
8 3 -0.015349 -0.019584 -0.001316
9 3 -0.023185 -0.017208 -0.003765
10 3 -0.027031 -0.010121 -0.006050
11 3 -0.022583 0.001529 -0.006859
12 3 -0.007717 0.014899 -0.004397
13 3 0.013887 0.024839 0.001622
14 3 0.032774 0.025676 0.009358
15 3 0.034657 0.014864 0.014098
16 3 0.011744 -0.002188 0.009601
17 3 -0.022384 -0.014240 -0.003878
18 3 -0.041927 -0.014366 -0.016350
19 3 -0.035198 -0.005704 -0.018167
20 3 -0.013117 0.003573 -0.009888
21 3 0.006469 0.008164 0.000527
22 3 0.014808 0.007991 0.006644
23 3 0.013828 0.005577 0.007531
24 3 0.009192 0.003103 0.005581
25 3 0.004881 0.001444 0.003210
26 3 0.002173 0.000578 0.001525
27 3 0.000833 0.000202 0.000619
28 3 0.000280 0.000063 0.000218
29 3 0.000083 0.000017 0.000068
30 3 0.000022 0.000004 0.000019
31 3 0.000005 0.000001 0.000005
32 3 0.000001 0.000000 0.000001
33 3 0.000000 0.000000 0.000000
34 3 0.000000 0.000000 0.000000
35 3 0.000000 0.000000 0.000000
36 3 0.000000 0.000000 0.000000
37 3 0.000000 0.000000 0.000000
38 3 0.000000 0.000000 0.000000
39 3 0.000000 0.000000 0.000000
40 3 0.000000 0.000000 0.000000
41 3 0.000000 0.000000 0.000000
42 3 0.000000 0.000000 0.000000
43 3 0.000000 0.000000 0.000000
44 3 0.000000 0.000000 0.000000
45 3 0.000000 0.000000 0.000000
46 3 0.000000 0.000000 0.000000
47 3 0.000000 0.000000 0.000000
48 3 0.000000 0.000000 0.000000
49 3 0.000000 0.000000 0.000000

0 4 0.000000 0.000000 0.000000
1 4 0.003232 0.001839 -0.001133
2 4 0.006857 0.003629 -0.000865
3 4 0.011285 0.005238 -0.000269
4 4 0.016424 0.006377 0.000700
5 4 0.022123 0.006577 0.002101
6 4 0.026999 0.005119 0.003869
7 4 0.029391 0.001411 0.005600
8 4 0.026365 -0.004999 0.006791
9 4 0.015197 -0.013258 0.006062
10 4 -0.004512 -0.021245 0.002706
11 4 -0.030442 -0.024989 -0.004005
12 4 -0.052121 -0.019863 -0.012495
13 4 -0.056619 -0.004559 -0.018002
14 4 -0.035126 0.017038 -0.016017
15 4 0.009971 0.033757 -0.002998
16 4 0.049870 0.031980 0.015960
17 4 0.048030 0.011257 0.023671
18 4 0.006449 -0.011625 0.010440
19 4 -0.034028 -0.020114 -0.011024
20 4 -0.041933 -0.013239 -0.021179
21 4 -0.022289 -0.001428 -0.015201
22 4 0.001452 0.006271 -0.002723
23 4 0.014033 0.007920 0.006078
24 4 0.014977 0.006065 0.008363
25 4 0.010507 0.003538 0.006599
26 4 0.005741 0.001693 0.003912
27 4 0.002600 0.000689 0.001891
28 4 0.001008 0.000244 0.000774
29 4 0.000341 0.000076 0.000275
30 4 0.000102 0.000021 0.000086
31 4 0.000027 0.000005 0.000024
32 4 0.000007 0.000001 0.000006
33 4 0.000001 0.000000 0.000001
34 4 0.000000 0.000000 0.000000
35 4 0.000000 0.000000 0.000000
36 4 0.000000 0.000000 0.000000
37 4 0.000000 0.000000 0.000000
38 4 0.000000 0.000000 0.000000
39 4 0.000000 0.000000 0.000000
40 4 0.000000 0.000000 0.000000
41 4 0.000000 0.000000 0.000000
42 4 0.000000 0.000000 0.000000
43 4 0.000000 0.000000 0.000000
44 4 0.000000 0.000000 0.000000
45 4 0.000000 0.000000 0.000000
46 4 0.000000 0.000000 0.000000
47 4 0.000000 0.000000 0.000000
48 4 0.000000 0.000000 0.000000
49 4 0.000000 0.000000 0.000000

0 5 0.000000 0.000000 0.000000
1 5 -0.004059 -0.001123 -0.000656
2 5 -0.007952 -0.001779 -0.000934
3 5 -0.011379 -0.001382 -0.001551
4 5 -0.013507 0.000491 -0.002201
5 5 -0.013506 0.004398 -0.002946
6 5 -0.009273 0.010282 -0.002990
7 5 -0.000451 0.017519 -0.002115
8 5 0.014561 0.024356 0.000559
9 5 0.031779 0.027360 0.005291
10 5 0.045876 0.023512 0.010496
11 5 0.047361 0.009958 0.014735
12 5 0.024879 -0.010469 0.012267
13 5 -0.016657 -0.028559 0.000988
14 5 -0.062037 -0.033110 -0.015765
15 5 -0.080693 -0.014598 -0.030529
16 5 -0.039712 0.018754 -0.025372
17 5 0.035132 0.037991 0.004802
18 5 0.069434 0.025706 0.031042
19 5 0.035197 -0.002453 0.025230
20 5 -0.020271 -0.019700 -0.002351
21 5 -0.043669 -0.017310 -0.021519
22 5 -0.029342 -0.005308 -0.019474
23 5 -0.003565 0.004300 -0.006046
24 5 0.012426 0.007439 0.005035
25 5 0.015286 0.006204 0.008728
26 5 0.011259 0.003768 0.007302
27 5 0.006302 0.001845 0.004442
28 5 0.002894 0.000762 0.002176
29 5 0.001131 0.000272 0.000898
30 5 0.000385 0.000086 0.000320
31 5 0.000116 0.000024 0.000101
32 5 0.000031 0.000006 0.000028
33 5 0.000008 0.000001 0.000007
34 5 0.000002 0.000000 0.000002
35 5 0.000000 0.000000 0.000000
36 5 0.000000 0.000000 0.000000
37 5 0.000000 0.000000 0.000000
38 5 0.000000 0.000000 0.000000
39 5 0.000000 0.000000 0.000000
40 5 0.000000 0.000000 0.000000
41 5 0.000000 0.000000 0.000000
42 5 0.000000 0.000000 0.000000
43 5 0.000000 0.000000 0.000000
44 5 0.000000 0.000000 0.000000
45 5 0.000000 0.000000 0.000000
46 5 0.000000 0.000000 0.000000
47 5 0.000000 0.000000 0.000000
48 5 0.000000 0.000000 0.000000
49 5 0.000000 0.000000 0.000000

0 6 0.000000 0.000000 0.000000
1 6 0.000738 -0.002884 0.003040
2 6 0.000710 -0.006043 0.003004
3 6 -0.001592 -0.009803 0.002893
4 6 -0.006317 -0.013792 0.002215
5 6 -0.015000 -0.017819 0.001080
6 6 -0.026693 -0.019983 -0.001672
7 6 -0.039383 -0.019037 -0.004826
8 6 -0.049950 -0.011991 -0.009489
9 6 -0.048271 0.001902 -0.012045
10 6 -0.032524 0.020679 -0.011100
11 6 0.004088 0.039253 -0.004136
12 6 0.048502 0.044870 0.011147
13 6 0.071774 0.030570 0.023595
14 6 0.058152 -0.001864 0.025745
15 6 -0.007016 -0.037838 0.009176
16 6 -0.086059 -0.044178 -0.027228
17 6 -0.086471 -0.008837 -0.045508
18 6 0.000355 0.030586 -0.015242
19 6 0.070011 0.033944 0.028719
20 6 0.053741 0.007475 0.035212
21 6 -0.006723 -0.015590 0.006225
22 6 -0.041289 -0.018115 -0.019814
23 6 -0.032638 -0.007550 -0.021766
24 6 -0.006864 0.002656 -0.008370
25 6 0.010924 0.006699 0.004113
26 6 0.015057 0.006001 0.008806
27 6 0.011465 0.003759 0.007675
28 6 0.006516 0.001872 0.004745
29 6 0.003016 0.000781 0.002341
30 6 0.001185 0.000281 0.000970
31 6 0.000404 0.000089 0.000347
32 6 0.000122 0.000025 0.000109
33 6 0.000033 0.000006 0.000030
34 6 0.000008 0.000001 0.000008
35 6 0.000002 0.000000 0.000002
36 6 0.000000 0.000000 0.000000
37 6 0.000000 0.000000 0.000000
38 6 0.000000 0.000000 0.000000
39 6 0.000000 0.000000 0.000000
40 6 0.000000 0.000000 0.000000
41 6 0.000000 0.000000 0.000000
42 6 0.000000 0.000000 0.000000
43 6 0.000000 0.000000 0.000000
44 6 0.000000 0.000000 0.000000
45 6 0.000000 0.000000 0.000000
46 6 0.000000 0.000000 0.000000
47 6 0.000000 0.000000 0.000000
48 6 0.000000 0.000000 0.000000
49 6 0.000000 0.000000 0.000000

0 7 0.000000 0.000000 0.000000
1 7 0.005004 0.003936 -0.001044
2 7 0.010196 0.007599 -0.000653
3 7 0.017147 0.010391 0.000562
4 7 0.023316 0.011571 0.001979
5 7 0.030795 0.010094 0.004294
6 7 0.032324 0.004257 0.006503
7 7 0.029123 -0.005406 0.007375
8 7 0.012449 -0.019666 0.006884
9 7 -0.016907 -0.031764 -0.000283
10 7 -0.049320 -0.037155 -0.008858
11 7 -0.079127 -0.027052 -0.021561
12 7 -0.069177 0.002101 -0.026889
13 7 -0.019855 0.034223 -0.013181
14 7 0.045531 0.053460 0.009232
15 7 0.099584 0.038945 0.036724
16 7 0.064287 -0.013175 0.040701
17 7 -0.053520 -0.051433 -0.007167
18 7 -0.105901 -0.030864 -0.053176
19 7 -0.030148 0.016803 -0.032879
20 7 0.059159 0.033821 0.021448
21 7 0.059514 0.013279 0.038860
22 7 0.001314 -0.011114 0.011491
23 7 -0.037661 -0.016768 -0.017841
24 7 -0.032512 -0.008076 -0.022217
25 7 -0.007823 0.001682 -0.009203
26 7 0.010089 0.005936 0.003725
27 7 0.014559 0.005556 0.008773
28 7 0.011207 0.003543 0.007747
29 7 0.006391 0.001781 0.004804
30 7 0.002960 0.000747 0.002370
31 7 0.001162 0.000270 0.000980
32 7 0.000396 0.000085 0.000350
33 7 0.000119 0.000024 0.000110
34 7 0.000032 0.000006 0.000031
35 7 0.000008 0.000001 0.000008
36 7 0.000002 0.000000 0.000002
37 7 0.000000 0.000000 0.000000
38 7 0.000000 0.000000 0.000000
39 7 0.000000 0.000000 0.000000
40 7 0.000000 0.000000 0.000000
41 7 0.000000 0.000000 0.000000
42 7 0.000000 0.000000 0.000000
43 7 0.000000 0.000000 0.000000
44 7 0.000000 0.000000 0.000000
45 7 0.000000 0.000000 0.000000
46 7 0.000000 0.000000 0.000000
47 7 0.000000 0.000000 0.000000
48 7 0.000000 0.000000 0.000000
49 7 0.000000 0.000000 0.000000

0 8 0.000000 0.000000 0.000000
1 8 -0.006277 0.000395 -0.002440
2 8 -0.012008 0.001366 -0.002663
3 8 -0.016100 0.004542 -0.004004
4 8 -0.016526 0.009277 -0.003990
5 8 -0.013132 0.017401 -0.005325
6 8 0.000891 0.026224 -0.002626
7 8 0.017168 0.034273 -0.000034
8 8 0.045251 0.037118 0.007374
9 8 0.059201 0.026992 0.015715
10 8 0.058332 0.007035 0.017581
11 8 0.027456 -0.024472 0.015907
12 8 -0.040389 -0.046371 -0.006980
13 8 -0.079816 -0.039800 -0.029617
14 8 -0.077982 -0.010118 -0.033527
15 8 -0.020453 0.036389 -0.020593
16 8 0.086901 0.057923 0.026225
17 8 0.102606 0.015232 0.059085
18 8 -0.018897 -0.040611 0.013144
19 8 -0.101624 -0.037859 -0.050781
20 8 -0.041769 0.006313 -0.040586
21 8 0.049402 0.028911 0.016190
22 8 0.056147 0.013982 0.038060
23 8 0.002297 -0.008305 0.012241
24 8 -0.034927 -0.014553 -0.016999
25 8 -0.030037 -0.007291 -0.021402
26 8 -0.006648 0.001413 -0.008561
27 8 0.010045 0.005289 0.004003
28 8 0.013949 0.004979 0.008727
29 8 0.010586 0.003179 0.007567
30 8 0.005979 0.001597 0.004638
31 8 0.002749 0.000669 0.002267
32 8 0.001072 0.000241 0.000931
33 8 0.000364 0.000076 0.000330
34 8 0.000109 0.000021 0.000103
35 8 0.000029 0.000005 0.000029
36 8 0.000007 0.000001 0.000007
37 8 0.000002 0.000000 0.000002
38 8 0.000000 0.000000 0.000000
39 8 0.000000 0.000000 0.000000
40 8 0.000000 0.000000 0.000000
41 8 0.000000 0.000000 0.000000
42 8 0.000000 0.000000 0.000000
43 8 0.000000 0.000000 0.000000
44 8 0.000000 0.000000 0.000000
45 8 0.000000 0.000000 0.000000
46 8 0.000000 0.000000 0.000000
47 8 0.000000 0.000000 0.000000
48 8 0.000000 0.000000 0.000000
49 8 0.000000 0.000000 0.000000

0 9 0.000000 0.000000 0.000000
1 9 -0.001250 -0.004250 0.003066
2 9 -0.002467 -0.008563 0.002797
3 9 -0.009314 -0.014015 0.002266
4 9 -0.016060 -0.018129 0.000208
5 9 -0.030739 -0.022497 -0.001636
6 9 -0.043370 -0.020036 -0.007891
7 9 -0.051800 -0.013547 -0.009778
8 9 -0.051554 0.004515 -0.016305
9 9 -0.017936 0.026617 -0.009177
10 9 0.017677 0.042991 0.001381
11 9 0.069913 0.046919 0.018154
12 9 0.079698 0.017253 0.036255
13 9 0.018044 -0.020885 0.016407
14 9 -0.040863 -0.041984 -0.012795
15 9 -0.086573 -0.037937 -0.036146
16 9 -0.059353 0.008684 -0.041866
17 9 0.064004 0.051791 0.012836
18 9 0.104783 0.026114 0.063122
19 9 -0.008041 -0.028440 0.020318
20 9 -0.090801 -0.033543 -0.047454
21 9 -0.036050 0.003036 -0.038623
22 9 0.046064 0.023478 0.016270
23 9 0.048141 0.011315 0.035174
24 9 -0.002159 -0.007373 0.009134
25 9 -0.033397 -0.012248 -0.017506
26 9 -0.026062 -0.005758 -0.019728
27 9 -0.003948 0.001643 -0.006737
28 9 0.010575 0.004767 0.004823
29 9 0.013247 0.004343 0.008664
30 9 0.009692 0.002728 0.007175
31 9 0.005355 0.001355 0.004286
32 9 0.002423 0.000563 0.002058
33 9 0.000934 0.000202 0.000833
34 9 0.000314 0.000063 0.000292
35 9 0.000093 0.000018 0.000090
36 9 0.000025 0.000004 0.000025
37 9 0.000006 0.000001 0.000006
38 9 0.000001 0.000000 0.000001
39 9 0.000000 0.000000 0.000000
40 9 0.000000 0.000000 0.000000
41 9 0.000000 0.000000 0.000000
42 9 0.000000 0.000000 0.000000
43 9 0.000000 0.000000 0.000000
44 9 0.000000 0.000000 0.000000
45 9 0.000000 0.000000 0.000000
46 9 0.000000 0.000000 0.000000
47 9 0.000000 0.000000 0.000000
48 9 0.000000 0.000000 0.000000
49 9 0.000000 0.000000 0.000000

0 10 0.000000 0.000000 0.000000
1 10 0.007346 0.004204 -0.000889
2 10 0.013478 0.007875 -0.000631
3 10 0.023580 0.009353 0.002158
4 10 0.026553 0.007811 0.003100
5 10 0.034292 0.002045 0.007066
6 10 0.021297 -0.010629 0.007309
7 10 0.007784 -0.023094 0.004373
8 10 -0.029956 -0.038230 -0.001218
9 10 -0.064423 -0.034494 -0.019636
10 10 -0.067222 -0.017241 -0.022996
11 10 -0.046866 0.015545 -0.025079
12 10 0.039770 0.047434 0.002410
13 10 0.088179 0.035567 0.040604
14 10 0.049056 0.001914 0.032640
15 10 -0.016834 -0.028833 0.003742
16 10 -0.087821 -0.039352 -0.036790
17 10 -0.062951 -0.000617 -0.050571
18 10 0.064066 0.041433 0.012916
19 10 0.092898 0.021587 0.062729
20 10 -0.018601 -0.023322 0.014007
21 10 -0.081477 -0.025515 -0.047380
22 10 -0.020762 0.004757 -0.030425
23 10 0.046874 0.019059 0.020457
24 10 0.037596 0.007301 0.030952
25 10 -0.009429 -0.007483 0.003526
26 10 -0.032111 -0.010042 -0.018636
27 10 -0.020998 -0.003933 -0.017269
28 10 -0.000408 0.002095 -0.004109
29 10 0.011302 0.004308 0.005916
30 10 0.012395 0.003688 0.008505
31 10 0.008599 0.002245 0.006597
32 10 0.004599 0.001092 0.003797
33 10 0.002033 0.000447 0.001776
34 10 0.000769 0.000158 0.000705
35 10 0.000255 0.000049 0.000243
36 10 0.000075 0.000014 0.000074
37 10 0.000020 0.000003 0.000020
38 10 0.000005 0.000001 0.000005
39 10 0.000001 0.000000 0.000001
40 10 0.000000 0.000000 0.000000
41 10 0.000000 0.000000 0.000000
42 10 0.000000 0.000000 0.000000
43 10 0.000000 0.000000 0.000000
44 10 0.000000 0.000000 0.000000
45 10 0.000000 0.000000 0.000000
46 10 0.000000 0.000000 0.000000
47 10 0.000000 0.000000 0.000000
48 10 0.000000 0.000000 0.000000
49 10 0.000000 0.000000 0.000000

0 11 0.000000 0.000000 0.000000
1 11 -0.004931 0.002390 -0.004748
2 11 -0.008973 0.005037 -0.004505
3 11 -0.008564 0.011430 -0.006256
4 11 -0.002166 0.017643 -0.003708
5 11 0.010265 0.027617 -0.004455
6 11 0.036619 0.032425 0.005099
7 11 0.051789 0.029875 0.009626
8 11 0.069428 0.015052 0.021153
9 11 0.033380 -0.017078 0.019387
10 11 -0.021211 -0.038451 -0.001063
11 11 -0.080175 -0.044734 -0.022867
12 11 -0.094695 -0.011963 -0.047689
13 11 0.002520 0.037158 -0.018199
14 11 0.088414 0.042367 0.035256
15 11 0.080609 0.010833 0.048455
16 11 -0.010413 -0.027967 0.016208
17 11 -0.104242 -0.036789 -0.046723
18 11 -0.052716 0.004177 -0.053453
19 11 0.078472 0.036403 0.024737
20 11 0.075215 0.012327 0.060383
21 11 -0.037160 -0.022371 -0.000107
22 11 -0.070219 -0.017349 -0.047590
23 11 -0.001670 0.007837 -0.018256
24 11 0.047085 0.015105 0.025539
25 11 0.024889 0.003158 0.024878
26 11 -0.017128 -0.007711 -0.003230
27 11 -0.029867 -0.007856 -0.019347
28 11 -0.015089 -0.002115 -0.013968
29 11 0.003331 0.002530 -0.001071
30 11 0.011853 0.003840 0.006977
31 11 0.011324 0.003037 0.008159
32 11 0.007373 0.001771 0.005864
33 11 0.003785 0.000837 0.003223
34 11 0.001624 0.000335 0.001459
35 11 0.000601 0.000117 0.000565
36 11 0.000195 0.000036 0.000191
37 11 0.000057 0.000010 0.000057
38 11 0.000015 0.000002 0.000015
39 11 0.000003 0.000001 0.000004
40 11 0.000001 0.000000 0.000001
41 11 0.000000 0.000000 0.000000
42 11 0.000000 0.000000 0.000000
43 11 0.000000 0.000000 0.000000
44 11 0.000000 0.000000 0.000000
45 11 0.000000 0.000000 0.000000
46 11 0.000000 0.000000 0.000000
47 11 0.000000 0.000000 0.000000
48 11 0.000000 0.000000 0.000000
49 11 0.000000 0.000000 0.000000

0 12 0.000000 0.000000 0.000000
1 12 -0.005664 -0.005992 0.002231
2 12 -0.011324 -0.011290 0.001602
3 12 -0.024210 -0.016980 -0.000648
4 12 -0.034626 -0.017737 -0.004231
5 12 -0.050617 -0.015580 -0.009097
6 12 -0.050629 -0.000160 -0.015591
7 12 -0.032101 0.019680 -0.013248
8 12 0.013878 0.043706 -0.006401
9 12 0.077681 0.049397 0.020906
10 12 0.092860 0.022265 0.036987
11 12 0.047244 -0.020141 0.031331
12 12 -0.059909 -0.054777 -0.010149
13 12 -0.115544 -0.035694 -0.056724
14 12 -0.042668 0.021044 -0.038662
15 12 0.074430 0.048666 0.022394
16 12 0.105604 0.020199 0.062878
17 12 -0.012162 -0.030081 0.022323
18 12 -0.113903 -0.034519 -0.059321
19 12 -0.028822 0.010568 -0.046588
20 12 0.089033 0.031362 0.040241
21 12 0.047309 0.003006 0.050724
22 12 -0.053858 -0.020797 -0.017175
23 12 -0.052341 -0.009379 -0.043384
24 12 0.017267 0.010050 -0.003641
25 12 0.043101 0.010913 0.028454
26 12 0.010605 -0.000480 0.016567
27 12 -0.023284 -0.007480 -0.009800
28 12 -0.025873 -0.005642 -0.018762
29 12 -0.008698 -0.000506 -0.009891
30 12 0.006704 0.002795 0.001971
31 12 0.011950 0.003323 0.007736
32 12 0.010017 0.002411 0.007566
33 12 0.006088 0.001335 0.005016
34 12 0.002983 0.000609 0.002618
35 12 0.001236 0.000237 0.001141
36 12 0.000444 0.000081 0.000428
37 12 0.000141 0.000024 0.000141
38 12 0.000040 0.000007 0.000042
39 12 0.000010 0.000002 0.000011
40 12 0.000002 0.000000 0.000003
41 12 0.000001 0.000000 0.000001
42 12 0.000000 0.000000 0.000000
43 12 0.000000 0.000000 0.000000
44 12 0.000000 0.000000 0.000000
45 12 0.000000 0.000000 0.000000
46 12 0.000000 0.000000 0.000000
47 12 0.000000 0.000000 0.000000
48 12 0.000000 0.000000 0.000000
49 12 0.000000 0.000000 0.000000

0 13 0.000000 0.000000 0.000000
1 13 0.010704 0.002496 0.000867
2 13 0.020852 0.003143 0.002087
3 13 0.028191 -0.000147 0.005220
4 13 0.028138 -0.009408 0.007113
5 13 0.014306 -0.023815 0.008507
6 13 -0.019991 -0.040462 0.001059
7 13 -0.064694 -0.045183 -0.012233
8 13 -0.096070 -0.028901 -0.031880
9 13 -0.066211 0.012734 -0.033489
10 13 0.019105 0.052184 -0.005499
11 13 0.106566 0.052932 0.039707
12 13 0.087378 0.008276 0.055938
13 13 -0.028104 -0.040701 0.003380
14 13 -0.098616 -0.042649 -0.051289
15 13 -0.055300 0.003228 -0.046902
16 13 0.067800 0.042010 0.017861
17 13 0.097136 0.019751 0.068136
18 13 -0.038074 -0.028440 0.009219
19 13 -0.103068 -0.024575 -0.067470
20 13 0.011644 0.016141 -0.024046
21 13 0.086540 0.022521 0.052689
22 13 0.010395 -0.005345 0.030924
23 13 -0.061653 -0.016875 -0.032157
24 13 -0.027793 -0.002031 -0.032406
25 13 0.031735 0.010471 0.010785
26 13 0.033456 0.006467 0.027070
27 13 -0.003607 -0.003171 0.006615
28 13 -0.026358 -0.006581 -0.014833
29 13 -0.020001 -0.003487 -0.016420
30 13 -0.002398 0.000750 -0.005347
31 13 0.009257 0.002821 0.004616
32 13 0.011457 0.002758 0.008017
33 13 0.008516 0.001833 0.006727
34 13 0.004821 0.000960 0.004112
35 13 0.002246 0.000420 0.002030
36 13 0.000895 0.000159 0.000848
37 13 0.000312 0.000053 0.000308
38 13 0.000096 0.000016 0.000099
39 13 0.000027 0.000004 0.000028
40 13 0.000007 0.000001 0.000007
41 13 0.000002 0.000000 0.000002
42 13 0.000000 0.000000 0.000000
43 13 0.000000 0.000000 0.000000
44 13 0.000000 0.000000 0.000000
45 13 0.000000 0.000000 0.000000
46 13 0.000000 0.000000 0.000000
47 13 0.000000 0.000000 0.000000
48 13 0.000000 0.000000 0.000000
49 13 0.000000 0.000000 0.000000

0 14 0.000000 0.000000 0.000000
1 14 -0.002631 0.006737 -0.008010
2 14 -0.001658 0.015151 -0.008357
3 14 0.008233 0.025016 -0.006112
4 14 0.027493 0.035316 -0.003177
5 14 0.059721 0.038410 0.008180
6 14 0.079417 0.026933 0.019395
7 14 0.073988 -0.004933 0.028574
8 14 0.001189 -0.043935 0.013397
9 14 -0.081093 -0.057094 -0.026302
10 14 -0.108550 -0.028199 -0.051457
11 14 -0.027197 0.028494 -0.034478
12 14 0.099400 0.050384 0.037885
13 14 0.082559 0.013677 0.063183
14 14 -0.033918 -0.026885 0.003377
15 14 -0.095692 -0.028892 -0.053559
16 14 -0.028890 0.006870 -0.042521
17 14 0.093217 0.032263 0.036875
18 14 0.062649 0.005002 0.063522
19 14 -0.078315 -0.027204 -0.022265
20 14 -0.071312 -0.009556 -0.064636
21 14 0.052923 0.019576 0.008577
22 14 0.065689 0.011580 0.054148
23 14 -0.025592 -0.010763 0.004596
24 14 -0.055187 -0.010950 -0.038991
25 14 -0.000932 0.003530 -0.015601
26 14 0.037642 0.008922 0.021334
27 14 0.018960 0.002277 0.020673
28 14 -0.015389 -0.004614 -0.003392
29 14 -0.025515 -0.005096 -0.017208
30 14 -0.012778 -0.001568 -0.012396
31 14 0.003133 0.001570 -0.000852
32 14 0.010702 0.002612 0.006534
33 14 0.010387 0.002174 0.007754
34 14 0.006918 0.001326 0.005699
35 14 0.003648 0.000655 0.003216
36 14 0.001612 0.000274 0.001499
37 14 0.000616 0.000100 0.000599
38 14 0.000207 0.000032 0.000210
39 14 0.000062 0.000009 0.000065
40 14 0.000017 0.000002 0.000018
41 14 0.000004 0.000001 0.000005
42 14 0.000001 0.000000 0.000001
43 14 0.000000 0.000000 0.000000
44 14 0.000000 0.000000 0.000000
45 14 0.000000 0.000000 0.000000
46 14 0.000000 0.000000 0.000000
47 14 0.000000 0.000000 0.000000
48 14 0.000000 0.000000 0.000000
49 14 0.000000 0.000000 0.000000

0 15 0.000000 0.000000 0.000000
1 15 -0.011881 -0.008513 0.001029
2 15 -0.028362 -0.015865 -0.001200
3 15 -0.044324 -0.017519 -0.006437
4 15 -0.061651 -0.011060 -0.013487
5 15 -0.054516 0.011613 -0.020939
6 15 -0.012564 0.040314 -0.013245
7 15 0.062723 0.060448 0.009526
8 15 0.115957 0.040941 0.047464
9 15 0.060497 -0.011547 0.042643
10 15 -0.054650 -0.049682 -0.007832
11 15 -0.124354 -0.036821 -0.063609
12 15 -0.030697 0.021322 -0.045578
13 15 0.105667 0.044971 0.042902
14 15 0.083117 0.005647 0.065997
15 15 -0.051795 -0.032551 -0.003006
16 15 -0.109238 -0.020819 -0.067613
17 15 0.009914 0.019994 -0.028360
18 15 0.111820 0.026162 0.063468
19 15 0.009565 -0.009615 0.041704
20 15 -0.097725 -0.022696 -0.052955
21 15 -0.020115 0.003547 -0.042513
22 15 0.073930 0.017549 0.037594
23 15 0.027684 0.001348 0.039053
24 15 -0.048574 -0.011631 -0.020094
25 15 -0.034347 -0.004316 -0.033767
26 15 0.021411 0.006356 0.002947
27 15 0.033148 0.005900 0.024865
28 15 0.002503 -0.001003 0.010381
29 15 -0.022544 -0.004774 -0.011413
30 15 -0.020898 -0.003307 -0.016410
31 15 -0.005205 -0.000066 -0.007275
32 15 0.007294 0.001942 0.003012
33 15 0.010968 0.002225 0.007535
34 15 0.008874 0.001616 0.007001
35 15 0.005346 0.000907 0.004579
36 15 0.002628 0.000422 0.002391
37 15 0.001100 0.000169 0.001051
38 15 0.000402 0.000059 0.000401
39 15 0.000130 0.000018 0.000135
40 15 0.000038 0.000005 0.000041
41 15 0.000010 0.000001 0.000011
42 15 0.000002 0.000000 0.000003
43 15 0.000001 0.000000 0.000001
44 15 0.000000 0.000000 0.000000
45 15 0.000000 0.000000 0.000000
46 15 0.000000 0.000000 0.000000
47 15 0.000000 0.000000 0.000000
48 15 0.000000 0.000000 0.000000
49 15 0.000000 0.000000 0.000000

0 16 0.000000 0.000000 0.000000
1 16 0.014675 -0.000271 0.003676
2 16 0.025506 -0.004748 0.006574
3 16 0.024224 -0.017201 0.009208
4 16 0.000308 -0.036235 0.009013
5 16 -0.053693 -0.052467 -0.006134
6 16 -0.105227 -0.042452 -0.031651
7 16 -0.094610 0.000076 -0.048059
8 16 0.014686 0.051463 -0.014571
9 16 0.121046 0.056316 0.048882
10 16 0.097665 0.004712 0.066801
11 16 -0.052571 -0.045037 0.000082
12 16 -0.123728 -0.035308 -0.074038
13 16 -0.015351 0.017394 -0.037074
14 16 0.095952 0.039492 0.048409
15 16 0.060341 0.005163 0.058305
16 16 -0.072942 -0.030343 -0.020618
17 16 -0.083282 -0.012488 -0.070045
18 16 0.062723 0.023301 0.007297
19 16 0.085734 0.013614 0.071842
20 16 -0.052143 -0.016607 -0.001276
21 16 -0.076973 -0.011670 -0.062972
22 16 0.034510 0.011201 -0.004086
23 16 0.063553 0.010331 0.049173
24 16 -0.014593 -0.005626 0.011114
25 16 -0.050337 -0.008445 -0.033793
26 16 -0.006019 0.001206 -0.017855
27 16 0.032762 0.006341 0.017382
28 16 0.019912 0.002411 0.020440
29 16 -0.011917 -0.002909 -0.001084
30 16 -0.023918 -0.003918 -0.015730
31 16 -0.013630 -0.001572 -0.012760
32 16 0.001563 0.000910 -0.001970
33 16 0.009739 0.001935 0.005775
34 16 0.010203 0.001745 0.007610
35 16 0.007130 0.001126 0.005903
36 16 0.003915 0.000584 0.003477
37 16 0.001797 0.000256 0.001685
38 16 0.000712 0.000097 0.000699
39 16 0.000249 0.000033 0.000254
40 16 0.000077 0.000010 0.000082
41 16 0.000022 0.000003 0.000024
42 16 0.000006 0.000001 0.000006
43 16 0.000001 0.000000 0.000002
44 16 0.000000 0.000000 0.000000
45 16 0.000000 0.000000 0.000000
46 16 0.000000 0.000000 0.000000
47 16 0.000000 0.000000 0.000000
48 16 0.000000 0.000000 0.000000
49 16 0.000000 0.000000 0.000000

0 17 0.000000 0.000000 0.000000
1 17 0.004540 0.014003 -0.013262
2 17 0.019091 0.028614 -0.010203
3 17 0.048566 0.040913 -0.002835
4 17 0.090474 0.037901 0.016808
5 17 0.096703 0.007525 0.035042
6 17 0.029698 -0.042368 0.028549
7 17 -0.099463 -0.066841 -0.025710
8 17 -0.134140 -0.030926 -0.072344
9 17 -0.022438 0.032607 -0.035923
10 17 0.116096 0.055062 0.049023
11 17 0.088312 0.009067 0.076124
12 17 -0.076572 -0.034474 -0.016266
13 17 -0.094701 -0.017892 -0.075332
14 17 0.036088 0.017191 -0.008934
15 17 0.097796 0.019677 0.062942
16 17 -0.000895 -0.008110 0.033825
17 17 -0.105461 -0.019988 -0.056099
18 17 -0.016941 0.005251 -0.047143
19 17 0.102081 0.019562 0.052928
20 17 0.020727 -0.002334 0.048196
21 17 -0.086890 -0.015688 -0.044652
22 17 -0.022981 0.000471 -0.042542
23 17 0.064894 0.011820 0.032015
24 17 0.026438 0.001855 0.036709
25 17 -0.042724 -0.007711 -0.017079
26 17 -0.031450 -0.003387 -0.031043
27 17 0.018814 0.004164 0.002075
28 17 0.030322 0.004293 0.022881
29 17 0.002725 -0.000470 0.010046
30 17 -0.020778 -0.003371 -0.010429
31 17 -0.019909 -0.002524 -0.015664
32 17 -0.005452 -0.000201 -0.007332
33 17 0.006586 0.001360 0.002578
34 17 0.010464 0.001665 0.007213
35 17 0.008710 0.001258 0.006924
36 17 0.005379 0.000731 0.004647
37 17 0.002709 0.000351 0.002488
38 17 0.001163 0.000145 0.001122
39 17 0.000436 0.000052 0.000439
40 17 0.000145 0.000017 0.000152
41 17 0.000043 0.000005 0.000047
42 17 0.000012 0.000001 0.000013
43 17 0.000003 0.000000 0.000003
44 17 0.000001 0.000000 0.000001
45 17 0.000000 0.000000 0.000000
46 17 0.000000 0.000000 0.000000
47 17 0.000000 0.000000 0.000000
48 17 0.000000 0.000000 0.000000
49 17 0.000000 0.000000 0.000000

0 18 0.000000 0.000000 0.000000
1 18 -0.027641 -0.009192 -0.004978
2 18 -0.055556 -0.010632 -0.011673
3 18 -0.074549 0.004748 -0.024110
4 18 -0.039861 0.042483 -0.029309
5 18 0.060408 0.073454 0.002826
6 18 0.147288 0.058265 0.057138
7 18 0.090076 -0.007899 0.066287
8 18 -0.077867 -0.056441 -0.016868
9 18 -0.130078 -0.032599 -0.082106
10 18 0.002069 0.023059 -0.034342
11 18 0.127955 0.036952 0.067787
12 18 0.037892 -0.006546 0.060210
13 18 -0.106950 -0.031534 -0.046718
14 18 -0.066150 -0.000734 -0.065892
15 18 0.077094 0.027133 0.022733
16 18 0.085489 0.009013 0.071683
17 18 -0.062783 -0.020043 -0.006129
18 18 -0.089771 -0.010716 -0.074174
19 18 0.058238 0.015405 0.003003
20 18 0.080500 0.009937 0.069935
21 18 -0.050537 -0.010889 -0.002303
22 18 -0.067576 -0.007799 -0.058414
23 18 0.035122 0.007456 -0.000814
24 18 0.054986 0.006719 0.045137
25 18 -0.017123 -0.003869 0.007341
26 18 -0.044760 -0.005536 -0.031630
27 18 -0.002440 0.000974 -0.014488
28 18 0.030611 0.004313 0.017241
29 18 0.016736 0.001564 0.018314
30 18 -0.012393 -0.002068 -0.002096
31 18 -0.022457 -0.002743 -0.015163
32 18 -0.012348 -0.001105 -0.011861
33 18 0.001849 0.000644 -0.001579
34 18 0.009399 0.001386 0.005695
35 18 0.009780 0.001268 0.007394
36 18 0.006865 0.000831 0.005750
37 18 0.003804 0.000439 0.003415
38 18 0.001767 0.000196 0.001674
39 18 0.000710 0.000076 0.000704
40 18 0.000252 0.000026 0.000260
41 18 0.000080 0.000008 0.000085
42 18 0.000023 0.000002 0.000025
43 18 0.000006 0.000001 0.000007
44 18 0.000001 0.000000 0.000002
45 18 0.000000 0.000000 0.000000
46 18 0.000000 0.000000 0.000000
47 18 0.000000 0.000000 0.000000
48 18 0.000000 0.000000 0.000000
49 18 0.000000 0.000000 0.000000

0 19 0.000000 0.000000 0.000000
1 19 0.018599 -0.010696 0.011246
2 19 0.016308 -0.032703 0.015916
3 19 -0.041263 -0.061037 0.008022
4 19 -0.131490 -0.062548 -0.034735
5 19 -0.138396 -0.009861 -0.069915
6 19 0.009948 0.055630 -0.025728
7 19 0.150099 0.060399 0.072961
8 19 0.078593 0.000244 0.076876
9 19 -0.098036 -0.043316 -0.028103
10 19 -0.116555 -0.015359 -0.088728
11 19 0.058445 0.029305 -0.002055
12 19 0.111468 0.023108 0.084420
13 19 -0.029162 -0.011858 0.017216
14 19 -0.094518 -0.020085 -0.065825
15 19 0.004387 0.003786 -0.029787
16 19 0.096021 0.017166 0.056624
17 19 0.008092 -0.001785 0.042476
18 19 -0.102639 -0.014446 -0.056115
19 19 -0.008553 0.002853 -0.043898
20 19 0.096698 0.012753 0.055582
21 19 0.005794 -0.002195 0.038853
22 19 -0.080943 -0.009830 -0.047371
23 19 -0.008319 0.001281 -0.032464
24 19 0.061120 0.007486 0.034959
25 19 0.014532 0.000388 0.028861
26 19 -0.042421 -0.005087 -0.020628
27 19 -0.023187 -0.001671 -0.026369
28 19 0.021517 0.002994 0.005966
29 19 0.026263 0.002624 0.021459
30 19 -0.001062 -0.000587 0.006941
31 19 -0.020749 -0.002322 -0.011415
32 19 -0.017780 -0.001613 -0.014592
33 19 -0.003779 -0.000039 -0.005992
34 19 0.006992 0.000974 0.003172
35 19 0.010090 0.001149 0.007143
36 19 0.008189 0.000861 0.006621
37 19 0.005009 0.000500 0.004388
38 19 0.002518 0.000242 0.002340
39 19 0.001083 0.000101 0.001056
40 19 0.000408 0.000037 0.000415
41 19 0.000137 0.000012 0.000145
42 19 0.000041 0.000004 0.000045
43 19 0.000011 0.000001 0.000013
44 19 0.000003 0.000000 0.000003
45 19 0.000001 0.000000 0.000001
46 19 0.000000 0.000000 0.000000
47 19 0.000000 0.000000 0.000000
48 19 0.000000 0.000000 0.000000
49 19 0.000000 0.000000 0.000000

0 20 0.000000 0.000000 0.000000
1 20 0.031947 0.033816 -0.026289
2 20 0.096365 0.053399 -0.003209
3 20 0.147777 0.025695 0.047241
4 20 0.057847 -0.041355 0.050361
5 20 -0.122705 -0.075220 -0.034669
6 20 -0.161093 -0.028066 -0.102551
7 20 0.028981 0.040998 -0.024134
8 20 0.147446 0.042048 0.090127
9 20 0.026261 -0.007643 0.056914
10 20 -0.122556 -0.031165 -0.061503
11 20 -0.044035 -0.000460 -0.067760
12 20 0.112096 0.022224 0.051131
13 20 0.049168 -0.000219 0.067785
14 20 -0.095251 -0.016545 -0.036427
15 20 -0.064724 0.000060 -0.066173
16 20 0.080246 0.015593 0.022764
17 20 0.075198 0.003937 0.071718
18 20 -0.077003 -0.012799 -0.017233
19 20 -0.070802 -0.004610 -0.070904
20 20 0.073693 0.010436 0.019486
21 20 0.058030 0.004248 0.063222
22 20 -0.063200 -0.007551 -0.018225
23 20 -0.047649 -0.003303 -0.051237
24 20 0.045754 0.005352 0.012416
25 20 0.040855 0.003164 0.040367
26 20 -0.027000 -0.003095 -0.002978
27 20 -0.037300 -0.002956 -0.030354
28 20 0.006464 0.001224 -0.007155
29 20 0.029313 0.002656 0.019077
30 20 0.010478 0.000582 0.014480
31 20 -0.015307 -0.001533 -0.005363
32 20 -0.020809 -0.001683 -0.015036
33 20 -0.009453 -0.000543 -0.009932
34 20 0.003473 0.000524 -0.000049
35 20 0.009504 0.000924 0.006123
36 20 0.009174 0.000808 0.007117
37 20 0.006230 0.000520 0.005312
38 20 0.003388 0.000272 0.003086
39 20 0.001557 0.000121 0.001494
40 20 0.000622 0.000047 0.000624
41 20 0.000220 0.000016 0.000230
42 20 0.000070 0.000005 0.000076
43 20 0.000020 0.000001 0.000022
44 20 0.000005 0.000000 0.000006
45 20 0.000001 0.000000 0.000002
46 20 0.000000 0.000000 0.000000
47 20 0.000000 0.000000 0.000000
48 20 0.000000 0.000000 0.000000
49 20 0.000000 0.000000 0.000000

0 21 0.000000 0.000000 0.000000
1 21 -0.078750 0.005213 -0.037892
2 21 -0.085482 0.051064 -0.061944
3 21 0.071652 0.099688 -0.011666
4 21 0.204456 0.072285 0.095750
5 21 0.082027 -0.012983 0.086709
6 21 -0.138924 -0.053577 -0.054279
7 21 -0.109771 -0.014046 -0.101679
8 21 0.089965 0.030760 0.021628
9 21 0.112344 0.015468 0.096443
10 21 -0.069223 -0.017461 0.001190
11 21 -0.114163 -0.011778 -0.089147
12 21 0.051671 0.013976 -0.005850
13 21 0.097716 0.015601 0.078745
14 21 -0.030125 -0.005969 0.014027
15 21 -0.089580 -0.013567 -0.064680
16 21 0.018239 0.002912 -0.022710
17 21 0.096110 0.010710 0.064930
18 21 -0.020917 -0.002854 0.026771
19 21 -0.097663 -0.007938 -0.067060
20 21 0.026430 0.003796 -0.021147
21 21 0.086260 0.006449 0.063702
22 21 -0.026020 -0.003160 0.015631
23 21 -0.070402 -0.004837 -0.052671
24 21 0.017061 0.002232 -0.013333
25 21 0.054808 0.003854 0.039725
26 21 -0.004555 -0.000884 0.015331
27 21 -0.041887 -0.002878 -0.026301
28 21 -0.010186 -0.000226 -0.018560
29 21 0.025885 0.001983 0.012299
30 21 0.019887 0.001179 0.019052
31 21 -0.007372 -0.000697 0.001670
32 21 -0.021064 -0.001401 -0.013231
33 21 -0.014383 -0.000786 -0.012818
34 21 -0.000758 0.000134 -0.003555
35 21 0.008023 0.000643 0.004408
36 21 0.009682 0.000679 0.007147
37 21 0.007360 0.000486 0.006094
38 21 0.004335 0.000275 0.003865
39 21 0.002125 0.000131 0.002005
40 21 0.000899 0.000054 0.000888
41 21 0.000335 0.000020 0.000344
42 21 0.000112 0.000006 0.000119
43 21 0.000034 0.000002 0.000037
44 21 0.000009 0.000001 0.000010
45 21 0.000002 0.000000 0.000003
46 21 0.000001 0.000000 0.000001
47 21 0.000000 0.000000 0.000000
48 21 0.000000 0.000000 0.000000
49 21 0.000000 0.000000 0.000000

0 22 0.000000 0.000000 0.000000
1 22 -0.031120 -0.064198 0.042057
2 22 -0.211008 -0.079372 -0.045423
3 22 -0.198329 -0.001724 -0.120742
4 22 0.065834 0.068905 -0.001439
5 22 0.186000 0.048869 0.131231
6 22 -0.014394 -0.013560 0.052339
7 22 -0.155912 -0.024145 -0.096925
8 22 -0.005206 0.008780 -0.051244
9 22 0.132019 0.021923 0.078825
10 22 0.021507 -0.000472 0.059898
11 22 -0.120837 -0.014765 -0.065866
12 22 -0.015590 0.001129 -0.054910
13 22 0.111874 0.008299 0.062366
14 22 0.019019 -0.003610 0.051505
15 22 -0.102217 -0.006490 -0.049909
16 22 -0.033670 0.003514 -0.054278
17 22 0.099489 0.007757 0.045113
18 22 0.035757 -0.001022 0.058955
19 22 -0.098512 -0.006941 -0.045792
20 22 -0.026225 0.000265 -0.053172
21 22 0.089228 0.005668 0.046332
22 22 0.016861 0.000067 0.043688
23 22 -0.073493 -0.004094 -0.039633
24 22 -0.015236 -0.000149 -0.034771
25 22 0.054776 0.003011 0.029015
26 22 0.018457 0.000596 0.029619
27 22 -0.037206 -0.001967 -0.016272
28 22 -0.024656 -0.000948 -0.025919
29 22 0.017454 0.001071 0.003066
30 22 0.025722 0.001199 0.020124
31 22 0.001547 -0.000069 0.008390
32 22 -0.018718 -0.000931 -0.009630
33 22 -0.017991 -0.000764 -0.014322
34 22 -0.005227 -0.000119 -0.006926
35 22 0.005767 0.000365 0.002168
36 22 0.009639 0.000494 0.006685
37 22 0.008301 0.000397 0.006656
38 22 0.005304 0.000243 0.004624
39 22 0.002770 0.000123 0.002567
40 22 0.001236 0.000054 0.001203
41 22 0.000483 0.000021 0.000490
42 22 0.000168 0.000007 0.000177
43 22 0.000053 0.000002 0.000057
44 22 0.000015 0.000001 0.000017
45 22 0.000004 0.000000 0.000005
46 22 0.000001 0.000000 0.000001
47 22 0.000000 0.000000 0.000000
48 22 0.000000 0.000000 0.000000
49 22 0.000000 0.000000 0.000000

0 23 0.000000 0.000000 0.000000
1 23 0.288042 0.043289 0.004992
2 23 0.061512 -0.057726 0.091569
3 23 -0.226628 -0.068261 -0.112743
4 23 -0.105154 -0.002512 -0.120020
5 23 0.155463 0.032339 0.072346
6 23 0.093448 0.009459 0.115298
7 23 -0.122610 -0.015983 -0.043180
8 23 -0.082227 -0.005786 -0.091582
9 23 0.105014 0.009543 0.036050
10 23 0.081290 0.002280 0.089264
11 23 -0.099664 -0.007347 -0.027771
12 23 -0.075325 -0.003058 -0.080249
13 23 0.080262 0.007442 0.026374
14 23 0.065495 0.007385 0.070133
15 23 -0.062587 -0.003547 -0.014731
16 23 -0.068860 -0.006176 -0.065359
17 23 0.062940 0.002113 0.010193
18 23 0.072699 0.003696 0.070118
19 23 -0.070671 -0.002272 -0.012970
20 23 -0.065755 -0.001969 -0.067932
21 23 0.070089 0.002569 0.018703
22 23 0.052566 0.001394 0.059337
23 23 -0.059888 -0.002091 -0.018077
24 23 -0.042844 -0.001044 -0.047469
25 23 0.043204 0.001535 0.012434
26 23 0.037089 0.000991 0.037427
27 23 -0.025629 -0.000882 -0.003266
28 23 -0.034559 -0.000917 -0.028395
29 23 0.006186 0.000327 -0.006600
30 23 0.027534 0.000813 0.017984
31 23 0.010065 0.000216 0.013821
32 23 -0.014334 -0.000450 -0.004911
33 23 -0.019981 -0.000534 -0.014383
34 23 -0.009485 -0.000198 -0.009814
35 23 0.002947 0.000143 -0.000371
36 23 0.009038 0.000286 0.005768
37 23 0.008979 0.000261 0.006948
38 23 0.006236 0.000174 0.005311
39 23 0.003465 0.000094 0.003154
40 23 0.001627 0.000043 0.001560
41 23 0.000665 0.000017 0.000666
42 23 0.000241 0.000006 0.000251
43 23 0.000079 0.000002 0.000085
44 23 0.000023 0.000001 0.000026
45 23 0.000006 0.000000 0.000007
46 23 0.000002 0.000000 0.000002
47 23 0.000000 0.000000 0.000000
48 23 0.000000 0.000000 0.000000
49 23 0.000000 0.000000 0.000000

0 24 0.000000 0.000000 0.000000
1 24 0.343630 0.313333 0.630702
2 24 0.289042 0.077652 0.372556
3 24 -0.109340 -0.004788 0.027326
4 24 -0.175628 -0.008809 -0.140294
5 24 0.084499 0.007204 0.004210
6 24 0.145000 0.006210 0.128695
7 24 -0.075000 -0.002626 0.008868
8 24 -0.125247 -0.002131 -0.100153
9 24 0.054366 0.003378 -0.006907
10 24 0.114523 0.005600 0.091786
11 24 -0.049372 -0.000169 0.014189
12 24 -0.105271 -0.001405 -0.083881
13 24 0.051770 0.001550 -0.007698
14 24 0.098329 -0.002196 0.076833
15 24 -0.038252 -0.004051 0.012741
16 24 -0.099394 0.000846 -0.069001
17 24 0.028558 0.003552 -0.018873
18 24 0.100054 0.001013 0.070705
19 24 -0.033273 -0.001791 0.018508
20 24 -0.092070 -0.001204 -0.069503
21 24 0.038428 0.000886 -0.010555
22 24 0.076513 0.000905 0.062823
23 24 -0.035649 -0.000506 0.005825
24 24 -0.061480 -0.000613 -0.050771
25 24 0.024393 0.000332 -0.005721
26 24 0.048795 0.000479 0.038503
27 24 -0.010315 -0.000145 0.009902
28 24 -0.039051 -0.000368 -0.026387
29 24 -0.005767 -0.000009 -0.015107
30 24 0.025688 0.000263 0.013442
31 24 0.017173 0.000147 0.017432
32 24 -0.008666 -0.000099 0.000214
33 24 -0.020336 -0.000187 -0.013165
34 24 -0.013180 -0.000104 -0.011996
35 24 -0.000186 0.000018 -0.002980
36 24 0.007939 0.000086 0.004482
37 24 0.009355 0.000092 0.006955
38 24 0.007081 0.000066 0.005885
39 24 0.004181 0.000038 0.003736
40 24 0.002062 0.000018 0.001948
41 24 0.000880 0.000008 0.000869
42 24 0.000331 0.000003 0.000341
43 24 0.000112 0.000001 0.000119
44 24 0.000034 0.000000 0.000038
45 24 0.000010 0.000000 0.000011
46 24 0.000002 0.000000 0.000003
47 24 0.000001 0.000000 0.000001
48 24 0.000000 0.000000 0.000000
49 24 0.000000 0.000000 0.000000

0 25 0.000000 0.000000 0.000000
1 25 0.263970 -0.322123 -0.112553
2 25 0.261819 -0.100361 0.161712
3 25 -0.080069 -0.006626 0.013267
4 25 -0.201564 0.010628 -0.144290
5 25 0.036750 -0.003197 -0.033991
6 25 0.164416 -0.007207 0.120605
7 25 -0.023941 0.001764 0.043896
8 25 -0.136249 0.003515 -0.091854
9 25 0.015088 -0.001215 -0.038100
10 25 0.130888 -0.005359 0.083899
11 25 -0.009281 -0.001888 0.043497
12 25 -0.119186 0.001331 -0.075920
13 25 0.008592 -0.002269 -0.035506
14 25 0.095589 -0.000239 0.065491
15 25 -0.002249 0.004814 0.035004
16 25 -0.090446 0.001957 -0.053916
17 25 -0.005223 -0.003105 -0.039402
18 25 0.098068 -0.002504 0.055805
19 25 0.002415 0.001015 0.041655
20 25 -0.098462 0.001746 -0.058475
21 25 0.004824 -0.000328 -0.034582
22 25 0.086395 -0.001124 0.056002
23 25 -0.007919 0.000161 0.026972
24 25 -0.069964 0.000738 -0.046182
25 25 0.002970 -0.000103 -0.022055
26 25 0.053187 -0.000544 0.034064
27 25 0.005763 -0.000019 0.021199
28 25 -0.038519 0.000375 -0.021034
29 25 -0.016724 0.000122 -0.021510
30 25 0.021048 -0.000225 0.007498
31 25 0.022326 -0.000203 0.019112
32 25 -0.002476 0.000040 0.005139
33 25 -0.019258 0.000181 -0.010972
34 25 -0.016094 0.000134 -0.013381
35 25 -0.003388 0.000012 -0.005457
36 25 0.006444 -0.000073 0.002942
37 25 0.009420 -0.000093 0.006691
38 25 0.007800 -0.000074 0.006320
39 25 0.004888 -0.000045 0.004287
40 25 0.002526 -0.000023 0.002349
41 25 0.001121 -0.000010 0.001093
42 25 0.000437 -0.000004 0.000444
43 25 0.000152 -0.000001 0.000160
44 25 0.000048 -0.000000 0.000052
45 25 0.000014 -0.000000 0.000015
46 25 0.000004 -0.000000 0.000004
47 25 0.000001 -0.000000 0.000001
48 25 0.000000 -0.000000 0.000000
49 25 0.000000 0.000000 0.000000

0 26 0.000000 0.000000 0.000000
1 26 0.153457 -0.163745 -0.001602
2 26 0.118735 -0.079628 0.078025
3 26 -0.133770 0.027220 -0.025203
4 26 -0.204691 0.040710 -0.133481
5 26 0.024114 -0.006616 -0.034327
6 26 0.170440 -0.025006 0.113461
7 26 0.001681 -0.002950 0.059512
8 26 -0.144126 0.012469 -0.084812
9 26 -0.016964 -0.000567 -0.055331
10 26 0.121763 -0.009877 0.070049
11 26 0.021418 0.001282 0.060372
12 26 -0.117526 0.008494 -0.061151
13 26 -0.022764 0.002866 -0.055434
14 26 0.105822 -0.004586 0.055544
15 26 0.033856 -0.004810 0.054796
16 26 -0.092921 0.001315 -0.042402
17 26 -0.043254 0.002473 -0.057604
18 26 0.092035 -0.002004 0.039624
19 26 0.039084 -0.001003 0.059785
20 26 -0.093152 0.002774 -0.042076
21 26 -0.027934 0.000357 -0.052821
22 26 0.084703 -0.002821 0.042865
23 26 0.019030 -0.000332 0.043345
24 26 -0.069498 0.002184 -0.036289
25 26 -0.017634 0.000325 -0.034783
26 26 0.051313 -0.001613 0.025958
27 26 0.020439 -0.000514 0.029585
28 26 -0.034078 0.001019 -0.013711
29 26 -0.025656 0.000647 -0.025497
30 26 0.014656 -0.000499 0.001089
31 26 0.025404 -0.000713 0.019070
32 26 0.003599 -0.000058 0.009444
33 26 -0.017076 0.000487 -0.008161
34 26 -0.018145 0.000468 -0.013995
35 26 -0.006449 0.000125 -0.007654
36 26 0.004681 -0.000172 0.001273
37 26 0.009202 -0.000277 0.006201
38 26 0.008370 -0.000238 0.006606
39 26 0.005557 -0.000154 0.004785
40 26 0.003001 -0.000081 0.002749
41 26 0.001381 -0.000037 0.001330
42 26 0.000556 -0.000015 0.000559
43 26 0.000200 -0.000005 0.000208
44 26 0.000065 -0.000002 0.000069
45 26 0.000019 -0.000000 0.000021
46 26 0.000005 -0.000000 0.000006
47 26 0.000001 -0.000000 0.000001
48 26 0.000000 -0.000000 0.000000
49 26 0.000000 0.000000 0.000000

0 27 0.000000 0.000000 0.000000
1 27 0.038293 -0.057184 0.024890
2 27 -0.029303 0.000693 0.027092
3 27 -0.181265 0.076641 -0.050650
4 27 -0.165795 0.059846 -0.102502
5 27 0.055019 -0.013853 -0.006389
6 27 0.173120 -0.041116 0.111459
7 27 0.003672 -0.002859 0.055007
8 27 -0.143409 0.023532 -0.082041
9 27 -0.030180 0.004241 -0.061473
10 27 0.123566 -0.015208 0.061752
11 27 0.049415 -0.006145 0.071379
12 27 -0.110822 0.010103 -0.049611
13 27 -0.041894 0.001643 -0.065926
14 27 0.095217 -0.012653 0.044123
15 27 0.040233 -0.002960 0.059496
16 27 -0.083232 0.011024 -0.031031
17 27 -0.054056 0.004446 -0.060959
18 27 0.081220 -0.008091 0.025102
19 27 0.059963 -0.004366 0.066650
20 27 -0.082385 0.005673 -0.025668
21 27 -0.052803 0.002889 -0.063081
22 27 0.076206 -0.004558 0.027785
23 27 0.041647 -0.002077 0.053999
24 27 -0.062902 0.003357 -0.024017
25 27 -0.035235 0.001550 -0.043348
26 27 0.045031 -0.002398 0.016117
27 27 0.032498 -0.001505 0.034867
28 27 -0.027123 0.001370 -0.005683
29 27 -0.032168 0.001427 -0.027238
30 27 0.007498 -0.000487 -0.005059
31 27 0.026607 -0.001266 0.017700
32 27 0.009110 -0.000369 0.012908
33 27 -0.014172 0.000681 -0.005076
34 27 -0.019368 0.000848 -0.013948
35 27 -0.009219 0.000343 -0.009488
36 27 0.002784 -0.000199 -0.000411
37 27 0.008749 -0.000442 0.005540
38 27 0.008785 -0.000418 0.006749
39 27 0.006169 -0.000285 0.005214
40 27 0.003470 -0.000157 0.003133
41 27 0.001652 -0.000074 0.001570
42 27 0.000685 -0.000030 0.000680
43 27 0.000252 -0.000011 0.000260
44 27 0.000084 -0.000004 0.000089
45 27 0.000025 -0.000001 0.000028
46 27 0.000007 -0.000000 0.000008
47 27 0.000002 -0.000000 0.000002
48 27 0.000000 -0.000000 0.000000
49 27 0.000000 0.000000 0.000000

0 28 0.000000 0.000000 0.000000
1 28 -0.029602 0.008620 0.008611
2 28 -0.093713 0.057233 -0.008002
3 28 -0.149779 0.088594 -0.051618
4 28 -0.068193 0.039494 -0.056495
5 28 0.117021 -0.042671 0.031613
6 28 0.163857 -0.057625 0.102792
7 28 -0.014404 -0.002525 0.033796
8 28 -0.146952 0.030511 -0.085660
9 28 -0.028389 0.004970 -0.058577
10 28 0.122519 -0.025320 0.061293
11 28 0.050723 -0.010143 0.071032
12 28 -0.109834 0.016103 -0.043810
13 28 -0.061226 0.007837 -0.071446
14 28 0.085178 -0.008479 0.033017
15 28 0.064072 -0.004470 0.066484
16 28 -0.062804 0.005581 -0.016389
17 28 -0.071769 0.003432 -0.064645
18 28 0.059046 -0.006631 0.008110
19 28 0.076318 -0.004987 0.069258
20 28 -0.064128 0.006276 -0.008462
21 28 -0.070698 0.004817 -0.067537
22 28 0.062615 -0.005519 0.012319
23 28 0.058764 -0.004182 0.059573
24 28 -0.052523 0.004022 -0.011311
25 28 -0.048882 0.003230 -0.048090
26 28 0.036218 -0.002750 0.006044
27 28 0.041534 -0.002790 0.037414
28 28 -0.018970 0.001355 0.002096
29 28 -0.036348 0.002315 -0.027189
30 28 0.000360 -0.000189 -0.010489
31 28 0.026325 -0.001770 0.015460
32 28 0.013804 -0.000843 0.015480
33 28 -0.010912 0.000739 -0.002002
34 28 -0.019881 0.001231 -0.013401
35 28 -0.011611 0.000645 -0.010931
36 28 0.000876 -0.000151 -0.002016
37 28 0.008127 -0.000580 0.004775
38 28 0.009054 -0.000605 0.006766
39 28 0.006707 -0.000435 0.005568
40 28 0.003918 -0.000249 0.003487
41 28 0.001923 -0.000121 0.001805
42 28 0.000819 -0.000051 0.000804
43 28 0.000309 -0.000019 0.000315
44 28 0.000104 -0.000006 0.000110
45 28 0.000032 -0.000002 0.000035
46 28 0.000009 -0.000001 0.000010
47 28 0.000002 -0.000000 0.000003
48 28 0.000001 -0.000000 0.000001
49 28 0.000000 0.000000 0.000000

0 29 0.000000 0.000000 0.000000
1 29 -0.036133 0.027306 -0.012774
2 29 -0.065355 0.054748 -0.022622
3 29 -0.054960 0.047664 -0.033320
4 29 0.042953 -0.014424 -0.010724
5 29 0.151252 -0.074721 0.054867
6 29 0.116002 -0.057901 0.076605
7 29 -0.063781 0.012332 -0.000785
8 29 -0.152558 0.044450 -0.091269
9 29 -0.011112 0.005868 -0.043707
10 29 0.122280 -0.028653 0.065632
11 29 0.050935 -0.009555 0.066293
12 29 -0.104455 0.020060 -0.041313
13 29 -0.063984 0.011837 -0.072944
14 29 0.092476 -0.015709 0.031282
15 29 0.071613 -0.015540 0.070537
16 29 -0.069109 0.008286 -0.014839
17 29 -0.083684 0.013309 -0.067876
18 29 0.052903 -0.005772 0.001028
19 29 0.089757 -0.010922 0.070953
20 29 -0.050577 0.005193 0.003512
21 29 -0.084420 0.008356 -0.069386
22 29 0.048823 -0.005200 -0.000788
23 29 0.071427 -0.006766 0.061909
24 29 -0.040918 0.003939 0.000242
25 29 -0.058839 0.005149 -0.050028
26 29 0.026531 -0.002606 -0.003222
27 29 0.047787 -0.004188 0.037933
28 29 -0.010677 0.000982 0.009026
29 29 -0.038595 0.003195 -0.025926
30 29 -0.006221 0.000351 -0.014986
31 29 0.025026 -0.002170 0.012787
32 29 0.017601 -0.001424 0.017239
33 29 -0.007607 0.000664 0.000853
34 29 -0.019852 0.001587 -0.012530
35 29 -0.013592 0.001004 -0.012003
36 29 -0.000944 -0.000037 -0.003472
37 29 0.007406 -0.000684 0.003972
38 29 0.009200 -0.000790 0.006687
39 29 0.007167 -0.000598 0.005845
40 29 0.004332 -0.000355 0.003802
41 29 0.002184 -0.000177 0.002026
42 29 0.000951 -0.000076 0.000924
43 29 0.000366 -0.000029 0.000370
44 29 0.000126 -0.000010 0.000132
45 29 0.000039 -0.000003 0.000042
46 29 0.000011 -0.000001 0.000012
47 29 0.000003 -0.000000 0.000003
48 29 0.000001 -0.000000 0.000001
49 29 0.000000 0.000000 0.000000

0 30 0.000000 0.000000 0.000000
1 30 -0.007220 0.012705 -0.018252
2 30 0.000709 0.013550 -0.017623
3 30 0.038030 -0.012764 -0.009085
4 30 0.103705 -0.060968 0.017897
5 30 0.125625 -0.078827 0.051067
6 30 0.033871 -0.031121 0.035949
7 30 -0.113510 0.040295 -0.036245
8 30 -0.129771 0.050984 -0.084203
9 30 0.028368 -0.003774 -0.017238
10 30 0.132557 -0.038874 0.074054
11 30 0.040256 -0.014870 0.056558
12 30 -0.111657 0.022946 -0.048051
13 30 -0.062856 0.012550 -0.070642
14 30 0.087342 -0.019482 0.032022
15 30 0.063082 -0.011659 0.066886
16 30 -0.062210 0.015018 -0.013372
17 30 -0.075109 0.012670 -0.062613
18 30 0.045240 -0.010510 -0.003109
19 30 0.089231 -0.013720 0.066793
20 30 -0.040053 0.006631 0.011228
21 30 -0.090453 0.011700 -0.067687
22 30 0.037131 -0.005173 -0.010564
23 30 0.079448 -0.009551 0.061766
24 30 -0.030141 0.003503 0.009657
25 30 -0.065605 0.007173 -0.050114
26 30 0.017305 -0.002078 -0.011045
27 30 0.051811 -0.005589 0.037193
28 30 -0.003010 0.000323 0.014807
29 30 -0.039455 0.004002 -0.024022
30 30 -0.011935 0.001064 -0.018523
31 30 0.023170 -0.002447 0.010049
32 30 0.020544 -0.002061 0.018338
33 30 -0.004498 0.000476 0.003357
34 30 -0.019463 0.001899 -0.011503
35 30 -0.015174 0.001397 -0.012753
36 30 -0.002595 0.000131 -0.004735
37 30 0.006657 -0.000755 0.003189
38 30 0.009250 -0.000970 0.006543
39 30 0.007546 -0.000770 0.006051
40 30 0.004701 -0.000472 0.004071
41 30 0.002426 -0.000241 0.002224
42 30 0.001078 -0.000106 0.001036
43 30 0.000422 -0.000041 0.000422
44 30 0.000148 -0.000014 0.000153
45 30 0.000047 -0.000005 0.000050
46 30 0.000014 -0.000001 0.000015
47 30 0.000004 -0.000000 0.000004
48 30 0.000001 -0.000000 0.000001
49 30 0.000000 0.000000 0.000000

0 31 0.000000 0.000000 0.000000
1 31 0.017324 -0.008647 -0.008161
2 31 0.040349 -0.024237 -0.003619
3 31 0.068639 -0.048879 0.008092
4 31 0.082458 -0.066390 0.022272
5 31 0.045261 -0.046739 0.027032
6 31 -0.056647 0.013486 -0.005925
7 31 -0.133334 0.061600 -0.054882
8 31 -0.081784 0.040711 -0.060062
9 31 0.073620 -0.022520 0.014366
10 31 0.126394 -0.047697 0.078393
11 31 0.002703 -0.007109 0.034430
12 31 -0.121216 0.033884 -0.058662
13 31 -0.052839 0.015887 -0.062405
14 31 0.093771 -0.019115 0.036985
15 31 0.071929 -0.015212 0.067834
16 31 -0.057240 0.009020 -0.012546
17 31 -0.082417 0.012840 -0.063853
18 31 0.034504 -0.006733 -0.007606
19 31 0.092620 -0.014139 0.065400
20 31 -0.028691 0.005208 0.017738
21 31 -0.094307 0.013500 -0.065899
22 31 0.026653 -0.004471 -0.018110
23 31 0.084434 -0.011833 0.060665
24 31 -0.020852 0.002786 0.016955
25 31 -0.070017 0.009076 -0.049311
26 31 0.009317 -0.001310 -0.017241
27 31 0.054282 -0.006918 0.035900
28 31 0.003566 -0.000520 0.019374
29 31 -0.039494 0.004716 -0.021969
30 31 -0.016657 0.001883 -0.021194
31 31 0.021168 -0.002617 0.007529
32 31 0.022756 -0.002716 0.018962
33 31 -0.001753 0.000208 0.005441
34 31 -0.018894 0.002166 -0.010469
35 31 -0.016400 0.001805 -0.013250
36 31 -0.004025 0.000338 -0.005784
37 31 0.005943 -0.000799 0.002475
38 31 0.009237 -0.001141 0.006365
39 31 0.007849 -0.000945 0.006196
40 31 0.005017 -0.000596 0.004291
41 31 0.002640 -0.000310 0.002394
42 31 0.001192 -0.000139 0.001134
43 31 0.000473 -0.000055 0.000469
44 31 0.000168 -0.000019 0.000172
45 31 0.000054 -0.000006 0.000057
46 31 0.000016 -0.000002 0.000017
47 31 0.000004 -0.000000 0.000005
48 31 0.000001 -0.000000 0.000001
49 31 0.000000 0.000000 0.000000

0 32 0.000000 0.000000 0.000000
1 32 0.015668 -0.014816 0.003191
2 32 0.028348 -0.028688 0.005648
3 32 0.029553 -0.036739 0.010486
4 32 0.007679 -0.026538 0.009308
5 32 -0.044881 0.009220 -0.001287
6 32 -0.106751 0.055057 -0.031380
7 32 -0.103070 0.063286 -0.047774
8 32 -0.009278 0.016679 -0.023765
9 32 0.115391 -0.043413 0.043376
10 32 0.100470 -0.045242 0.069667
11 32 -0.034700 0.008037 0.005889
12 32 -0.116879 0.038997 -0.064838
13 32 -0.027572 0.011045 -0.048129
14 32 0.110293 -0.029548 0.048257
15 32 0.061343 -0.021970 0.064625
16 32 -0.079051 0.015691 -0.024373
17 32 -0.082833 0.022251 -0.065378
18 32 0.045241 -0.007578 -0.001160
19 32 0.096531 -0.020361 0.066559
20 32 -0.028059 0.003997 0.017643
21 32 -0.098413 0.017122 -0.065900
22 32 0.021050 -0.003330 -0.021850
23 32 0.088384 -0.014379 0.060159
24 32 -0.014244 0.001829 0.021804
25 32 -0.073195 0.010948 -0.048597
26 32 0.003137 -0.000406 -0.021753
27 32 0.055923 -0.008183 0.034683
28 32 0.008788 -0.001451 0.022785
29 32 -0.039238 0.005360 -0.020169
30 32 -0.020377 0.002747 -0.023147
31 32 0.019354 -0.002716 0.005427
32 32 0.024391 -0.003365 0.019293
33 32 0.000515 -0.000106 0.007084
34 32 -0.018305 0.002400 -0.009546
35 32 -0.017324 0.002214 -0.013563
36 32 -0.005198 0.000565 -0.006609
37 32 0.005319 -0.000824 0.001871
38 32 0.009194 -0.001304 0.006186
39 32 0.008083 -0.001120 0.006290
40 32 0.005276 -0.000722 0.004459
41 32 0.002820 -0.000383 0.002530
42 32 0.001290 -0.000174 0.001215
43 32 0.000518 -0.000070 0.000508
44 32 0.000186 -0.000025 0.000189
45 32 0.000060 -0.000008 0.000063
46 32 0.000018 -0.000002 0.000019
47 32 0.000005 -0.000001 0.000005
48 32 0.000001 -0.000000 0.000001
49 32 0.000000 0.000000 0.000000

0 33 0.000000 0.000000 0.000000
1 33 -0.000945 -0.004918 0.004976
2 33 -0.006419 -0.005989 0.004182
3 33 -0.022524 0.002254 0.002003
4 33 -0.048492 0.021825 -0.005889
5 33 -0.076834 0.048366 -0.017316
6 33 -0.078997 0.059684 -0.030325
7 33 -0.022843 0.032230 -0.021055
8 33 0.070938 -0.023879 0.013585
9 33 0.127892 -0.061552 0.056116
10 33 0.051782 -0.033555 0.044655
11 33 -0.074965 0.022911 -0.023544
12 33 -0.110550 0.041356 -0.066847
13 33 0.003582 0.002768 -0.027402
14 33 0.114091 -0.035860 0.059312
15 33 0.034203 -0.013305 0.051859
16 33 -0.086306 0.026190 -0.035789
17 33 -0.061458 0.018928 -0.057360
18 33 0.054354 -0.015636 0.007789
19 33 0.086865 -0.021900 0.062566
20 33 -0.032611 0.007355 0.013306
21 33 -0.096993 0.020104 -0.064578
22 33 0.020653 -0.003846 -0.021793
23 33 0.090405 -0.017025 0.059871
24 33 -0.011147 0.001310 0.023993
25 33 -0.075579 0.012886 -0.048383
26 33 -0.000769 0.000404 -0.024537
27 33 0.057292 -0.009453 0.033983
28 33 0.012492 -0.002365 0.025124
29 33 -0.039121 0.005989 -0.018918
30 33 -0.023136 0.003606 -0.024536
31 33 0.017990 -0.002795 0.003881
32 33 0.025602 -0.004001 0.019491
33 33 0.002238 -0.000427 0.008286
34 33 -0.017827 0.002618 -0.008827
35 33 -0.018006 0.002616 -0.013757
36 33 -0.006092 0.000796 -0.007214
37 33 0.004831 -0.000842 0.001405
38 33 0.009149 -0.001461 0.006030
39 33 0.008257 -0.001293 0.006344
40 33 0.005473 -0.000849 0.004577
41 33 0.002958 -0.000456 0.002629
42 33 0.001366 -0.000210 0.001274
43 33 0.000553 -0.000085 0.000537
44 33 0.000199 -0.000030 0.000201
45 33 0.000065 -0.000010 0.000068
46 33 0.000019 -0.000003 0.000021
47 33 0.000005 -0.000001 0.000006
48 33 0.000002 -0.000000 0.000001
49 33 0.000000 0.000000 0.000000

0 34 0.000000 0.000000 0.000000
1 34 -0.011293 0.006109 -0.000945
2 34 -0.024227 0.014428 -0.003042
3 34 -0.036904 0.025913 -0.006262
4 34 -0.046582 0.037420 -0.012203
5 34 -0.038929 0.040721 -0.014948
6 34 -0.006243 0.022729 -0.011900
7 34 0.055998 -0.017064 0.007506
8 34 0.103039 -0.056076 0.033842
9 34 0.084156 -0.054383 0.043031
10 34 -0.019873 -0.003760 0.009254
11 34 -0.111106 0.045972 -0.047927
12 34 -0.081374 0.042726 -0.056483
13 34 0.048044 -0.009375 0.001872
14 34 0.115587 -0.038326 0.066161
15 34 0.016373 -0.007295 0.036806
16 34 -0.087517 0.025110 -0.044092
17 34 -0.052395 0.014420 -0.051640
18 34 0.056298 -0.015165 0.014212
19 34 0.081495 -0.019549 0.060446
20 34 -0.034839 0.008529 0.009123
21 34 -0.094723 0.020829 -0.064002
22 34 0.022404 -0.004622 -0.019872
23 34 0.091304 -0.018964 0.060264
24 34 -0.011040 0.001301 0.024039
25 34 -0.077495 0.014742 -0.048937
26 34 -0.002270 0.000936 -0.025693
27 34 0.058752 -0.010767 0.034074
28 34 0.014583 -0.003154 0.026470
29 34 -0.039460 0.006671 -0.018421
30 34 -0.024977 0.004416 -0.025478
31 34 0.017271 -0.002913 0.002985
32 34 0.026514 -0.004622 0.019678
33 34 0.003369 -0.000720 0.009057
34 34 -0.017562 0.002843 -0.008378
35 34 -0.018493 0.003006 -0.013884
36 34 -0.006695 0.001013 -0.007604
37 34 0.004511 -0.000865 0.001098
38 34 0.009126 -0.001616 0.005918
39 34 0.008378 -0.001460 0.006366
40 34 0.005607 -0.000970 0.004644
41 34 0.003052 -0.000526 0.002688
42 34 0.001417 -0.000244 0.001310
43 34 0.000576 -0.000099 0.000555
44 34 0.000209 -0.000036 0.000209
45 34 0.000068 -0.000012 0.000070
46 34 0.000020 -0.000003 0.000022
47 34 0.000006 -0.000001 0.000006
48 34 0.000002 -0.000000 0.000001
49 34 0.000000 0.000000 0.000000

0 35 0.000000 0.000000 0.000000
1 35 -0.007750 0.007705 -0.006391
2 35 -0.013754 0.014854 -0.007604
3 35 -0.013217 0.018679 -0.007551
4 35 -0.005183 0.016871 -0.008459
5 35 0.019977 0.002883 -0.002490
6 35 0.050003 -0.021220 0.005665
7 35 0.082140 -0.047832 0.021670
8 35 0.068465 -0.051626 0.028227
9 35 0.009698 -0.018591 0.013773
10 35 -0.078979 0.033579 -0.022110
11 35 -0.104323 0.058303 -0.054404
12 35 -0.017148 0.023997 -0.028124
13 35 0.090916 -0.030494 0.030480
14 35 0.104519 -0.041473 0.063631
15 35 -0.017037 -0.000516 0.015693
16 35 -0.105276 0.033682 -0.057512
17 35 -0.037061 0.018911 -0.043893
18 35 0.078088 -0.018085 0.029469
19 35 0.078994 -0.023143 0.060466
20 35 -0.047161 0.010129 -0.000883
21 35 -0.093998 0.023667 -0.065562
22 35 0.029899 -0.005451 -0.014179
23 35 0.092639 -0.021201 0.062234
24 35 -0.014585 0.001723 0.021583
25 35 -0.079439 0.016693 -0.050616
26 35 -0.001118 0.001098 -0.025143
27 35 0.060577 -0.012195 0.035162
28 35 0.014951 -0.003724 0.026833
29 35 -0.040466 0.007478 -0.018814
30 35 -0.025903 0.005138 -0.026035
31 35 0.017334 -0.003133 0.002806
32 35 0.027203 -0.005232 0.019929
33 35 0.003873 -0.000946 0.009400
34 35 -0.017579 0.003102 -0.008241
35 35 -0.018817 0.003381 -0.013977
36 35 -0.006996 0.001199 -0.007781
37 35 0.004382 -0.000907 0.000963
38 35 0.009141 -0.001774 0.005861
39 35 0.008450 -0.001621 0.006364
40 35 0.005675 -0.001084 0.004661
41 35 0.003097 -0.000590 0.002705
42 35 0.001441 -0.000274 0.001321
43 35 0.000587 -0.000112 0.000561
44 35 0.000213 -0.000040 0.000211
45 35 0.000070 -0.000013 0.000071
46 35 0.000021 -0.000004 0.000022
47 35 0.000006 -0.000001 0.000006
48 35 0.000002 -0.000000 0.000001
49 35 0.000000 0.000000 0.000000

0 36 0.000000 0.000000 0.000000
1 36 0.002905 0.000839 -0.005680
2 36 0.008399 -0.000225 -0.005339
3 36 0.017692 -0.005203 -0.002681
4 36 0.031573 -0.015002 -0.000268
5 36 0.048107 -0.029777 0.007253
6 36 0.054707 -0.041608 0.011491
7 36 0.046513 -0.043154 0.016789
8 36 -0.001315 -0.018624 0.006431
9 36 -0.055554 0.020462 -0.013559
10 36 -0.097681 0.053028 -0.036941
11 36 -0.056324 0.042354 -0.038661
12 36 0.043550 -0.008470 0.005265
13 36 0.102289 -0.044812 0.045209
14 36 0.063998 -0.031463 0.047561
15 36 -0.064673 0.021277 -0.012736
16 36 -0.101934 0.046004 -0.064592
17 36 0.009343 0.009937 -0.021468
18 36 0.099240 -0.030655 0.047031
19 36 0.056730 -0.021223 0.050852
20 36 -0.065772 0.019215 -0.016089
21 36 -0.083996 0.026333 -0.063313
22 36 0.044859 -0.009198 -0.003429
23 36 0.091699 -0.023573 0.064061
24 36 -0.022693 0.003545 0.015910
25 36 -0.080718 0.018896 -0.052995
26 36 0.003216 0.000608 -0.022519
27 36 0.062730 -0.013816 0.037247
28 36 0.013383 -0.003945 0.026088
29 36 -0.042217 0.008485 -0.020161
30 36 -0.025841 0.005719 -0.026181
31 36 0.018269 -0.003518 0.003396
32 36 0.027686 -0.005831 0.020268
33 36 0.003708 -0.001067 0.009303
34 36 -0.017916 0.003420 -0.008438
35 36 -0.018987 0.003737 -0.014047
36 36 -0.006983 0.001337 -0.007745
37 36 0.004459 -0.000981 0.001007
38 36 0.009200 -0.001937 0.005865
39 36 0.008474 -0.001773 0.006338
40 36 0.005678 -0.001186 0.004629
41 36 0.003092 -0.000646 0.002680
42 36 0.001436 -0.000300 0.001307
43 36 0.000584 -0.000122 0.000554
44 36 0.000212 -0.000044 0.000208
45 36 0.000069 -0.000014 0.000070
46 36 0.000021 -0.000004 0.000021
47 36 0.000006 -0.000001 0.000006
48 36 0.000002 -0.000000 0.000001
49 36 0.000000 0.000000 0.000000

0 37 0.000000 0.000000 0.000000
1 37 0.008302 -0.005988 -0.000273
2 37 0.016971 -0.012980 0.000555
3 37 0.024247 -0.020400 0.002880
4 37 0.029134 -0.028146 0.004703
5 37 0.026031 -0.031742 0.007542
6 37 0.009949 -0.027034 0.005463
7 37 -0.020068 -0.009477 0.000871
8 37 -0.061847 0.020081 -0.013562
9 37 -0.082989 0.043446 -0.026076
10 37 -0.069286 0.044967 -0.030037
11 37 0.005302 0.008116 -0.010081
12 37 0.077620 -0.035725 0.029132
13 37 0.082110 -0.045628 0.043364
14 37 0.006233 -0.010756 0.020348
15 37 -0.095117 0.040078 -0.037835
16 37 -0.068560 0.038652 -0.055714
17 37 0.049400 -0.009762 0.004691
18 37 0.092529 -0.033044 0.052333
19 37 0.026867 -0.007909 0.034219
20 37 -0.073231 0.028087 -0.027584
21 37 -0.064161 0.024188 -0.055769
22 37 0.061374 -0.014291 0.009279
23 37 0.086755 -0.023839 0.064241
24 37 -0.033668 0.007238 0.007712
25 37 -0.079786 0.020936 -0.055088
26 37 0.010972 -0.000812 -0.017558
27 37 0.064819 -0.015548 0.040081
28 37 0.009670 -0.003631 0.024040
29 37 -0.044597 0.009739 -0.022411
30 37 -0.024627 0.006082 -0.025799
31 37 0.020106 -0.004131 0.004786
32 37 0.027903 -0.006404 0.020657
33 37 0.002832 -0.001040 0.008735
34 37 -0.018575 0.003817 -0.008969
35 37 -0.018985 0.004066 -0.014082
36 37 -0.006646 0.001410 -0.007490
37 37 0.004743 -0.001099 0.001227
38 37 0.009301 -0.002110 0.005927
39 37 0.008448 -0.001914 0.006287
40 37 0.005613 -0.001273 0.004547
41 37 0.003037 -0.000690 0.002614
42 37 0.001403 -0.000319 0.001267
43 37 0.000568 -0.000129 0.000534
44 37 0.000205 -0.000047 0.000200
45 37 0.000067 -0.000015 0.000067
46 37 0.000020 -0.000005 0.000020
47 37 0.000005 -0.000001 0.000006
48 37 0.000002 -0.000000 0.000001
49 37 0.000000 0.000000 0.000000

0 38 0.000000 0.000000 0.000000
1 38 0.003614 -0.005087 0.003153
2 38 0.005333 -0.009411 0.003145
3 38 0.004329 -0.011712 0.003726
4 38 -0.003234 -0.010466 0.002480
5 38 -0.015987 -0.003331 0.001028
6 38 -0.037146 0.009964 -0.004615
7 38 -0.055851 0.027724 -0.010886
8 38 -0.066315 0.040798 -0.018280
9 38 -0.046841 0.037538 -0.018588
10 38 0.000749 0.010888 -0.006127
11 38 0.061647 -0.030662 0.016551
12 38 0.083789 -0.053462 0.037467
13 38 0.034222 -0.037107 0.026112
14 38 -0.055088 0.010066 -0.011650
15 38 -0.105599 0.043237 -0.050736
16 38 -0.036933 0.020059 -0.037848
17 38 0.064830 -0.021942 0.023099
18 38 0.076203 -0.027635 0.049401
19 38 0.002494 0.001919 0.017798
20 38 -0.078100 0.031729 -0.037375
21 38 -0.043927 0.021260 -0.047113
22 38 0.078424 -0.017667 0.023099
23 38 0.079719 -0.021758 0.063256
24 38 -0.045796 0.012438 -0.002399
25 38 -0.075415 0.022678 -0.056105
26 38 0.022384 -0.003078 -0.009954
27 38 0.066450 -0.017142 0.043375
28 38 0.003732 -0.002575 0.020504
29 38 -0.047257 0.011245 -0.025379
30 38 -0.022005 0.006127 -0.024675
31 38 0.022803 -0.005015 0.006981
32 38 0.027719 -0.006916 0.020999
33 38 0.001199 -0.000818 0.007651
34 38 -0.019513 0.004305 -0.009811
35 38 -0.018765 0.004352 -0.014047
36 38 -0.005970 0.001398 -0.007003
37 38 0.005225 -0.001270 0.001617
38 38 0.009431 -0.002291 0.006037
39 38 0.008365 -0.002039 0.006206
40 38 0.005479 -0.001340 0.004414
41 38 0.002933 -0.000720 0.002508
42 38 0.001343 -0.000330 0.001205
43 38 0.000540 -0.000133 0.000504
44 38 0.000193 -0.000048 0.000187
45 38 0.000063 -0.000015 0.000063
46 38 0.000018 -0.000005 0.000019
47 38 0.000005 -0.000001 0.000005
48 38 0.000002 -0.000000 0.000001
49 38 0.000000 0.000000 0.000000

0 39 0.000000 0.000000 0.000000
1 39 -0.003967 0.001379 0.001051
2 39 -0.009315 0.004049 0.000131
3 39 -0.015390 0.008185 -0.000209
4 39 -0.024876 0.015600 -0.003423
5 39 -0.031107 0.023852 -0.004674
6 39 -0.038349 0.032973 -0.009504
7 39 -0.028965 0.035314 -0.009486
8 39 -0.012130 0.027456 -0.008330
9 39 0.029082 0.004034 0.000939
10 39 0.066382 -0.028471 0.016860
11 39 0.082732 -0.051118 0.027019
12 39 0.051657 -0.045924 0.027845
13 39 -0.030994 -0.008126 -0.001773
14 39 -0.093205 0.032694 -0.034609
15 39 -0.087359 0.037106 -0.045045
16 39 0.001288 -0.000869 -0.013606
17 39 0.079838 -0.036771 0.038649
18 39 0.052900 -0.031209 0.041564
19 39 -0.038798 0.006861 -0.005531
20 39 -0.092509 0.035901 -0.050297
21 39 -0.020702 0.017309 -0.035355
22 39 0.096029 -0.022514 0.038451
23 39 0.066736 -0.018064 0.058547
24 39 -0.059685 0.019851 -0.015211
25 39 -0.065649 0.024427 -0.054758
26 39 0.038184 -0.006017 0.000930
27 39 0.067232 -0.018183 0.046727
28 39 -0.004265 -0.000469 0.015335
29 39 -0.049488 0.013000 -0.028650
30 39 -0.017590 0.005745 -0.022470
31 39 0.026244 -0.006185 0.009949
32 39 0.026933 -0.007302 0.021133
33 39 -0.001217 -0.000350 0.006003
34 39 -0.020642 0.004885 -0.010904
35 39 -0.018256 0.004570 -0.013881
36 39 -0.004947 0.001281 -0.006273
37 39 0.005880 -0.001500 0.002160
38 39 0.009569 -0.002479 0.006174
39 39 0.008215 -0.002145 0.006086
40 39 0.005275 -0.001385 0.004232
41 39 0.002783 -0.000734 0.002366
42 39 0.001259 -0.000333 0.001122
43 39 0.000501 -0.000133 0.000464
44 39 0.000178 -0.000047 0.000171
45 39 0.000057 -0.000015 0.000057
46 39 0.000017 -0.000004 0.000017
47 39 0.000005 -0.000001 0.000005
48 39 0.000001 -0.000000 0.000001
49 39 0.000000 0.000000 0.000000

0 40 0.000000 0.000000 0.000000
1 40 -0.006284 0.004624 -0.002780
2 40 -0.011625 0.009506 -0.003681
3 40 -0.016461 0.014264 -0.003753
4 40 -0.018125 0.018894 -0.006155
5 40 -0.014347 0.020273 -0.004807
6 40 -0.005856 0.018809 -0.006592
7 40 0.016925 0.007773 -0.000326
8 40 0.036730 -0.007093 0.003170
9 40 0.066940 -0.028593 0.014196
10 40 0.065824 -0.039378 0.020186
11 40 0.045234 -0.031999 0.016370
12 40 -0.010104 -0.002834 0.004895
13 40 -0.071733 0.037204 -0.025280
14 40 -0.070747 0.048828 -0.033792
15 40 -0.021279 0.022114 -0.019500
16 40 0.064279 -0.026591 0.017370
17 40 0.091558 -0.054050 0.050397
18 40 0.004228 -0.028704 0.021606
19 40 -0.091249 0.018648 -0.034544
20 40 -0.094356 0.034358 -0.055264
21 40 0.008845 0.001217 -0.016576
22 40 0.099221 -0.032272 0.048595
23 40 0.036827 -0.011827 0.043960
24 40 -0.075922 0.029217 -0.030971
25 40 -0.048803 0.025160 -0.049508
26 40 0.057692 -0.009552 0.014876
27 40 0.066223 -0.017822 0.049187
28 40 -0.013617 0.003209 0.008603
29 40 -0.049949 0.015010 -0.031407
30 40 -0.010806 0.004853 -0.018692
31 40 0.030258 -0.007581 0.013616
32 40 0.025318 -0.007447 0.020861
33 40 -0.004383 0.000415 0.003771
34 40 -0.021806 0.005541 -0.012145
35 40 -0.017364 0.004687 -0.013505
36 40 -0.003577 0.001042 -0.005289
37 40 0.006670 -0.001789 0.002825
38 40 0.009681 -0.002666 0.006313
39 40 0.007988 -0.002225 0.005916
40 40 0.005004 -0.001405 0.004000
41 40 0.002592 -0.000732 0.002192
42 40 0.001155 -0.000328 0.001023
43 40 0.000453 -0.000129 0.000418
44 40 0.000159 -0.000045 0.000152
45 40 0.000051 -0.000014 0.000050
46 40 0.000015 -0.000004 0.000015
47 40 0.000004 -0.000001 0.000004
48 40 0.000001 -0.000000 0.000001
49 40 0.000000 0.000000 0.000000

0 41 0.000000 0.000000 0.000000
1 41 -0.001866 0.001759 -0.003282
2 41 -0.001448 0.002548 -0.003402
3 41 -0.001740 0.002673 -0.002911
4 41 0.004203 -0.000152 -0.002996
5 41 0.009791 -0.005345 -0.000370
6 41 0.020996 -0.013810 0.000174
7 41 0.031873 -0.025270 0.006578
8 41 0.034455 -0.032596 0.006535
9 41 0.033743 -0.036426 0.011983
10 41 0.001690 -0.020789 0.004772
11 41 -0.026705 0.004232 -0.004532
12 41 -0.066996 0.037931 -0.017737
13 41 -0.068311 0.056811 -0.031835
14 41 -0.011827 0.037490 -0.014668
15 41 0.052040 -0.001158 0.009255
16 41 0.110071 -0.040869 0.039970
17 41 0.072073 -0.041388 0.045460
18 41 -0.044102 0.003497 -0.005812
19 41 -0.096637 0.034444 -0.046396
20 41 -0.053856 0.017348 -0.037546
21 41 0.037904 -0.026150 0.006282
22 41 0.076217 -0.042639 0.047008
23 41 -0.012348 -0.004795 0.018594
24 41 -0.094581 0.035028 -0.048243
25 41 -0.029028 0.021417 -0.041322
26 41 0.075191 -0.013848 0.028843
27 41 0.060863 -0.015079 0.048712
28 41 -0.023244 0.008945 0.000547
29 41 -0.046755 0.017280 -0.032475
30 41 -0.000910 0.003504 -0.012745
31 41 0.034705 -0.008985 0.017892
32 41 0.022754 -0.007157 0.020022
33 41 -0.008123 0.001532 0.001022
34 41 -0.022765 0.006236 -0.013364
35 41 -0.015980 0.004662 -0.012819
36 41 -0.001877 0.000668 -0.004053
37 41 0.007539 -0.002130 0.003574
38 41 0.009732 -0.002841 0.006422
39 41 0.007672 -0.002272 0.005685
40 41 0.004669 -0.001396 0.003720
41 41 0.002366 -0.000712 0.001991
42 41 0.001036 -0.000313 0.000911
43 41 0.000400 -0.000122 0.000366
44 41 0.000139 -0.000042 0.000131
45 41 0.000044 -0.000013 0.000042
46 41 0.000012 -0.000004 0.000013
47 41 0.000003 -0.000001 0.000003
48 41 0.000001 -0.000000 0.000001
49 41 0.000000 0.000000 0.000000

0 42 0.000000 0.000000 0.000000
1 42 0.004694 -0.001745 -0.001164
2 42 0.011144 -0.004683 -0.000548
3 42 0.015223 -0.007653 0.000118
4 42 0.023670 -0.013626 0.001788
5 42 0.025569 -0.018689 0.003576
6 42 0.030504 -0.025649 0.004892
7 42 0.023107 -0.028423 0.007176
8 42 0.010426 -0.026080 0.003676
9 42 -0.012761 -0.016625 0.002671
10 42 -0.048069 0.004475 -0.009918
11 42 -0.064767 0.021505 -0.015883
12 42 -0.076797 0.035844 -0.024018
13 42 -0.036722 0.024537 -0.020264
14 42 0.022166 -0.005679 0.004251
15 42 0.063045 -0.029326 0.020128
16 42 0.077920 -0.035949 0.034986
17 42 0.006898 0.000640 0.016471
18 42 -0.064174 0.046765 -0.028702
19 42 -0.042437 0.043619 -0.032744
20 42 0.018785 0.001294 -0.003777
21 42 0.070791 -0.040315 0.029539
22 42 0.051307 -0.042951 0.041982
23 42 -0.059510 0.000032 -0.006675
24 42 -0.110784 0.030582 -0.062348
25 42 -0.014473 0.008755 -0.032605
26 42 0.079756 -0.020620 0.037374
27 42 0.045130 -0.010574 0.041532
28 42 -0.033768 0.016244 -0.009449
29 42 -0.038806 0.019586 -0.031115
30 42 0.012526 0.001961 -0.004289
31 42 0.039522 -0.009919 0.022649
32 42 0.019430 -0.006113 0.018606
33 42 -0.011974 0.003076 -0.001992
34 42 -0.023136 0.006928 -0.014287
35 42 -0.013970 0.004455 -0.011704
36 42 0.000121 0.000158 -0.002576
37 42 0.008419 -0.002506 0.004355
38 42 0.009683 -0.002991 0.006468
39 42 0.007260 -0.002280 0.005387
40 42 0.004276 -0.001357 0.003398
41 42 0.002113 -0.000676 0.001770
42 42 0.000906 -0.000292 0.000793
43 42 0.000344 -0.000111 0.000313
44 42 0.000117 -0.000038 0.000110
45 42 0.000036 -0.000012 0.000035
46 42 0.000010 -0.000003 0.000010
47 42 0.000003 -0.000001 0.000003
48 42 0.000001 -0.000000 0.000001
49 42 0.000000 0.000000 0.000000

0 43 0.000000 0.000000 0.000000
1 43 0.004599 -0.002317 0.000214
2 43 0.009695 -0.004976 0.000821
3 43 0.012395 -0.006551 0.000878
4 43 0.016361 -0.008769 0.002316
5 43 0.013595 -0.007582 0.002009
6 43 0.012502 -0.006306 0.002630
7 43 -0.000160 0.001318 0.001031
8 43 -0.009671 0.009745 -0.002214
9 43 -0.026473 0.021869 -0.004815
10 43 -0.035167 0.030816 -0.011804
11 43 -0.027875 0.027530 -0.009258
12 43 -0.013769 0.014582 -0.008664
13 43 0.028046 -0.018577 0.004880
14 43 0.044837 -0.045261 0.019158
15 43 0.035339 -0.051237 0.017928
16 43 -0.004033 -0.030400 0.011174
17 43 -0.079087 0.022186 -0.021910
18 43 -0.082850 0.052140 -0.044442
19 43 -0.007803 0.033587 -0.018538
20 43 0.063038 -0.000024 0.017590
21 43 0.101581 -0.026084 0.045197
22 43 0.051394 -0.021881 0.041676
23 43 -0.071311 0.011927 -0.018319
24 43 -0.100398 0.021022 -0.061188
25 43 0.001822 -0.012528 -0.018317
26 43 0.065723 -0.032415 0.038415
27 43 0.011424 -0.007761 0.023803
28 43 -0.049729 0.022193 -0.023623
29 43 -0.028596 0.020559 -0.028474
30 43 0.027872 0.000314 0.005690
31 43 0.044152 -0.009742 0.027305
32 43 0.015865 -0.003859 0.016742
33 43 -0.015049 0.005179 -0.004749
34 43 -0.022312 0.007607 -0.014483
35 43 -0.011137 0.004063 -0.009994
36 43 0.002389 -0.000464 -0.000867
37 43 0.009246 -0.002887 0.005118
38 43 0.009502 -0.003096 0.006424
39 43 0.006753 -0.002243 0.005018
40 43 0.003837 -0.001290 0.003041
41 43 0.001845 -0.000625 0.001538
42 43 0.000774 -0.000264 0.000673
43 43 0.000288 -0.000099 0.000260
44 43 0.000097 -0.000033 0.000090
45 43 0.000029 -0.000010 0.000028
46 43 0.000008 -0.000003 0.000008
47 43 0.000002 -0.000001 0.000002
48 43 0.000001 -0.000000 0.000000
49 43 0.000000 0.000000 0.000000

0 44 0.000000 0.000000 0.000000
1 44 -0.002422 -0.001733 0.001027
2 44 -0.005385 -0.002965 0.001035
3 44 -0.009805 -0.002728 0.000100
4 44 -0.015066 -0.001073 -0.000132
5 44 -0.023304 0.003975 -0.002486
6 44 -0.029611 0.010329 -0.003506
7 44 -0.038766 0.020972 -0.007079
8 44 -0.037605 0.029197 -0.008538
9 44 -0.034333 0.037370 -0.009628
10 44 -0.011869 0.035441 -0.008136
11 44 0.018909 0.023965 0.000760
12 44 0.053885 0.003869 0.008612
13 44 0.085880 -0.023287 0.023673
14 44 0.073453 -0.033948 0.026461
15 44 0.034898 -0.030150 0.016029
16 44 -0.033751 -0.008402 -0.002700
17 44 -0.097537 0.019608 -0.034910
18 44 -0.078277 0.014914 -0.038995
19 44 -0.017199 -0.007223 -0.011411
20 44 0.038596 -0.017590 0.013789
21 44 0.074819 -0.014809 0.034707
22 44 0.028411 0.012120 0.024784
23 44 -0.055967 0.042551 -0.024209
24 44 -0.038447 0.023454 -0.036273
25 44 0.048324 -0.029338 0.014031
26 44 0.049780 -0.043970 0.040267
27 44 -0.034925 -0.008663 -0.000644
28 44 -0.073762 0.021828 -0.041883
29 44 -0.022882 0.016577 -0.027450
30 44 0.038909 -0.002590 0.013563
31 44 0.045733 -0.008277 0.029736
32 44 0.012121 -0.000057 0.014180
33 44 -0.016252 0.008000 -0.006624
34 44 -0.019456 0.008347 -0.013378
35 44 -0.007156 0.003562 -0.007443
36 44 0.004972 -0.001119 0.001109
37 44 0.010002 -0.003220 0.005847
38 44 0.009191 -0.003132 0.006285
39 44 0.006167 -0.002154 0.004590
40 44 0.003370 -0.001194 0.002665
41 44 0.001572 -0.000563 0.001305
42 44 0.000643 -0.000232 0.000556
43 44 0.000235 -0.000085 0.000210
44 44 0.000077 -0.000028 0.000072
45 44 0.000023 -0.000008 0.000022
46 44 0.000006 -0.000002 0.000006
47 44 0.000002 -0.000001 0.000002
48 44 0.000000 -0.000000 0.000000
49 44 0.000000 0.000000 0.000000

0 45 0.000000 0.000000 0.000000
1 45 -0.003888 0.000914 0.000597
2 45 -0.008443 0.002162 0.000380
3 45 -0.013191 0.003617 -0.000471
4 45 -0.019108 0.005667 -0.001129
5 45 -0.024732 0.007813 -0.002984
6 45 -0.029210 0.009315 -0.003747
7 45 -0.031770 0.010024 -0.005958
8 45 -0.026938 0.006620 -0.005365
9 45 -0.019196 0.001515 -0.005177
10 45 0.000522 -0.009800 -0.001314
11 45 0.017720 -0.019360 0.004164
12 45 0.035043 -0.025989 0.008245
13 45 0.039221 -0.021956 0.013241
14 45 0.019647 0.000055 0.006936
15 45 -0.001065 0.025179 -0.001384
16 45 -0.027015 0.047323 -0.011114
17 45 -0.024994 0.043020 -0.017850
18 45 0.016112 0.000739 -0.000566
19 45 0.035771 -0.040781 0.017894
20 45 0.026468 -0.056623 0.018472
21 45 -0.008252 -0.037201 0.008040
22 45 -0.074271 0.021197 -0.024331
23 45 -0.078741 0.063204 -0.049341
24 45 0.032283 0.033024 -0.009597
25 45 0.119104 -0.025478 0.055179
26 45 0.057521 -0.036349 0.050847
27 45 -0.061855 -0.004667 -0.015385
28 45 -0.089779 0.014326 -0.053109
29 45 -0.023738 0.003908 -0.027208
30 45 0.036630 -0.009547 0.014659
31 45 0.037670 -0.006934 0.025759
32 45 0.005976 0.004713 0.009255
33 45 -0.015424 0.011411 -0.007647
34 45 -0.013942 0.009269 -0.010595
35 45 -0.001616 0.003154 -0.003789
36 45 0.008068 -0.001640 0.003478
37 45 0.010794 -0.003408 0.006609
38 45 0.008821 -0.003062 0.006101
39 45 0.005551 -0.002006 0.004139
40 45 0.002903 -0.001073 0.002291
41 45 0.001310 -0.000491 0.001082
42 45 0.000522 -0.000197 0.000448
43 45 0.000186 -0.000071 0.000166
44 45 0.000060 -0.000023 0.000055
45 45 0.000018 -0.000007 0.000017
46 45 0.000005 -0.000002 0.000005
47 45 0.000001 -0.000000 0.000001
48 45 0.000000 -0.000000 0.000000
49 45 0.000000 0.000000 0.000000

0 46 0.000000 0.000000 0.000000
1 46 -0.000189 0.004338 -0.002964
2 46 -0.000067 0.008562 -0.002933
3 46 0.001842 0.011874 -0.002834
4 46 0.004803 0.014346 -0.002416
5 46 0.011153 0.014272 -0.001786
6 46 0.019145 0.011481 -0.000060
7 46 0.030026 0.004289 0.001746
8 46 0.041165 -0.007532 0.005490
9 46 0.048342 -0.022281 0.008023
10 46 0.049789 -0.038953 0.011415
11 46 0.033897 -0.048806 0.010577
12 46 0.006027 -0.049630 0.005604
13 46 -0.038387 -0.033006 -0.004218
14 46 -0.081199 -0.001722 -0.020434
15 46 -0.095870 0.030816 -0.029780
16 46 -0.074522 0.054989 -0.030097
17 46 0.001328 0.048589 -0.011854
18 46 0.090417 0.014728 0.025074
19 46 0.123029 -0.019039 0.047728
20 46 0.084902 -0.040903 0.042198
21 46 -0.024693 -0.032842 0.006922
22 46 -0.140705 0.007225 -0.051195
23 46 -0.120623 0.028635 -0.069857
24 46 0.031831 0.005134 -0.008301
25 46 0.124863 -0.016464 0.059413
26 46 0.061055 -0.001544 0.048244
27 46 -0.043800 0.018831 -0.011886
28 46 -0.063412 0.010289 -0.038982
29 46 -0.014304 -0.013425 -0.016702
30 46 0.021422 -0.021418 0.010578
31 46 0.014283 -0.008490 0.012623
32 46 -0.007558 0.008064 -0.000960
33 46 -0.015200 0.014261 -0.009563
34 46 -0.006644 0.010202 -0.006833
35 46 0.005482 0.003080 0.000868
36 46 0.011969 -0.001764 0.006385
37 46 0.011920 -0.003295 0.007595
38 46 0.008601 -0.002819 0.006019
39 46 0.005023 -0.001780 0.003755
40 46 0.002493 -0.000923 0.001963
41 46 0.001081 -0.000411 0.000889
42 46 0.000417 -0.000162 0.000356
43 46 0.000145 -0.000057 0.000128
44 46 0.000046 -0.000018 0.000042
45 46 0.000013 -0.000005 0.000012
46 46 0.000004 -0.000001 0.000003
47 46 0.000001 -0.000000 0.000001
48 46 0.000000 -0.000000 0.000000
49 46 0.000000 0.000000 0.000000

0 47 0.000000 0.000000 0.000000
1 47 -0.000396 0.000293 -0.003219
2 47 -0.000285 0.000516 -0.003180
3 47 0.001451 0.000252 -0.002952
4 47 0.004621 -0.000198 -0.002558
5 47 0.010801 -0.001580 -0.001674
6 47 0.018556 -0.003018 -0.000221
7 47 0.028879 -0.005207 0.001759
8 47 0.038374 -0.006538 0.004593
9 47 0.045238 -0.006754 0.006805
10 47 0.045539 -0.004634 0.009005
11 47 0.034053 0.001232 0.007889
12 47 0.013242 0.007957 0.004453
13 47 -0.018616 0.015448 -0.002826
14 47 -0.046876 0.015873 -0.012296
15 47 -0.060196 0.006437 -0.017410
16 47 -0.051547 -0.010109 -0.017821
17 47 -0.012471 -0.029837 -0.007296
18 47 0.029778 -0.032319 0.009739
19 47 0.049918 -0.009459 0.018345
20 47 0.043564 0.022720 0.017644
21 47 0.000704 0.047297 0.004264
22 47 -0.044116 0.037536 -0.018231
23 47 -0.029604 -0.016817 -0.019520
24 47 0.018474 -0.061387 0.005779
25 47 0.022285 -0.037823 0.017243
26 47 -0.014271 0.024801 -0.001619
27 47 -0.024289 0.050638 -0.016752
28 47 0.006043 0.020265 -0.004686
29 47 0.028519 -0.020387 0.014129
30 47 0.013890 -0.030462 0.013508
31 47 -0.016566 -0.012985 -0.003426
32 47 -0.030463 0.006904 -0.016481
33 47 -0.020616 0.014020 -0.015150
34 47 -0.001324 0.010096 -0.004620
35 47 0.012581 0.003246 0.005292
36 47 0.016545 -0.001275 0.009609
37 47 0.013752 -0.002680 0.009010
38 47 0.008900 -0.002292 0.006295
39 47 0.004812 -0.001428 0.003607
40 47 0.002251 -0.000729 0.001770
41 47 0.000931 -0.000320 0.000762
42 47 0.000345 -0.000124 0.000293
43 47 0.000116 -0.000043 0.000102
44 47 0.000035 -0.000013 0.000032
45 47 0.000010 -0.000004 0.000009
46 47 0.000003 -0.000001 0.000002
47 47 0.000001 -0.000000 0.000001
48 47 0.000000 -0.000000 0.000000
49 47 0.000000 0.000000 0.000000

0 48 0.000000 0.000000 0.000000
1 48 0.002998 -0.004758 0.001618
2 48 0.005499 -0.009687 0.001727
3 48 0.006994 -0.015002 0.002015
4 48 0.006647 -0.020302 0.002108
5 48 0.003973 -0.025408 0.002196
6 48 -0.002419 -0.028687 0.001507
7 48 -0.011997 -0.029305 0.000312
8 48 -0.025913 -0.024391 -0.002220
9 48 -0.040434 -0.013270 -0.005689
10 48 -0.053959 0.005335 -0.009660
11 48 -0.058831 0.028974 -0.013452
12 48 -0.049337 0.051299 -0.013710
13 48 -0.022474 0.064982 -0.010137
14 48 0.022852 0.057662 0.000675
15 48 0.068069 0.027253 0.015664
16 48 0.094690 -0.020168 0.027869
17 48 0.079413 -0.066383 0.031105
18 48 0.010094 -0.078556 0.013462
19 48 -0.073754 -0.045115 -0.019124
20 48 -0.120041 0.018400 -0.044600
21 48 -0.088689 0.077114 -0.045878
22 48 0.030385 0.075002 -0.007154
23 48 0.140347 -0.000382 0.052961
24 48 0.105845 -0.069667 0.065448
25 48 -0.043174 -0.056586 0.003400
26 48 -0.128376 0.009642 -0.060536
27 48 -0.065128 0.046471 -0.051578
28 48 0.047312 0.027115 0.008604
29 48 0.083581 -0.009171 0.045919
30 48 0.033498 -0.023141 0.030403
31 48 -0.029922 -0.013072 -0.007404
32 48 -0.051557 0.001859 -0.028632
33 48 -0.032855 0.008564 -0.023824
34 48 -0.003187 0.007015 -0.006929
35 48 0.015806 0.002729 0.006797
36 48 0.020280 -0.000371 0.011917
37 48 0.016209 -0.001476 0.010674
38 48 0.010089 -0.001354 0.007143
39 48 0.005259 -0.000865 0.003935
40 48 0.002378 -0.000447 0.001863
41 48 0.000953 -0.000197 0.000777
42 48 0.000343 -0.000076 0.000290
43 48 0.000112 -0.000026 0.000098
44 48 0.000033 -0.000008 0.000030
45 48 0.000009 -0.000002 0.000008
46 48 0.000002 -0.000001 0.000002
47 48 0.000001 -0.000000 0.000001
48 48 0.000000 -0.000000 0.000000
49 48 0.000000 0.000000 0.000000

0 49 0.000000 0.000000 0.000000
1 49 0.000000 0.000000 0.000000
2 49 0.000000 0.000000 0.000000
3 49 0.000000 0.000000 0.000000
4 49 0.000000 0.000000 0.000000
5 49 0.000000 0.000000 0.000000
6 49 0.000000 0.000000 0.000000
7 49 0.000000 0.000000 0.000000
8 49 0.000000 0.000000 0.000000
9 49 0.000000 0.000000 0.000000
10 49 0.000000 0.000000 0.000000
11 49 0.000000 0.000000 0.000000
12 49 0.000000 0.000000 0.000000
13 49 0.000000 0.000000 0.000000
14 49 0.000000 0.000000 0.000000
15 49 0.000000 0.000000 0.000000
16 49 0.000000 0.000000 0.000000
17 49 0.000000 0.000000 0.000000
18 49 0.000000 0.000000 0.000000
19 49 0.000000 0.000000 0.000000
20 49 0.000000 0.000000 0.000000
21 49 0.000000 0.000000 0.000000
22 49 0.000000 0.000000 0.000000
23 49 0.000000 0.000000 0.000000
24 49 0.000000 0.000000 0.000000
25 49 0.000000 0.000000 0.000000
26 49 0.000000 0.000000 0.000000
27 49 0.000000 0.000000 0.000000
28 49 0.000000 0.000000 0.000000
29 49 0.000000 0.000000 0.000000
30 49 0.000000 0.000000 0.000000
31 49 0.000000 0.000000 0.000000
32 49 0.000000 0.000000 0.000000
33 49 0.000000 0.000000 0.000000
34 49 0.000000 0.000000 0.000000
35 49 0.000000 0.000000 0.000000
36 49 0.000000 0.000000 0.000000
37 49 0.000000 0.000000 0.000000
38 49 0.000000 0.000000 0.000000
39 49 0.000000 0.000000 0.000000
40 49 0.000000 0.000000 0.000000
41 49 0.000000 0.000000 0.000000
42 49 0.000000 0.000000 0.000000
43 49 0.000000 0.000000 0.000000
44 49 0.000000 0.000000 0.000000
45 49 0.000000 0.000000 0.000000
46 49 0.000000 0.000000 0.000000
47 49 0.000000 0.000000 0.000000
48 49 0.000000 0.000000 0.000000
49 49 0.000000 0.000000 0.000000

