#:x y Ey Bx Bz
0 0 0.000000 0.000000 0.000000
1 0 0.000000 0.000000 0.000000
2 0 0.000000 0.000000 0.000000
3 0 0.000000 0.000000 0.000000
4 0 0.000000 0.000000 0.000000
5 0 0.000000 0.000000 0.000000
6 0 0.000000 0.000000 0.000000
7 0 0.000000 0.000000 0.000000
8 0 0.000000 0.000000 0.000000
9 0 0.000000 0.000000 0.000000
10 0 0.000000 0.000000 0.000000
11 0 0.000000 0.000000 0.000000
12 0 0.000000 0.000000 0.000000
13 0 0.000000 0.000000 0.000000
14 0 0.000000 0.000000 0.000000
15 0 0.000000 0.000000 0.000000
16 0 0.000000 0.000000 0.000000
17 0 0.000000 0.000000 0.000000
18 0 0.000000 0.000000 0.000000
19 0 0.000000 0.000000 0.000000
20 0 0.000000 0.000000 0.000000
21 0 0.000000 0.000000 0.000000
22 0 0.000000 0.000000 0.000000
23 0 0.000000 0.000000 0.000000
24 0 0.000000 0.000000 0.000000
25 0 0.000000 0.000000 0.000000
26 0 0.000000 0.000000 0.000000
27 0 0.000000 0.000000 0.000000
28 0 0.000000 0.000000 0.000000
29 0 0.000000 0.000000 0.000000
30 0 0.000000 0.000000 0.000000
31 0 0.000000 0.000000 0.000000
32 0 0.000000 0.000000 0.000000
33 0 0.000000 0.000000 0.000000
34 0 0.000000 0.000000 0.000000
35 0 0.000000 0.000000 0.000000
36 0 0.000000 0.000000 0.000000
37 0 0.000000 0.000000 0.000000
38 0 0.000000 0.000000 0.000000
39 0 0.000000 0.000000 0.000000
40 0 0.000000 0.000000 0.000000
41 0 0.000000 0.000000 0.000000
42 0 0.000000 0.000000 0.000000
43 0 0.000000 0.000000 0.000000
44 0 0.000000 0.000000 0.000000
45 0 0.000000 0.000000 0.000000
46 0 0.000000 0.000000 0.000000
47 0 0.000000 0.000000 0.000000
48 0 0.000000 0.000000 0.000000
49 0 0.000000 0.000000 0.000000

0 1 0.000000 0.000000 0.000000
1 1 0.002466 0.000577 -0.000577
2 1 0.005063 0.000964 -0.000387
3 1 0.007853 0.000961 0.000003
4 1 0.010763 0.000359 0.000602
5 1 0.013504 -0.001033 0.001392
6 1 0.015521 -0.003327 0.002294
7 1 0.016003 -0.006460 0.003133
8 1 0.014013 -0.010070 0.003610
9 1 0.008837 -0.013418 0.003347
10 1 0.000454 -0.015413 0.001995
11 1 -0.009867 -0.014875 -0.000538
12 1 -0.019426 -0.011072 -0.003804
13 1 -0.024745 -0.004314 -0.006757
14 1 -0.023119 0.003685 -0.008000
15 1 -0.014851 0.010277 -0.006591
16 1 -0.003909 0.013340 -0.003063
17 1 0.004690 0.012605 0.000735
18 1 0.008365 0.009522 0.003082
19 1 0.007855 0.005981 0.003542
20 1 0.005463 0.003194 0.002787
21 1 0.003071 0.001473 0.001721
22 1 0.001452 0.000593 0.000879
23 1 0.000590 0.000211 0.000382
24 1 0.000210 0.000067 0.000144
25 1 0.000066 0.000019 0.000048
26 1 0.000018 0.000005 0.000014
27 1 0.000005 0.000001 0.000004
28 1 0.000001 0.000000 0.000001
29 1 0.000000 0.000000 0.000000
30 1 0.000000 0.000000 0.000000
31 1 0.000000 0.000000 0.000000
32 1 0.000000 0.000000 0.000000
33 1 0.000000 0.000000 0.000000
34 1 0.000000 0.000000 0.000000
35 1 0.000000 0.000000 0.000000
36 1 0.000000 0.000000 0.000000
37 1 0.000000 0.000000 0.000000
38 1 0.000000 0.000000 0.000000
39 1 0.000000 0.000000 0.000000
40 1 0.000000 0.000000 0.000000
41 1 0.000000 0.000000 0.000000
42 1 0.000000 0.000000 0.000000
43 1 0.000000 0.000000 0.000000
44 1 0.000000 0.000000 0.000000
45 1 0.000000 0.000000 0.000000
46 1 0.000000 0.000000 0.000000
47 1 0.000000 0.000000 0.000000
48 1 0.000000 0.000000 0.000000
49 1 0.000000 0.000000 0.000000

0 2 0.000000 0.000000 0.000000
1 2 0.000289 0.000071 -0.001142
2 2 0.000863 0.000266 -0.001101
3 2 0.002018 0.000694 -0.000983
4 2 0.004018 0.001434 -0.000720
5 2 0.007069 0.002492 -0.000214
6 2 0.011144 0.003748 0.000635
7 2 0.015868 0.004903 0.001881
8 2 0.020232 0.005457 0.003455
9 2 0.022567 0.004815 0.005024
10 2 0.020752 0.002507 0.005980
11 2 0.012893 -0.001381 0.005415
12 2 -0.001062 -0.005825 0.002552
13 2 -0.018194 -0.008931 -0.002588
14 2 -0.032271 -0.008596 -0.008660
15 2 -0.035865 -0.004104 -0.012737
16 2 -0.026294 0.002600 -0.011955
17 2 -0.009239 0.008064 -0.006449
18 2 0.005754 0.010043 0.000369
19 2 0.012886 0.008788 0.004898
20 2 0.012690 0.006052 0.006001
21 2 0.008981 0.003441 0.004811
22 2 0.005081 0.001660 0.002985
23 2 0.002404 0.000692 0.001523
24 2 0.000976 0.000252 0.000660
25 2 0.000346 0.000081 0.000247
26 2 0.000108 0.000023 0.000081
27 2 0.000030 0.000006 0.000024
28 2 0.000008 0.000001 0.000006
29 2 0.000002 0.000000 0.000001
30 2 0.000000 0.000000 0.000000
31 2 0.000000 0.000000 0.000000
32 2 0.000000 0.000000 0.000000
33 2 0.000000 0.000000 0.000000
34 2 0.000000 0.000000 0.000000
35 2 0.000000 0.000000 0.000000
36 2 0.000000 0.000000 0.000000
37 2 0.000000 0.000000 0.000000
38 2 0.000000 0.000000 0.000000
39 2 0.000000 0.000000 0.000000
40 2 0.000000 0.000000 0.000000
41 2 0.000000 0.000000 0.000000
42 2 0.000000 0.000000 0.000000
43 2 0.000000 0.000000 0.000000
44 2 0.000000 0.000000 0.000000
45 2 0.000000 0.000000 0.000000
46 2 0.000000 0.000000 0.000000
47 2 0.000000 0.000000 0.000000
48 2 0.000000 0.000000 0.000000
49 2 0.000000 0.000000 0.000000

0 3 0.000000 0.000000 0.000000
1 3 -0.001660 -0.002220 0.001021
2 3 -0.003589 -0.004311 0.000876
3 3 -0.005976 -0.006077 0.000552
4 3 -0.008843 -0.007220 0.000022
5 3 -0.011920 -0.007291 -0.000753
6 3 -0.014482 -0.005785 -0.001686
7 3 -0.015421 -0.002245 -0.002604
8 3 -0.013152 0.003407 -0.003070
9 3 -0.006570 0.010484 -0.002520
10 3 0.004437 0.017298 -0.000470
11 3 0.017377 0.021096 0.003188
12 3 0.026605 0.019216 0.007223
13 3 0.025619 0.010702 0.009352
14 3 0.010110 -0.002007 0.006864
15 3 -0.015533 -0.012573 -0.001452
16 3 -0.035838 -0.014792 -0.011650
17 3 -0.036828 -0.008380 -0.016272
18 3 -0.020088 0.000981 -0.011991
19 3 0.000479 0.007325 -0.002873
20 3 0.012984 0.008752 0.004614
21 3 0.015230 0.006917 0.007387
22 3 0.011566 0.004242 0.006440
23 3 0.006792 0.002143 0.004157
24 3 0.003286 0.000920 0.002168
25 3 0.001353 0.000343 0.000951
26 3 0.000484 0.000112 0.000359
27 3 0.000152 0.000033 0.000119
28 3 0.000043 0.000008 0.000035
29 3 0.000011 0.000002 0.000009
30 3 0.000002 0.000000 0.000002
31 3 0.000001 0.000000 0.000000
32 3 0.000000 0.000000 0.000000
33 3 0.000000 0.000000 0.000000
34 3 0.000000 0.000000 0.000000
35 3 0.000000 0.000000 0.000000
36 3 0.000000 0.000000 0.000000
37 3 0.000000 0.000000 0.000000
38 3 0.000000 0.000000 0.000000
39 3 0.000000 0.000000 0.000000
40 3 0.000000 0.000000 0.000000
41 3 0.000000 0.000000 0.000000
42 3 0.000000 0.000000 0.000000
43 3 0.000000 0.000000 0.000000
44 3 0.000000 0.000000 0.000000
45 3 0.000000 0.000000 0.000000
46 3 0.000000 0.000000 0.000000
47 3 0.000000 0.000000 0.000000
48 3 0.000000 0.000000 0.000000
49 3 0.000000 0.000000 0.000000

0 4 0.000000 0.000000 0.000000
1 4 0.002881 -0.000488 0.001841
2 4 0.005380 -0.001259 0.002032
3 4 0.006931 -0.002586 0.002356
4 4 0.006952 -0.004663 0.002672
5 4 0.004484 -0.007570 0.002770
6 4 -0.001152 -0.011003 0.002260
7 4 -0.010403 -0.014276 0.000857
8 4 -0.022504 -0.015930 -0.001869
9 4 -0.034489 -0.014214 -0.005553
10 4 -0.041878 -0.007485 -0.009400
11 4 -0.037874 0.004470 -0.011356
12 4 -0.019002 0.018548 -0.008700
13 4 0.011028 0.028849 -0.000752
14 4 0.039783 0.028194 0.010621
15 4 0.045781 0.013539 0.018332
16 4 0.018477 -0.007140 0.013090
17 4 -0.021730 -0.019621 -0.003593
18 4 -0.042176 -0.017334 -0.017625
19 4 -0.032431 -0.006154 -0.018167
20 4 -0.008435 0.004044 -0.008085
21 4 0.010099 0.008306 0.002676
22 4 0.016094 0.007600 0.007879
23 4 0.013419 0.004989 0.007723
24 4 0.008244 0.002618 0.005240
25 4 0.004092 0.001150 0.002805
26 4 0.001711 0.000435 0.001249
27 4 0.000618 0.000144 0.000476
28 4 0.000196 0.000042 0.000158
29 4 0.000055 0.000011 0.000047
30 4 0.000014 0.000003 0.000012
31 4 0.000003 0.000001 0.000003
32 4 0.000001 0.000000 0.000001
33 4 0.000000 0.000000 0.000000
34 4 0.000000 0.000000 0.000000
35 4 0.000000 0.000000 0.000000
36 4 0.000000 0.000000 0.000000
37 4 0.000000 0.000000 0.000000
38 4 0.000000 0.000000 0.000000
39 4 0.000000 0.000000 0.000000
40 4 0.000000 0.000000 0.000000
41 4 0.000000 0.000000 0.000000
42 4 0.000000 0.000000 0.000000
43 4 0.000000 0.000000 0.000000
44 4 0.000000 0.000000 0.000000
45 4 0.000000 0.000000 0.000000
46 4 0.000000 0.000000 0.000000
47 4 0.000000 0.000000 0.000000
48 4 0.000000 0.000000 0.000000
49 4 0.000000 0.000000 0.000000

0 5 0.000000 0.000000 0.000000
1 5 0.001218 0.002796 -0.001531
2 5 0.003020 0.005724 -0.001396
3 5 0.006066 0.008758 -0.000989
4 5 0.010537 0.011711 -0.000284
5 5 0.016745 0.013951 0.001023
6 5 0.023316 0.014501 0.002837
7 5 0.028945 0.012154 0.005055
8 5 0.029415 0.005667 0.007038
9 5 0.021284 -0.004625 0.007136
10 5 0.001922 -0.016913 0.004366
11 5 -0.027549 -0.025868 -0.003202
12 5 -0.054277 -0.024898 -0.013444
13 5 -0.063061 -0.010760 -0.020896
14 5 -0.039399 0.013605 -0.019495
15 5 0.015805 0.033510 -0.002773
16 5 0.061686 0.030978 0.021083
17 5 0.053496 0.007273 0.028153
18 5 0.002576 -0.016010 0.009747
19 5 -0.038916 -0.021675 -0.014451
20 5 -0.041178 -0.011988 -0.022571
21 5 -0.017315 0.000448 -0.013467
22 5 0.005965 0.007178 -0.000050
23 5 0.015747 0.007751 0.007685
24 5 0.014489 0.005434 0.008592
25 5 0.009289 0.002952 0.006117
26 5 0.004717 0.001325 0.003352
27 5 0.002001 0.000508 0.001512
28 5 0.000729 0.000169 0.000581
29 5 0.000233 0.000050 0.000194
30 5 0.000066 0.000013 0.000057
31 5 0.000017 0.000003 0.000015
32 5 0.000004 0.000001 0.000004
33 5 0.000001 0.000000 0.000001
34 5 0.000000 0.000000 0.000000
35 5 0.000000 0.000000 0.000000
36 5 0.000000 0.000000 0.000000
37 5 0.000000 0.000000 0.000000
38 5 0.000000 0.000000 0.000000
39 5 0.000000 0.000000 0.000000
40 5 0.000000 0.000000 0.000000
41 5 0.000000 0.000000 0.000000
42 5 0.000000 0.000000 0.000000
43 5 0.000000 0.000000 0.000000
44 5 0.000000 0.000000 0.000000
45 5 0.000000 0.000000 0.000000
46 5 0.000000 0.000000 0.000000
47 5 0.000000 0.000000 0.000000
48 5 0.000000 0.000000 0.000000
49 5 0.000000 0.000000 0.000000

0 6 0.000000 0.000000 0.000000
1 6 -0.005556 -0.001665 -0.000110
2 6 -0.011283 -0.002890 -0.000531
3 6 -0.016797 -0.003001 -0.001487
4 6 -0.021710 -0.001546 -0.002633
5 6 -0.024447 0.002458 -0.004223
6 6 -0.022662 0.009019 -0.005038
7 6 -0.014733 0.018133 -0.005185
8 6 0.002791 0.027620 -0.002543
9 6 0.025402 0.033596 0.002785
10 6 0.049282 0.031656 0.010179
11 6 0.059222 0.016666 0.017682
12 6 0.039874 -0.008123 0.016691
13 6 -0.005061 -0.032503 0.005241
14 6 -0.062430 -0.041301 -0.015429
15 6 -0.087563 -0.019815 -0.035300
16 6 -0.036417 0.019452 -0.027360
17 6 0.047601 0.038946 0.010298
18 6 0.074015 0.022384 0.036493
19 6 0.026974 -0.007190 0.023421
20 6 -0.029514 -0.021247 -0.008061
21 6 -0.044365 -0.015328 -0.024159
22 6 -0.023474 -0.002554 -0.017480
23 6 0.002253 0.005738 -0.002563
24 6 0.014796 0.007413 0.007168
25 6 0.014830 0.005517 0.009054
26 6 0.009828 0.003087 0.006696
27 6 0.005076 0.001410 0.003733
28 6 0.002174 0.000546 0.001699
29 6 0.000797 0.000184 0.000656
30 6 0.000255 0.000054 0.000220
31 6 0.000072 0.000014 0.000065
32 6 0.000018 0.000003 0.000017
33 6 0.000004 0.000001 0.000004
34 6 0.000001 0.000000 0.000001
35 6 0.000000 0.000000 0.000000
36 6 0.000000 0.000000 0.000000
37 6 0.000000 0.000000 0.000000
38 6 0.000000 0.000000 0.000000
39 6 0.000000 0.000000 0.000000
40 6 0.000000 0.000000 0.000000
41 6 0.000000 0.000000 0.000000
42 6 0.000000 0.000000 0.000000
43 6 0.000000 0.000000 0.000000
44 6 0.000000 0.000000 0.000000
45 6 0.000000 0.000000 0.000000
46 6 0.000000 0.000000 0.000000
47 6 0.000000 0.000000 0.000000
48 6 0.000000 0.000000 0.000000
49 6 0.000000 0.000000 0.000000

0 7 0.000000 0.000000 0.000000
1 7 0.002610 -0.001673 0.002674
2 7 0.004635 -0.003926 0.002868
3 7 0.003938 -0.007293 0.002983
4 7 0.001025 -0.011811 0.002867
5 7 -0.007814 -0.017476 0.001990
6 7 -0.020219 -0.022262 -0.000609
7 7 -0.037441 -0.024872 -0.004160
8 7 -0.053502 -0.020388 -0.010531
9 7 -0.057859 -0.007772 -0.014353
10 7 -0.046374 0.013487 -0.015856
11 7 -0.004260 0.037174 -0.007994
12 7 0.048088 0.047088 0.010646
13 7 0.081190 0.035032 0.026284
14 7 0.072508 -0.001379 0.032455
15 7 -0.006720 -0.043546 0.011893
16 7 -0.096493 -0.047379 -0.033757
17 7 -0.082610 -0.004815 -0.049070
18 7 0.017821 0.034117 -0.007721
19 7 0.076464 0.030615 0.036331
20 7 0.042196 0.001337 0.032515
21 7 -0.019983 -0.017991 -0.001861
22 7 -0.043308 -0.015970 -0.023680
23 7 -0.025923 -0.004242 -0.019436
24 7 0.000117 0.004482 -0.004064
25 7 0.013850 0.006789 0.006740
26 7 0.014621 0.005281 0.009205
27 7 0.009863 0.003017 0.006947
28 7 0.005135 0.001394 0.003903
29 7 0.002207 0.000544 0.001781
30 7 0.000811 0.000184 0.000688
31 7 0.000260 0.000055 0.000231
32 7 0.000074 0.000015 0.000068
33 7 0.000019 0.000003 0.000018
34 7 0.000004 0.000001 0.000004
35 7 0.000001 0.000000 0.000001
36 7 0.000000 0.000000 0.000000
37 7 0.000000 0.000000 0.000000
38 7 0.000000 0.000000 0.000000
39 7 0.000000 0.000000 0.000000
40 7 0.000000 0.000000 0.000000
41 7 0.000000 0.000000 0.000000
42 7 0.000000 0.000000 0.000000
43 7 0.000000 0.000000 0.000000
44 7 0.000000 0.000000 0.000000
45 7 0.000000 0.000000 0.000000
46 7 0.000000 0.000000 0.000000
47 7 0.000000 0.000000 0.000000
48 7 0.000000 0.000000 0.000000
49 7 0.000000 0.000000 0.000000

0 8 0.000000 0.000000 0.000000
1 8 0.003548 0.004893 -0.002741
2 8 0.007934 0.009861 -0.002505
3 8 0.014827 0.014031 -0.001049
4 8 0.022583 0.017327 0.000154
5 8 0.033801 0.017444 0.003640
6 8 0.039572 0.013066 0.006250
7 8 0.043444 0.002819 0.009531
8 8 0.028211 -0.014557 0.010057
9 8 0.000059 -0.031414 0.003375
10 8 -0.040552 -0.043799 -0.005768
11 8 -0.081440 -0.036310 -0.023905
12 8 -0.073487 -0.006103 -0.030030
13 8 -0.026498 0.029765 -0.016205
14 8 0.048188 0.055302 0.008654
15 8 0.110746 0.038980 0.044062
16 8 0.056624 -0.019660 0.042837
17 8 -0.072713 -0.053363 -0.018143
18 8 -0.100907 -0.022884 -0.058286
19 8 -0.005191 0.023476 -0.021758
20 8 0.069094 0.030719 0.032126
21 8 0.045723 0.005850 0.035444
22 8 -0.014957 -0.014405 0.001241
23 8 -0.040471 -0.014691 -0.022627
24 8 -0.025072 -0.004506 -0.019457
25 8 -0.000083 0.003700 -0.004212
26 8 0.013272 0.006080 0.006670
27 8 0.014052 0.004823 0.009156
28 8 0.009464 0.002778 0.006893
29 8 0.004913 0.001288 0.003857
30 8 0.002105 0.000504 0.001752
31 8 0.000771 0.000170 0.000674
32 8 0.000246 0.000051 0.000225
33 8 0.000070 0.000013 0.000066
34 8 0.000018 0.000003 0.000017
35 8 0.000004 0.000001 0.000004
36 8 0.000001 0.000000 0.000001
37 8 0.000000 0.000000 0.000000
38 8 0.000000 0.000000 0.000000
39 8 0.000000 0.000000 0.000000
40 8 0.000000 0.000000 0.000000
41 8 0.000000 0.000000 0.000000
42 8 0.000000 0.000000 0.000000
43 8 0.000000 0.000000 0.000000
44 8 0.000000 0.000000 0.000000
45 8 0.000000 0.000000 0.000000
46 8 0.000000 0.000000 0.000000
47 8 0.000000 0.000000 0.000000
48 8 0.000000 0.000000 0.000000
49 8 0.000000 0.000000 0.000000

0 9 0.000000 0.000000 0.000000
1 9 -0.007353 -0.001538 -0.001912
2 9 -0.015408 -0.002518 -0.002403
3 9 -0.020779 -0.000817 -0.004128
4 9 -0.025524 0.002614 -0.004828
5 9 -0.023349 0.011415 -0.007405
6 9 -0.012070 0.021360 -0.004848
7 9 0.006450 0.033964 -0.003848
8 9 0.041654 0.040337 0.006730
9 9 0.060819 0.033841 0.015502
10 9 0.072004 0.014186 0.022010
11 9 0.036121 -0.022748 0.021207
12 9 -0.037605 -0.046640 -0.007729
13 9 -0.076425 -0.042214 -0.030029
14 9 -0.079665 -0.011985 -0.036512
15 9 -0.009002 0.039290 -0.019725
16 9 0.102842 0.055029 0.037923
17 9 0.084718 0.003508 0.059245
18 9 -0.050186 -0.044157 -0.004982
19 9 -0.096496 -0.027321 -0.057737
20 9 -0.010614 0.015498 -0.025551
21 9 0.061459 0.026248 0.029368
22 9 0.040542 0.006022 0.033603
23 9 -0.015322 -0.011922 0.000419
24 9 -0.037410 -0.012502 -0.021957
25 9 -0.021863 -0.003713 -0.017999
26 9 0.001347 0.003390 -0.003104
27 9 0.013087 0.005392 0.006998
28 9 0.013239 0.004236 0.008967
29 9 0.008730 0.002425 0.006578
30 9 0.004469 0.001119 0.003620
31 9 0.001894 0.000435 0.001624
32 9 0.000688 0.000147 0.000618
33 9 0.000218 0.000044 0.000205
34 9 0.000061 0.000012 0.000060
35 9 0.000016 0.000003 0.000016
36 9 0.000004 0.000001 0.000004
37 9 0.000001 0.000000 0.000001
38 9 0.000000 0.000000 0.000000
39 9 0.000000 0.000000 0.000000
40 9 0.000000 0.000000 0.000000
41 9 0.000000 0.000000 0.000000
42 9 0.000000 0.000000 0.000000
43 9 0.000000 0.000000 0.000000
44 9 0.000000 0.000000 0.000000
45 9 0.000000 0.000000 0.000000
46 9 0.000000 0.000000 0.000000
47 9 0.000000 0.000000 0.000000
48 9 0.000000 0.000000 0.000000
49 9 0.000000 0.000000 0.000000

0 10 0.000000 0.000000 0.000000
1 10 0.001602 -0.003486 0.003044
2 10 0.003556 -0.007727 0.003450
3 10 -0.001972 -0.013397 0.002616
4 10 -0.006236 -0.019439 0.002163
5 10 -0.024857 -0.026379 -0.000900
6 10 -0.037925 -0.026919 -0.006564
7 10 -0.057109 -0.023586 -0.010885
8 10 -0.058037 -0.003838 -0.020059
9 10 -0.027087 0.019504 -0.011673
10 10 0.012711 0.042202 -0.002925
11 10 0.078936 0.047807 0.022778
12 10 0.077898 0.014594 0.040230
13 10 0.010969 -0.021563 0.013892
14 10 -0.048921 -0.041561 -0.015866
15 10 -0.091035 -0.032172 -0.043247
16 10 -0.031609 0.019316 -0.035933
17 10 0.091499 0.048909 0.033277
18 10 0.079418 0.009699 0.061208
19 10 -0.047403 -0.034085 -0.004691
20 10 -0.083576 -0.022249 -0.054562
21 10 -0.001815 0.012794 -0.020090
22 10 0.056544 0.020768 0.029813
23 10 0.030450 0.003570 0.028790
24 10 -0.019244 -0.010559 -0.003411
25 10 -0.034229 -0.010049 -0.021618
26 10 -0.017123 -0.002368 -0.015428
27 10 0.003782 0.003373 -0.001091
28 10 0.013085 0.004745 0.007565
29 10 0.012220 0.003593 0.008631
30 10 0.007758 0.002015 0.006051
31 10 0.003874 0.000916 0.003237
32 10 0.001613 0.000353 0.001423
33 10 0.000577 0.000118 0.000534
34 10 0.000181 0.000035 0.000174
35 10 0.000051 0.000009 0.000050
36 10 0.000013 0.000002 0.000013
37 10 0.000003 0.000000 0.000003
38 10 0.000001 0.000000 0.000001
39 10 0.000000 0.000000 0.000000
40 10 0.000000 0.000000 0.000000
41 10 0.000000 0.000000 0.000000
42 10 0.000000 0.000000 0.000000
43 10 0.000000 0.000000 0.000000
44 10 0.000000 0.000000 0.000000
45 10 0.000000 0.000000 0.000000
46 10 0.000000 0.000000 0.000000
47 10 0.000000 0.000000 0.000000
48 10 0.000000 0.000000 0.000000
49 10 0.000000 0.000000 0.000000

0 11 0.000000 0.000000 0.000000
1 11 0.006534 0.005309 -0.002586
2 11 0.013802 0.010801 -0.002433
3 11 0.024025 0.013344 0.001179
4 11 0.031556 0.014428 0.001932
5 11 0.042601 0.008354 0.008898
6 11 0.032826 -0.003971 0.008375
7 11 0.021807 -0.020736 0.009717
8 11 -0.027156 -0.040130 -0.000478
9 11 -0.063438 -0.038104 -0.019890
10 11 -0.077792 -0.021567 -0.027422
11 11 -0.045572 0.018636 -0.030670
12 11 0.056965 0.048997 0.010077
13 11 0.092853 0.029922 0.046353
14 11 0.041369 -0.006356 0.032390
15 11 -0.043832 -0.035244 -0.005937
16 11 -0.101120 -0.030759 -0.052304
17 11 -0.022327 0.016281 -0.038384
18 11 0.095865 0.039423 0.040482
19 11 0.059551 0.004010 0.056086
20 11 -0.057570 -0.028380 -0.014937
21 11 -0.067448 -0.014193 -0.050630
22 11 0.013274 0.013031 -0.009083
23 11 0.051791 0.015539 0.031501
24 11 0.017715 0.000299 0.021768
25 11 -0.024142 -0.009641 -0.008681
26 11 -0.030260 -0.007574 -0.020915
27 11 -0.011453 -0.000886 -0.011961
28 11 0.006545 0.003429 0.001389
29 11 0.012977 0.004109 0.008125
30 11 0.010993 0.002942 0.008110
31 11 0.006638 0.001596 0.005360
32 11 0.003206 0.000710 0.002762
33 11 0.001302 0.000269 0.001182
34 11 0.000457 0.000089 0.000434
35 11 0.000141 0.000026 0.000139
36 11 0.000039 0.000007 0.000040
37 11 0.000010 0.000002 0.000010
38 11 0.000002 0.000000 0.000002
39 11 0.000000 0.000000 0.000000
40 11 0.000000 0.000000 0.000000
41 11 0.000000 0.000000 0.000000
42 11 0.000000 0.000000 0.000000
43 11 0.000000 0.000000 0.000000
44 11 0.000000 0.000000 0.000000
45 11 0.000000 0.000000 0.000000
46 11 0.000000 0.000000 0.000000
47 11 0.000000 0.000000 0.000000
48 11 0.000000 0.000000 0.000000
49 11 0.000000 0.000000 0.000000

0 12 0.000000 0.000000 0.000000
1 12 -0.007153 0.000555 -0.004448
2 12 -0.015022 0.001758 -0.005089
3 12 -0.015523 0.007636 -0.006743
4 12 -0.013924 0.014422 -0.006360
5 12 0.003245 0.027732 -0.006622
6 12 0.030253 0.035192 0.002870
7 12 0.059324 0.037240 0.009872
8 12 0.081222 0.019367 0.027188
9 12 0.042882 -0.016180 0.022913
10 12 -0.021192 -0.043147 0.002417
11 12 -0.098217 -0.048423 -0.031839
12 12 -0.092971 -0.005329 -0.053524
13 12 0.019668 0.043779 -0.009933
14 12 0.103063 0.041780 0.044686
15 12 0.074818 -0.000003 0.052886
16 12 -0.051127 -0.038771 -0.002078
17 12 -0.112917 -0.026920 -0.065994
18 12 -0.000312 0.021188 -0.031265
19 12 0.100469 0.031865 0.052673
20 12 0.031408 -0.003939 0.044290
21 12 -0.067292 -0.023973 -0.028620
22 12 -0.046284 -0.006217 -0.042983
23 12 0.028381 0.013312 0.004269
24 12 0.043837 0.010463 0.031432
25 12 0.003812 -0.002672 0.012825
26 12 -0.027795 -0.008552 -0.013811
27 12 -0.024921 -0.005161 -0.019114
28 12 -0.005402 0.000451 -0.007822
29 12 0.009039 0.003397 0.003892
30 12 0.012525 0.003463 0.008442
31 12 0.009577 0.002316 0.007378
32 12 0.005457 0.001205 0.004560
33 12 0.002532 0.000520 0.002247
34 12 0.000997 0.000192 0.000930
35 12 0.000342 0.000062 0.000332
36 12 0.000103 0.000018 0.000105
37 12 0.000028 0.000005 0.000029
38 12 0.000007 0.000001 0.000007
39 12 0.000002 0.000000 0.000002
40 12 0.000000 0.000000 0.000000
41 12 0.000000 0.000000 0.000000
42 12 0.000000 0.000000 0.000000
43 12 0.000000 0.000000 0.000000
44 12 0.000000 0.000000 0.000000
45 12 0.000000 0.000000 0.000000
46 12 0.000000 0.000000 0.000000
47 12 0.000000 0.000000 0.000000
48 12 0.000000 0.000000 0.000000
49 12 0.000000 0.000000 0.000000

0 13 0.000000 0.000000 0.000000
1 13 -0.002759 -0.006502 0.003484
2 13 -0.007503 -0.013351 0.003334
3 13 -0.019719 -0.020678 0.000684
4 13 -0.035002 -0.025033 -0.002325
5 13 -0.057458 -0.024425 -0.010663
6 13 -0.064733 -0.009170 -0.017786
7 13 -0.049954 0.015823 -0.020936
8 13 0.010136 0.047108 -0.008477
9 13 0.082078 0.054767 0.022922
10 13 0.106942 0.024900 0.045098
11 13 0.039339 -0.025880 0.034347
12 13 -0.078584 -0.056709 -0.023745
13 13 -0.107932 -0.028552 -0.060617
14 13 -0.018880 0.028240 -0.028786
15 13 0.097286 0.047636 0.039139
16 13 0.083348 0.006022 0.064726
17 13 -0.065095 -0.038291 -0.009322
18 13 -0.101275 -0.019934 -0.072143
19 13 0.032161 0.023912 -0.011329
20 13 0.090214 0.022036 0.059978
21 13 -0.003597 -0.010321 0.023477
22 13 -0.067986 -0.018008 -0.039498
23 13 -0.020050 0.000723 -0.029395
24 13 0.038772 0.012208 0.016857
25 13 0.031279 0.005533 0.027505
26 13 -0.009409 -0.004739 0.002783
27 13 -0.028645 -0.007028 -0.017400
28 13 -0.018164 -0.002920 -0.015834
29 13 0.000407 0.001467 -0.003382
30 13 0.010809 0.003197 0.006014
31 13 0.011611 0.002808 0.008356
32 13 0.008026 0.001744 0.006447
33 13 0.004297 0.000864 0.003712
34 13 0.001905 0.000360 0.001741
35 13 0.000724 0.000129 0.000694
36 13 0.000241 0.000041 0.000241
37 13 0.000071 0.000012 0.000074
38 13 0.000019 0.000003 0.000020
39 13 0.000005 0.000001 0.000005
40 13 0.000001 0.000000 0.000001
41 13 0.000000 0.000000 0.000000
42 13 0.000000 0.000000 0.000000
43 13 0.000000 0.000000 0.000000
44 13 0.000000 0.000000 0.000000
45 13 0.000000 0.000000 0.000000
46 13 0.000000 0.000000 0.000000
47 13 0.000000 0.000000 0.000000
48 13 0.000000 0.000000 0.000000
49 13 0.000000 0.000000 0.000000

0 14 0.000000 0.000000 0.000000
1 14 0.012570 0.005501 -0.001466
2 14 0.026488 0.008927 0.000857
3 14 0.037756 0.007675 0.004380
4 14 0.045307 -0.001600 0.010006
5 14 0.031134 -0.019811 0.012039
6 14 -0.004645 -0.042533 0.006391
7 14 -0.068519 -0.053639 -0.012786
8 14 -0.104770 -0.035104 -0.039029
9 14 -0.071159 0.011506 -0.038076
10 14 0.031652 0.054897 -0.003266
11 14 0.119313 0.048490 0.054275
12 14 0.058147 -0.003129 0.051458
13 14 -0.059867 -0.040444 -0.017432
14 14 -0.092783 -0.028956 -0.058084
15 14 -0.009188 0.016343 -0.029393
16 14 0.100328 0.036729 0.047127
17 14 0.048326 -0.000380 0.057475
18 14 -0.090848 -0.031526 -0.033762
19 14 -0.062585 -0.006181 -0.063361
20 14 0.066142 0.023404 0.018782
21 14 0.062027 0.009903 0.055740
22 14 -0.036599 -0.013780 -0.002937
23 14 -0.055530 -0.010593 -0.042170
24 14 0.006730 0.005644 -0.011144
25 14 0.040743 0.009509 0.025138
26 14 0.015120 0.001199 0.019230
27 14 -0.019680 -0.005606 -0.006748
28 14 -0.025970 -0.005122 -0.018414
29 14 -0.010535 -0.001014 -0.011204
30 14 0.005325 0.002073 0.000847
31 14 0.011592 0.002822 0.007446
32 14 0.010251 0.002170 0.007817
33 14 0.006433 0.001250 0.005378
34 14 0.003229 0.000587 0.002882
35 14 0.001364 0.000235 0.001283
36 14 0.000499 0.000082 0.000490
37 14 0.000161 0.000025 0.000164
38 14 0.000046 0.000007 0.000049
39 14 0.000012 0.000002 0.000013
40 14 0.000003 0.000000 0.000003
41 14 0.000001 0.000000 0.000001
42 14 0.000000 0.000000 0.000000
43 14 0.000000 0.000000 0.000000
44 14 0.000000 0.000000 0.000000
45 14 0.000000 0.000000 0.000000
46 14 0.000000 0.000000 0.000000
47 14 0.000000 0.000000 0.000000
48 14 0.000000 0.000000 0.000000
49 14 0.000000 0.000000 0.000000

0 15 0.000000 0.000000 0.000000
1 15 -0.008643 0.005040 -0.009020
2 15 -0.011549 0.013218 -0.010104
3 15 -0.006441 0.024597 -0.009253
4 15 0.017926 0.039967 -0.006874
5 15 0.057452 0.047423 0.007418
6 15 0.092183 0.037872 0.023098
7 15 0.085908 -0.000493 0.038353
8 15 -0.004614 -0.045199 0.012928
9 15 -0.094225 -0.055960 -0.034038
10 15 -0.107474 -0.018991 -0.060797
11 15 0.014236 0.038455 -0.020703
12 15 0.120536 0.041902 0.060244
13 15 0.049072 -0.005805 0.053877
14 15 -0.078383 -0.033319 -0.023986
15 15 -0.093345 -0.013585 -0.065847
16 15 0.034395 0.024009 -0.012370
17 15 0.110787 0.023492 0.068393
18 15 -0.008091 -0.014345 0.031911
19 15 -0.103086 -0.022920 -0.060439
20 15 -0.008299 0.007219 -0.037102
21 15 0.080700 0.018881 0.044902
22 15 0.020283 -0.000869 0.036538
23 15 -0.055215 -0.013092 -0.026160
24 15 -0.030760 -0.003231 -0.033456
25 15 0.027270 0.007698 0.007406
26 15 0.032949 0.005745 0.026308
27 15 -0.001709 -0.001960 0.007917
28 15 -0.025053 -0.005276 -0.013840
29 15 -0.020038 -0.003093 -0.016474
30 15 -0.002988 0.000404 -0.005822
31 15 0.008827 0.002266 0.004331
32 15 0.011340 0.002323 0.008029
33 15 0.008571 0.001585 0.006879
34 15 0.004909 0.000847 0.004261
35 15 0.002309 0.000377 0.002126
36 15 0.000927 0.000144 0.000896
37 15 0.000325 0.000048 0.000328
38 15 0.000101 0.000015 0.000106
39 15 0.000028 0.000004 0.000031
40 15 0.000007 0.000001 0.000008
41 15 0.000002 0.000000 0.000002
42 15 0.000000 0.000000 0.000000
43 15 0.000000 0.000000 0.000000
44 15 0.000000 0.000000 0.000000
45 15 0.000000 0.000000 0.000000
46 15 0.000000 0.000000 0.000000
47 15 0.000000 0.000000 0.000000
48 15 0.000000 0.000000 0.000000
49 15 0.000000 0.000000 0.000000

0 16 0.000000 0.000000 0.000000
1 16 -0.009750 -0.011094 0.003802
2 16 -0.026266 -0.021624 0.001007
3 16 -0.048124 -0.027334 -0.004564
4 16 -0.074982 -0.022243 -0.016839
5 16 -0.072512 0.004180 -0.026910
6 16 -0.021155 0.041194 -0.020861
7 16 0.078664 0.064534 0.016268
8 16 0.125059 0.036863 0.058702
9 16 0.044605 -0.022044 0.042792
10 16 -0.093607 -0.052830 -0.027362
11 16 -0.118400 -0.021556 -0.076320
12 16 0.021339 0.035515 -0.018088
13 16 0.117436 0.038922 0.064764
14 16 0.041709 -0.009863 0.050289
15 16 -0.094132 -0.036149 -0.036568
16 16 -0.076406 -0.005257 -0.068810
17 16 0.077801 0.029139 0.018718
18 16 0.082914 0.011226 0.073600
19 16 -0.063990 -0.020561 -0.009654
20 16 -0.075747 -0.010873 -0.065748
21 16 0.044288 0.013881 0.002349
22 16 0.063729 0.010199 0.052302
23 16 -0.022199 -0.007418 0.006557
24 16 -0.052052 -0.008701 -0.037065
25 16 -0.000869 0.002361 -0.015261
26 16 0.035777 0.006925 0.020608
27 16 0.017518 0.001899 0.019875
28 16 -0.015424 -0.003587 -0.003686
29 16 -0.024711 -0.004054 -0.017010
30 16 -0.012030 -0.001267 -0.012020
31 16 0.003433 0.001262 -0.000561
32 16 0.010650 0.002119 0.006669
33 16 0.010210 0.001774 0.007778
34 16 0.006761 0.001087 0.005680
35 16 0.003552 0.000539 0.003194
36 16 0.001566 0.000227 0.001485
37 16 0.000597 0.000083 0.000592
38 16 0.000200 0.000027 0.000207
39 16 0.000060 0.000008 0.000064
40 16 0.000016 0.000002 0.000018
41 16 0.000004 0.000000 0.000005
42 16 0.000001 0.000000 0.000001
43 16 0.000000 0.000000 0.000000
44 16 0.000000 0.000000 0.000000
45 16 0.000000 0.000000 0.000000
46 16 0.000000 0.000000 0.000000
47 16 0.000000 0.000000 0.000000
48 16 0.000000 0.000000 0.000000
49 16 0.000000 0.000000 0.000000

0 17 0.000000 0.000000 0.000000
1 17 0.021040 0.004323 0.001429
2 17 0.038334 0.002726 0.005907
3 17 0.044978 -0.011084 0.013618
4 17 0.014379 -0.037188 0.014636
5 17 -0.055784 -0.060035 -0.004557
6 17 -0.128500 -0.047702 -0.043467
7 17 -0.094845 0.006654 -0.058052
8 17 0.041636 0.058544 -0.002466
9 17 0.138646 0.050533 0.066895
10 17 0.061867 -0.011113 0.061926
11 17 -0.101364 -0.046276 -0.036198
12 17 -0.089585 -0.016310 -0.076000
13 17 0.048523 0.025436 0.003798
14 17 0.093028 0.024729 0.066141
15 17 -0.010273 -0.010316 0.025646
16 17 -0.103245 -0.023067 -0.059605
17 17 -0.007501 0.006523 -0.041714
18 17 0.104887 0.021168 0.057933
19 17 0.012408 -0.003914 0.044809
20 17 -0.092184 -0.016901 -0.050409
21 17 -0.016522 0.001948 -0.040508
22 17 0.070409 0.012963 0.037399
23 17 0.022024 0.000902 0.035804
24 17 -0.047833 -0.008683 -0.021510
25 17 -0.029272 -0.002921 -0.031260
26 17 0.023269 0.004992 0.005365
27 17 0.030432 0.004303 0.024216
28 17 -0.000501 -0.001032 0.008238
29 17 -0.022918 -0.003733 -0.012451
30 17 -0.019361 -0.002436 -0.015853
31 17 -0.003657 0.000093 -0.006182
32 17 0.007931 0.001591 0.003727
33 17 0.010859 0.001753 0.007705
34 17 0.008501 0.001252 0.006871
35 17 0.005017 0.000695 0.004392
36 17 0.002428 0.000321 0.002256
37 17 0.001004 0.000127 0.000979
38 17 0.000363 0.000044 0.000369
39 17 0.000116 0.000014 0.000123
40 17 0.000034 0.000004 0.000037
41 17 0.000009 0.000001 0.000010
42 17 0.000002 0.000000 0.000002
43 17 0.000000 0.000000 0.000001
44 17 0.000000 0.000000 0.000000
45 17 0.000000 0.000000 0.000000
46 17 0.000000 0.000000 0.000000
47 17 0.000000 0.000000 0.000000
48 17 0.000000 0.000000 0.000000
49 17 0.000000 0.000000 0.000000

0 18 0.000000 0.000000 0.000000
1 18 -0.003077 0.015427 -0.018206
2 18 0.007497 0.034086 -0.016210
3 18 0.049190 0.053479 -0.007104
4 18 0.109610 0.051624 0.022611
5 18 0.120656 0.011772 0.049328
6 18 0.018617 -0.049111 0.031960
7 18 -0.127414 -0.066993 -0.046901
8 18 -0.118899 -0.017007 -0.079748
9 18 0.033402 0.040984 -0.010498
10 18 0.132521 0.040380 0.077886
11 18 0.015518 -0.012677 0.049505
12 18 -0.119861 -0.030585 -0.060448
13 18 -0.043445 0.005108 -0.059517
14 18 0.095420 0.025172 0.037176
15 18 0.072020 0.003049 0.068429
16 18 -0.077922 -0.020964 -0.016997
17 18 -0.085360 -0.007433 -0.074394
18 18 0.068964 0.017733 0.010289
19 18 0.079556 0.008927 0.072111
20 18 -0.058942 -0.012862 -0.007702
21 18 -0.067390 -0.007549 -0.060953
22 18 0.042059 0.008906 0.003557
23 18 0.055299 0.006762 0.047625
24 18 -0.022661 -0.004851 0.004074
25 18 -0.045981 -0.005729 -0.034094
26 18 0.001495 0.001624 -0.012496
27 18 0.032853 0.004676 0.019732
28 18 0.014767 0.001275 0.017825
29 18 -0.015206 -0.002485 -0.004208
30 18 -0.023075 -0.002843 -0.016207
31 18 -0.011014 -0.000923 -0.011243
32 18 0.003421 0.000871 -0.000385
33 18 0.010186 0.001515 0.006474
34 18 0.009806 0.001297 0.007561
35 18 0.006560 0.000812 0.005573
36 18 0.003493 0.000412 0.003174
37 18 0.001564 0.000177 0.001499
38 18 0.000607 0.000066 0.000608
39 18 0.000208 0.000022 0.000217
40 18 0.000064 0.000007 0.000069
41 18 0.000018 0.000002 0.000020
42 18 0.000004 0.000000 0.000005
43 18 0.000001 0.000000 0.000001
44 18 0.000000 0.000000 0.000000
45 18 0.000000 0.000000 0.000000
46 18 0.000000 0.000000 0.000000
47 18 0.000000 0.000000 0.000000
48 18 0.000000 0.000000 0.000000
49 18 0.000000 0.000000 0.000000

0 19 0.000000 0.000000 0.000000
1 19 -0.032211 -0.016833 -0.000758
2 19 -0.074763 -0.024209 -0.010948
3 19 -0.106937 -0.004614 -0.035038
4 19 -0.055502 0.046261 -0.040348
5 19 0.084586 0.081141 0.012238
6 19 0.162610 0.051110 0.082398
7 19 0.040984 -0.022108 0.055524
8 19 -0.125007 -0.051214 -0.052345
9 19 -0.098050 -0.007550 -0.084623
10 19 0.083428 0.035591 0.014921
11 19 0.113761 0.019591 0.088906
12 19 -0.044364 -0.021982 0.008201
13 19 -0.104428 -0.023155 -0.073627
14 19 0.008881 0.011643 -0.025395
15 19 0.100611 0.022681 0.062071
16 19 0.005912 -0.004598 0.040271
17 19 -0.104876 -0.017795 -0.059710
18 19 -0.004695 0.003885 -0.042255
19 19 0.099959 0.014355 0.059522
20 19 0.000872 -0.002995 0.037348
21 19 -0.084838 -0.010680 -0.051578
22 19 -0.003655 0.002042 -0.031055
23 19 0.064863 0.008130 0.038889
24 19 0.010897 -0.000135 0.027932
25 19 -0.045981 -0.005607 -0.023958
26 19 -0.021074 -0.001385 -0.026214
27 19 0.024885 0.003458 0.008617
28 19 0.025969 0.002608 0.022293
29 19 -0.003789 -0.000923 0.005318
30 19 -0.022353 -0.002531 -0.013025
31 19 -0.017169 -0.001554 -0.014632
32 19 -0.002232 0.000143 -0.004968
33 19 0.008105 0.001118 0.004146
34 19 0.010399 0.001206 0.007549
35 19 0.007999 0.000860 0.006568
36 19 0.004698 0.000480 0.004167
37 19 0.002277 0.000224 0.002141
38 19 0.000946 0.000090 0.000933
39 19 0.000345 0.000032 0.000355
40 19 0.000112 0.000010 0.000119
41 19 0.000033 0.000003 0.000036
42 19 0.000009 0.000001 0.000010
43 19 0.000002 0.000000 0.000002
44 19 0.000000 0.000000 0.000001
45 19 0.000000 0.000000 0.000000
46 19 0.000000 0.000000 0.000000
47 19 0.000000 0.000000 0.000000
48 19 0.000000 0.000000 0.000000
49 19 0.000000 0.000000 0.000000

0 20 0.000000 0.000000 0.000000
1 20 0.039804 -0.005152 0.010837
2 20 0.045361 -0.034351 0.026761
3 20 -0.048338 -0.073802 0.010848
4 20 -0.165994 -0.067094 -0.057343
5 20 -0.129145 0.003219 -0.086092
6 20 0.077509 0.062633 0.007378
7 20 0.156159 0.040256 0.102226
8 20 0.000652 -0.021200 0.042309
9 20 -0.137884 -0.036756 -0.074458
10 20 -0.037782 0.005653 -0.063783
11 20 0.119497 0.028045 0.060447
12 20 0.038186 0.002125 0.065746
13 20 -0.100141 -0.014721 -0.044769
14 20 -0.048241 -0.001193 -0.061585
15 20 0.087269 0.012210 0.030322
16 20 0.065012 0.002862 0.068559
17 20 -0.084404 -0.011852 -0.022837
18 20 -0.067272 -0.003453 -0.070691
19 20 0.080407 0.011144 0.023994
20 20 0.056702 0.003762 0.064548
21 20 -0.069187 -0.008444 -0.022230
22 20 -0.046580 -0.003087 -0.052649
23 20 0.050917 0.006087 0.016012
24 20 0.040100 0.003101 0.041711
25 20 -0.031336 -0.003617 -0.005864
26 20 -0.037413 -0.002989 -0.031823
27 20 0.009848 0.001599 -0.005164
28 20 0.030578 0.002816 0.020859
29 20 0.008443 0.000388 0.013698
30 20 -0.017529 -0.001763 -0.007160
31 20 -0.021019 -0.001720 -0.015712
32 20 -0.008167 -0.000427 -0.009249
33 20 0.004793 0.000657 0.000995
34 20 0.010104 0.000998 0.006749
35 20 0.009147 0.000824 0.007222
36 20 0.005952 0.000508 0.005143
37 20 0.003122 0.000256 0.002877
38 20 0.001387 0.000110 0.001346
39 20 0.000536 0.000042 0.000544
40 20 0.000184 0.000014 0.000194
41 20 0.000057 0.000004 0.000062
42 20 0.000016 0.000001 0.000018
43 20 0.000004 0.000000 0.000005
44 20 0.000001 0.000000 0.000001
45 20 0.000000 0.000000 0.000000
46 20 0.000000 0.000000 0.000000
47 20 0.000000 0.000000 0.000000
48 20 0.000000 0.000000 0.000000
49 20 0.000000 0.000000 0.000000

0 21 0.000000 0.000000 0.000000
1 21 0.030814 0.054116 -0.051240
2 21 0.139273 0.078559 0.001207
3 21 0.185513 0.027535 0.080611
4 21 0.016199 -0.053182 0.046906
5 21 -0.177540 -0.065541 -0.081104
6 21 -0.101538 -0.001280 -0.098213
7 21 0.113337 0.044757 0.040459
8 21 0.108638 0.017853 0.100315
9 21 -0.079990 -0.019738 -0.009160
10 21 -0.109419 -0.012260 -0.091281
11 21 0.065794 0.016060 0.000671
12 21 0.105348 0.013007 0.085062
13 21 -0.040949 -0.013441 0.009344
14 21 -0.099630 -0.014019 -0.071387
15 21 0.021180 0.009285 -0.020083
16 21 0.101067 0.013309 0.068986
17 21 -0.022070 -0.005411 0.025766
18 21 -0.100207 -0.009698 -0.069830
19 21 0.029492 0.004714 -0.019954
20 21 0.088517 0.007253 0.066749
21 21 -0.030443 -0.003699 0.013900
22 21 -0.072436 -0.005180 -0.055689
23 21 0.021488 0.002692 -0.011360
24 21 0.056628 0.004090 0.042477
25 21 -0.008257 -0.001210 0.013723
26 21 -0.043884 -0.003079 -0.028740
27 21 -0.007645 -0.000019 -0.017675
28 21 0.028251 0.002198 0.014496
29 21 0.018891 0.001121 0.019201
30 21 -0.009781 -0.000884 0.000039
31 21 -0.022042 -0.001490 -0.014408
32 21 -0.013535 -0.000734 -0.012575
33 21 0.000626 0.000238 -0.002569
34 21 0.008884 0.000718 0.005207
35 21 0.009851 0.000706 0.007424
36 21 0.007149 0.000484 0.006005
37 21 0.004059 0.000264 0.003663
38 21 0.001924 0.000121 0.001835
39 21 0.000788 0.000048 0.000787
40 21 0.000284 0.000017 0.000295
41 21 0.000092 0.000005 0.000099
42 21 0.000027 0.000002 0.000030
43 21 0.000007 0.000000 0.000008
44 21 0.000002 0.000000 0.000002
45 21 0.000000 0.000000 0.000000
46 21 0.000000 0.000000 0.000000
47 21 0.000000 0.000000 0.000000
48 21 0.000000 0.000000 0.000000
49 21 0.000000 0.000000 0.000000

0 22 0.000000 0.000000 0.000000
1 22 -0.151910 0.005568 -0.062971
2 22 -0.104508 0.075319 -0.090235
3 22 0.144773 0.110307 0.036375
4 22 0.204282 0.049289 0.141787
5 22 -0.034938 -0.029030 0.035963
6 22 -0.166663 -0.031568 -0.110875
7 22 0.009697 0.011462 -0.045546
8 22 0.142422 0.023180 0.089537
9 22 0.013527 -0.005743 0.057488
10 22 -0.131840 -0.018176 -0.072962
11 22 -0.014611 0.002331 -0.054879
12 22 0.113039 0.011590 0.067892
13 22 0.009331 0.001395 0.048798
14 22 -0.099668 -0.004493 -0.053763
15 22 -0.020989 0.000285 -0.049023
16 22 0.100294 0.004967 0.048326
17 22 0.028469 -0.000627 0.055987
18 22 -0.102287 -0.005920 -0.048909
19 22 -0.022817 0.000714 -0.052528
20 22 0.093774 0.005792 0.049867
21 22 0.014184 -0.000269 0.043753
22 22 -0.077659 -0.004416 -0.043143
23 22 -0.012578 0.000073 -0.034634
24 22 0.058332 0.003298 0.032224
25 22 0.016228 0.000470 0.029529
26 22 -0.040392 -0.002184 -0.018961
27 22 -0.023420 -0.000890 -0.026217
28 22 0.020338 0.001250 0.005178
29 22 0.025850 0.001226 0.021096
30 22 -0.000667 -0.000185 0.007185
31 22 -0.020304 -0.001026 -0.011114
32 22 -0.017680 -0.000759 -0.014544
33 22 -0.003918 -0.000053 -0.006107
34 22 0.006836 0.000426 0.003076
35 22 0.010017 0.000525 0.007133
36 22 0.008188 0.000402 0.006668
37 22 0.005035 0.000237 0.004446
38 22 0.002543 0.000116 0.002383
39 22 0.001099 0.000049 0.001081
40 22 0.000416 0.000018 0.000427
41 22 0.000140 0.000006 0.000149
42 22 0.000043 0.000002 0.000047
43 22 0.000012 0.000000 0.000013
44 22 0.000003 0.000000 0.000003
45 22 0.000001 0.000000 0.000001
46 22 0.000000 0.000000 0.000000
47 22 0.000000 0.000000 0.000000
48 22 0.000000 0.000000 0.000000
49 22 0.000000 0.000000 0.000000

0 23 0.000000 0.000000 0.000000
1 23 -0.096927 -0.096213 0.063623
2 23 -0.307540 -0.067127 -0.128802
3 23 -0.102936 0.025291 -0.105899
4 23 0.180625 0.053131 0.102045
5 23 0.092996 0.011674 0.125264
6 23 -0.142235 -0.019920 -0.052935
7 23 -0.085041 -0.004051 -0.096688
8 23 0.112850 0.014174 0.044767
9 23 0.077337 0.006303 0.091138
10 23 -0.104411 -0.005688 -0.031898
11 23 -0.072896 -0.001971 -0.082041
12 23 0.093382 0.008693 0.031698
13 23 0.071530 0.003109 0.075124
14 23 -0.071462 -0.009372 -0.019482
15 23 -0.075283 -0.004959 -0.069172
16 23 0.064938 0.006636 0.012475
17 23 0.075720 0.004585 0.072404
18 23 -0.072306 -0.003996 -0.014177
19 23 -0.066741 -0.002668 -0.069750
20 23 0.073698 0.003097 0.020784
21 23 0.052540 0.001630 0.061137
22 23 -0.064334 -0.002332 -0.020812
23 23 -0.042310 -0.001077 -0.048905
24 23 0.047379 0.001721 0.015243
25 23 0.036601 0.001001 0.038671
26 23 -0.029234 -0.001020 -0.005617
27 23 -0.034723 -0.000938 -0.029693
28 23 0.009053 0.000427 -0.004939
29 23 0.028675 0.000865 0.019556
30 23 0.008329 0.000167 0.013186
31 23 -0.016321 -0.000518 -0.006501
32 23 -0.020235 -0.000550 -0.015036
33 23 -0.008368 -0.000167 -0.009242
34 23 0.004155 0.000182 0.000575
35 23 0.009624 0.000310 0.006369
36 23 0.008988 0.000268 0.007076
37 23 0.005994 0.000171 0.005173
38 23 0.003219 0.000089 0.002964
39 23 0.001464 0.000040 0.001420
40 23 0.000580 0.000015 0.000588
41 23 0.000204 0.000005 0.000215
42 23 0.000064 0.000002 0.000070
43 23 0.000018 0.000000 0.000021
44 23 0.000005 0.000000 0.000006
45 23 0.000001 0.000000 0.000001
46 23 0.000000 0.000000 0.000000
47 23 0.000000 0.000000 0.000000
48 23 0.000000 0.000000 0.000000
49 23 0.000000 0.000000 0.000000

0 24 0.000000 0.000000 0.000000
1 24 0.437726 0.042600 0.515468
2 24 -0.143619 -0.040517 -0.003563
3 24 -0.201346 -0.017574 -0.169762
4 24 0.101891 0.011529 0.016229
5 24 0.157585 0.009461 0.144858
6 24 -0.083915 -0.002488 0.006059
7 24 -0.127731 -0.003099 -0.107516
8 24 0.067199 0.003208 -0.001118
9 24 0.121826 0.003397 0.098051
10 24 -0.054082 -0.004191 0.012040
11 24 -0.110545 -0.003866 -0.088669
12 24 0.055635 -0.000296 -0.005128
13 24 0.092240 -0.000395 0.079593
14 24 -0.048923 0.001781 0.006940
15 24 -0.092358 0.002816 -0.069443
16 24 0.038579 0.000348 -0.013102
17 24 0.098626 -0.001180 0.071776
18 24 -0.039389 -0.001202 0.015450
19 24 -0.093905 -0.000311 -0.071755
20 24 0.042948 0.001023 -0.008638
21 24 0.078599 0.000738 0.065654
22 24 -0.039994 -0.000637 0.003938
23 24 -0.062958 -0.000618 -0.053328
24 24 0.028432 0.000406 -0.003719
25 24 0.049961 0.000504 0.040728
26 24 -0.013725 -0.000188 0.008242
27 24 -0.040473 -0.000391 -0.028393
28 24 -0.003319 0.000017 -0.014102
29 24 0.027624 0.000289 0.015360
30 24 0.016080 0.000139 0.017405
31 24 -0.010844 -0.000122 -0.001311
32 24 -0.021124 -0.000198 -0.014178
33 24 -0.012342 -0.000097 -0.011716
34 24 0.001088 0.000032 -0.002058
35 24 0.008717 0.000096 0.005211
36 24 0.009500 0.000096 0.007204
37 24 0.006883 0.000066 0.005801
38 24 0.003924 0.000037 0.003548
39 24 0.001875 0.000017 0.001790
40 24 0.000775 0.000007 0.000775
41 24 0.000283 0.000002 0.000294
42 24 0.000093 0.000001 0.000100
43 24 0.000027 0.000000 0.000030
44 24 0.000007 0.000000 0.000008
45 24 0.000002 0.000000 0.000002
46 24 0.000000 0.000000 0.000001
47 24 0.000000 0.000000 0.000000
48 24 0.000000 0.000000 0.000000
49 24 0.000000 0.000000 0.000000

0 25 0.000000 0.000000 0.000000
1 25 0.137265 -0.125760 0.078624
2 25 -0.176290 0.016715 -0.029769
3 25 -0.236251 0.021028 -0.162530
4 25 0.054697 -0.006349 -0.017040
5 25 0.178568 -0.011497 0.138867
6 25 -0.034589 0.000080 0.042783
7 25 -0.148903 0.003211 -0.101884
8 25 0.021221 -0.002122 -0.034771
9 25 0.130731 -0.005212 0.090216
10 25 -0.018798 0.001532 0.040477
11 25 -0.125210 0.004476 -0.080320
12 25 0.013474 0.000771 -0.034659
13 25 0.106492 0.001258 0.071784
14 25 0.000153 0.000532 0.035899
15 25 -0.094254 -0.002736 -0.057488
16 25 -0.008082 -0.002167 -0.039858
17 25 0.098114 0.000385 0.057214
18 25 0.002413 0.001571 0.041867
19 25 -0.099911 0.000936 -0.060216
20 25 0.007104 -0.000760 -0.034312
21 25 0.089171 -0.001071 0.058835
22 25 -0.011241 0.000320 0.026266
23 25 -0.072770 0.000793 -0.049209
24 25 0.006337 -0.000164 -0.021040
25 25 0.055656 -0.000591 0.036849
26 25 0.002952 0.000012 0.020377
27 25 -0.040933 0.000410 -0.023441
28 25 -0.014940 0.000106 -0.021229
29 25 0.023529 -0.000256 0.009533
30 25 0.021941 -0.000203 0.019662
31 25 -0.004661 0.000062 0.003809
32 25 -0.020513 0.000196 -0.012256
33 25 -0.015586 0.000132 -0.013408
34 25 -0.002112 -0.000000 -0.004612
35 25 0.007389 -0.000084 0.003769
36 25 0.009711 -0.000099 0.007061
37 25 0.007661 -0.000074 0.006300
38 25 0.004629 -0.000044 0.004110
39 25 0.002315 -0.000021 0.002178
40 25 0.000996 -0.000009 0.000982
41 25 0.000377 -0.000003 0.000387
42 25 0.000127 -0.000001 0.000136
43 25 0.000039 -0.000000 0.000043
44 25 0.000011 -0.000000 0.000012
45 25 0.000003 -0.000000 0.000003
46 25 0.000001 -0.000000 0.000001
47 25 0.000000 -0.000000 0.000000
48 25 0.000000 -0.000000 0.000000
49 25 0.000000 0.000000 0.000000

0 26 0.000000 0.000000 0.000000
1 26 -0.031120 0.009114 0.042057
2 26 -0.211008 0.087479 -0.045423
3 26 -0.198329 0.057683 -0.120742
4 26 0.065834 -0.016108 -0.001439
5 26 0.186000 -0.033246 0.131231
6 26 -0.014394 -0.000171 0.052339
7 26 -0.155912 0.017733 -0.096925
8 26 -0.005205 0.000181 -0.051244
9 26 0.132019 -0.010329 0.078825
10 26 0.021507 0.000155 0.059898
11 26 -0.120837 0.006984 -0.065866
12 26 -0.015590 -0.000501 -0.054910
13 26 0.111874 -0.009687 0.062366
14 26 0.019019 -0.004025 0.051505
15 26 -0.102217 0.007277 -0.049909
16 26 -0.033670 0.004463 -0.054278
17 26 0.099489 -0.004675 0.045113
18 26 0.035757 -0.002623 0.058955
19 26 -0.098512 0.003417 -0.045792
20 26 -0.026225 0.000874 -0.053172
21 26 0.089228 -0.003037 0.046332
22 26 0.016861 -0.000377 0.043688
23 26 -0.073493 0.002353 -0.039633
24 26 -0.015236 0.000262 -0.034771
25 26 0.054776 -0.001767 0.029015
26 26 0.018457 -0.000468 0.029619
27 26 -0.037206 0.001139 -0.016272
28 26 -0.024656 0.000631 -0.025919
29 26 0.017454 -0.000596 0.003066
30 26 0.025722 -0.000740 0.020124
31 26 0.001547 -0.000000 0.008390
32 26 -0.018718 0.000545 -0.009630
33 26 -0.017991 0.000473 -0.014322
34 26 -0.005227 0.000092 -0.006926
35 26 0.005767 -0.000208 0.002168
36 26 0.009639 -0.000296 0.006685
37 26 0.008301 -0.000243 0.006656
38 26 0.005304 -0.000151 0.004624
39 26 0.002770 -0.000077 0.002567
40 26 0.001236 -0.000034 0.001203
41 26 0.000483 -0.000013 0.000490
42 26 0.000168 -0.000004 0.000177
43 26 0.000053 -0.000001 0.000057
44 26 0.000015 -0.000000 0.000017
45 26 0.000004 -0.000000 0.000005
46 26 0.000001 -0.000000 0.000001
47 26 0.000000 -0.000000 0.000000
48 26 0.000000 -0.000000 0.000000
49 26 0.000000 0.000000 0.000000

0 27 0.000000 0.000000 0.000000
1 27 -0.075543 0.053674 -0.005394
2 27 -0.158175 0.095130 -0.050901
3 27 -0.085234 0.039931 -0.068079
4 27 0.125789 -0.046201 0.031861
5 27 0.182392 -0.057318 0.118315
6 27 -0.021194 -0.000942 0.036042
7 27 -0.155537 0.026594 -0.096158
8 27 -0.014808 0.000392 -0.055183
9 27 0.133579 -0.021588 0.073360
10 27 0.036992 -0.007354 0.067767
11 27 -0.123225 0.013022 -0.057773
12 27 -0.041529 0.003148 -0.066086
13 27 0.099032 -0.009482 0.049503
14 27 0.039363 0.000802 0.059793
15 27 -0.080092 0.008835 -0.033696
16 27 -0.048880 -0.000160 -0.058992
17 27 0.079851 -0.008682 0.027004
18 27 0.055678 -0.002320 0.065339
19 27 -0.084974 0.006767 -0.028025
20 27 -0.050561 0.002413 -0.063276
21 27 0.080738 -0.005305 0.030960
22 27 0.040036 -0.002028 0.054884
23 27 -0.067598 0.003796 -0.027386
24 27 -0.033732 0.001523 -0.044149
25 27 0.049203 -0.002705 0.019240
26 27 0.031399 -0.001501 0.035678
27 27 -0.030731 0.001588 -0.008228
28 27 -0.031976 0.001454 -0.028296
29 27 0.010431 -0.000644 -0.003257
30 27 0.027579 -0.001347 0.019172
31 27 0.007286 -0.000292 0.012170
32 27 -0.016120 0.000788 -0.006658
33 27 -0.019569 0.000876 -0.014555
34 27 -0.008091 0.000296 -0.008899
35 27 0.003983 -0.000261 0.000527
36 27 0.009329 -0.000481 0.006131
37 27 0.008793 -0.000430 0.006873
38 27 0.005927 -0.000282 0.005075
39 27 0.003222 -0.000150 0.002942
40 27 0.001486 -0.000068 0.001428
41 27 0.000598 -0.000027 0.000600
42 27 0.000213 -0.000010 0.000222
43 27 0.000069 -0.000003 0.000074
44 27 0.000020 -0.000001 0.000022
45 27 0.000005 -0.000000 0.000006
46 27 0.000001 -0.000000 0.000002
47 27 0.000000 -0.000000 0.000000
48 27 0.000000 -0.000000 0.000000
49 27 0.000000 0.000000 0.000000

0 28 0.000000 0.000000 0.000000
1 28 -0.041633 0.038507 -0.028793
2 28 -0.049625 0.042873 -0.038740
3 28 0.039302 -0.019074 -0.020720
4 28 0.165726 -0.083526 0.054108
5 28 0.134121 -0.064070 0.087539
6 28 -0.063812 0.010835 0.001853
7 28 -0.162605 0.040693 -0.099147
8 28 -0.007740 0.003386 -0.046022
9 28 0.131788 -0.027857 0.074926
10 28 0.038255 -0.005927 0.065154
11 28 -0.115955 0.020245 -0.051902
12 28 -0.052087 0.007881 -0.070062
13 28 0.102241 -0.013006 0.042279
14 28 0.062561 -0.010250 0.068970
15 28 -0.078486 0.005400 -0.025455
16 28 -0.073955 0.007524 -0.067358
17 28 0.066858 -0.005034 0.013815
18 28 0.077915 -0.006228 0.071368
19 28 -0.068866 0.005715 -0.011838
20 28 -0.071108 0.004957 -0.069400
21 28 0.067578 -0.005851 0.015508
22 28 0.058451 -0.004230 0.061404
23 28 -0.057668 0.004512 -0.014602
24 28 -0.048364 0.003274 -0.049683
25 28 0.040870 -0.003179 0.009107
26 28 0.041320 -0.002867 0.038927
27 28 -0.022882 0.001661 -0.000330
28 28 -0.036937 0.002419 -0.028805
29 28 0.003302 -0.000394 -0.008926
30 28 0.027887 -0.001924 0.017273
31 28 0.012262 -0.000765 0.015071
32 28 -0.013096 0.000899 -0.003640
33 28 -0.020425 0.001294 -0.014261
34 28 -0.010602 0.000592 -0.010492
35 28 0.002164 -0.000241 -0.001055
36 28 0.008843 -0.000642 0.005463
37 28 0.009144 -0.000627 0.006965
38 28 0.006483 -0.000432 0.005454
39 28 0.003655 -0.000239 0.003290
40 28 0.001736 -0.000112 0.001648
41 28 0.000717 -0.000046 0.000711
42 28 0.000262 -0.000017 0.000270
43 28 0.000086 -0.000005 0.000092
44 28 0.000026 -0.000002 0.000028
45 28 0.000007 -0.000000 0.000008
46 28 0.000002 -0.000000 0.000002
47 28 0.000000 -0.000000 0.000000
48 28 0.000000 -0.000000 0.000000
49 28 0.000000 0.000000 0.000000

0 29 0.000000 0.000000 0.000000
1 29 0.007351 0.002705 -0.023171
2 29 0.037591 -0.018490 -0.015947
3 29 0.102276 -0.066697 0.009702
4 29 0.136414 -0.088545 0.050671
5 29 0.045042 -0.037033 0.042348
6 29 -0.116823 0.039267 -0.034860
7 29 -0.145016 0.052643 -0.092764
8 29 0.028317 -0.003573 -0.020779
9 29 0.138593 -0.037245 0.080692
10 29 0.036374 -0.010880 0.057495
11 29 -0.116171 0.021201 -0.053142
12 29 -0.056377 0.009173 -0.070807
13 29 0.100331 -0.020122 0.040708
14 29 0.057042 -0.011705 0.068489
15 29 -0.080278 0.015728 -0.024678
16 29 -0.070818 0.012805 -0.065341
17 29 0.063911 -0.010909 0.009367
18 29 0.084328 -0.012215 0.070463
19 29 -0.058959 0.007372 -0.002068
20 29 -0.083511 0.009317 -0.070898
21 29 0.055594 -0.006245 0.003333
22 29 0.071662 -0.007264 0.064249
23 29 -0.046882 0.004633 -0.003275
24 29 -0.059193 0.005397 -0.052309
25 29 0.031646 -0.003155 -0.000187
26 29 0.048419 -0.004397 0.040078
27 29 -0.014804 0.001363 0.006750
28 29 -0.039916 0.003403 -0.028034
29 29 -0.003340 0.000114 -0.013685
30 29 0.027114 -0.002409 0.014879
31 29 0.016361 -0.001363 0.017149
32 29 -0.009976 0.000876 -0.000807
33 29 -0.020716 0.001696 -0.013616
34 29 -0.012713 0.000953 -0.011714
35 29 0.000418 -0.000153 -0.002501
36 29 0.008251 -0.000773 0.004747
37 29 0.009370 -0.000826 0.006957
38 29 0.006961 -0.000598 0.005758
39 29 0.004055 -0.000343 0.003601
40 29 0.001977 -0.000165 0.001854
41 29 0.000834 -0.000069 0.000819
42 29 0.000311 -0.000026 0.000317
43 29 0.000104 -0.000008 0.000110
44 29 0.000031 -0.000003 0.000034
45 29 0.000009 -0.000001 0.000010
46 29 0.000002 -0.000000 0.000003
47 29 0.000001 -0.000000 0.000001
48 29 0.000000 -0.000000 0.000000
49 29 0.000000 0.000000 0.000000

0 30 0.000000 0.000000 0.000000
1 30 0.027125 -0.019950 -0.004691
2 30 0.056823 -0.045590 0.003644
3 30 0.076792 -0.067172 0.018347
4 30 0.048279 -0.050717 0.027389
5 30 -0.052547 0.011178 -0.001273
6 30 -0.142747 0.064679 -0.055988
7 30 -0.094365 0.044878 -0.067325
8 30 0.073093 -0.022407 0.011839
9 30 0.135074 -0.047718 0.083948
10 30 0.005558 -0.008347 0.038568
11 30 -0.128221 0.031940 -0.062920
12 30 -0.050605 0.013633 -0.064458
13 30 0.100386 -0.020128 0.043127
14 30 0.062143 -0.010472 0.067491
15 30 -0.066706 0.012797 -0.020483
16 30 -0.071991 0.008795 -0.063231
17 30 0.048091 -0.010715 0.001931
18 30 0.085519 -0.011488 0.067153
19 30 -0.045106 0.008063 0.007038
20 30 -0.089121 0.011323 -0.069247
21 30 0.043621 -0.006540 -0.006625
22 30 0.079815 -0.009902 0.064398
23 30 -0.036587 0.004466 0.006065
24 30 -0.066593 0.007557 -0.052937
25 30 0.022844 -0.002776 -0.008022
26 30 0.053195 -0.005948 0.039895
27 30 -0.007323 0.000777 0.012669
28 30 -0.041451 0.004335 -0.026570
29 30 -0.009139 0.000809 -0.017475
30 30 0.025732 -0.002784 0.012382
31 30 0.019602 -0.002029 0.018545
32 30 -0.007020 0.000739 0.001692
33 30 -0.020625 0.002062 -0.012790
34 30 -0.014424 0.001355 -0.012608
35 30 -0.001172 -0.000011 -0.003761
36 30 0.007623 -0.000874 0.004043
37 30 0.009500 -0.001022 0.006881
38 30 0.007361 -0.000772 0.005991
39 30 0.004411 -0.000456 0.003866
40 30 0.002199 -0.000225 0.002038
41 30 0.000946 -0.000096 0.000918
42 30 0.000359 -0.000036 0.000362
43 30 0.000122 -0.000012 0.000127
44 30 0.000037 -0.000004 0.000040
45 30 0.000010 -0.000001 0.000012
46 30 0.000003 -0.000000 0.000003
47 30 0.000001 -0.000000 0.000001
48 30 0.000000 -0.000000 0.000000
49 30 0.000000 0.000000 0.000000

0 31 0.000000 0.000000 0.000000
1 31 0.012750 -0.016735 0.006619
2 31 0.018310 -0.028406 0.009375
3 31 0.001623 -0.023277 0.009224
4 31 -0.043584 0.009110 0.000705
5 31 -0.108569 0.055862 -0.027860
6 31 -0.113080 0.068311 -0.050397
7 31 -0.018519 0.019661 -0.028351
8 31 0.115729 -0.043532 0.041540
9 31 0.111882 -0.048378 0.076398
10 31 -0.035118 0.006721 0.009372
11 31 -0.123970 0.039994 -0.069436
12 31 -0.027480 0.010034 -0.050022
13 31 0.113213 -0.027994 0.050957
14 31 0.061793 -0.019173 0.066319
15 31 -0.081119 0.013119 -0.027005
16 31 -0.081930 0.017963 -0.067018
17 31 0.050379 -0.007208 0.003086
18 31 0.094164 -0.016621 0.069080
19 31 -0.038403 0.005432 0.011109
20 31 -0.095773 0.014416 -0.069428
21 31 0.034522 -0.005362 -0.013396
22 31 0.085959 -0.012481 0.064279
23 31 -0.027991 0.003767 0.013098
24 31 -0.071765 0.009632 -0.052801
25 31 0.015323 -0.002118 -0.014159
26 31 0.056373 -0.007442 0.039149
27 31 -0.000957 0.000002 0.017329
28 31 -0.042117 0.005190 -0.024932
29 31 -0.013926 0.001617 -0.020365
30 31 0.024168 -0.003059 0.010084
31 31 0.022084 -0.002723 0.019435
32 31 -0.004417 0.000523 0.003770
33 31 -0.020328 0.002391 -0.011938
34 31 -0.015767 0.001776 -0.013232
35 31 -0.002542 0.000169 -0.004804
36 31 0.007024 -0.000950 0.003403
37 31 0.009561 -0.001211 0.006766
38 31 0.007682 -0.000951 0.006159
39 31 0.004714 -0.000576 0.004081
40 31 0.002394 -0.000290 0.002194
41 31 0.001046 -0.000126 0.001004
42 31 0.000402 -0.000048 0.000402
43 31 0.000138 -0.000016 0.000143
44 31 0.000043 -0.000005 0.000046
45 31 0.000012 -0.000001 0.000013
46 31 0.000003 -0.000000 0.000004
47 31 0.000001 -0.000000 0.000001
48 31 0.000000 -0.000000 0.000000
49 31 0.000000 0.000000 0.000000

0 32 0.000000 0.000000 0.000000
1 32 -0.008761 0.000002 0.004067
2 32 -0.023077 0.005865 0.002400
3 32 -0.047418 0.022916 -0.004489
4 32 -0.073289 0.047245 -0.014584
5 32 -0.081810 0.061331 -0.028948
6 32 -0.028850 0.035262 -0.023425
7 32 0.065527 -0.022375 0.010374
8 32 0.134238 -0.064245 0.056561
9 32 0.062292 -0.038578 0.051500
10 32 -0.075995 0.022290 -0.022096
11 32 -0.115303 0.040900 -0.070276
12 32 -0.000307 0.002214 -0.030634
13 32 0.118548 -0.035930 0.060963
14 32 0.036524 -0.015070 0.055743
15 32 -0.095743 0.026027 -0.039520
16 32 -0.063837 0.020210 -0.061040
17 32 0.063675 -0.015812 0.012646
18 32 0.087910 -0.021677 0.066188
19 32 -0.042669 0.008177 0.007769
20 32 -0.097002 0.018728 -0.068504
21 32 0.031956 -0.005485 -0.015242
22 32 0.089788 -0.015585 0.064090
23 32 -0.022861 0.003188 0.017115
24 32 -0.075471 0.011808 -0.052666
25 32 0.009877 -0.001383 -0.018386
26 32 0.058649 -0.008913 0.038469
27 32 0.003950 -0.000850 0.020732
28 32 -0.042447 0.005993 -0.023543
29 32 -0.017651 0.002470 -0.022480
30 32 0.022774 -0.003274 0.008209
31 32 0.023943 -0.003418 0.019996
32 32 -0.002299 0.000264 0.005389
33 32 -0.019986 0.002691 -0.011184
34 32 -0.016787 0.002200 -0.013653
35 32 -0.003650 0.000368 -0.005617
36 32 0.006508 -0.001010 0.002868
37 32 0.009584 -0.001394 0.006643
38 32 0.007931 -0.001131 0.006272
39 32 0.004958 -0.000700 0.004243
40 32 0.002554 -0.000358 0.002317
41 32 0.001129 -0.000157 0.001074
42 32 0.000438 -0.000061 0.000434
43 32 0.000152 -0.000021 0.000156
44 32 0.000048 -0.000007 0.000050
45 32 0.000014 -0.000002 0.000015
46 32 0.000004 -0.000000 0.000004
47 32 0.000001 -0.000000 0.000001
48 32 0.000000 -0.000000 0.000000
49 32 0.000000 0.000000 0.000000

0 33 0.000000 0.000000 0.000000
1 33 -0.014455 0.010041 -0.004222
2 33 -0.028054 0.021577 -0.006273
3 33 -0.038075 0.032711 -0.010754
4 33 -0.033948 0.037044 -0.013742
5 33 -0.005638 0.021761 -0.011962
6 33 0.053308 -0.017478 0.005222
7 33 0.104246 -0.058140 0.032161
8 33 0.092785 -0.061021 0.045700
9 33 -0.013837 -0.008961 0.013829
10 33 -0.114318 0.044202 -0.047602
11 33 -0.092344 0.043056 -0.061268
12 33 0.041372 -0.008096 -0.002481
13 33 0.119514 -0.039677 0.068772
14 33 0.014647 -0.007141 0.039612
15 33 -0.093522 0.027269 -0.047476
16 33 -0.048347 0.012318 -0.052471
17 33 0.062181 -0.018569 0.018032
18 33 0.077515 -0.018369 0.061141
19 33 -0.043102 0.010908 0.004608
20 33 -0.093449 0.019588 -0.066317
21 33 0.031673 -0.006698 -0.014749
22 33 0.090894 -0.017852 0.063679
23 33 -0.020887 0.003204 0.018588
24 33 -0.077939 0.013878 -0.052817
25 33 0.006857 -0.000849 -0.020729
26 33 0.060487 -0.010385 0.038251
27 33 0.007188 -0.001643 0.022930
28 33 -0.042862 0.006798 -0.022705
29 33 -0.020313 0.003307 -0.023948
30 33 0.021826 -0.003482 0.006913
31 33 0.025314 -0.004099 0.020380
32 33 -0.000752 0.000004 0.006534
33 33 -0.019732 0.002981 -0.010623
34 33 -0.017532 0.002617 -0.013929
35 33 -0.004468 0.000568 -0.006196
36 33 0.006121 -0.001065 0.002470
37 33 0.009596 -0.001571 0.006534
38 33 0.008112 -0.001307 0.006338
39 33 0.005139 -0.000821 0.004352
40 33 0.002673 -0.000425 0.002401
41 33 0.001191 -0.000189 0.001122
42 33 0.000466 -0.000074 0.000457
43 33 0.000162 -0.000026 0.000165
44 33 0.000051 -0.000008 0.000054
45 33 0.000015 -0.000002 0.000016
46 33 0.000004 -0.000001 0.000004
47 33 0.000001 -0.000000 0.000001
48 33 0.000000 -0.000000 0.000000
49 33 0.000000 0.000000 0.000000

0 34 0.000000 0.000000 0.000000
1 34 -0.004373 0.006890 -0.008221
2 34 -0.003908 0.011392 -0.008056
3 34 0.002108 0.010398 -0.007755
4 34 0.023381 -0.000750 -0.003420
5 34 0.050780 -0.023430 0.005056
6 34 0.080671 -0.048969 0.018972
7 34 0.073099 -0.055818 0.028823
8 34 0.013687 -0.023789 0.015963
9 34 -0.077173 0.030819 -0.019454
10 34 -0.113712 0.059060 -0.055746
11 34 -0.030035 0.027784 -0.034387
12 34 0.089181 -0.030288 0.028848
13 34 0.108556 -0.044041 0.066897
14 34 -0.015116 -0.001939 0.018483
15 34 -0.106733 0.030590 -0.058371
16 34 -0.040524 0.015284 -0.046200
17 34 0.074774 -0.017685 0.028894
18 34 0.076823 -0.020541 0.060930
19 34 -0.049741 0.010426 -0.002236
20 34 -0.093410 0.021323 -0.067145
21 34 0.035155 -0.007031 -0.011419
22 34 0.092096 -0.019887 0.064691
23 34 -0.022144 0.003415 0.017642
24 34 -0.079969 0.015845 -0.053837
25 34 0.006424 -0.000600 -0.021244
26 34 0.062285 -0.011884 0.038809
27 34 0.008628 -0.002267 0.023972
28 34 -0.043668 0.007667 -0.022629
29 34 -0.021917 0.004071 -0.024862
30 34 0.021523 -0.003746 0.006302
31 34 0.026298 -0.004759 0.020696
32 34 0.000160 -0.000213 0.007201
33 34 -0.019663 0.003282 -0.010322
34 34 -0.018040 0.003018 -0.014105
35 34 -0.004977 0.000749 -0.006540
36 34 0.005896 -0.001128 0.002229
37 34 0.009616 -0.001747 0.006459
38 34 0.008231 -0.001477 0.006365
39 34 0.005253 -0.000937 0.004407
40 34 0.002747 -0.000489 0.002446
41 34 0.001229 -0.000218 0.001148
42 34 0.000483 -0.000086 0.000469
43 34 0.000169 -0.000030 0.000170
44 34 0.000053 -0.000009 0.000056
45 34 0.000015 -0.000003 0.000016
46 34 0.000004 -0.000001 0.000004
47 34 0.000001 -0.000000 0.000001
48 34 0.000000 -0.000000 0.000000
49 34 0.000000 0.000000 0.000000

0 35 0.000000 0.000000 0.000000
1 35 0.007846 -0.002403 -0.004943
2 35 0.018935 -0.007468 -0.003083
3 35 0.030497 -0.015623 -0.000804
4 35 0.047400 -0.028811 0.005513
5 35 0.052377 -0.039572 0.010337
6 35 0.047380 -0.041513 0.014935
7 35 0.003340 -0.019598 0.008422
8 35 -0.052503 0.020619 -0.012373
9 35 -0.095970 0.054009 -0.034672
10 35 -0.065095 0.047086 -0.041516
11 35 0.040820 -0.005682 0.001646
12 35 0.106934 -0.047784 0.047106
13 35 0.070331 -0.035732 0.050970
14 35 -0.060886 0.016356 -0.008870
15 35 -0.111356 0.043380 -0.067072
16 35 -0.001547 0.011266 -0.027327
17 35 0.099354 -0.030005 0.047105
18 35 0.059109 -0.023123 0.053639
19 35 -0.069492 0.017122 -0.017168
20 35 -0.087467 0.024909 -0.066198
21 35 0.047235 -0.009837 -0.002386
22 35 0.091725 -0.022681 0.066148
23 35 -0.028351 0.004602 0.013206
24 35 -0.081505 0.018048 -0.055717
25 35 0.009140 -0.000869 -0.019605
26 35 0.064209 -0.013520 0.040288
27 35 0.008063 -0.002599 0.023782
28 35 -0.045046 0.008676 -0.023444
29 35 -0.022416 0.004706 -0.025243
30 35 0.022005 -0.004132 0.006452
31 35 0.026945 -0.005394 0.021003
32 35 0.000387 -0.000346 0.007380
33 35 -0.019843 0.003620 -0.010324
34 35 -0.018330 0.003396 -0.014206
35 35 -0.005161 0.000892 -0.006648
36 35 0.005855 -0.001212 0.002158
37 35 0.009658 -0.001924 0.006427
38 35 0.008291 -0.001639 0.006357
39 35 0.005298 -0.001044 0.004408
40 35 0.002773 -0.000546 0.002448
41 35 0.001242 -0.000244 0.001150
42 35 0.000488 -0.000096 0.000471
43 35 0.000171 -0.000034 0.000171
44 35 0.000054 -0.000011 0.000056
45 35 0.000015 -0.000003 0.000016
46 35 0.000004 -0.000001 0.000004
47 35 0.000001 -0.000000 0.000001
48 35 0.000000 -0.000000 0.000000
49 35 0.000000 0.000000 0.000000

0 36 0.000000 0.000000 0.000000
1 36 0.009000 -0.007455 0.000942
2 36 0.017354 -0.015111 0.002355
3 36 0.021863 -0.021638 0.003411
4 36 0.021627 -0.025569 0.006064
5 36 0.006973 -0.020508 0.004280
6 36 -0.016856 -0.005316 0.000742
7 36 -0.057075 0.023667 -0.011753
8 36 -0.077009 0.047329 -0.024866
9 36 -0.066328 0.050127 -0.028776
10 36 0.004988 0.015058 -0.012623
11 36 0.085692 -0.033881 0.029403
12 36 0.092119 -0.046749 0.046750
13 36 0.018007 -0.013452 0.024994
14 36 -0.092395 0.038130 -0.034209
15 36 -0.079115 0.041429 -0.060277
16 36 0.047099 -0.009006 0.001146
17 36 0.097791 -0.037709 0.055629
18 36 0.025001 -0.011906 0.035884
19 36 -0.080771 0.026914 -0.030268
20 36 -0.068918 0.023073 -0.058762
21 36 0.061906 -0.015721 0.009467
22 36 0.085995 -0.023979 0.065507
23 36 -0.038657 0.007672 0.005571
24 36 -0.081105 0.020097 -0.057511
25 36 0.015282 -0.002075 -0.015562
26 36 0.065918 -0.015280 0.042479
27 36 0.005244 -0.002452 0.022183
28 36 -0.046979 0.009882 -0.025157
29 36 -0.021686 0.005134 -0.025021
30 36 0.023336 -0.004706 0.007407
31 36 0.027235 -0.005990 0.021299
32 36 -0.000117 -0.000348 0.007050
33 36 -0.020296 0.004016 -0.010642
34 36 -0.018400 0.003742 -0.014234
35 36 -0.005007 0.000977 -0.006517
36 36 0.006008 -0.001330 0.002261
37 36 0.009723 -0.002104 0.006441
38 36 0.008290 -0.001788 0.006314
39 36 0.005274 -0.001137 0.004355
40 36 0.002751 -0.000593 0.002410
41 36 0.001228 -0.000265 0.001128
42 36 0.000481 -0.000104 0.000460
43 36 0.000168 -0.000036 0.000167
44 36 0.000053 -0.000011 0.000054
45 36 0.000015 -0.000003 0.000016
46 36 0.000004 -0.000001 0.000004
47 36 0.000001 -0.000000 0.000001
48 36 0.000000 -0.000000 0.000000
49 36 0.000000 0.000000 0.000000

0 37 0.000000 0.000000 0.000000
1 37 -0.000601 -0.003693 0.002835
2 37 -0.002938 -0.005798 0.002790
3 37 -0.009876 -0.004937 0.001648
4 37 -0.021283 0.001212 -0.000038
5 37 -0.039220 0.013246 -0.004824
6 37 -0.055535 0.029388 -0.010634
7 37 -0.064681 0.043195 -0.017517
8 37 -0.045695 0.040845 -0.018528
9 37 0.000354 0.017334 -0.007401
10 37 0.064925 -0.024389 0.014836
11 37 0.093898 -0.049628 0.038501
12 37 0.049194 -0.034152 0.029989
13 37 -0.039399 0.011978 -0.006314
14 37 -0.100319 0.048546 -0.048696
15 37 -0.035591 0.026066 -0.040454
16 37 0.073391 -0.022327 0.024297
17 37 0.082115 -0.030342 0.053505
18 37 0.001636 0.001055 0.019044
19 37 -0.081052 0.030086 -0.038144
20 37 -0.048301 0.018135 -0.049182
21 37 0.075190 -0.020201 0.021639
22 37 0.076941 -0.022811 0.063299
23 37 -0.050815 0.011883 -0.004193
24 37 -0.077934 0.021443 -0.058581
25 37 0.024616 -0.004300 -0.009096
26 37 0.066871 -0.016974 0.045025
27 37 0.000015 -0.001641 0.018986
28 37 -0.049240 0.011291 -0.027644
29 37 -0.019537 0.005251 -0.024040
30 37 0.025497 -0.005521 0.009175
31 37 0.027069 -0.006516 0.021514
32 37 -0.001393 -0.000171 0.006175
33 37 -0.021000 0.004486 -0.011263
34 37 -0.018220 0.004041 -0.014167
35 37 -0.004505 0.000984 -0.006139
36 37 0.006350 -0.001492 0.002533
37 37 0.009807 -0.002288 0.006494
38 37 0.008224 -0.001922 0.006234
39 37 0.005178 -0.001212 0.004249
40 37 0.002679 -0.000629 0.002330
41 37 0.001188 -0.000279 0.001083
42 37 0.000463 -0.000109 0.000439
43 37 0.000161 -0.000038 0.000158
44 37 0.000050 -0.000012 0.000051
45 37 0.000014 -0.000003 0.000015
46 37 0.000004 -0.000001 0.000004
47 37 0.000001 -0.000000 0.000001
48 37 0.000000 -0.000000 0.000000
49 37 0.000000 0.000000 0.000000

0 38 0.000000 0.000000 0.000000
1 38 -0.007791 0.003113 -0.000158
2 38 -0.015238 0.007111 -0.000741
3 38 -0.025420 0.013009 -0.002862
4 38 -0.032135 0.020111 -0.004859
5 38 -0.039216 0.027086 -0.008211
6 38 -0.032995 0.029587 -0.009872
7 38 -0.016917 0.021960 -0.008060
8 38 0.018491 0.001121 -0.001487
9 38 0.057587 -0.029428 0.013938
10 38 0.075993 -0.052122 0.024616
11 38 0.051381 -0.046124 0.026709
12 38 -0.025248 -0.007781 0.000587
13 38 -0.090213 0.037258 -0.033635
14 38 -0.086086 0.047131 -0.046385
15 38 0.006978 0.008580 -0.014848
16 38 0.092260 -0.030033 0.041113
17 38 0.068386 -0.025784 0.047511
18 38 -0.024459 0.008914 0.000443
19 38 -0.086011 0.034555 -0.047248
20 38 -0.023614 0.015614 -0.036791
21 38 0.092769 -0.024223 0.036778
22 38 0.065018 -0.020491 0.059217
23 38 -0.064950 0.017382 -0.016515
24 38 -0.070857 0.022292 -0.058068
25 38 0.037399 -0.007507 0.000193
26 38 0.066460 -0.018399 0.047466
27 38 -0.007727 0.000014 0.013944
28 38 -0.051379 0.012859 -0.030638
29 38 -0.015708 0.004934 -0.022055
30 38 0.028367 -0.006608 0.011710
31 38 0.026267 -0.006917 0.021509
32 38 -0.003471 0.000235 0.004716
33 38 -0.021887 0.005034 -0.012141
34 38 -0.017733 0.004270 -0.013959
35 38 -0.003646 0.000893 -0.005505
36 38 0.006864 -0.001706 0.002961
37 38 0.009890 -0.002475 0.006572
38 38 0.008088 -0.002035 0.006111
39 38 0.005011 -0.001266 0.004090
40 38 0.002562 -0.000650 0.002213
41 38 0.001125 -0.000286 0.001018
42 38 0.000434 -0.000111 0.000409
43 38 0.000150 -0.000038 0.000146
44 38 0.000047 -0.000012 0.000047
45 38 0.000013 -0.000003 0.000014
46 38 0.000003 -0.000001 0.000004
47 38 0.000001 -0.000000 0.000001
48 38 0.000000 -0.000000 0.000000
49 38 0.000000 0.000000 0.000000

0 39 0.000000 0.000000 0.000000
1 39 -0.004679 0.004954 -0.003554
2 39 -0.007313 0.009140 -0.003436
3 39 -0.010211 0.013176 -0.004862
4 39 -0.005184 0.013497 -0.003836
5 39 -0.000198 0.011178 -0.004477
6 39 0.019647 0.000388 -0.000326
7 39 0.035326 -0.015312 0.004425
8 39 0.058532 -0.035555 0.011674
9 39 0.058521 -0.048965 0.019529
10 39 0.031929 -0.042087 0.014056
11 39 -0.020460 -0.013899 0.003443
12 39 -0.087318 0.028139 -0.026125
13 39 -0.092945 0.047408 -0.039910
14 39 -0.038861 0.025584 -0.025387
15 39 0.053326 -0.019962 0.012086
16 39 0.096927 -0.045732 0.049827
17 39 0.024382 -0.021926 0.028480
18 39 -0.071710 0.024506 -0.027420
19 39 -0.083179 0.041577 -0.052009
20 39 0.015807 0.007695 -0.015388
21 39 0.108453 -0.030685 0.051881
22 39 0.043438 -0.014610 0.048693
23 39 -0.079312 0.025712 -0.030843
24 39 -0.056277 0.022332 -0.053506
25 39 0.053888 -0.011828 0.012702
26 39 0.063640 -0.019086 0.048911
27 39 -0.017822 0.002813 0.006882
28 39 -0.052538 0.014490 -0.033584
29 39 -0.009878 0.004030 -0.018730
30 39 0.031691 -0.007959 0.014885
31 39 0.024582 -0.007105 0.021074
32 39 -0.006339 0.000917 0.002642
33 39 -0.022828 0.005646 -0.013186
34 39 -0.016862 0.004397 -0.013541
35 39 -0.002433 0.000686 -0.004612
36 39 0.007516 -0.001973 0.003518
37 39 0.009948 -0.002658 0.006653
38 39 0.007870 -0.002123 0.005936
39 39 0.004774 -0.001296 0.003878
40 39 0.002401 -0.000655 0.002062
41 39 0.001040 -0.000285 0.000935
42 39 0.000397 -0.000109 0.000371
43 39 0.000136 -0.000037 0.000131
44 39 0.000042 -0.000012 0.000042
45 39 0.000012 -0.000003 0.000012
46 39 0.000003 -0.000001 0.000003
47 39 0.000001 -0.000000 0.000001
48 39 0.000000 -0.000000 0.000000
49 39 0.000000 0.000000 0.000000

0 40 0.000000 0.000000 0.000000
1 40 0.002530 0.001274 -0.003892
2 40 0.006392 0.001379 -0.003015
3 40 0.011624 0.000334 -0.003238
4 40 0.021268 -0.004546 0.000039
5 40 0.029471 -0.010550 0.000530
6 40 0.043845 -0.021543 0.006698
7 40 0.043825 -0.028183 0.007928
8 40 0.044740 -0.032939 0.011789
9 40 0.014108 -0.021828 0.008420
10 40 -0.019981 0.000877 -0.003331
11 40 -0.060402 0.028777 -0.013979
12 40 -0.078328 0.047510 -0.031485
13 40 -0.030443 0.028357 -0.019633
14 40 0.029111 -0.012383 0.004536
15 40 0.083902 -0.050545 0.031811
16 40 0.059313 -0.050871 0.041432
17 40 -0.051404 -0.001932 -0.005951
18 40 -0.106246 0.040385 -0.050518
19 40 -0.054224 0.031635 -0.040964
20 40 0.052658 -0.012497 0.008946
21 40 0.100927 -0.034910 0.055765
22 40 0.008590 -0.002178 0.028964
23 40 -0.088189 0.035340 -0.043811
24 40 -0.031747 0.020069 -0.042842
25 40 0.072334 -0.016713 0.027450
26 40 0.057253 -0.017912 0.048160
27 40 -0.029180 0.007129 -0.001867
28 40 -0.051262 0.015989 -0.035500
29 40 -0.001707 0.002411 -0.013684
30 40 0.035070 -0.009478 0.018460
31 40 0.021746 -0.006945 0.019963
32 40 -0.009908 0.001912 -0.000031
33 40 -0.023629 0.006284 -0.014261
34 40 -0.015519 0.004382 -0.012832
35 40 -0.000888 0.000347 -0.003463
36 40 0.008252 -0.002289 0.004164
37 40 0.009947 -0.002829 0.006707
38 40 0.007564 -0.002178 0.005700
39 40 0.004471 -0.001298 0.003617
40 40 0.002205 -0.000644 0.001883
41 40 0.000940 -0.000276 0.000839
42 40 0.000354 -0.000104 0.000328
43 40 0.000119 -0.000035 0.000115
44 40 0.000036 -0.000011 0.000036
45 40 0.000010 -0.000003 0.000010
46 40 0.000003 -0.000001 0.000003
47 40 0.000001 -0.000000 0.000001
48 40 0.000000 -0.000000 0.000000
49 40 0.000000 0.000000 0.000000

0 41 0.000000 0.000000 0.000000
1 41 0.004914 -0.003272 -0.001126
2 41 0.009127 -0.006718 -0.000340
3 41 0.014873 -0.010919 -0.000084
4 41 0.018296 -0.015203 0.002393
5 41 0.020537 -0.018343 0.002030
6 41 0.018989 -0.019889 0.005369
7 41 0.006573 -0.013612 0.001656
8 41 -0.005817 -0.003720 0.001715
9 41 -0.035827 0.018442 -0.007616
10 41 -0.045143 0.036004 -0.014075
11 41 -0.050290 0.047513 -0.017404
12 41 -0.016177 0.036153 -0.016540
13 41 0.045860 -0.001988 0.008931
14 41 0.077625 -0.034923 0.025561
15 41 0.081748 -0.050289 0.036219
16 41 0.002642 -0.022964 0.019025
17 41 -0.094067 0.026763 -0.033533
18 41 -0.085615 0.035061 -0.047848
19 41 -0.011278 0.000495 -0.016803
20 41 0.061446 -0.035369 0.023434
21 41 0.063484 -0.033500 0.044241
22 41 -0.035626 0.011108 0.002824
23 41 -0.091211 0.040345 -0.053692
24 41 -0.002166 0.014037 -0.027822
25 41 0.087824 -0.020799 0.041470
26 41 0.046355 -0.013585 0.043962
27 41 -0.039662 0.013187 -0.011352
28 41 -0.045589 0.017152 -0.035049
29 41 0.009133 0.000108 -0.006551
30 41 0.038061 -0.010910 0.022123
31 41 0.017603 -0.006251 0.017968
32 41 -0.013937 0.003236 -0.003186
33 41 -0.024025 0.006887 -0.015168
34 41 -0.013617 0.004178 -0.011745
35 41 0.000943 -0.000129 -0.002082
36 41 0.009005 -0.002641 0.004848
37 41 0.009849 -0.002975 0.006702
38 41 0.007162 -0.002195 0.005397
39 41 0.004108 -0.001271 0.003312
40 41 0.001980 -0.000617 0.001682
41 41 0.000828 -0.000259 0.000735
42 41 0.000307 -0.000097 0.000283
43 41 0.000102 -0.000032 0.000097
44 41 0.000031 -0.000010 0.000030
45 41 0.000008 -0.000003 0.000009
46 41 0.000002 -0.000001 0.000002
47 41 0.000001 -0.000000 0.000001
48 41 0.000000 -0.000000 0.000000
49 41 0.000000 0.000000 0.000000

0 42 0.000000 0.000000 0.000000
1 42 0.002249 -0.004163 0.002054
2 42 0.002450 -0.007513 0.002168
3 42 0.003312 -0.010918 0.002172
4 42 -0.002001 -0.011463 0.002254
5 42 -0.007106 -0.010612 0.000731
6 42 -0.020234 -0.004906 -0.000027
7 42 -0.034035 0.004737 -0.005505
8 42 -0.047017 0.016212 -0.007282
9 42 -0.058024 0.029794 -0.015196
10 42 -0.043220 0.030966 -0.013384
11 42 -0.022916 0.025200 -0.010609
12 42 0.028980 0.000454 0.001383
13 42 0.067191 -0.025103 0.022081
14 42 0.068374 -0.030572 0.024677
15 42 0.041833 -0.017111 0.021933
16 42 -0.037184 0.024026 -0.006290
17 42 -0.070543 0.047473 -0.037639
18 42 -0.017986 0.018853 -0.020918
19 42 0.034909 -0.023379 0.010561
20 42 0.060162 -0.045665 0.031175
21 42 0.020143 -0.029967 0.028136
22 42 -0.080962 0.016485 -0.023807
23 42 -0.093752 0.034906 -0.060995
24 42 0.021726 0.002000 -0.012726
25 42 0.091341 -0.024335 0.049807
26 42 0.027975 -0.006093 0.034014
27 42 -0.047764 0.020658 -0.020899
28 42 -0.033847 0.017827 -0.031034
29 42 0.022807 -0.002531 0.002863
30 42 0.040362 -0.011751 0.025557
31 42 0.012335 -0.004757 0.015066
32 42 -0.017918 0.004891 -0.006526
33 42 -0.023655 0.007373 -0.015632
34 42 -0.011083 0.003745 -0.010198
35 42 0.002983 -0.000735 -0.000514
36 42 0.009693 -0.003005 0.005506
37 42 0.009620 -0.003080 0.006608
38 42 0.006663 -0.002168 0.005022
39 42 0.003697 -0.001216 0.002971
40 42 0.001736 -0.000575 0.001467
41 42 0.000711 -0.000237 0.000627
42 42 0.000258 -0.000087 0.000236
43 42 0.000084 -0.000028 0.000080
44 42 0.000025 -0.000008 0.000024
45 42 0.000007 -0.000002 0.000007
46 42 0.000002 -0.000001 0.000002
47 42 0.000000 -0.000000 0.000000
48 42 0.000000 -0.000000 0.000000
49 42 0.000000 0.000000 0.000000

0 43 0.000000 0.000000 0.000000
1 43 -0.001137 0.000125 0.001479
2 43 -0.003852 0.001151 0.001101
3 43 -0.006061 0.002255 0.000896
4 43 -0.012743 0.005948 -0.000377
5 43 -0.017016 0.009243 -0.001543
6 43 -0.026408 0.015339 -0.003498
7 43 -0.028839 0.018689 -0.006094
8 43 -0.030498 0.020229 -0.006225
9 43 -0.021510 0.015096 -0.007862
10 43 -0.000823 -0.000210 -0.001038
11 43 0.017650 -0.017892 0.003012
12 43 0.043091 -0.040190 0.013302
13 43 0.033524 -0.042780 0.017028
14 43 0.004299 -0.024268 0.005928
15 43 -0.035969 0.009316 -0.006343
16 43 -0.075957 0.048988 -0.030159
17 43 -0.037651 0.048404 -0.030383
18 43 0.039153 0.011704 0.005271
19 43 0.079215 -0.019791 0.031477
20 43 0.078390 -0.034372 0.040706
21 43 0.000686 -0.017050 0.018817
22 43 -0.104039 0.019986 -0.040621
23 43 -0.082982 0.019544 -0.057995
24 43 0.037040 -0.018977 0.002699
25 43 0.072361 -0.030408 0.047315
26 43 -0.004835 0.001841 0.014438
27 43 -0.055525 0.027457 -0.031368
28 43 -0.016986 0.017325 -0.023685
29 43 0.038214 -0.004974 0.013832
30 43 0.041686 -0.011233 0.028304
31 43 0.006664 -0.002092 0.011531
32 43 -0.020924 0.006899 -0.009467
33 43 -0.022009 0.007682 -0.015268
34 43 -0.007834 0.003074 -0.008104
35 43 0.005144 -0.001436 0.001182
36 43 0.010237 -0.003348 0.006077
37 43 0.009234 -0.003125 0.006400
38 43 0.006074 -0.002092 0.004581
39 43 0.003251 -0.001133 0.002604
40 43 0.001484 -0.000521 0.001248
41 43 0.000594 -0.000210 0.000520
42 43 0.000212 -0.000075 0.000192
43 43 0.000068 -0.000024 0.000064
44 43 0.000020 -0.000007 0.000019
45 43 0.000005 -0.000002 0.000005
46 43 0.000001 -0.000000 0.000001
47 43 0.000000 -0.000000 0.000000
48 43 0.000000 -0.000000 0.000000
49 43 0.000000 0.000000 0.000000

0 44 0.000000 0.000000 0.000000
1 44 -0.004159 0.004064 -0.002357
2 44 -0.008321 0.008522 -0.002815
3 44 -0.011000 0.012841 -0.002981
4 44 -0.013398 0.017892 -0.004092
5 44 -0.011047 0.021156 -0.003952
6 44 -0.007585 0.023992 -0.004456
7 44 0.005325 0.021132 -0.002748
8 44 0.019139 0.015074 0.000165
9 44 0.041333 0.000907 0.004508
10 44 0.058360 -0.016451 0.012183
11 44 0.064135 -0.032197 0.015063
12 44 0.053960 -0.042173 0.018191
13 44 0.008463 -0.031487 0.008255
14 44 -0.040773 -0.010978 -0.008736
15 44 -0.086134 0.015206 -0.024474
16 44 -0.094131 0.030947 -0.037901
17 44 -0.030065 0.013364 -0.020462
18 44 0.039076 -0.009474 0.012749
19 44 0.075405 -0.016495 0.030485
20 44 0.068861 -0.009857 0.034232
21 44 -0.011815 0.019003 0.005498
22 44 -0.078948 0.039121 -0.039794
23 44 -0.023156 0.006017 -0.029103
24 44 0.062171 -0.042429 0.027141
25 44 0.034910 -0.038226 0.036048
26 44 -0.053155 0.005944 -0.014292
27 44 -0.067310 0.028410 -0.043696
28 44 -0.001528 0.013052 -0.016036
29 44 0.050306 -0.007321 0.023166
30 44 0.040541 -0.008715 0.029004
31 44 0.001529 0.002103 0.007717
32 44 -0.021636 0.009328 -0.011174
33 44 -0.018381 0.007840 -0.013564
34 44 -0.003715 0.002236 -0.005335
35 44 0.007383 -0.002152 0.002974
36 44 0.010600 -0.003618 0.006523
37 44 0.008695 -0.003093 0.006076
38 44 0.005418 -0.001968 0.004087
39 44 0.002790 -0.001026 0.002228
40 44 0.001236 -0.000459 0.001034
41 44 0.000482 -0.000180 0.000420
42 44 0.000168 -0.000063 0.000152
43 44 0.000053 -0.000020 0.000049
44 44 0.000015 -0.000006 0.000015
45 44 0.000004 -0.000002 0.000004
46 44 0.000001 -0.000000 0.000001
47 44 0.000000 -0.000000 0.000000
48 44 0.000000 -0.000000 0.000000
49 44 0.000000 0.000000 0.000000

0 45 0.000000 0.000000 0.000000
1 45 -0.003141 0.001414 -0.002940
2 45 -0.005618 0.002580 -0.003148
3 45 -0.006889 0.003211 -0.003076
4 45 -0.006180 0.003020 -0.003421
5 45 -0.002316 0.001204 -0.002606
6 45 0.003945 -0.001747 -0.002197
7 45 0.015083 -0.007401 0.000323
8 45 0.025219 -0.012478 0.002480
9 45 0.037616 -0.018416 0.006006
10 45 0.040005 -0.018280 0.008642
11 45 0.034957 -0.012210 0.007838
12 45 0.016747 0.002343 0.005672
13 45 -0.012639 0.023808 -0.004110
14 45 -0.030173 0.036138 -0.011219
15 45 -0.037366 0.035293 -0.014557
16 45 -0.014230 0.009588 -0.010597
17 45 0.026748 -0.032757 0.009070
18 45 0.033869 -0.053517 0.019681
19 45 0.012917 -0.042361 0.012064
20 45 -0.028926 -0.002254 -0.004567
21 45 -0.075085 0.051611 -0.032232
22 45 -0.039254 0.060862 -0.035618
23 45 0.073712 0.004422 0.016179
24 45 0.109570 -0.045926 0.060423
25 45 0.009586 -0.032698 0.028272
26 45 -0.090953 0.007796 -0.037173
27 45 -0.076967 0.018678 -0.051747
28 45 0.004060 0.000871 -0.011385
29 45 0.049143 -0.011423 0.025093
30 45 0.032181 -0.004861 0.024394
31 45 -0.003529 0.007560 0.003099
32 45 -0.019156 0.012151 -0.011133
33 45 -0.012083 0.008008 -0.010071
34 45 0.001564 0.001444 -0.001705
35 45 0.009810 -0.002727 0.004926
36 45 0.010853 -0.003737 0.006890
37 45 0.008066 -0.002960 0.005680
38 45 0.004738 -0.001792 0.003575
39 45 0.002339 -0.000901 0.001862
40 45 0.001003 -0.000391 0.000834
41 45 0.000381 -0.000149 0.000329
42 45 0.000130 -0.000051 0.000116
43 45 0.000040 -0.000016 0.000037
44 45 0.000011 -0.000005 0.000011
45 45 0.000003 -0.000001 0.000003
46 45 0.000001 -0.000000 0.000001
47 45 0.000000 -0.000000 0.000000
48 45 0.000000 -0.000000 0.000000
49 45 0.000000 0.000000 0.000000

0 46 0.000000 0.000000 0.000000
1 46 0.004597 -0.002050 -0.000262
2 46 0.009437 -0.004724 0.000021
3 46 0.013961 -0.008261 0.000716
4 46 0.018574 -0.013323 0.001499
5 46 0.021663 -0.019514 0.002812
6 46 0.022644 -0.026531 0.003568
7 46 0.019540 -0.033064 0.004628
8 46 0.009620 -0.036245 0.003634
9 46 -0.006070 -0.034595 0.001877
10 46 -0.030771 -0.023163 -0.003268
11 46 -0.054371 -0.004179 -0.010136
12 46 -0.073488 0.022119 -0.016983
13 46 -0.072122 0.046181 -0.022296
14 46 -0.039127 0.055361 -0.016892
15 46 0.015764 0.045326 -0.003083
16 46 0.083564 0.010654 0.019447
17 46 0.116964 -0.029441 0.040970
18 46 0.079218 -0.048130 0.036945
19 46 -0.007172 -0.040580 0.008705
20 46 -0.106302 -0.005262 -0.031516
21 46 -0.141268 0.034418 -0.062680
22 46 -0.040456 0.030846 -0.039212
23 46 0.103891 -0.008032 0.032464
24 46 0.120687 -0.021771 0.066990
25 46 0.009723 0.003049 0.023449
26 46 -0.075549 0.019928 -0.033943
27 46 -0.055997 0.004105 -0.038722
28 46 0.005209 -0.018499 -0.004986
29 46 0.028807 -0.019531 0.017108
30 46 0.010026 -0.002601 0.010857
31 46 -0.012319 0.012281 -0.004642
32 46 -0.015007 0.014671 -0.010396
33 46 -0.003433 0.008297 -0.005112
34 46 0.008186 0.001039 0.002823
35 46 0.012743 -0.002898 0.007215
36 46 0.011275 -0.003577 0.007360
37 46 0.007526 -0.002681 0.005342
38 46 0.004130 -0.001559 0.003118
39 46 0.001942 -0.000758 0.001541
40 46 0.000801 -0.000320 0.000663
41 46 0.000295 -0.000119 0.000253
42 46 0.000098 -0.000040 0.000087
43 46 0.000030 -0.000012 0.000027
44 46 0.000008 -0.000003 0.000008
45 46 0.000002 -0.000001 0.000002
46 46 0.000000 -0.000000 0.000000
47 46 0.000000 -0.000000 0.000000
48 46 0.000000 -0.000000 0.000000
49 46 0.000000 0.000000 0.000000

0 47 0.000000 0.000000 0.000000
1 47 0.005179 -0.001029 -0.000152
2 47 0.010434 -0.002138 0.000162
3 47 0.015248 -0.003089 0.000762
4 47 0.019755 -0.004099 0.001586
5 47 0.022392 -0.004466 0.002561
6 47 0.022872 -0.004362 0.003268
7 47 0.018902 -0.002821 0.003708
8 47 0.009817 0.000069 0.002728
9 47 -0.004736 0.004219 0.000864
10 47 -0.024318 0.009236 -0.003344
11 47 -0.042464 0.011844 -0.008025
12 47 -0.055766 0.011367 -0.012682
13 47 -0.052968 0.003604 -0.014806
14 47 -0.031683 -0.009345 -0.010542
15 47 0.003150 -0.021430 -0.001976
16 47 0.042958 -0.026642 0.011100
17 47 0.059610 -0.012888 0.020535
18 47 0.042682 0.014927 0.016680
19 47 0.004092 0.036933 0.003977
20 47 -0.041283 0.038779 -0.013536
21 47 -0.051497 0.007259 -0.024167
22 47 -0.005081 -0.043346 -0.008770
23 47 0.036617 -0.056727 0.016975
24 47 0.017119 -0.008669 0.015574
25 47 -0.022971 0.045467 -0.008495
26 47 -0.020166 0.045105 -0.016527
27 47 0.014140 0.001561 0.000912
28 47 0.027000 -0.031442 0.015775
29 47 0.004257 -0.027948 0.008894
30 47 -0.023641 -0.004674 -0.008660
31 47 -0.029430 0.012551 -0.017398
32 47 -0.014412 0.014787 -0.012095
33 47 0.004552 0.008182 -0.000822
34 47 0.015287 0.001203 0.007478
35 47 0.016407 -0.002379 0.009886
36 47 0.012332 -0.002951 0.008225
37 47 0.007429 -0.002172 0.005314
38 47 0.003787 -0.001237 0.002861
39 47 0.001681 -0.000589 0.001331
40 47 0.000662 -0.000244 0.000546
41 47 0.000235 -0.000089 0.000200
42 47 0.000075 -0.000029 0.000066
43 47 0.000022 -0.000009 0.000020
44 47 0.000006 -0.000002 0.000006
45 47 0.000001 -0.000001 0.000001
46 47 0.000000 -0.000000 0.000000
47 47 0.000000 -0.000000 0.000000
48 47 0.000000 -0.000000 0.000000
49 47 0.000000 0.000000 0.000000

0 48 0.000000 0.000000 0.000000
1 48 -0.004124 -0.001484 0.000296
2 48 -0.008547 -0.002420 0.000048
3 48 -0.013640 -0.002066 -0.000555
4 48 -0.019166 0.000007 -0.001389
5 48 -0.025189 0.004728 -0.002687
6 48 -0.030158 0.012013 -0.004112
7 48 -0.033398 0.022201 -0.005686
8 48 -0.031551 0.033524 -0.006778
9 48 -0.023424 0.043916 -0.006617
10 48 -0.006154 0.049195 -0.004707
11 48 0.019278 0.044353 0.000447
12 48 0.047733 0.026853 0.007478
13 48 0.071766 -0.004527 0.016015
14 48 0.074967 -0.040697 0.021370
15 48 0.049583 -0.068095 0.018456
16 48 -0.005094 -0.070710 0.005753
17 48 -0.072437 -0.036208 -0.017297
18 48 -0.107883 0.021199 -0.037341
19 48 -0.082025 0.070140 -0.037246
20 48 0.002750 0.078252 -0.012574
21 48 0.105141 0.025422 0.030707
22 48 0.129569 -0.052831 0.060200
23 48 0.025668 -0.077167 0.032971
24 48 -0.103978 -0.024109 -0.033584
25 48 -0.115378 0.039578 -0.064164
26 48 -0.011419 0.048143 -0.025652
27 48 0.079127 0.010874 0.031320
28 48 0.073167 -0.021693 0.045770
29 48 0.005611 -0.023736 0.015486
30 48 -0.046534 -0.007269 -0.019548
31 48 -0.049836 0.006635 -0.030144
32 48 -0.022155 0.009781 -0.018244
33 48 0.006081 0.005995 -0.000829
34 48 0.019702 0.001376 0.009950
35 48 0.020003 -0.001165 0.012204
36 48 0.014297 -0.001707 0.009582
37 48 0.008233 -0.001305 0.005892
38 48 0.004030 -0.000753 0.003038
39 48 0.001725 -0.000360 0.001359
40 48 0.000657 -0.000149 0.000538
41 48 0.000226 -0.000055 0.000191
42 48 0.000070 -0.000018 0.000062
43 48 0.000020 -0.000005 0.000018
44 48 0.000005 -0.000001 0.000005
45 48 0.000001 -0.000000 0.000001
46 48 0.000000 -0.000000 0.000000
47 48 0.000000 -0.000000 0.000000
48 48 0.000000 -0.000000 0.000000
49 48 0.000000 0.000000 0.000000

0 49 0.000000 0.000000 0.000000
1 49 0.000000 0.000000 0.000000
2 49 0.000000 0.000000 0.000000
3 49 0.000000 0.000000 0.000000
4 49 0.000000 0.000000 0.000000
5 49 0.000000 0.000000 0.000000
6 49 0.000000 0.000000 0.000000
7 49 0.000000 0.000000 0.000000
8 49 0.000000 0.000000 0.000000
9 49 0.000000 0.000000 0.000000
10 49 0.000000 0.000000 0.000000
11 49 0.000000 0.000000 0.000000
12 49 0.000000 0.000000 0.000000
13 49 0.000000 0.000000 0.000000
14 49 0.000000 0.000000 0.000000
15 49 0.000000 0.000000 0.000000
16 49 0.000000 0.000000 0.000000
17 49 0.000000 0.000000 0.000000
18 49 0.000000 0.000000 0.000000
19 49 0.000000 0.000000 0.000000
20 49 0.000000 0.000000 0.000000
21 49 0.000000 0.000000 0.000000
22 49 0.000000 0.000000 0.000000
23 49 0.000000 0.000000 0.000000
24 49 0.000000 0.000000 0.000000
25 49 0.000000 0.000000 0.000000
26 49 0.000000 0.000000 0.000000
27 49 0.000000 0.000000 0.000000
28 49 0.000000 0.000000 0.000000
29 49 0.000000 0.000000 0.000000
30 49 0.000000 0.000000 0.000000
31 49 0.000000 0.000000 0.000000
32 49 0.000000 0.000000 0.000000
33 49 0.000000 0.000000 0.000000
34 49 0.000000 0.000000 0.000000
35 49 0.000000 0.000000 0.000000
36 49 0.000000 0.000000 0.000000
37 49 0.000000 0.000000 0.000000
38 49 0.000000 0.000000 0.000000
39 49 0.000000 0.000000 0.000000
40 49 0.000000 0.000000 0.000000
41 49 0.000000 0.000000 0.000000
42 49 0.000000 0.000000 0.000000
43 49 0.000000 0.000000 0.000000
44 49 0.000000 0.000000 0.000000
45 49 0.000000 0.000000 0.000000
46 49 0.000000 0.000000 0.000000
47 49 0.000000 0.000000 0.000000
48 49 0.000000 0.000000 0.000000
49 49 0.000000 0.000000 0.000000

