#:x y Ey Bx Bz
0 0 0.000000 0.000000 0.000000
1 0 0.000000 0.000000 0.000000
2 0 0.000000 0.000000 0.000000
3 0 0.000000 0.000000 0.000000
4 0 0.000000 0.000000 0.000000
5 0 0.000000 0.000000 0.000000
6 0 0.000000 0.000000 0.000000
7 0 0.000000 0.000000 0.000000
8 0 0.000000 0.000000 0.000000
9 0 0.000000 0.000000 0.000000
10 0 0.000000 0.000000 0.000000
11 0 0.000000 0.000000 0.000000
12 0 0.000000 0.000000 0.000000
13 0 0.000000 0.000000 0.000000
14 0 0.000000 0.000000 0.000000
15 0 0.000000 0.000000 0.000000
16 0 0.000000 0.000000 0.000000
17 0 0.000000 0.000000 0.000000
18 0 0.000000 0.000000 0.000000
19 0 0.000000 0.000000 0.000000
20 0 0.000000 0.000000 0.000000
21 0 0.000000 0.000000 0.000000
22 0 0.000000 0.000000 0.000000
23 0 0.000000 0.000000 0.000000
24 0 0.000000 0.000000 0.000000
25 0 0.000000 0.000000 0.000000
26 0 0.000000 0.000000 0.000000
27 0 0.000000 0.000000 0.000000
28 0 0.000000 0.000000 0.000000
29 0 0.000000 0.000000 0.000000
30 0 0.000000 0.000000 0.000000
31 0 0.000000 0.000000 0.000000
32 0 0.000000 0.000000 0.000000
33 0 0.000000 0.000000 0.000000
34 0 0.000000 0.000000 0.000000
35 0 0.000000 0.000000 0.000000
36 0 0.000000 0.000000 0.000000
37 0 0.000000 0.000000 0.000000
38 0 0.000000 0.000000 0.000000
39 0 0.000000 0.000000 0.000000
40 0 0.000000 0.000000 0.000000
41 0 0.000000 0.000000 0.000000
42 0 0.000000 0.000000 0.000000
43 0 0.000000 0.000000 0.000000
44 0 0.000000 0.000000 0.000000
45 0 0.000000 0.000000 0.000000
46 0 0.000000 0.000000 0.000000
47 0 0.000000 0.000000 0.000000
48 0 0.000000 0.000000 0.000000
49 0 0.000000 0.000000 0.000000

0 1 0.000000 0.000000 0.000000
1 1 -0.070234 0.016378 -0.002164
2 1 -0.062131 0.017274 -0.003852
3 1 -0.054916 0.018613 -0.005096
4 1 -0.048491 0.020180 -0.006045
5 1 -0.042882 0.021573 -0.006730
6 1 -0.037928 0.022601 -0.007170
7 1 -0.033917 0.023266 -0.007671
8 1 -0.031151 0.023316 -0.008238
9 1 -0.029222 0.022835 -0.008722
10 1 -0.028333 0.022270 -0.009569
11 1 -0.029130 0.021421 -0.010950
12 1 -0.030891 0.020054 -0.012301
13 1 -0.032942 0.018852 -0.013799
14 1 -0.036423 0.018092 -0.016266
15 1 -0.041645 0.016896 -0.019246
16 1 -0.046643 0.015150 -0.021669
17 1 -0.050918 0.014105 -0.024187
18 1 -0.056827 0.013980 -0.028150
19 1 -0.064901 0.013194 -0.032748
20 1 -0.071855 0.011129 -0.035941
21 1 -0.075856 0.009561 -0.038008
22 1 -0.080112 0.009968 -0.041431
23 1 -0.088066 0.010937 -0.046918
24 1 -0.097496 0.009817 -0.051821
25 1 -0.102788 0.006206 -0.053514
26 1 -0.102190 0.002434 -0.052809
27 1 -0.099830 0.000705 -0.052722
28 1 -0.100186 0.000817 -0.054532
29 1 -0.102677 0.000953 -0.056325
30 1 -0.102878 -0.000018 -0.055490
31 1 -0.098009 -0.001569 -0.051736
32 1 -0.089847 -0.002535 -0.047171
33 1 -0.082282 -0.002543 -0.043793
34 1 -0.076973 -0.002264 -0.041403
35 1 -0.071855 -0.002548 -0.037981
36 1 -0.063502 -0.003554 -0.031790
37 1 -0.050534 -0.004683 -0.023002
38 1 -0.034828 -0.005209 -0.013518
39 1 -0.019897 -0.004884 -0.005417
40 1 -0.008195 -0.004063 0.000526
41 1 0.000402 -0.003356 0.005189
42 1 0.008072 -0.003182 0.010327
43 1 0.017135 -0.003566 0.017495
44 1 0.028014 -0.004242 0.027561
45 1 0.038023 -0.004902 0.041053
46 1 0.041649 -0.005296 0.058413
47 1 0.033605 -0.005021 0.078386
48 1 0.015342 -0.003356 0.094622
49 1 0.000000 0.000000 0.000000

0 2 0.000000 0.000000 0.000000
1 2 -0.068664 0.039034 -0.001955
2 2 -0.057710 0.041482 -0.003357
3 2 -0.047582 0.042460 -0.004268
4 2 -0.038909 0.042399 -0.004780
5 2 -0.032252 0.041691 -0.005212
6 2 -0.027743 0.040512 -0.005555
7 2 -0.024797 0.039309 -0.005813
8 2 -0.023518 0.038210 -0.006439
9 2 -0.023951 0.036893 -0.007330
10 2 -0.025029 0.035635 -0.008116
11 2 -0.026714 0.034689 -0.009356
12 2 -0.029985 0.033431 -0.011365
13 2 -0.034009 0.031726 -0.013307
14 2 -0.037495 0.030347 -0.015081
15 2 -0.041687 0.029166 -0.017802
16 2 -0.047855 0.027213 -0.021433
17 2 -0.054150 0.024727 -0.024532
18 2 -0.058711 0.022826 -0.026949
19 2 -0.063241 0.021328 -0.030228
20 2 -0.070038 0.019007 -0.034818
21 2 -0.077637 0.015804 -0.039024
22 2 -0.082550 0.012950 -0.041412
23 2 -0.084109 0.010977 -0.042691
24 2 -0.085069 0.009155 -0.044491
25 2 -0.087913 0.007063 -0.047303
26 2 -0.092433 0.005414 -0.050338
27 2 -0.096863 0.004794 -0.052739
28 2 -0.099804 0.004425 -0.054143
29 2 -0.100579 0.002913 -0.054328
30 2 -0.098777 -0.000005 -0.053044
31 2 -0.094424 -0.003046 -0.050411
32 2 -0.088413 -0.004748 -0.047107
33 2 -0.082057 -0.004962 -0.043797
34 2 -0.075873 -0.004854 -0.040399
35 2 -0.068978 -0.005626 -0.036073
36 2 -0.059889 -0.007386 -0.030032
37 2 -0.048020 -0.009177 -0.022373
38 2 -0.034417 -0.009919 -0.014143
39 2 -0.021098 -0.009309 -0.006590
40 2 -0.009605 -0.007958 -0.000284
41 2 -0.000010 -0.006843 0.005228
42 2 0.008926 -0.006616 0.011067
43 2 0.018562 -0.007289 0.018387
44 2 0.028879 -0.008419 0.028066
45 2 0.037403 -0.009509 0.040888
46 2 0.039411 -0.010132 0.057424
47 2 0.030747 -0.009527 0.076279
48 2 0.013574 -0.006339 0.091266
49 2 0.000000 0.000000 0.000000

0 3 0.000000 0.000000 0.000000
1 3 -0.052510 0.052989 -0.001424
2 3 -0.045794 0.056337 -0.002417
3 3 -0.039908 0.058353 -0.003157
4 3 -0.034712 0.059224 -0.003506
5 3 -0.029988 0.059444 -0.003698
6 3 -0.026402 0.059011 -0.004047
7 3 -0.023574 0.057911 -0.004093
8 3 -0.021036 0.056769 -0.004158
9 3 -0.020091 0.055400 -0.004936
10 3 -0.020485 0.053309 -0.005651
11 3 -0.020635 0.051269 -0.006074
12 3 -0.021893 0.049596 -0.007560
13 3 -0.025609 0.047213 -0.009880
14 3 -0.029302 0.044178 -0.011434
15 3 -0.031829 0.041830 -0.012965
16 3 -0.036318 0.039913 -0.016301
17 3 -0.043568 0.036914 -0.020351
18 3 -0.049589 0.033087 -0.022879
19 3 -0.052953 0.030144 -0.024834
20 3 -0.057746 0.028218 -0.028770
21 3 -0.066258 0.025635 -0.034184
22 3 -0.074606 0.021601 -0.038103
23 3 -0.078768 0.017289 -0.039760
24 3 -0.080633 0.014089 -0.041593
25 3 -0.084684 0.012043 -0.045336
26 3 -0.091164 0.010260 -0.049456
27 3 -0.095816 0.008017 -0.051317
28 3 -0.095592 0.005118 -0.050499
29 3 -0.092047 0.001725 -0.048903
30 3 -0.088753 -0.001695 -0.048151
31 3 -0.087018 -0.004461 -0.047868
32 3 -0.085049 -0.006130 -0.046509
33 3 -0.080520 -0.006973 -0.043171
34 3 -0.072936 -0.007835 -0.038274
35 3 -0.063566 -0.009383 -0.032789
36 3 -0.053793 -0.011463 -0.027238
37 3 -0.044006 -0.013208 -0.021484
38 3 -0.033830 -0.013776 -0.015222
39 3 -0.022976 -0.013035 -0.008456
40 3 -0.011665 -0.011653 -0.001492
41 3 -0.000380 -0.010586 0.005407
42 3 0.010551 -0.010443 0.012332
43 3 0.020928 -0.011197 0.019805
44 3 0.030031 -0.012389 0.028752
45 3 0.035791 -0.013520 0.040383
46 3 0.034898 -0.014101 0.055440
47 3 0.025233 -0.013089 0.072248
48 3 0.010198 -0.008644 0.084927
49 3 0.000000 0.000000 0.000000

0 4 0.000000 0.000000 0.000000
1 4 -0.033010 0.060564 -0.000726
2 4 -0.029608 0.064802 -0.001089
3 4 -0.026530 0.068619 -0.001319
4 4 -0.023878 0.071503 -0.001459
5 4 -0.020920 0.073326 -0.001163
6 4 -0.017991 0.074331 -0.001111
7 4 -0.016232 0.073989 -0.001302
8 4 -0.014437 0.072580 -0.000949
9 4 -0.012736 0.071011 -0.001031
10 4 -0.013229 0.068706 -0.002088
11 4 -0.014539 0.065422 -0.002652
12 4 -0.014898 0.062475 -0.003002
13 4 -0.016908 0.059879 -0.004920
14 4 -0.021603 0.056323 -0.007496
15 4 -0.025471 0.052289 -0.008933
16 4 -0.027856 0.049192 -0.010534
17 4 -0.032496 0.046460 -0.014085
18 4 -0.039828 0.042721 -0.018180
19 4 -0.045931 0.038438 -0.020888
20 4 -0.049664 0.034914 -0.023151
21 4 -0.054115 0.032056 -0.026707
22 4 -0.060830 0.028939 -0.031077
23 4 -0.067914 0.025473 -0.034895
24 4 -0.073971 0.022061 -0.038285
25 4 -0.079634 0.018344 -0.041900
26 4 -0.084554 0.013559 -0.044836
27 4 -0.086307 0.007908 -0.045472
28 4 -0.083806 0.002702 -0.044046
29 4 -0.079808 -0.000961 -0.042849
30 4 -0.078219 -0.003191 -0.043510
31 4 -0.079516 -0.004911 -0.044955
32 4 -0.080071 -0.006860 -0.044539
33 4 -0.076014 -0.009145 -0.040831
34 4 -0.067029 -0.011506 -0.034893
35 4 -0.056235 -0.013669 -0.028995
36 4 -0.046939 -0.015406 -0.024457
37 4 -0.039865 -0.016472 -0.020751
38 4 -0.033167 -0.016687 -0.016354
39 4 -0.024536 -0.016145 -0.010214
40 4 -0.013166 -0.015280 -0.002494
41 4 -0.000118 -0.014648 0.005786
42 4 0.012638 -0.014602 0.013681
43 4 0.023307 -0.015109 0.021107
44 4 0.030472 -0.015888 0.029085
45 4 0.032596 -0.016638 0.039270
46 4 0.028122 -0.016905 0.052488
47 4 0.017472 -0.015438 0.066638
48 4 0.005535 -0.010089 0.076282
49 4 0.000000 0.000000 0.000000

0 5 0.000000 0.000000 0.000000
1 5 -0.014609 0.073130 0.000114
2 5 -0.009297 0.076581 0.000526
3 5 -0.004802 0.078425 0.001285
4 5 -0.001923 0.079187 0.001732
5 5 -0.000866 0.078807 0.002306
6 5 -0.000093 0.078086 0.003119
7 5 -0.000683 0.077327 0.003001
8 5 -0.002863 0.075749 0.002810
9 5 -0.003974 0.074013 0.003272
10 5 -0.005237 0.072726 0.002632
11 5 -0.008799 0.070681 0.001090
12 5 -0.011718 0.067787 0.000598
13 5 -0.012892 0.065380 -0.000005
14 5 -0.016163 0.063072 -0.002516
15 5 -0.021687 0.059593 -0.005234
16 5 -0.025449 0.055503 -0.006624
17 5 -0.027785 0.051939 -0.008512
18 5 -0.032492 0.048484 -0.012227
19 5 -0.039251 0.044251 -0.016106
20 5 -0.044633 0.039371 -0.018827
21 5 -0.048252 0.034348 -0.021434
22 5 -0.052210 0.029318 -0.024772
23 5 -0.056558 0.024469 -0.027898
24 5 -0.059632 0.020091 -0.030025
25 5 -0.061459 0.015933 -0.031877
26 5 -0.063603 0.011376 -0.034201
27 5 -0.066372 0.006499 -0.036458
28 5 -0.068575 0.002295 -0.037885
29 5 -0.069814 -0.000516 -0.038820
30 5 -0.071022 -0.002493 -0.039986
31 5 -0.072300 -0.004925 -0.040899
32 5 -0.071639 -0.008447 -0.039948
33 5 -0.066787 -0.012452 -0.036224
34 5 -0.058045 -0.015783 -0.030791
35 5 -0.048478 -0.017772 -0.025820
36 5 -0.041186 -0.018591 -0.022560
37 5 -0.036536 -0.018832 -0.020247
38 5 -0.032013 -0.018940 -0.016896
39 5 -0.024541 -0.019023 -0.011038
40 5 -0.013001 -0.019021 -0.002835
41 5 0.001043 -0.018916 0.006207
42 5 0.014509 -0.018762 0.014484
43 5 0.024489 -0.018628 0.021537
44 5 0.029075 -0.018577 0.028501
45 5 0.027263 -0.018627 0.037321
46 5 0.019259 -0.018405 0.048675
47 5 0.008088 -0.016501 0.059917
48 5 0.000046 -0.010640 0.066193
49 5 0.000000 0.000000 0.000000

0 6 0.000000 0.000000 0.000000
1 6 0.007336 0.076947 0.001062
2 6 0.008301 0.080172 0.002066
3 6 0.008732 0.081676 0.003352
4 6 0.009394 0.082364 0.004580
5 6 0.009005 0.082345 0.005192
6 6 0.008567 0.081455 0.006348
7 6 0.009194 0.080643 0.007373
8 6 0.008313 0.079606 0.007233
9 6 0.006776 0.077600 0.007612
10 6 0.006977 0.075605 0.008403
11 6 0.006107 0.073857 0.007654
12 6 0.002962 0.071227 0.006484
13 6 0.001023 0.067954 0.006366
14 6 0.000091 0.065007 0.005597
15 6 -0.003153 0.061996 0.003273
16 6 -0.007781 0.058253 0.001097
17 6 -0.011152 0.054068 -0.000497
18 6 -0.014256 0.049794 -0.002851
19 6 -0.018677 0.045419 -0.005925
20 6 -0.023427 0.041081 -0.008736
21 6 -0.027980 0.036746 -0.011753
22 6 -0.033604 0.031814 -0.015758
23 6 -0.039898 0.025990 -0.019665
24 6 -0.044214 0.020040 -0.021975
25 6 -0.045894 0.014973 -0.023372
26 6 -0.047810 0.010912 -0.025816
27 6 -0.052339 0.007298 -0.029623
28 6 -0.058047 0.003782 -0.033043
29 6 -0.061694 0.000341 -0.034592
30 6 -0.062021 -0.003249 -0.034529
31 6 -0.060198 -0.007412 -0.033817
32 6 -0.057397 -0.012100 -0.032616
33 6 -0.053482 -0.016448 -0.030423
34 6 -0.048165 -0.019385 -0.027269
35 6 -0.042344 -0.020564 -0.024072
36 6 -0.037471 -0.020634 -0.021618
37 6 -0.033736 -0.020634 -0.019480
38 6 -0.029377 -0.021171 -0.016183
39 6 -0.022022 -0.022110 -0.010491
40 6 -0.010807 -0.022878 -0.002536
41 6 0.002660 -0.022990 0.006204
42 6 0.015112 -0.022350 0.014043
43 6 0.023261 -0.021243 0.020453
44 6 0.024945 -0.020139 0.026621
45 6 0.019541 -0.019383 0.034471
46 6 0.008745 -0.018652 0.044217
47 6 -0.002123 -0.016405 0.052616
48 6 -0.005717 -0.010406 0.055553
49 6 0.000000 0.000000 0.000000

0 7 0.000000 0.000000 0.000000
1 7 0.028619 0.070553 0.001943
2 7 0.024727 0.075738 0.003729
3 7 0.021401 0.079609 0.005237
4 7 0.019683 0.081933 0.007140
5 7 0.019168 0.083205 0.008449
6 7 0.018034 0.083035 0.009382
7 7 0.018086 0.081675 0.011039
8 7 0.018832 0.080110 0.011979
9 7 0.017734 0.078004 0.012068
10 7 0.016821 0.075166 0.012907
11 7 0.017132 0.072399 0.013529
12 7 0.015941 0.069744 0.012887
13 7 0.013541 0.066699 0.012299
14 7 0.012037 0.063316 0.012004
15 7 0.010429 0.059766 0.010882
16 7 0.007685 0.056148 0.009268
17 7 0.004789 0.052598 0.007727
18 7 0.001546 0.048757 0.005484
19 7 -0.002835 0.044113 0.002541
20 7 -0.006917 0.039146 0.000209
21 7 -0.009540 0.034879 -0.001631
22 7 -0.012843 0.031285 -0.004699
23 7 -0.018959 0.027373 -0.009226
24 7 -0.026261 0.022745 -0.013432
25 7 -0.031988 0.017969 -0.016453
26 7 -0.036378 0.013421 -0.019438
27 7 -0.041285 0.008710 -0.023136
28 7 -0.046164 0.003425 -0.026237
29 7 -0.048237 -0.002171 -0.027100
30 7 -0.046412 -0.007470 -0.026059
31 7 -0.042972 -0.012135 -0.025002
32 7 -0.040887 -0.016093 -0.025057
33 7 -0.040640 -0.019158 -0.025535
34 7 -0.040363 -0.021047 -0.025093
35 7 -0.038356 -0.021823 -0.023283
36 7 -0.034596 -0.022112 -0.020658
37 7 -0.029894 -0.022718 -0.017680
38 7 -0.024327 -0.023978 -0.013994
39 7 -0.017021 -0.025491 -0.008872
40 7 -0.007403 -0.026441 -0.002202
41 7 0.003548 -0.026196 0.005108
42 7 0.013289 -0.024708 0.011818
43 7 0.018788 -0.022512 0.017549
44 7 0.017745 -0.020418 0.023394
45 7 0.009655 -0.018989 0.030874
46 7 -0.002718 -0.017875 0.039429
47 7 -0.012290 -0.015434 0.045248
48 7 -0.011190 -0.009598 0.045147
49 7 0.000000 0.000000 0.000000

0 8 0.000000 0.000000 0.000000
1 8 0.052856 0.064414 0.002790
2 8 0.048853 0.066727 0.005539
3 8 0.044123 0.068316 0.007653
4 8 0.038642 0.069181 0.009612
5 8 0.034146 0.069708 0.011554
6 8 0.029776 0.070227 0.012596
7 8 0.025498 0.070358 0.013679
8 8 0.023135 0.070180 0.015014
9 8 0.021446 0.069906 0.015604
10 8 0.019614 0.069337 0.016100
11 8 0.018837 0.068289 0.016818
12 8 0.018474 0.066677 0.017005
13 8 0.017833 0.064736 0.017025
14 8 0.017410 0.062755 0.017016
15 8 0.016278 0.060246 0.016084
16 8 0.014021 0.056728 0.014739
17 8 0.012471 0.052924 0.014045
18 8 0.011454 0.049562 0.012866
19 8 0.008116 0.045962 0.009865
20 8 0.002515 0.041228 0.006376
21 8 -0.001942 0.035735 0.004086
22 8 -0.004353 0.030337 0.002125
23 8 -0.007309 0.025143 -0.001004
24 8 -0.011881 0.019899 -0.004692
25 8 -0.016134 0.014720 -0.007546
26 8 -0.018940 0.009721 -0.009802
27 8 -0.021585 0.004535 -0.012520
28 8 -0.024841 -0.001156 -0.015388
29 8 -0.027222 -0.006898 -0.017062
30 8 -0.027456 -0.011758 -0.017387
31 8 -0.026944 -0.015254 -0.017882
32 8 -0.028239 -0.017686 -0.019748
33 8 -0.031660 -0.019619 -0.022204
34 8 -0.034597 -0.021328 -0.023272
35 8 -0.034176 -0.022831 -0.021826
36 8 -0.029922 -0.024220 -0.018486
37 8 -0.023631 -0.025701 -0.014639
38 8 -0.017205 -0.027294 -0.010996
39 8 -0.011080 -0.028590 -0.007232
40 8 -0.004645 -0.028918 -0.002774
41 8 0.002244 -0.027803 0.002366
42 8 0.008272 -0.025348 0.007665
43 8 0.010961 -0.022260 0.012982
44 8 0.007855 -0.019510 0.019128
45 8 -0.001695 -0.017715 0.026873
46 8 -0.014267 -0.016425 0.034657
47 8 -0.021607 -0.013939 0.038235
48 8 -0.015898 -0.008468 0.035549
49 8 0.000000 0.000000 0.000000

0 9 0.000000 0.000000 0.000000
1 9 0.066807 0.053949 0.003403
2 9 0.060559 0.053660 0.006517
3 9 0.054395 0.053575 0.009208
4 9 0.048323 0.053945 0.011331
5 9 0.043128 0.054610 0.013407
6 9 0.039262 0.055383 0.015117
7 9 0.036111 0.056227 0.016577
8 9 0.034014 0.057048 0.018083
9 9 0.032629 0.057391 0.019213
10 9 0.031771 0.057251 0.020425
11 9 0.031943 0.057153 0.021758
12 9 0.031789 0.056705 0.022209
13 9 0.030886 0.055218 0.022482
14 9 0.031310 0.053348 0.023533
15 9 0.032307 0.051759 0.023837
16 9 0.030962 0.049658 0.022547
17 9 0.028487 0.046399 0.021499
18 9 0.027823 0.042671 0.021333
19 9 0.027581 0.039103 0.020209
20 9 0.024959 0.035423 0.017567
21 9 0.020850 0.031323 0.014882
22 9 0.017236 0.026815 0.012503
23 9 0.013425 0.021722 0.009334
24 9 0.008497 0.015874 0.005543
25 9 0.004090 0.009731 0.002632
26 9 0.001775 0.004054 0.000803
27 9 0.000091 -0.000943 -0.001457
28 9 -0.003353 -0.005539 -0.004940
29 9 -0.008401 -0.009751 -0.008591
30 9 -0.013015 -0.013167 -0.011276
31 9 -0.016483 -0.015605 -0.013396
32 9 -0.020025 -0.017546 -0.015951
33 9 -0.024204 -0.019701 -0.018658
34 9 -0.027246 -0.022316 -0.019891
35 9 -0.026667 -0.025040 -0.018471
36 9 -0.022055 -0.027380 -0.015005
37 9 -0.015630 -0.029089 -0.011290
38 9 -0.010179 -0.030122 -0.008625
39 9 -0.006780 -0.030353 -0.006878
40 9 -0.004541 -0.029503 -0.004999
41 9 -0.002198 -0.027379 -0.002123
42 9 0.000135 -0.024198 0.001965
43 9 0.000511 -0.020677 0.007336
44 9 -0.003731 -0.017753 0.014376
45 9 -0.013521 -0.015949 0.022884
46 9 -0.025065 -0.014682 0.030203
47 9 -0.029478 -0.012259 0.031855
48 9 -0.019534 -0.007245 0.027081
49 9 0.000000 0.000000 0.000000

0 10 0.000000 0.000000 0.000000
1 10 0.067007 0.042292 0.003657
2 10 0.060415 0.042632 0.006861
3 10 0.055430 0.042287 0.009644
4 10 0.051547 0.041398 0.012061
5 10 0.048709 0.040527 0.014412
6 10 0.046372 0.039900 0.016278
7 10 0.044132 0.039240 0.018054
8 10 0.043202 0.039064 0.020254
9 10 0.042689 0.039528 0.021766
10 10 0.041421 0.039707 0.022946
11 10 0.041638 0.039653 0.025079
12 10 0.043279 0.040017 0.026811
13 10 0.043346 0.040164 0.027251
14 10 0.042908 0.039357 0.028153
15 10 0.044430 0.038038 0.029679
16 10 0.045922 0.036601 0.030018
17 10 0.045342 0.034757 0.029355
18 10 0.044334 0.032287 0.028958
19 10 0.043813 0.029110 0.028270
20 10 0.042481 0.025142 0.026604
21 10 0.040596 0.020794 0.024951
22 10 0.039482 0.016815 0.023716
23 10 0.037903 0.013297 0.021461
24 10 0.033611 0.009602 0.017513
25 10 0.027400 0.005438 0.013339
26 10 0.021894 0.001260 0.010095
27 10 0.017274 -0.002510 0.006825
28 10 0.011391 -0.006001 0.002296
29 10 0.003695 -0.009453 -0.002815
30 10 -0.003574 -0.012755 -0.006823
31 10 -0.008422 -0.015726 -0.009290
32 10 -0.011363 -0.018567 -0.011215
33 10 -0.013882 -0.021682 -0.013197
34 10 -0.015861 -0.025098 -0.014430
35 10 -0.015720 -0.028262 -0.013820
36 10 -0.012810 -0.030470 -0.011581
37 10 -0.008773 -0.031384 -0.009267
38 10 -0.006216 -0.031117 -0.008285
39 10 -0.006347 -0.029914 -0.008624
40 10 -0.008124 -0.027887 -0.008977
41 10 -0.009616 -0.025060 -0.007869
42 10 -0.010123 -0.021652 -0.004488
43 10 -0.011214 -0.018246 0.001411
44 10 -0.015733 -0.015605 0.009743
45 10 -0.024836 -0.014077 0.019262
46 10 -0.034485 -0.012956 0.026249
47 10 -0.035602 -0.010644 0.026225
48 10 -0.021998 -0.006096 0.019836
49 10 0.000000 0.000000 0.000000

0 11 0.000000 0.000000 0.000000
1 11 0.071849 0.022709 0.003677
2 11 0.061855 0.021685 0.006717
3 11 0.053477 0.020987 0.009237
4 11 0.046362 0.020820 0.011053
5 11 0.041192 0.021047 0.013126
6 11 0.038720 0.022094 0.015162
7 11 0.037025 0.023586 0.016621
8 11 0.036767 0.024894 0.018902
9 11 0.039134 0.026411 0.021594
10 11 0.041452 0.028089 0.023436
11 11 0.043382 0.029259 0.025647
12 11 0.047008 0.029923 0.028554
13 11 0.050904 0.030364 0.030698
14 11 0.053471 0.030555 0.032343
15 11 0.055916 0.030343 0.034190
16 11 0.058218 0.029414 0.035376
17 11 0.059399 0.027685 0.035844
18 11 0.060409 0.025766 0.036507
19 11 0.061303 0.024069 0.036562
20 11 0.059781 0.021973 0.034723
21 11 0.055678 0.018808 0.032040
22 11 0.051924 0.014908 0.030119
23 11 0.049446 0.010977 0.028218
24 11 0.045862 0.007156 0.024844
25 11 0.040069 0.003327 0.020523
26 11 0.033915 -0.000320 0.016684
27 11 0.028550 -0.003601 0.013115
28 11 0.022587 -0.006814 0.008597
29 11 0.015089 -0.010403 0.003353
30 11 0.007888 -0.014355 -0.000899
31 11 0.003390 -0.018266 -0.003247
32 11 0.001446 -0.021874 -0.004664
33 11 -0.000138 -0.025220 -0.006467
34 11 -0.002604 -0.028258 -0.008588
35 11 -0.005010 -0.030571 -0.009922
36 11 -0.006051 -0.031608 -0.010012
37 11 -0.006151 -0.031166 -0.009776
38 11 -0.007182 -0.029528 -0.010492
39 11 -0.010363 -0.027185 -0.012344
40 11 -0.014892 -0.024469 -0.014094
41 11 -0.018775 -0.021496 -0.013984
42 11 -0.020951 -0.018394 -0.010772
43 11 -0.022731 -0.015547 -0.004046
44 11 -0.026993 -0.013489 0.005696
45 11 -0.034912 -0.012379 0.016209
46 11 -0.042217 -0.011438 0.022843
47 11 -0.039978 -0.009231 0.021331
48 11 -0.023380 -0.005107 0.013740
49 11 0.000000 0.000000 0.000000

0 12 0.000000 0.000000 0.000000
1 12 0.068907 -0.003379 0.003328
2 12 0.056362 -0.004165 0.005673
3 12 0.046513 -0.003596 0.007729
4 12 0.039663 -0.001902 0.009216
5 12 0.034752 0.000341 0.010592
6 12 0.032776 0.002729 0.012652
7 12 0.032954 0.005357 0.014554
8 12 0.033732 0.008058 0.016630
9 12 0.036115 0.010541 0.019480
10 12 0.039706 0.012724 0.022274
11 12 0.043414 0.014790 0.025158
12 12 0.047704 0.016817 0.028365
13 12 0.051911 0.018270 0.031038
14 12 0.055598 0.018864 0.033598
15 12 0.060090 0.019262 0.036672
16 12 0.064427 0.019736 0.038812
17 12 0.066225 0.019487 0.039375
18 12 0.066859 0.018114 0.040089
19 12 0.068839 0.016274 0.041351
20 12 0.070556 0.014494 0.041321
21 12 0.069408 0.012632 0.039547
22 12 0.066353 0.010542 0.037461
23 12 0.063091 0.008213 0.035239
24 12 0.058663 0.005379 0.031690
25 12 0.052136 0.001782 0.027026
26 12 0.045340 -0.002301 0.022872
27 12 0.040178 -0.006353 0.019596
28 12 0.035660 -0.010279 0.015894
29 12 0.029924 -0.014342 0.011219
30 12 0.023547 -0.018532 0.006839
31 12 0.018696 -0.022396 0.003938
32 12 0.015752 -0.025500 0.001874
33 12 0.012630 -0.027785 -0.000893
34 12 0.007540 -0.029347 -0.004739
35 12 0.001140 -0.030078 -0.008518
36 12 -0.004584 -0.029698 -0.011126
37 12 -0.008837 -0.028127 -0.012797
38 12 -0.012719 -0.025683 -0.014638
39 12 -0.017573 -0.022896 -0.017135
40 12 -0.023195 -0.020146 -0.019371
41 12 -0.027989 -0.017543 -0.019563
42 12 -0.030861 -0.015111 -0.016159
43 12 -0.032889 -0.013044 -0.008545
44 12 -0.036758 -0.011669 0.002465
45 12 -0.043398 -0.010983 0.013757
46 12 -0.048260 -0.010184 0.019923
47 12 -0.042832 -0.008054 0.017079
48 12 -0.023893 -0.004298 0.008633
49 12 0.000000 0.000000 0.000000

0 13 0.000000 0.000000 0.000000
1 13 0.058485 -0.023081 0.002504
2 13 0.049922 -0.027099 0.004072
3 13 0.042383 -0.029047 0.005219
4 13 0.036397 -0.029067 0.006225
5 13 0.031760 -0.027306 0.007210
6 13 0.028798 -0.023984 0.008691
7 13 0.027623 -0.019812 0.010430
8 13 0.028041 -0.015289 0.012768
9 13 0.030599 -0.010298 0.015894
10 13 0.034092 -0.005366 0.018820
11 13 0.037863 -0.001296 0.022107
12 13 0.043612 0.002272 0.026472
13 13 0.050151 0.005745 0.030253
14 13 0.054833 0.008442 0.033001
15 13 0.059291 0.009954 0.036402
16 13 0.065246 0.010796 0.040054
17 13 0.070197 0.011308 0.042187
18 13 0.072615 0.011340 0.043280
19 13 0.074244 0.010732 0.044357
20 13 0.075453 0.009267 0.044570
21 13 0.074959 0.006778 0.043454
22 13 0.073620 0.003658 0.042273
23 13 0.073022 0.000600 0.041370
24 13 0.071849 -0.002254 0.039235
25 13 0.067928 -0.005311 0.035320
26 13 0.062183 -0.008736 0.031152
27 13 0.057089 -0.012234 0.027770
28 13 0.052652 -0.015587 0.024189
29 13 0.046854 -0.018873 0.019352
30 13 0.039311 -0.022044 0.014007
31 13 0.031913 -0.024686 0.009541
32 13 0.025751 -0.026369 0.005854
33 13 0.019413 -0.027063 0.001546
34 13 0.011047 -0.027030 -0.004033
35 13 0.001038 -0.026421 -0.009832
36 13 -0.008322 -0.025154 -0.014339
37 13 -0.015402 -0.023170 -0.017239
38 13 -0.020714 -0.020690 -0.019481
39 13 -0.025794 -0.018139 -0.021879
40 13 -0.031169 -0.015850 -0.023942
41 13 -0.035862 -0.013905 -0.024006
42 13 -0.038906 -0.012259 -0.020283
43 13 -0.041115 -0.010977 -0.011920
44 13 -0.044759 -0.010226 0.000059
45 13 -0.050282 -0.009881 0.011817
46 13 -0.052826 -0.009161 0.017375
47 13 -0.044503 -0.007081 0.013348
48 13 -0.023795 -0.003649 0.004335
49 13 0.000000 0.000000 0.000000

0 14 0.000000 0.000000 0.000000
1 14 0.034723 -0.041819 0.000945
2 14 0.027618 -0.047933 0.001018
3 14 0.022374 -0.050581 0.000970
4 14 0.019323 -0.050129 0.000992
5 14 0.017868 -0.047642 0.001398
6 14 0.018838 -0.043763 0.003051
7 14 0.021750 -0.038725 0.005110
8 14 0.024855 -0.033467 0.007550
9 14 0.029690 -0.028445 0.011532
10 14 0.036372 -0.023318 0.015841
11 14 0.042225 -0.018368 0.019674
12 14 0.048150 -0.014152 0.024393
13 14 0.055724 -0.010630 0.029588
14 14 0.062961 -0.007572 0.033925
15 14 0.069036 -0.004904 0.038024
16 14 0.075100 -0.002799 0.042100
17 14 0.080427 -0.001682 0.045113
18 14 0.084448 -0.001564 0.047477
19 14 0.088601 -0.001752 0.050059
20 14 0.092402 -0.001839 0.051608
21 14 0.093157 -0.002294 0.050910
22 14 0.090961 -0.003622 0.049230
23 14 0.088618 -0.005685 0.047910
24 14 0.086593 -0.008160 0.046014
25 14 0.082815 -0.010969 0.042458
26 14 0.077037 -0.013960 0.038186
27 14 0.071234 -0.016704 0.034406
28 14 0.065784 -0.018912 0.030427
29 14 0.058662 -0.020685 0.024911
30 14 0.048866 -0.022168 0.018201
31 14 0.038121 -0.023183 0.011867
32 14 0.028320 -0.023432 0.006434
33 14 0.018954 -0.022917 0.000826
34 14 0.008299 -0.021946 -0.005824
35 14 -0.003691 -0.020777 -0.012734
36 14 -0.014864 -0.019397 -0.018265
37 14 -0.023172 -0.017695 -0.021714
38 14 -0.028692 -0.015743 -0.023856
39 14 -0.033089 -0.013822 -0.025760
40 14 -0.037541 -0.012200 -0.027349
41 14 -0.041709 -0.010949 -0.027128
42 14 -0.044811 -0.010007 -0.023129
43 14 -0.047372 -0.009373 -0.014255
44 14 -0.051092 -0.009101 -0.001657
45 14 -0.055763 -0.008984 0.010249
46 14 -0.056219 -0.008289 0.015086
47 14 -0.045341 -0.006256 0.010032
48 14 -0.023329 -0.003123 0.000685
49 14 0.000000 0.000000 0.000000

0 15 0.000000 0.000000 0.000000
1 15 -0.003888 -0.052770 -0.001316
2 15 -0.005882 -0.058806 -0.003332
3 15 -0.005615 -0.062028 -0.005072
4 15 -0.003041 -0.062771 -0.005862
5 15 0.000402 -0.061300 -0.006121
6 15 0.004273 -0.058328 -0.004962
7 15 0.009851 -0.054277 -0.002399
8 15 0.015850 -0.049296 0.000603
9 15 0.021989 -0.043807 0.004680
10 15 0.029471 -0.038377 0.009696
11 15 0.037446 -0.033274 0.014836
12 15 0.045662 -0.028297 0.020541
13 15 0.054405 -0.023526 0.026374
14 15 0.062338 -0.019653 0.031447
15 15 0.069798 -0.016836 0.036716
16 15 0.078285 -0.014383 0.042350
17 15 0.085892 -0.012098 0.046477
18 15 0.090379 -0.010598 0.048940
19 15 0.093700 -0.010189 0.051493
20 15 0.097791 -0.010541 0.053982
21 15 0.100832 -0.011311 0.054828
22 15 0.101320 -0.012268 0.054284
23 15 0.100580 -0.013110 0.053498
24 15 0.099044 -0.013757 0.051820
25 15 0.094804 -0.014512 0.048033
26 15 0.087377 -0.015576 0.042873
27 15 0.079003 -0.016687 0.037914
28 15 0.070986 -0.017484 0.032976
29 15 0.061766 -0.017941 0.026653
30 15 0.049900 -0.018209 0.018865
31 15 0.036721 -0.018238 0.011173
32 15 0.024548 -0.017819 0.004582
33 15 0.013608 -0.016937 -0.001645
34 15 0.002298 -0.015861 -0.008557
35 15 -0.009947 -0.014846 -0.015746
36 15 -0.021390 -0.013890 -0.021633
37 15 -0.029833 -0.012828 -0.025235
38 15 -0.034969 -0.011609 -0.027113
39 15 -0.038437 -0.010396 -0.028468
40 15 -0.041884 -0.009403 -0.029556
41 15 -0.045533 -0.008719 -0.029069
42 15 -0.048809 -0.008304 -0.024910
43 15 -0.051957 -0.008129 -0.015763
44 15 -0.056038 -0.008179 -0.002862
45 15 -0.060116 -0.008189 0.008924
46 15 -0.058737 -0.007491 0.012976
47 15 -0.045646 -0.005522 0.007059
48 15 -0.022689 -0.002682 -0.002437
49 15 0.000000 0.000000 0.000000

0 16 0.000000 0.000000 0.000000
1 16 -0.040682 -0.065653 -0.004292
2 16 -0.041932 -0.071421 -0.008899
3 16 -0.040770 -0.073157 -0.012893
4 16 -0.037293 -0.071719 -0.015356
5 16 -0.031691 -0.068236 -0.016284
6 16 -0.024493 -0.063386 -0.015405
7 16 -0.015717 -0.057757 -0.012902
8 16 -0.006232 -0.052212 -0.009322
9 16 0.004247 -0.046886 -0.004138
10 16 0.015919 -0.041448 0.001922
11 16 0.026765 -0.036380 0.007756
12 16 0.037253 -0.032163 0.014485
13 16 0.049259 -0.028310 0.022072
14 16 0.060623 -0.024498 0.028560
15 16 0.069520 -0.021157 0.034230
16 16 0.078152 -0.018599 0.040376
17 16 0.087141 -0.016680 0.045954
18 16 0.094284 -0.015122 0.049961
19 16 0.099418 -0.013625 0.053263
20 16 0.103467 -0.012154 0.055818
21 16 0.105096 -0.011159 0.056322
22 16 0.103472 -0.011022 0.055166
23 16 0.100741 -0.011487 0.053946
24 16 0.098249 -0.012021 0.052383
25 16 0.094035 -0.012445 0.048882
26 16 0.086519 -0.012822 0.043549
27 16 0.077264 -0.013054 0.037974
28 16 0.068038 -0.012970 0.032469
29 16 0.057908 -0.012648 0.025777
30 16 0.045324 -0.012326 0.017529
31 16 0.031262 -0.012049 0.009179
32 16 0.018248 -0.011644 0.002068
33 16 0.007078 -0.011025 -0.004225
34 16 -0.003716 -0.010358 -0.010882
35 16 -0.015191 -0.009846 -0.017884
36 16 -0.026116 -0.009481 -0.023806
37 16 -0.034277 -0.009078 -0.027460
38 16 -0.038994 -0.008519 -0.029151
39 16 -0.041734 -0.007888 -0.030095
40 16 -0.044421 -0.007369 -0.030794
41 16 -0.047748 -0.007072 -0.030123
42 16 -0.051364 -0.006995 -0.025914
43 16 -0.055276 -0.007106 -0.016682
44 16 -0.059911 -0.007343 -0.003720
45 16 -0.063591 -0.007410 0.007755
46 16 -0.060621 -0.006706 0.011009
47 16 -0.045639 -0.004838 0.004390
48 16 -0.022004 -0.002297 -0.005119
49 16 0.000000 0.000000 0.000000

0 17 0.000000 0.000000 0.000000
1 17 -0.080643 -0.078492 -0.008075
2 17 -0.080136 -0.080082 -0.015973
3 17 -0.076013 -0.078132 -0.022231
4 17 -0.068893 -0.073985 -0.025995
5 17 -0.060315 -0.068687 -0.027778
6 17 -0.051067 -0.063245 -0.027113
7 17 -0.040034 -0.057735 -0.024082
8 17 -0.028774 -0.052065 -0.020210
9 17 -0.018004 -0.046723 -0.014960
10 17 -0.005614 -0.041830 -0.007997
11 17 0.007357 -0.037064 -0.000976
12 17 0.019192 -0.032418 0.006132
13 17 0.031261 -0.028218 0.013997
14 17 0.043575 -0.024724 0.021545
15 17 0.054821 -0.021745 0.028523
16 17 0.065560 -0.018825 0.035519
17 17 0.075386 -0.016043 0.041440
18 17 0.082464 -0.014018 0.045561
19 17 0.087803 -0.012894 0.049311
20 17 0.093539 -0.012101 0.053085
21 17 0.098144 -0.011183 0.055071
22 17 0.099013 -0.010168 0.054694
23 17 0.096994 -0.009163 0.053399
24 17 0.093926 -0.008211 0.051524
25 17 0.088906 -0.007484 0.047783
26 17 0.080609 -0.007142 0.042095
27 17 0.070515 -0.007054 0.036071
28 17 0.060761 -0.006930 0.030372
29 17 0.050809 -0.006706 0.023835
30 17 0.038845 -0.006550 0.015758
31 17 0.025283 -0.006535 0.007355
32 17 0.012575 -0.006523 0.000164
33 17 0.001937 -0.006399 -0.005936
34 17 -0.007893 -0.006250 -0.012177
35 17 -0.018322 -0.006236 -0.018866
36 17 -0.028583 -0.006355 -0.024764
37 17 -0.036499 -0.006435 -0.028530
38 17 -0.041040 -0.006337 -0.030200
39 17 -0.043405 -0.006098 -0.030923
40 17 -0.045659 -0.005881 -0.031373
41 17 -0.048878 -0.005813 -0.030596
42 17 -0.052948 -0.005923 -0.026408
43 17 -0.057699 -0.006187 -0.017210
44 17 -0.062970 -0.006512 -0.004351
45 17 -0.066383 -0.006592 0.006696
46 17 -0.062044 -0.005902 0.009184
47 17 -0.045470 -0.004179 0.002010
48 17 -0.021356 -0.001948 -0.007416
49 17 0.000000 0.000000 0.000000

0 18 0.000000 0.000000 0.000000
1 18 -0.107269 -0.092627 -0.012766
2 18 -0.105259 -0.091838 -0.024247
3 18 -0.101308 -0.086392 -0.033071
4 18 -0.095663 -0.078612 -0.038220
5 18 -0.088022 -0.070030 -0.040322
6 18 -0.079472 -0.061418 -0.039946
7 18 -0.069323 -0.053431 -0.036920
8 18 -0.057445 -0.046416 -0.032255
9 18 -0.044816 -0.040120 -0.026239
10 18 -0.031158 -0.034329 -0.018902
11 18 -0.017197 -0.029396 -0.011266
12 18 -0.003381 -0.025382 -0.003038
13 18 0.011379 -0.021639 0.006016
14 18 0.025628 -0.017962 0.014216
15 18 0.037421 -0.014895 0.021388
16 18 0.048700 -0.012603 0.029040
17 18 0.060594 -0.010600 0.036379
18 18 0.070318 -0.008550 0.041650
19 18 0.076654 -0.006530 0.045488
20 18 0.081420 -0.004781 0.048804
21 18 0.084693 -0.003596 0.050566
22 18 0.085054 -0.003118 0.050309
23 18 0.083477 -0.003068 0.049395
24 18 0.081712 -0.002992 0.048218
25 18 0.078591 -0.002758 0.045303
26 18 0.072056 -0.002540 0.040133
27 18 0.063022 -0.002429 0.034232
28 18 0.053902 -0.002338 0.028637
29 18 0.044767 -0.002263 0.022435
30 18 0.033868 -0.002344 0.014724
31 18 0.021210 -0.002641 0.006475
32 18 0.009101 -0.003013 -0.000677
33 18 -0.000929 -0.003312 -0.006589
34 18 -0.009908 -0.003561 -0.012477
35 18 -0.019464 -0.003881 -0.018908
36 18 -0.029225 -0.004285 -0.024831
37 18 -0.037088 -0.004634 -0.028798
38 18 -0.041718 -0.004793 -0.030593
39 18 -0.044022 -0.004779 -0.031253
40 18 -0.046109 -0.004728 -0.031565
41 18 -0.049370 -0.004775 -0.030731
42 18 -0.053929 -0.004969 -0.026594
43 18 -0.059497 -0.005292 -0.017492
44 18 -0.065401 -0.005639 -0.004831
45 18 -0.068624 -0.005713 0.005736
46 18 -0.063124 -0.005065 0.007520
47 18 -0.045230 -0.003530 -0.000077
48 18 -0.020784 -0.001623 -0.009364
49 18 0.000000 0.000000 0.000000

0 19 0.000000 0.000000 0.000000
1 19 -0.130222 -0.109248 -0.019070
2 19 -0.127317 -0.101658 -0.034854
3 19 -0.121955 -0.089579 -0.045639
4 19 -0.114821 -0.076798 -0.051410
5 19 -0.106453 -0.065252 -0.053386
6 19 -0.097283 -0.055674 -0.052223
7 19 -0.086488 -0.047593 -0.048328
8 19 -0.075018 -0.040596 -0.043240
9 19 -0.063572 -0.034840 -0.036790
10 19 -0.050198 -0.029966 -0.028494
11 19 -0.035835 -0.025367 -0.020109
12 19 -0.022697 -0.021144 -0.011900
13 19 -0.009096 -0.017630 -0.002646
14 19 0.005687 -0.014700 0.006618
15 19 0.019295 -0.011980 0.014791
16 19 0.031480 -0.009298 0.022661
17 19 0.043093 -0.006923 0.029976
18 19 0.052906 -0.005271 0.035658
19 19 0.060765 -0.004270 0.040474
20 19 0.068362 -0.003344 0.045151
21 19 0.074820 -0.002142 0.048173
22 19 0.077395 -0.000853 0.048497
23 19 0.076425 0.000221 0.047487
24 19 0.074381 0.000983 0.046143
25 19 0.071231 0.001399 0.043376
26 19 0.065218 0.001424 0.038492
27 19 0.056904 0.001155 0.032814
28 19 0.048594 0.000811 0.027507
29 19 0.040549 0.000490 0.021778
30 19 0.030916 0.000099 0.014538
31 19 0.019279 -0.000435 0.006513
32 19 0.007762 -0.001022 -0.000606
33 19 -0.001841 -0.001536 -0.006431
34 19 -0.010273 -0.001974 -0.012107
35 19 -0.019264 -0.002433 -0.018386
36 19 -0.028753 -0.002934 -0.024393
37 19 -0.036731 -0.003374 -0.028615
38 19 -0.041623 -0.003639 -0.030618
39 19 -0.044062 -0.003729 -0.031314
40 19 -0.046150 -0.003757 -0.031557
41 19 -0.049528 -0.003849 -0.030692
42 19 -0.054549 -0.004062 -0.026609
43 19 -0.060850 -0.004385 -0.017626
44 19 -0.067323 -0.004710 -0.005202
45 19 -0.070405 -0.004770 0.004884
46 19 -0.063938 -0.004193 0.006048
47 19 -0.044977 -0.002885 -0.001865
48 19 -0.020307 -0.001313 -0.010987
49 19 0.000000 0.000000 0.000000

0 20 0.000000 0.000000 0.000000
1 20 -0.138604 -0.125270 -0.028000
2 20 -0.132675 -0.110755 -0.048328
3 20 -0.127535 -0.092308 -0.060390
4 20 -0.122700 -0.075555 -0.065568
5 20 -0.116897 -0.061650 -0.066335
6 20 -0.110767 -0.050265 -0.064422
7 20 -0.102957 -0.041137 -0.059731
8 20 -0.092641 -0.033743 -0.053460
9 20 -0.081427 -0.027421 -0.046346
10 20 -0.068923 -0.022008 -0.037849
11 20 -0.054857 -0.017674 -0.028761
12 20 -0.040411 -0.014162 -0.019468
13 20 -0.025309 -0.010886 -0.009535
14 20 -0.010153 -0.007825 -0.000095
15 20 0.003328 -0.005459 0.008320
16 20 0.016321 -0.003779 0.017013
17 20 0.030002 -0.002210 0.025520
18 20 0.041692 -0.000483 0.031884
19 20 0.049676 0.001129 0.036470
20 20 0.056049 0.002276 0.040684
21 20 0.061762 0.002813 0.043807
22 20 0.065089 0.002812 0.044808
23 20 0.065966 0.002564 0.044671
24 20 0.066164 0.002397 0.044231
25 20 0.065250 0.002388 0.042317
26 20 0.061083 0.002363 0.038017
27 20 0.053928 0.002194 0.032579
28 20 0.046277 0.001919 0.027409
29 20 0.038870 0.001588 0.021943
30 20 0.030014 0.001151 0.015008
31 20 0.019025 0.000577 0.007120
32 20 0.007837 -0.000049 -0.000029
33 20 -0.001587 -0.000606 -0.005861
34 20 -0.009750 -0.001079 -0.011439
35 20 -0.018426 -0.001537 -0.017647
36 20 -0.027802 -0.002010 -0.023763
37 20 -0.035973 -0.002428 -0.028242
38 20 -0.041191 -0.002700 -0.030475
39 20 -0.043849 -0.002820 -0.031253
40 20 -0.046019 -0.002876 -0.031468
41 20 -0.049535 -0.002973 -0.030579
42 20 -0.054951 -0.003167 -0.026541
43 20 -0.061865 -0.003449 -0.017673
44 20 -0.068817 -0.003725 -0.005488
45 20 -0.071787 -0.003769 0.004156
46 20 -0.064541 -0.003291 0.004799
47 20 -0.044743 -0.002242 -0.003342
48 20 -0.019927 -0.001013 -0.012299
49 20 0.000000 0.000000 0.000000

0 21 0.000000 0.000000 0.000000
1 21 -0.139083 -0.149578 -0.042769
2 21 -0.133691 -0.117204 -0.067372
3 21 -0.129923 -0.086635 -0.078081
4 21 -0.126450 -0.064275 -0.080726
5 21 -0.121910 -0.048965 -0.079041
6 21 -0.116053 -0.038547 -0.074885
7 21 -0.108296 -0.030964 -0.068719
8 21 -0.099021 -0.025146 -0.061657
9 21 -0.088928 -0.020804 -0.053679
10 21 -0.076603 -0.017294 -0.044171
11 21 -0.062808 -0.013989 -0.034612
12 21 -0.049771 -0.011061 -0.025395
13 21 -0.035918 -0.008806 -0.015129
14 21 -0.020282 -0.006940 -0.004699
15 21 -0.005629 -0.005053 0.004390
16 21 0.007323 -0.003172 0.012975
17 21 0.020122 -0.001672 0.021364
18 21 0.031978 -0.000796 0.028322
19 21 0.041878 -0.000315 0.034063
20 21 0.051007 0.000272 0.039466
21 21 0.059035 0.001181 0.043389
22 21 0.063412 0.002165 0.044578
23 21 0.064050 0.002890 0.044176
24 21 0.063521 0.003244 0.043507
25 21 0.062314 0.003266 0.041698
26 21 0.058508 0.003012 0.037700
27 21 0.051981 0.002580 0.032521
28 21 0.044948 0.002115 0.027572
29 21 0.038198 0.001690 0.022385
30 21 0.030035 0.001261 0.015716
31 21 0.019559 0.000772 0.007928
32 21 0.008567 0.000260 0.000718
33 21 -0.000829 -0.000197 -0.005179
34 21 -0.008908 -0.000584 -0.010734
35 21 -0.017439 -0.000950 -0.016921
36 21 -0.026792 -0.001322 -0.023142
37 21 -0.035162 -0.001651 -0.027844
38 21 -0.040686 -0.001874 -0.030285
39 21 -0.043571 -0.001982 -0.031153
40 21 -0.045845 -0.002037 -0.031359
41 21 -0.049488 -0.002117 -0.030451
42 21 -0.055215 -0.002268 -0.026444
43 21 -0.062607 -0.002486 -0.017676
44 21 -0.069932 -0.002694 -0.005702
45 21 -0.072817 -0.002724 0.003570
46 21 -0.064971 -0.002366 0.003799
47 21 -0.044548 -0.001601 -0.004501
48 21 -0.019640 -0.000719 -0.013312
49 21 0.000000 0.000000 0.000000

0 22 0.000000 0.000000 0.000000
1 22 -0.123291 -0.187549 -0.071318
2 22 -0.118388 -0.115255 -0.095193
3 22 -0.118935 -0.071492 -0.098929
4 22 -0.120403 -0.048298 -0.095590
5 22 -0.120129 -0.035137 -0.090068
6 22 -0.118491 -0.026665 -0.083946
7 22 -0.114208 -0.020818 -0.076397
8 22 -0.106459 -0.016420 -0.068085
9 22 -0.097274 -0.012688 -0.059624
10 22 -0.086344 -0.009601 -0.050014
11 22 -0.072960 -0.007324 -0.039786
12 22 -0.058755 -0.005503 -0.029663
13 22 -0.043968 -0.003685 -0.019086
14 22 -0.028647 -0.002018 -0.008760
15 22 -0.014323 -0.000917 0.000572
16 22 -0.000424 -0.000270 0.009980
17 22 0.014138 0.000449 0.019233
18 22 0.026958 0.001436 0.026405
19 22 0.036134 0.002358 0.031658
20 22 0.043738 0.002828 0.036577
21 22 0.051115 0.002763 0.040657
22 22 0.056423 0.002360 0.042581
23 22 0.058962 0.001922 0.043045
24 22 0.060409 0.001669 0.043105
25 22 0.060797 0.001615 0.041838
26 22 0.058051 0.001614 0.038143
27 22 0.052026 0.001544 0.033033
28 22 0.045134 0.001392 0.028071
29 22 0.038495 0.001187 0.022945
30 22 0.030559 0.000928 0.016389
31 22 0.020296 0.000609 0.008638
32 22 0.009360 0.000270 0.001364
33 22 -0.000074 -0.000034 -0.004600
34 22 -0.008143 -0.000288 -0.010160
35 22 -0.016607 -0.000522 -0.016343
36 22 -0.025965 -0.000756 -0.022645
37 22 -0.034494 -0.000963 -0.027514
38 22 -0.040257 -0.001107 -0.030116
39 22 -0.043326 -0.001179 -0.031061
40 22 -0.045693 -0.001217 -0.031265
41 22 -0.049434 -0.001269 -0.030342
42 22 -0.055383 -0.001364 -0.026354
43 22 -0.063114 -0.001500 -0.017660
44 22 -0.070705 -0.001630 -0.005851
45 22 -0.073527 -0.001646 0.003140
46 22 -0.065259 -0.001426 0.003071
47 22 -0.044402 -0.000960 -0.005332
48 22 -0.019441 -0.000430 -0.014031
49 22 0.000000 0.000000 0.000000

0 23 0.000000 0.000000 0.000000
1 23 -0.090358 -0.281703 -0.138886
2 23 -0.099481 -0.084302 -0.136759
3 23 -0.110145 -0.033928 -0.121296
4 23 -0.117095 -0.017803 -0.108591
5 23 -0.119485 -0.011260 -0.098466
6 23 -0.118195 -0.008158 -0.089665
7 23 -0.113694 -0.006308 -0.080820
8 23 -0.106564 -0.005102 -0.071946
9 23 -0.097786 -0.004515 -0.062739
10 23 -0.086456 -0.004100 -0.052373
11 23 -0.073290 -0.003442 -0.042039
12 23 -0.060479 -0.002816 -0.032147
13 23 -0.046634 -0.002553 -0.021277
14 23 -0.030746 -0.002386 -0.010202
15 23 -0.015684 -0.001917 -0.000561
16 23 -0.002373 -0.001262 0.008476
17 23 0.011004 -0.000874 0.017472
18 23 0.023862 -0.000925 0.025143
19 23 0.034773 -0.001102 0.031410
20 23 0.044624 -0.000978 0.037207
21 23 0.053375 -0.000438 0.041616
22 23 0.058648 0.000269 0.043311
23 23 0.060128 0.000825 0.043281
24 23 0.060342 0.001081 0.042965
25 23 0.060019 0.001073 0.041628
26 23 0.057209 0.000912 0.038072
27 23 0.051461 0.000705 0.033127
28 23 0.044900 0.000526 0.028295
29 23 0.038573 0.000395 0.023296
30 23 0.030924 0.000292 0.016846
31 23 0.020847 0.000189 0.009124
32 23 0.009949 0.000084 0.001803
33 23 0.000470 -0.000011 -0.004216
34 23 -0.007620 -0.000092 -0.009790
35 23 -0.016064 -0.000170 -0.015978
36 23 -0.025436 -0.000248 -0.022330
37 23 -0.034066 -0.000318 -0.027301
38 23 -0.039978 -0.000367 -0.030004
39 23 -0.043165 -0.000392 -0.030998
40 23 -0.045594 -0.000405 -0.031203
41 23 -0.049395 -0.000423 -0.030270
42 23 -0.055477 -0.000455 -0.026291
43 23 -0.063410 -0.000502 -0.017644
44 23 -0.071159 -0.000546 -0.005938
45 23 -0.073944 -0.000551 0.002878
46 23 -0.065424 -0.000476 0.002628
47 23 -0.044312 -0.000320 -0.005833
48 23 -0.019324 -0.000143 -0.014461
49 23 0.000000 0.000000 0.000000

0 24 0.000000 0.000000 0.000000
1 24 -0.022784 0.281672 -0.330258
2 24 -0.075365 0.084253 -0.184393
3 24 -0.099182 0.033856 -0.135968
4 24 -0.111280 0.017701 -0.114397
5 24 -0.116535 0.011121 -0.101546
6 24 -0.118107 0.007975 -0.092058
7 24 -0.115866 0.006075 -0.082751
8 24 -0.109463 0.004813 -0.073395
9 24 -0.101236 0.004168 -0.064289
10 24 -0.091000 0.003695 -0.054201
11 24 -0.077972 0.002981 -0.043531
12 24 -0.063940 0.002302 -0.033083
13 24 -0.049327 0.001995 -0.022257
14 24 -0.033999 0.001795 -0.011605
15 24 -0.019419 0.001304 -0.001933
16 24 -0.005240 0.000639 0.007733
17 24 0.009581 0.000256 0.017247
18 24 0.022760 0.000324 0.024715
19 24 0.032351 0.000530 0.030226
20 24 0.040383 0.000445 0.035402
21 24 0.048311 -0.000048 0.039813
22 24 0.054266 -0.000703 0.042059
23 24 0.057343 -0.001204 0.042732
24 24 0.059172 -0.001405 0.042954
25 24 0.059943 -0.001344 0.041893
26 24 0.057624 -0.001133 0.038397
27 24 0.051936 -0.000882 0.033392
28 24 0.045245 -0.000664 0.028481
29 24 0.038793 -0.000500 0.023443
30 24 0.031097 -0.000370 0.016992
31 24 0.021022 -0.000246 0.009273
32 24 0.010124 -0.000125 0.001939
33 24 0.000635 -0.000018 -0.004092
34 24 -0.007455 0.000073 -0.009668
35 24 -0.015886 0.000157 -0.015855
36 24 -0.025259 0.000239 -0.022224
37 24 -0.033921 0.000312 -0.027228
38 24 -0.039883 0.000363 -0.029965
39 24 -0.043110 0.000390 -0.030976
40 24 -0.045560 0.000404 -0.031182
41 24 -0.049382 0.000422 -0.030245
42 24 -0.055508 0.000455 -0.026270
43 24 -0.063507 0.000501 -0.017637
44 24 -0.071309 0.000545 -0.005967
45 24 -0.074081 0.000551 0.002790
46 24 -0.065477 0.000476 0.002479
47 24 -0.044281 0.000320 -0.006001
48 24 -0.019286 0.000143 -0.014604
49 24 0.000000 0.000000 0.000000

0 25 0.000000 0.000000 0.000000
1 25 -0.090407 0.187463 -0.138887
2 25 -0.099553 0.115127 -0.136762
3 25 -0.110250 0.071309 -0.121303
4 25 -0.117241 0.048047 -0.108603
5 25 -0.119682 0.034803 -0.098486
6 25 -0.118451 0.026238 -0.089695
7 25 -0.114016 0.020286 -0.080864
8 25 -0.106958 0.015777 -0.072005
9 25 -0.098255 0.011929 -0.062816
10 25 -0.087001 0.008728 -0.052471
11 25 -0.073909 0.006343 -0.042158
12 25 -0.061164 0.004425 -0.032289
13 25 -0.047376 0.002526 -0.021440
14 25 -0.031535 0.000797 -0.010385
15 25 -0.016504 -0.000344 -0.000761
16 25 -0.003208 -0.001005 0.008263
17 25 0.010168 -0.001715 0.017250
18 25 0.023044 -0.002669 0.024917
19 25 0.033987 -0.003536 0.031186
20 25 0.043884 -0.003931 0.036989
21 25 0.052691 -0.003777 0.041409
22 25 0.058030 -0.003274 0.043119
23 25 0.059580 -0.002728 0.043107
24 25 0.059867 -0.002366 0.042811
25 25 0.059615 -0.002206 0.041494
26 25 0.056873 -0.002104 0.037959
27 25 0.051188 -0.001941 0.033034
28 25 0.044682 -0.001707 0.028221
29 25 0.038405 -0.001432 0.023237
30 25 0.030796 -0.001114 0.016800
31 25 0.020752 -0.000747 0.009091
32 25 0.009880 -0.000370 0.001778
33 25 0.000421 -0.000037 -0.004233
34 25 -0.007654 0.000239 -0.009802
35 25 -0.016087 0.000489 -0.015986
36 25 -0.025451 0.000734 -0.022336
37 25 -0.034075 0.000949 -0.027304
38 25 -0.039984 0.001098 -0.030006
39 25 -0.043169 0.001173 -0.031000
40 25 -0.045596 0.001213 -0.031204
41 25 -0.049397 0.001267 -0.030270
42 25 -0.055478 0.001363 -0.026292
43 25 -0.063410 0.001500 -0.017644
44 25 -0.071159 0.001630 -0.005938
45 25 -0.073944 0.001646 0.002878
46 25 -0.065424 0.001425 0.002628
47 25 -0.044312 0.000960 -0.005833
48 25 -0.019324 0.000430 -0.014461
49 25 0.000000 0.000000 0.000000

0 26 0.000000 0.000000 0.000000
1 26 -0.123463 0.149313 -0.071322
2 26 -0.118640 0.116823 -0.095204
3 26 -0.119290 0.086110 -0.098952
4 26 -0.120885 0.063576 -0.095630
5 26 -0.120762 0.048065 -0.090132
6 26 -0.119297 0.037421 -0.084041
7 26 -0.115206 0.029594 -0.076530
8 26 -0.107660 0.023523 -0.068265
9 26 -0.098685 0.018925 -0.059856
10 26 -0.087963 0.015169 -0.050304
11 26 -0.074777 0.011635 -0.040137
12 26 -0.060750 0.008505 -0.030075
13 26 -0.046118 0.006084 -0.019557
14 26 -0.030917 0.004094 -0.009287
15 26 -0.016675 0.002128 -0.000002
16 26 -0.002817 0.000220 0.009368
17 26 0.011747 -0.001256 0.018596
18 26 0.024612 -0.002060 0.025756
19 26 0.033874 -0.002424 0.031010
20 26 0.041599 -0.002853 0.035944
21 26 0.049129 -0.003570 0.040052
22 26 0.054613 -0.004338 0.042015
23 26 0.057345 -0.004829 0.042526
24 26 0.058992 -0.004943 0.042641
25 26 0.059580 -0.004726 0.041431
26 26 0.057028 -0.004241 0.037796
27 26 0.051185 -0.003594 0.032743
28 26 0.044457 -0.002933 0.027834
29 26 0.037961 -0.002337 0.022757
30 26 0.030149 -0.001760 0.016242
31 26 0.019987 -0.001149 0.008527
32 26 0.009133 -0.000539 0.001281
33 26 -0.000237 -0.000005 -0.004660
34 26 -0.008258 0.000442 -0.010202
35 26 -0.016685 0.000852 -0.016372
36 26 -0.026018 0.001256 -0.022665
37 26 -0.034529 0.001608 -0.027526
38 26 -0.040279 0.001846 -0.030124
39 26 -0.043340 0.001965 -0.031066
40 26 -0.045702 0.002026 -0.031268
41 26 -0.049439 0.002110 -0.030344
42 26 -0.055386 0.002265 -0.026355
43 26 -0.063116 0.002483 -0.017661
44 26 -0.070706 0.002693 -0.005851
45 26 -0.073528 0.002723 0.003140
46 26 -0.065259 0.002366 0.003071
47 26 -0.044402 0.001601 -0.005333
48 26 -0.019441 0.000719 -0.014031
49 26 0.000000 0.000000 0.000000

0 27 0.000000 0.000000 0.000000
1 27 -0.139607 0.124515 -0.042781
2 27 -0.134434 0.109709 -0.067403
3 27 -0.130939 0.090912 -0.078144
4 27 -0.127791 0.073751 -0.080835
5 27 -0.123626 0.059389 -0.079210
6 27 -0.118186 0.047510 -0.075132
7 27 -0.110879 0.037863 -0.069061
8 27 -0.102071 0.029944 -0.062109
9 27 -0.092450 0.023106 -0.054254
10 27 -0.080583 0.017206 -0.044880
11 27 -0.067218 0.012429 -0.035460
12 27 -0.054564 0.008536 -0.026383
13 27 -0.041035 0.004951 -0.016251
14 27 -0.025651 0.001664 -0.005945
15 27 -0.011169 -0.000837 0.003036
16 27 0.001700 -0.002559 0.011534
17 27 0.014505 -0.004074 0.019861
18 27 0.026457 -0.005657 0.026786
19 27 0.036539 -0.007038 0.032522
20 27 0.045928 -0.007877 0.037950
21 27 0.054283 -0.008039 0.041927
22 27 0.059042 -0.007612 0.043196
23 27 0.060102 -0.006898 0.042896
24 27 0.060019 -0.006244 0.042345
25 27 0.059267 -0.005741 0.040667
26 27 0.055908 -0.005232 0.036804
27 27 0.049807 -0.004600 0.031761
28 27 0.043169 -0.003897 0.026941
29 27 0.036772 -0.003180 0.021873
30 27 0.028918 -0.002406 0.015311
31 27 0.018703 -0.001544 0.007615
32 27 0.007926 -0.000679 0.000482
33 27 -0.001298 0.000070 -0.005353
34 27 -0.009244 0.000693 -0.010859
35 27 -0.017673 0.001265 -0.017009
36 27 -0.026951 0.001824 -0.023202
37 27 -0.035269 0.002303 -0.027884
38 27 -0.040756 0.002618 -0.030311
39 27 -0.043615 0.002768 -0.031170
40 27 -0.045873 0.002843 -0.031369
41 27 -0.049505 0.002953 -0.030458
42 27 -0.055225 0.003155 -0.026448
43 27 -0.062612 0.003442 -0.017678
44 27 -0.069935 0.003721 -0.005703
45 27 -0.072819 0.003767 0.003569
46 27 -0.064973 0.003289 0.003799
47 27 -0.044548 0.002242 -0.004501
48 27 -0.019641 0.001012 -0.013312
49 27 0.000000 0.000000 0.000000

0 28 0.000000 0.000000 0.000000
1 28 -0.140053 0.107295 -0.028031
2 28 -0.134659 0.099051 -0.048411
3 28 -0.130158 0.086214 -0.060551
4 28 -0.126061 0.072587 -0.065836
5 28 -0.121079 0.060125 -0.066743
6 28 -0.115834 0.049591 -0.065003
7 28 -0.108950 0.040539 -0.060517
8 28 -0.099572 0.032588 -0.054479
9 28 -0.089281 0.025923 -0.047622
10 28 -0.077654 0.020213 -0.039397
11 28 -0.064393 0.014873 -0.030590
12 28 -0.050655 0.010027 -0.021575
13 28 -0.036142 0.006021 -0.011910
14 28 -0.021437 0.002744 -0.002717
15 28 -0.008260 -0.000173 0.005480
16 28 0.004590 -0.002898 0.013995
17 28 0.018288 -0.005163 0.022368
18 28 0.030156 -0.006557 0.028651
19 28 0.038473 -0.007160 0.033210
20 28 0.045324 -0.007558 0.037452
21 28 0.051643 -0.008119 0.040661
22 28 0.055688 -0.008670 0.041799
23 28 0.057369 -0.008930 0.041846
24 28 0.058433 -0.008826 0.041630
25 28 0.058417 -0.008347 0.039969
26 28 0.055154 -0.007473 0.035941
27 28 0.048882 -0.006326 0.030782
28 28 0.042068 -0.005147 0.025888
29 28 0.035431 -0.004053 0.020685
30 28 0.027264 -0.002966 0.013991
31 28 0.016875 -0.001823 0.006317
32 28 0.006193 -0.000716 -0.000647
33 28 -0.002815 0.000228 -0.006326
34 28 -0.010647 0.001012 -0.011780
35 28 -0.019065 0.001741 -0.017891
36 28 -0.028247 0.002448 -0.023933
37 28 -0.036275 0.003042 -0.028358
38 28 -0.041392 0.003416 -0.030552
39 28 -0.043980 0.003583 -0.031303
40 28 -0.046102 0.003664 -0.031499
41 28 -0.049587 0.003791 -0.030599
42 28 -0.054982 0.004027 -0.026552
43 28 -0.061883 0.004363 -0.017680
44 28 -0.068827 0.004698 -0.005493
45 28 -0.071793 0.004763 0.004153
46 28 -0.064544 0.004189 0.004797
47 28 -0.044745 0.002883 -0.003343
48 28 -0.019928 0.001311 -0.012300
49 28 0.000000 0.000000 0.000000

0 29 0.000000 0.000000 0.000000
1 29 -0.133846 0.088078 -0.019147
2 29 -0.132101 0.085991 -0.035052
3 29 -0.128067 0.079109 -0.046009
4 29 -0.122402 0.069795 -0.052008
5 29 -0.115611 0.059623 -0.054270
6 29 -0.108081 0.049413 -0.053450
7 29 -0.098944 0.039868 -0.049949
8 29 -0.089104 0.031375 -0.045298
9 29 -0.079217 0.023719 -0.039319
10 29 -0.067286 0.016719 -0.031514
11 29 -0.054217 0.010750 -0.023627
12 29 -0.042194 0.005892 -0.015910
13 29 -0.029503 0.001508 -0.007126
14 29 -0.015408 -0.002600 0.001703
15 29 -0.002251 -0.005885 0.009489
16 29 0.009726 -0.008185 0.017033
17 29 0.021378 -0.009987 0.024092
18 29 0.031476 -0.011636 0.029600
19 29 0.039859 -0.013063 0.034329
20 29 0.048208 -0.014038 0.039011
21 29 0.055631 -0.014281 0.042130
22 29 0.059361 -0.013669 0.042644
23 29 0.059709 -0.012499 0.041911
24 29 0.059113 -0.011251 0.040923
25 29 0.057505 -0.010088 0.038577
26 29 0.053082 -0.008864 0.034165
27 29 0.046365 -0.007527 0.028990
28 29 0.039614 -0.006198 0.024198
29 29 0.033048 -0.004917 0.018978
30 29 0.024781 -0.003574 0.012222
31 29 0.014369 -0.002134 0.004642
32 29 0.003920 -0.000755 -0.002081
33 29 -0.004778 0.000405 -0.007566
34 29 -0.012467 0.001370 -0.012959
35 29 -0.020864 0.002269 -0.019010
36 29 -0.029892 0.003126 -0.024838
37 29 -0.037523 0.003821 -0.028925
38 29 -0.042162 0.004236 -0.030829
39 29 -0.044419 0.004406 -0.031454
40 29 -0.046381 0.004485 -0.031648
41 29 -0.049674 0.004620 -0.030749
42 29 -0.054639 0.004872 -0.026644
43 29 -0.060904 0.005233 -0.017647
44 29 -0.067356 0.005604 -0.005215
45 29 -0.070423 0.005693 0.004876
46 29 -0.063948 0.005053 0.006044
47 29 -0.044983 0.003523 -0.001867
48 29 -0.020310 0.001619 -0.010988
49 29 0.000000 0.000000 0.000000

0 30 0.000000 0.000000 0.000000
1 30 -0.115419 0.069011 -0.012935
2 30 -0.115606 0.068376 -0.024667
3 30 -0.114054 0.064091 -0.033830
4 30 -0.110945 0.057574 -0.039410
5 30 -0.105908 0.049940 -0.042030
6 30 -0.099958 0.042262 -0.042252
7 30 -0.092336 0.034671 -0.039893
8 30 -0.082853 0.027119 -0.035947
9 30 -0.072435 0.020125 -0.030687
10 30 -0.060762 0.013826 -0.024124
11 30 -0.048530 0.007913 -0.017262
12 30 -0.036164 0.002379 -0.009791
13 30 -0.022561 -0.002452 -0.001458
14 30 -0.009166 -0.006328 0.006071
15 30 0.002082 -0.009447 0.012638
16 30 0.013124 -0.012275 0.019764
17 30 0.025092 -0.014739 0.026672
18 30 0.035198 -0.016230 0.031617
19 30 0.042220 -0.016608 0.035245
20 30 0.047972 -0.016449 0.038477
21 30 0.052522 -0.016217 0.040287
22 30 0.054437 -0.015890 0.040215
23 30 0.054672 -0.015373 0.039622
24 30 0.054948 -0.014636 0.038899
25 30 0.054063 -0.013533 0.036561
26 30 0.049911 -0.011928 0.032074
27 30 0.043351 -0.009991 0.026941
28 30 0.036735 -0.008055 0.022172
29 30 0.030067 -0.006233 0.016822
30 30 0.021533 -0.004407 0.009959
31 30 0.011078 -0.002554 0.002523
32 30 0.000961 -0.000853 -0.003876
33 30 -0.007319 0.000547 -0.009116
34 30 -0.014806 0.001716 -0.014424
35 30 -0.023129 0.002807 -0.020370
36 30 -0.031902 0.003824 -0.025901
37 30 -0.038996 0.004613 -0.029561
38 30 -0.043044 0.005056 -0.031124
39 30 -0.044922 0.005221 -0.031613
40 30 -0.046705 0.005294 -0.031803
41 30 -0.049755 0.005429 -0.030885
42 30 -0.054172 0.005679 -0.026691
43 30 -0.059647 0.006034 -0.017552
44 30 -0.065491 0.006419 -0.004867
45 30 -0.068677 0.006537 0.005715
46 30 -0.063154 0.005870 0.007508
47 30 -0.045248 0.004161 -0.000084
48 30 -0.020793 0.001939 -0.009369
49 30 0.000000 0.000000 0.000000

0 31 0.000000 0.000000 0.000000
1 31 -0.096981 0.048125 -0.008409
2 31 -0.100040 0.050683 -0.016769
3 31 -0.099600 0.049259 -0.023619
4 31 -0.096171 0.044810 -0.028096
5 31 -0.091188 0.038544 -0.030700
6 31 -0.085350 0.031199 -0.030946
7 31 -0.077474 0.023397 -0.028895
8 31 -0.069067 0.016015 -0.026047
9 31 -0.060814 0.009188 -0.021846
10 31 -0.050591 0.002569 -0.015936
11 31 -0.039434 -0.003380 -0.009953
12 31 -0.029065 -0.008204 -0.003851
13 31 -0.018125 -0.012418 0.003056
14 31 -0.006617 -0.016369 0.009704
15 31 0.004138 -0.019644 0.015857
16 31 0.014689 -0.021951 0.022113
17 31 0.024626 -0.023442 0.027391
18 31 0.032113 -0.024402 0.030980
19 31 0.038164 -0.025130 0.034323
20 31 0.044919 -0.025657 0.037829
21 31 0.050861 -0.025526 0.039699
22 31 0.053392 -0.024346 0.039371
23 31 0.053366 -0.022365 0.038303
24 31 0.052620 -0.020108 0.036840
25 31 0.050240 -0.017753 0.033698
26 31 0.044876 -0.015242 0.028791
27 31 0.037965 -0.012692 0.023717
28 31 0.031584 -0.010305 0.019111
29 31 0.025113 -0.008049 0.013775
30 31 0.016649 -0.005744 0.006963
31 31 0.006503 -0.003414 -0.000160
32 31 -0.002968 -0.001308 -0.006105
33 31 -0.010632 0.000421 -0.011037
34 31 -0.017816 0.001880 -0.016223
35 31 -0.025966 0.003233 -0.021992
36 31 -0.034325 0.004450 -0.027117
37 31 -0.040705 0.005348 -0.030255
38 31 -0.044043 0.005823 -0.031432
39 31 -0.045497 0.005989 -0.031780
40 31 -0.047079 0.006065 -0.031954
41 31 -0.049819 0.006199 -0.030980
42 31 -0.053556 0.006425 -0.026656
43 31 -0.058082 0.006743 -0.017365
44 31 -0.063206 0.007117 -0.004447
45 31 -0.066525 0.007272 0.006638
46 31 -0.062128 0.006625 0.009150
47 31 -0.045518 0.004791 0.001991
48 31 -0.021380 0.002272 -0.007430
49 31 0.000000 0.000000 0.000000

0 32 0.000000 0.000000 0.000000
1 32 -0.069617 0.024297 -0.004874
2 32 -0.075669 0.026604 -0.010231
3 32 -0.079140 0.026455 -0.015126
4 32 -0.079995 0.024261 -0.018616
5 32 -0.078329 0.020328 -0.020670
6 32 -0.074612 0.015371 -0.020986
7 32 -0.068840 0.009788 -0.019717
8 32 -0.061884 0.003684 -0.017388
9 32 -0.053485 -0.002571 -0.013450
10 32 -0.043483 -0.008466 -0.008615
11 32 -0.033940 -0.013793 -0.003971
12 32 -0.024436 -0.018799 0.001609
13 32 -0.013139 -0.023448 0.008099
14 32 -0.002245 -0.027082 0.013544
15 32 0.006394 -0.029570 0.018232
16 32 0.014960 -0.031616 0.023465
17 32 0.024070 -0.033427 0.028203
18 32 0.031521 -0.034383 0.031458
19 32 0.037163 -0.034172 0.034105
20 32 0.041941 -0.033111 0.036120
21 32 0.044550 -0.031522 0.036218
22 32 0.044191 -0.029613 0.034811
23 32 0.043050 -0.027657 0.033519
24 32 0.042512 -0.025705 0.032088
25 32 0.040652 -0.023423 0.028946
26 32 0.035915 -0.020583 0.024218
27 32 0.029872 -0.017424 0.019503
28 32 0.024275 -0.014300 0.015111
29 32 0.018140 -0.011248 0.009767
30 32 0.009833 -0.008153 0.003061
31 32 0.000215 -0.005125 -0.003606
32 32 -0.008329 -0.002459 -0.008965
33 32 -0.015152 -0.000269 -0.013508
34 32 -0.021863 0.001608 -0.018493
35 32 -0.029635 0.003334 -0.023959
36 32 -0.037319 0.004830 -0.028524
37 32 -0.042741 0.005884 -0.031025
38 32 -0.045222 0.006429 -0.031772
39 32 -0.046196 0.006633 -0.031970
40 32 -0.047536 0.006743 -0.032100
41 32 -0.049866 0.006887 -0.031009
42 32 -0.052768 0.007075 -0.026499
43 32 -0.056184 0.007325 -0.017059
44 32 -0.060483 0.007666 -0.003957
45 32 -0.063943 0.007871 0.007610
46 32 -0.060832 0.007297 0.010922
47 32 -0.045763 0.005409 0.004337
48 32 -0.022069 0.002622 -0.005158
49 32 0.000000 0.000000 0.000000

0 33 0.000000 0.000000 0.000000
1 33 -0.048704 0.001556 -0.002206
2 33 -0.055767 0.004493 -0.005281
3 33 -0.059937 0.004653 -0.008209
4 33 -0.061100 0.002384 -0.010273
5 33 -0.060687 -0.001308 -0.011854
6 33 -0.059177 -0.005867 -0.012033
7 33 -0.055363 -0.011160 -0.010797
8 33 -0.050618 -0.016345 -0.009093
9 33 -0.045322 -0.021060 -0.006275
10 33 -0.038366 -0.025727 -0.002475
11 33 -0.030686 -0.030130 0.001493
12 33 -0.022606 -0.033763 0.006068
13 33 -0.013902 -0.036706 0.010807
14 33 -0.005953 -0.039216 0.014819
15 33 0.001546 -0.041380 0.019058
16 33 0.010079 -0.043032 0.023692
17 33 0.017736 -0.043744 0.026851
18 33 0.022286 -0.043498 0.028381
19 33 0.025702 -0.042971 0.030047
20 33 0.029952 -0.042553 0.031707
21 33 0.033253 -0.041749 0.031800
22 33 0.034155 -0.040025 0.030604
23 33 0.034044 -0.037488 0.029294
24 33 0.033419 -0.034422 0.027256
25 33 0.030451 -0.030860 0.023311
26 33 0.024735 -0.026907 0.018239
27 33 0.018592 -0.022936 0.013658
28 33 0.013390 -0.019184 0.009426
29 33 0.007608 -0.015502 0.004162
30 33 -0.000203 -0.011717 -0.002213
31 33 -0.008771 -0.008012 -0.008165
32 33 -0.015900 -0.004727 -0.012751
33 33 -0.021539 -0.001948 -0.016794
34 33 -0.027499 0.000513 -0.021450
35 33 -0.034562 0.002771 -0.026421
36 33 -0.041185 0.004671 -0.030223
37 33 -0.045321 0.005981 -0.031953
38 33 -0.046755 0.006685 -0.032218
39 33 -0.047160 0.007013 -0.032237
40 33 -0.048163 0.007225 -0.032261
41 33 -0.049931 0.007414 -0.030957
42 33 -0.051807 0.007564 -0.026191
43 33 -0.053948 0.007730 -0.016610
44 33 -0.057326 0.008025 -0.003407
45 33 -0.060928 0.008297 0.008582
46 33 -0.059236 0.007863 0.012766
47 33 -0.045943 0.006000 0.006930
48 33 -0.022845 0.002987 -0.002535
49 33 0.000000 0.000000 0.000000

0 34 0.000000 0.000000 0.000000
1 34 -0.025405 -0.026143 -0.000238
2 34 -0.036148 -0.023540 -0.001459
3 34 -0.044012 -0.022208 -0.002854
4 34 -0.048758 -0.022153 -0.004189
5 34 -0.051121 -0.023384 -0.005110
6 34 -0.050434 -0.025832 -0.004736
7 34 -0.047344 -0.028919 -0.003894
8 34 -0.043750 -0.032255 -0.002608
9 34 -0.038245 -0.036041 0.000276
10 34 -0.030826 -0.039818 0.003536
11 34 -0.024252 -0.042828 0.006356
12 34 -0.017688 -0.045463 0.010086
13 34 -0.009600 -0.048146 0.014303
14 34 -0.002005 -0.050206 0.017662
15 34 0.004259 -0.051234 0.020775
16 34 0.010342 -0.051738 0.023852
17 34 0.015526 -0.052044 0.025848
18 34 0.019257 -0.051988 0.027179
19 34 0.022999 -0.051386 0.028716
20 34 0.026302 -0.050001 0.029217
21 34 0.026511 -0.047638 0.027480
22 34 0.023768 -0.044663 0.024789
23 34 0.020932 -0.041740 0.022507
24 34 0.018535 -0.038980 0.019727
25 34 0.014583 -0.035943 0.015406
26 34 0.008926 -0.032425 0.010533
27 34 0.003650 -0.028671 0.006375
28 34 -0.000736 -0.024836 0.002312
29 34 -0.006120 -0.020765 -0.002917
30 34 -0.013381 -0.016415 -0.008903
31 34 -0.020710 -0.012120 -0.014028
32 34 -0.026209 -0.008256 -0.017765
33 34 -0.030476 -0.004852 -0.021236
34 34 -0.035421 -0.001709 -0.025405
35 34 -0.041349 0.001202 -0.029627
36 34 -0.046409 0.003627 -0.032414
37 34 -0.048846 0.005318 -0.033213
38 34 -0.048985 0.006320 -0.032922
39 34 -0.048661 0.006913 -0.032694
40 34 -0.049145 0.007341 -0.032494
41 34 -0.050108 0.007645 -0.030835
42 34 -0.050718 0.007788 -0.025722
43 34 -0.051411 0.007874 -0.016019
44 34 -0.053779 0.008132 -0.002824
45 34 -0.057503 0.008507 0.009497
46 34 -0.057315 0.008284 0.014613
47 34 -0.046008 0.006543 0.009732
48 34 -0.023685 0.003361 0.000452
49 34 0.000000 0.000000 0.000000

0 35 0.000000 0.000000 0.000000
1 35 -0.010946 -0.048664 0.001140
2 35 -0.020224 -0.047020 0.001340
3 35 -0.027488 -0.046173 0.001165
4 35 -0.032459 -0.046097 0.000927
5 35 -0.035586 -0.046381 0.000759
6 35 -0.036751 -0.046754 0.001183
7 35 -0.036017 -0.047408 0.001951
8 35 -0.033715 -0.048246 0.003390
9 35 -0.029397 -0.049026 0.005674
10 35 -0.024342 -0.049700 0.007795
11 35 -0.019259 -0.050477 0.010293
12 35 -0.012481 -0.051448 0.013866
13 35 -0.005212 -0.052084 0.016837
14 35 -0.000109 -0.052103 0.018741
15 35 0.004463 -0.052160 0.021252
16 35 0.010235 -0.052517 0.023958
17 35 0.014726 -0.052357 0.025085
18 35 0.016430 -0.051255 0.025108
19 35 0.017122 -0.049842 0.025056
20 35 0.017208 -0.048611 0.024089
21 35 0.015446 -0.047387 0.021747
22 35 0.012739 -0.045988 0.019312
23 35 0.010719 -0.044366 0.017144
24 35 0.008120 -0.042220 0.013751
25 35 0.002824 -0.039264 0.008609
26 35 -0.004189 -0.035750 0.003274
27 35 -0.010367 -0.032176 -0.001177
28 35 -0.015603 -0.028615 -0.005671
29 35 -0.021767 -0.024763 -0.011183
30 35 -0.029045 -0.020554 -0.016852
31 35 -0.035327 -0.016333 -0.021168
32 35 -0.039316 -0.012397 -0.024123
33 35 -0.042294 -0.008683 -0.027051
34 35 -0.046107 -0.005018 -0.030609
35 35 -0.050520 -0.001518 -0.033829
36 35 -0.053519 0.001438 -0.035356
37 35 -0.053847 0.003591 -0.035073
38 35 -0.052417 0.005035 -0.034132
39 35 -0.051129 0.006063 -0.033533
40 35 -0.050789 0.006858 -0.032919
41 35 -0.050590 0.007383 -0.030705
42 35 -0.049628 0.007584 -0.025128
43 35 -0.048690 0.007638 -0.015321
44 35 -0.049956 0.007902 -0.002259
45 35 -0.053746 0.008435 0.010281
46 35 -0.055069 0.008511 0.016381
47 35 -0.045898 0.007002 0.012698
48 35 -0.024549 0.003728 0.003813
49 35 0.000000 0.000000 0.000000

0 36 0.000000 0.000000 0.000000
1 36 -0.000227 -0.070863 0.001959
2 36 -0.010376 -0.067177 0.003039
3 36 -0.017305 -0.063620 0.003960
4 36 -0.020972 -0.060534 0.004448
5 36 -0.022638 -0.057880 0.004956
6 36 -0.021452 -0.056156 0.006266
7 36 -0.018299 -0.055039 0.007516
8 36 -0.014806 -0.053949 0.009015
9 36 -0.010020 -0.053319 0.011339
10 36 -0.004380 -0.053132 0.013635
11 36 0.000993 -0.052750 0.016019
12 36 0.006542 -0.052193 0.018702
13 36 0.011584 -0.051755 0.020802
14 36 0.015676 -0.051415 0.022718
15 36 0.020144 -0.051012 0.025060
16 36 0.024036 -0.050219 0.026363
17 36 0.024987 -0.048934 0.025976
18 36 0.024402 -0.047740 0.025621
19 36 0.024825 -0.047014 0.025698
20 36 0.024696 -0.046097 0.024370
21 36 0.021469 -0.044272 0.021204
22 36 0.016162 -0.041822 0.017645
23 36 0.010539 -0.039396 0.013895
24 36 0.003709 -0.037077 0.008789
25 36 -0.005199 -0.034687 0.002566
26 36 -0.014303 -0.032364 -0.003126
27 36 -0.021670 -0.030259 -0.007904
28 36 -0.028271 -0.028067 -0.013063
29 36 -0.035931 -0.025363 -0.019124
30 36 -0.043976 -0.022173 -0.024753
31 36 -0.050045 -0.018877 -0.028641
32 36 -0.053466 -0.015644 -0.031261
33 36 -0.055987 -0.012276 -0.033965
34 36 -0.059102 -0.008630 -0.036978
35 36 -0.061997 -0.004966 -0.039088
36 36 -0.062728 -0.001758 -0.039235
37 36 -0.060752 0.000744 -0.037809
38 36 -0.057590 0.002661 -0.036148
39 36 -0.055080 0.004238 -0.035007
40 36 -0.053508 0.005528 -0.033717
41 36 -0.051682 0.006388 -0.030694
42 36 -0.048779 0.006745 -0.024512
43 36 -0.046009 0.006859 -0.014613
44 36 -0.046068 0.007216 -0.001806
45 36 -0.049804 0.007992 0.010839
46 36 -0.052531 0.008468 0.017976
47 36 -0.045556 0.007315 0.015763
48 36 -0.025382 0.004057 0.007542
49 36 0.000000 0.000000 0.000000

0 37 0.000000 0.000000 0.000000
1 37 0.011815 -0.081665 0.002466
2 37 0.006398 -0.078059 0.004481
3 37 0.002687 -0.073706 0.006165
4 37 0.000191 -0.068827 0.007328
5 37 -0.000502 -0.064062 0.008916
6 37 0.001284 -0.059721 0.010614
7 37 0.003558 -0.055607 0.011856
8 37 0.006916 -0.052314 0.014009
9 37 0.012482 -0.050057 0.016630
10 37 0.017527 -0.047959 0.018419
11 37 0.021665 -0.046097 0.020562
12 37 0.026942 -0.045132 0.023347
13 37 0.031913 -0.044430 0.025283
14 37 0.034963 -0.043238 0.026605
15 37 0.037301 -0.041976 0.027986
16 37 0.038915 -0.041012 0.028542
17 37 0.038846 -0.040030 0.028200
18 37 0.038071 -0.038778 0.027859
19 37 0.036682 -0.037144 0.026713
20 37 0.032425 -0.035010 0.023477
21 37 0.025196 -0.032748 0.019213
22 37 0.017997 -0.031065 0.015544
23 37 0.011838 -0.030000 0.011758
24 37 0.004439 -0.028857 0.006401
25 37 -0.005192 -0.027271 0.000049
26 37 -0.015079 -0.025599 -0.005805
27 37 -0.023966 -0.024157 -0.011326
28 37 -0.033189 -0.022724 -0.017713
29 37 -0.043711 -0.021024 -0.024762
30 37 -0.053768 -0.019201 -0.030784
31 37 -0.060987 -0.017513 -0.034861
32 37 -0.065414 -0.015819 -0.037873
33 37 -0.068964 -0.013689 -0.040947
34 37 -0.072448 -0.010962 -0.043758
35 37 -0.074461 -0.007969 -0.044951
36 37 -0.073348 -0.005180 -0.043903
37 37 -0.069419 -0.002773 -0.041508
38 37 -0.064714 -0.000609 -0.039174
39 37 -0.060875 0.001436 -0.037340
40 37 -0.057677 0.003220 -0.035089
41 37 -0.053734 0.004460 -0.030986
42 37 -0.048517 0.005062 -0.024054
43 37 -0.043722 0.005356 -0.014065
44 37 -0.042445 0.005934 -0.001610
45 37 -0.045917 0.007065 0.011047
46 37 -0.049791 0.008052 0.019285
47 37 -0.044936 0.007393 0.018836
48 37 -0.026123 0.004294 0.011598
49 37 0.000000 0.000000 0.000000

0 38 0.000000 0.000000 0.000000
1 38 0.022133 -0.080330 0.002735
2 38 0.021900 -0.074515 0.005281
3 38 0.023298 -0.068904 0.007665
4 38 0.025710 -0.063915 0.009927
5 38 0.028955 -0.059551 0.012341
6 38 0.032351 -0.055764 0.014453
7 38 0.035369 -0.052621 0.016612
8 38 0.039111 -0.050089 0.019283
9 38 0.042603 -0.047739 0.021304
10 38 0.044617 -0.045555 0.022983
11 38 0.047368 -0.044034 0.025559
12 38 0.050788 -0.042739 0.027639
13 38 0.051892 -0.040931 0.028294
14 38 0.051773 -0.039215 0.029248
15 38 0.052923 -0.038208 0.030639
16 38 0.053381 -0.037072 0.030633
17 38 0.051136 -0.035126 0.029395
18 38 0.047859 -0.033023 0.028178
19 38 0.044492 -0.031369 0.026412
20 38 0.039756 -0.029872 0.023400
21 38 0.033938 -0.028211 0.020130
22 38 0.028400 -0.026384 0.017009
23 38 0.021955 -0.024197 0.012610
24 38 0.012415 -0.021470 0.006277
25 38 0.000660 -0.018649 -0.000487
26 38 -0.010537 -0.016456 -0.006449
27 38 -0.020772 -0.015007 -0.012448
28 38 -0.031947 -0.013856 -0.019593
29 38 -0.044432 -0.012792 -0.027135
30 38 -0.055967 -0.012090 -0.033399
31 38 -0.064695 -0.011914 -0.038033
32 38 -0.071324 -0.011880 -0.042115
33 38 -0.077412 -0.011412 -0.046229
34 38 -0.082666 -0.010335 -0.049401
35 38 -0.085058 -0.008924 -0.050239
36 38 -0.083344 -0.007456 -0.048611
37 38 -0.078622 -0.005893 -0.045793
38 38 -0.073196 -0.004044 -0.043079
39 38 -0.068320 -0.001932 -0.040541
40 38 -0.063344 0.000084 -0.037136
41 38 -0.056963 0.001575 -0.031757
42 38 -0.049194 0.002424 -0.023983
43 38 -0.042264 0.002996 -0.013911
44 38 -0.039520 0.003926 -0.001867
45 38 -0.042417 0.005531 0.010758
46 38 -0.047000 0.007137 0.020172
47 38 -0.044022 0.007117 0.021789
48 38 -0.026710 0.004363 0.015892
49 38 0.000000 0.000000 0.000000

0 39 0.000000 0.000000 0.000000
1 39 0.043438 -0.072178 0.002925
2 39 0.045921 -0.067401 0.005918
3 39 0.048292 -0.062429 0.008821
4 39 0.050291 -0.057480 0.011442
5 39 0.052471 -0.053069 0.014245
6 39 0.055112 -0.049572 0.016842
7 39 0.057496 -0.046585 0.019284
8 39 0.059928 -0.044116 0.021803
9 39 0.062083 -0.042286 0.023922
10 39 0.063826 -0.040799 0.026054
11 39 0.065734 -0.039377 0.028200
12 39 0.066529 -0.037857 0.029323
13 39 0.065862 -0.036408 0.030105
14 39 0.065879 -0.035267 0.031481
15 39 0.065880 -0.033906 0.031907
16 39 0.062996 -0.031811 0.030520
17 39 0.058469 -0.029679 0.029144
18 39 0.055267 -0.028215 0.028406
19 39 0.052019 -0.026712 0.026458
20 39 0.045925 -0.024253 0.022722
21 39 0.037868 -0.021202 0.018657
22 39 0.029819 -0.018407 0.014603
23 39 0.021080 -0.015967 0.009458
24 39 0.010716 -0.013621 0.003371
25 39 0.000320 -0.011512 -0.002191
26 39 -0.008581 -0.009833 -0.007050
27 39 -0.017383 -0.008300 -0.012668
28 39 -0.028219 -0.006587 -0.019677
29 39 -0.040511 -0.004988 -0.026793
30 39 -0.051793 -0.004154 -0.032685
31 39 -0.061137 -0.004287 -0.037699
32 39 -0.069850 -0.004944 -0.042929
33 39 -0.078797 -0.005608 -0.048257
34 39 -0.086470 -0.006168 -0.052141
35 39 -0.090372 -0.006747 -0.053295
36 39 -0.089695 -0.007249 -0.052015
37 39 -0.085986 -0.007273 -0.049671
38 39 -0.081313 -0.006489 -0.047177
39 39 -0.076266 -0.005008 -0.044187
40 39 -0.069860 -0.003336 -0.039679
41 39 -0.061170 -0.001979 -0.033050
42 39 -0.050970 -0.001058 -0.024493
43 39 -0.042014 -0.000213 -0.014396
44 39 -0.037740 0.001144 -0.002787
45 39 -0.039678 0.003297 0.009811
46 39 -0.044365 0.005593 0.020489
47 39 -0.042834 0.006346 0.024448
48 39 -0.027090 0.004170 0.020255
49 39 0.000000 0.000000 0.000000

0 40 0.000000 0.000000 0.000000
1 40 0.058818 -0.055859 0.002929
2 40 0.065043 -0.054341 0.006222
3 40 0.069394 -0.052758 0.009209
4 40 0.071640 -0.050836 0.012278
5 40 0.073458 -0.048934 0.015481
6 40 0.074048 -0.046482 0.017858
7 40 0.073508 -0.043554 0.020290
8 40 0.073830 -0.040984 0.022937
9 40 0.073939 -0.038317 0.024769
10 40 0.073164 -0.035285 0.026404
11 40 0.072822 -0.032647 0.028137
12 40 0.072358 -0.030416 0.029193
13 40 0.071138 -0.028083 0.029918
14 40 0.069691 -0.025698 0.030427
15 40 0.067112 -0.023432 0.029813
16 40 0.063001 -0.021380 0.028569
17 40 0.059193 -0.019673 0.027741
18 40 0.055515 -0.017946 0.026181
19 40 0.049133 -0.015667 0.022551
20 40 0.040133 -0.013279 0.018186
21 40 0.031929 -0.011759 0.014762
22 40 0.025416 -0.011054 0.011396
23 40 0.018011 -0.010139 0.006605
24 40 0.008686 -0.008541 0.001025
25 40 -0.000630 -0.006731 -0.003966
26 40 -0.008969 -0.005063 -0.008714
27 40 -0.017909 -0.003275 -0.014437
28 40 -0.028443 -0.001202 -0.020896
29 40 -0.038988 0.000698 -0.026624
30 40 -0.047780 0.001841 -0.031152
31 40 -0.055535 0.002161 -0.035650
32 40 -0.064285 0.001965 -0.041129
33 40 -0.074253 0.001344 -0.046860
34 40 -0.083125 0.000066 -0.051076
35 40 -0.088429 -0.001951 -0.052827
36 40 -0.089832 -0.004251 -0.052697
37 40 -0.088808 -0.006065 -0.051760
38 40 -0.086533 -0.006882 -0.050238
39 40 -0.082586 -0.006770 -0.047316
40 40 -0.075690 -0.006199 -0.042114
41 40 -0.065481 -0.005584 -0.034618
42 40 -0.053556 -0.004969 -0.025605
43 40 -0.043082 -0.004028 -0.015667
44 40 -0.037398 -0.002310 -0.004523
45 40 -0.038010 0.000359 0.008084
46 40 -0.042091 0.003334 0.020089
47 40 -0.041420 0.004950 0.026593
48 40 -0.027216 0.003614 0.024425
49 40 0.000000 0.000000 0.000000

0 41 0.000000 0.000000 0.000000
1 41 0.065974 -0.043221 0.002752
2 41 0.070409 -0.042056 0.005684
3 41 0.073570 -0.040230 0.008567
4 41 0.076760 -0.038341 0.011986
5 41 0.079900 -0.036260 0.014888
6 41 0.081482 -0.033665 0.017445
7 41 0.083567 -0.031428 0.020723
8 41 0.085843 -0.029226 0.023255
9 41 0.085879 -0.026328 0.024885
10 41 0.085753 -0.023740 0.027187
11 41 0.086509 -0.021729 0.029167
12 41 0.085405 -0.019186 0.029752
13 41 0.082705 -0.016360 0.030228
14 41 0.080474 -0.014226 0.030802
15 41 0.077677 -0.012398 0.030326
16 41 0.073259 -0.010205 0.029110
17 41 0.068186 -0.007920 0.027695
18 41 0.062237 -0.005896 0.025269
19 41 0.054600 -0.004135 0.021817
20 41 0.046751 -0.002764 0.018662
21 41 0.039915 -0.001699 0.015697
22 41 0.031981 -0.000300 0.011181
23 41 0.020812 0.001724 0.004871
24 41 0.008143 0.003623 -0.001379
25 41 -0.003003 0.004540 -0.006546
26 41 -0.012617 0.004640 -0.011682
27 41 -0.022627 0.004728 -0.017647
28 41 -0.032992 0.005135 -0.023444
29 41 -0.041581 0.005564 -0.027724
30 41 -0.047608 0.005828 -0.030847
31 41 -0.053033 0.006148 -0.034390
32 41 -0.060029 0.006610 -0.039019
33 41 -0.068297 0.006719 -0.043713
34 41 -0.075649 0.005740 -0.047103
35 41 -0.080603 0.003443 -0.048968
36 41 -0.083595 0.000370 -0.050099
37 41 -0.085675 -0.002615 -0.050971
38 41 -0.086642 -0.004946 -0.050912
39 41 -0.084837 -0.006577 -0.048638
40 41 -0.078691 -0.007716 -0.043451
41 41 -0.068369 -0.008461 -0.035864
42 41 -0.056079 -0.008646 -0.027049
43 41 -0.045097 -0.007960 -0.017644
44 41 -0.038429 -0.006131 -0.007064
45 41 -0.037497 -0.003150 0.005558
46 41 -0.040291 0.000360 0.018873
47 41 -0.039819 0.002851 0.027973
48 41 -0.027043 0.002621 0.028039
49 41 0.000000 0.000000 0.000000

0 42 0.000000 0.000000 0.000000
1 42 0.067719 -0.026764 0.002422
2 42 0.073749 -0.026705 0.005026
3 42 0.078244 -0.025304 0.008084
4 42 0.082381 -0.023040 0.011213
5 42 0.085133 -0.019909 0.013824
6 42 0.087603 -0.016810 0.017043
7 42 0.090908 -0.014134 0.020166
8 42 0.092420 -0.011158 0.022117
9 42 0.092919 -0.008557 0.024544
10 42 0.094740 -0.006916 0.027305
11 42 0.095026 -0.004978 0.028409
12 42 0.092542 -0.002603 0.028940
13 42 0.090762 -0.001069 0.030348
14 42 0.089493 0.000070 0.030904
15 42 0.085392 0.002120 0.029659
16 42 0.079368 0.004524 0.028298
17 42 0.074078 0.006169 0.027242
18 42 0.068519 0.007499 0.025113
19 42 0.061018 0.009372 0.021879
20 42 0.052485 0.011581 0.018489
21 42 0.043481 0.013596 0.014505
22 42 0.032808 0.015328 0.009150
23 42 0.020785 0.016590 0.003405
24 42 0.009876 0.016932 -0.001344
25 42 0.000802 0.016419 -0.005683
26 42 -0.008762 0.015739 -0.011217
27 42 -0.020415 0.015258 -0.017889
28 42 -0.032335 0.014552 -0.023903
29 42 -0.041699 0.013197 -0.028137
30 42 -0.048203 0.011569 -0.031357
31 42 -0.053795 0.010487 -0.034764
32 42 -0.059677 0.010212 -0.038306
33 42 -0.065013 0.010112 -0.040984
34 42 -0.068650 0.009294 -0.042416
35 42 -0.071044 0.007388 -0.043451
36 42 -0.073821 0.004670 -0.045111
37 42 -0.077664 0.001614 -0.047252
38 42 -0.081092 -0.001513 -0.048433
39 42 -0.081439 -0.004636 -0.047065
40 42 -0.076958 -0.007599 -0.042643
41 42 -0.068114 -0.010016 -0.035964
42 42 -0.057224 -0.011397 -0.028248
43 42 -0.047150 -0.011381 -0.019932
44 42 -0.040264 -0.009852 -0.010132
45 42 -0.037848 -0.006940 0.002403
46 42 -0.038872 -0.003194 0.016839
47 42 -0.037996 0.000070 0.028340
48 42 -0.026491 0.001173 0.030660
49 42 0.000000 0.000000 0.000000

0 43 0.000000 0.000000 0.000000
1 43 0.061700 -0.001011 0.001950
2 43 0.072100 -0.000788 0.004442
3 43 0.081516 -0.000794 0.007480
4 43 0.089020 -0.000734 0.010353
5 43 0.094215 -0.000576 0.013440
6 43 0.098463 -0.000545 0.016788
7 43 0.100591 0.000005 0.019174
8 43 0.100360 0.000963 0.021406
9 43 0.100476 0.001597 0.024172
10 43 0.099818 0.002643 0.025702
11 43 0.096364 0.004485 0.026186
12 43 0.093148 0.005896 0.027552
13 43 0.091346 0.006901 0.028639
14 43 0.087211 0.008845 0.027663
15 43 0.080626 0.011277 0.026303
16 43 0.075558 0.012749 0.026044
17 43 0.071643 0.013770 0.025067
18 43 0.065140 0.015729 0.022070
19 43 0.056338 0.018214 0.018659
20 43 0.048444 0.019857 0.016018
21 43 0.041657 0.020600 0.013061
22 43 0.033959 0.021350 0.009049
23 43 0.025428 0.022366 0.004950
24 43 0.017427 0.023316 0.001273
25 43 0.009215 0.024239 -0.003111
26 43 -0.001192 0.025338 -0.009021
27 43 -0.013555 0.026124 -0.015443
28 43 -0.025371 0.025625 -0.020905
29 43 -0.035132 0.023503 -0.025382
30 43 -0.043694 0.020496 -0.029839
31 43 -0.052052 0.017646 -0.034372
32 43 -0.059203 0.015380 -0.037752
33 43 -0.063197 0.013462 -0.038956
34 43 -0.063811 0.011555 -0.038580
35 43 -0.063321 0.009570 -0.038389
36 43 -0.064445 0.007485 -0.039590
37 43 -0.067805 0.005070 -0.041716
38 43 -0.071454 0.001962 -0.043106
39 43 -0.072621 -0.001951 -0.042317
40 43 -0.069820 -0.006255 -0.039094
41 43 -0.063590 -0.010136 -0.034205
42 43 -0.055708 -0.012782 -0.028477
43 43 -0.047999 -0.013745 -0.021858
44 43 -0.041854 -0.012973 -0.013167
45 43 -0.038339 -0.010625 -0.000990
46 43 -0.037463 -0.007068 0.014127
47 43 -0.035788 -0.003242 0.027503
48 43 -0.025427 -0.000666 0.031833
49 43 0.000000 0.000000 0.000000

0 44 0.000000 0.000000 0.000000
1 44 0.062669 0.021475 0.001654
2 44 0.071807 0.020639 0.003893
3 44 0.079293 0.019549 0.006379
4 44 0.084860 0.018295 0.008968
5 44 0.089308 0.016769 0.011925
6 44 0.092527 0.015364 0.014513
7 44 0.093688 0.014418 0.016710
8 44 0.094338 0.013543 0.019310
9 44 0.094630 0.013073 0.021335
10 44 0.092655 0.013543 0.022258
11 44 0.089957 0.014179 0.023586
12 44 0.088396 0.014664 0.025043
13 44 0.085329 0.015996 0.024814
14 44 0.079687 0.018014 0.023830
15 44 0.075025 0.019358 0.023924
16 44 0.071928 0.020280 0.023721
17 44 0.066433 0.022171 0.021334
18 44 0.058043 0.024636 0.018216
19 44 0.050861 0.026035 0.016410
20 44 0.046020 0.026380 0.014866
21 44 0.040023 0.027250 0.011584
22 44 0.031052 0.029162 0.007025
23 44 0.021392 0.030961 0.002900
24 44 0.013026 0.031737 -0.000691
25 44 0.005051 0.031893 -0.004796
26 44 -0.003536 0.032112 -0.009330
27 44 -0.011645 0.032280 -0.013155
28 44 -0.018218 0.031834 -0.016156
29 44 -0.024623 0.030551 -0.019735
30 44 -0.033133 0.028567 -0.024867
31 44 -0.043568 0.025907 -0.030506
32 44 -0.052803 0.022457 -0.034484
33 44 -0.057795 0.018423 -0.035716
34 44 -0.058477 0.014511 -0.035132
35 44 -0.057472 0.011431 -0.034543
36 44 -0.057405 0.009232 -0.034925
37 44 -0.058807 0.007180 -0.035820
38 44 -0.060301 0.004336 -0.036112
39 44 -0.060295 0.000288 -0.035133
40 44 -0.058300 -0.004546 -0.033042
41 44 -0.054902 -0.009214 -0.030346
42 44 -0.050858 -0.012797 -0.027133
43 44 -0.046478 -0.014802 -0.022647
44 44 -0.041921 -0.015137 -0.015413
45 44 -0.037931 -0.013831 -0.004042
46 44 -0.035441 -0.010914 0.011024
47 44 -0.032894 -0.006809 0.025371
48 44 -0.023654 -0.002743 0.031167
49 44 0.000000 0.000000 0.000000

0 45 0.000000 0.000000 0.000000
1 45 0.059799 0.040104 0.001388
2 45 0.067400 0.035726 0.003219
3 45 0.072235 0.032172 0.005200
4 45 0.075127 0.029578 0.007411
5 45 0.076972 0.027907 0.009615
6 45 0.077668 0.027158 0.011523
7 45 0.077942 0.026901 0.013616
8 45 0.078462 0.026931 0.015629
9 45 0.078026 0.027504 0.016906
10 45 0.076815 0.028255 0.018205
11 45 0.076289 0.028799 0.019773
12 45 0.075081 0.029729 0.020313
13 45 0.071737 0.031202 0.019991
14 45 0.068465 0.032333 0.020313
15 45 0.066334 0.033134 0.020607
16 45 0.062352 0.034666 0.019108
17 45 0.055543 0.036757 0.016715
18 45 0.049431 0.038052 0.015457
19 45 0.045419 0.038490 0.014538
20 45 0.039909 0.039458 0.011650
21 45 0.030639 0.041308 0.007076
22 45 0.020669 0.042597 0.003244
23 45 0.013466 0.042169 0.000860
24 45 0.007971 0.040570 -0.001796
25 45 0.001256 0.038933 -0.005756
26 45 -0.006501 0.037541 -0.009721
27 45 -0.012535 0.036088 -0.012137
28 45 -0.015931 0.034684 -0.013504
29 45 -0.019150 0.033779 -0.015697
30 45 -0.024913 0.033193 -0.019570
31 45 -0.033020 0.031844 -0.024069
32 45 -0.040858 0.028706 -0.027565
33 45 -0.046256 0.023892 -0.029465
34 45 -0.049122 0.018633 -0.030328
35 45 -0.050576 0.014228 -0.030814
36 45 -0.051285 0.011042 -0.030920
37 45 -0.050992 0.008413 -0.030241
38 45 -0.049365 0.005367 -0.028707
39 45 -0.046868 0.001399 -0.026878
40 45 -0.044617 -0.003253 -0.025501
41 45 -0.043406 -0.007891 -0.024778
42 45 -0.042922 -0.011834 -0.023988
43 45 -0.041919 -0.014687 -0.021668
44 45 -0.039347 -0.016265 -0.016125
45 45 -0.035552 -0.016309 -0.006121
46 45 -0.032085 -0.014380 0.007907
47 45 -0.028941 -0.010277 0.021980
48 45 -0.020950 -0.004835 0.028424
49 45 0.000000 0.000000 0.000000

0 46 0.000000 0.000000 0.000000
1 46 0.041365 0.056221 0.000916
2 46 0.047999 0.052715 0.002204
3 46 0.053961 0.049300 0.003807
4 46 0.059180 0.046120 0.005658
5 46 0.063274 0.043387 0.007474
6 46 0.066111 0.041127 0.009329
7 46 0.068139 0.039273 0.011222
8 46 0.069006 0.038011 0.012693
9 46 0.068574 0.037272 0.013923
10 46 0.067886 0.036754 0.015281
11 46 0.066767 0.036681 0.016119
12 46 0.064188 0.037230 0.016210
13 46 0.061217 0.037861 0.016506
14 46 0.059049 0.038412 0.016939
15 46 0.056046 0.039538 0.016255
16 46 0.051070 0.041185 0.014735
17 46 0.046415 0.042351 0.013957
18 46 0.043582 0.042956 0.013656
19 46 0.039963 0.044120 0.011917
20 46 0.033302 0.046019 0.008654
21 46 0.026054 0.047198 0.006063
22 46 0.021772 0.046761 0.005178
23 46 0.019492 0.045865 0.004217
24 46 0.014997 0.046049 0.001173
25 46 0.006585 0.046954 -0.003515
26 46 -0.003105 0.046716 -0.007825
27 46 -0.010764 0.044337 -0.010697
28 46 -0.015788 0.040826 -0.012701
29 46 -0.019561 0.037897 -0.014630
30 46 -0.022989 0.036094 -0.016448
31 46 -0.025925 0.034452 -0.017831
32 46 -0.028456 0.031716 -0.019068
33 46 -0.031523 0.027541 -0.020880
34 46 -0.035814 0.022584 -0.023389
35 46 -0.040439 0.017732 -0.025613
36 46 -0.043224 0.013396 -0.026169
37 46 -0.042499 0.009432 -0.024515
38 46 -0.038645 0.005505 -0.021514
39 46 -0.033971 0.001443 -0.018839
40 46 -0.031069 -0.002685 -0.017772
41 46 -0.031044 -0.006706 -0.018326
42 46 -0.032885 -0.010472 -0.019237
43 46 -0.034326 -0.013849 -0.018633
44 46 -0.033514 -0.016560 -0.014800
45 46 -0.030432 -0.017993 -0.006733
46 46 -0.026818 -0.017178 0.005136
47 46 -0.023615 -0.013272 0.017489
48 46 -0.017147 -0.006691 0.023589
49 46 0.000000 0.000000 0.000000

0 47 0.000000 0.000000 0.000000
1 47 0.027881 0.067682 0.000573
2 47 0.032605 0.065479 0.001426
3 47 0.037184 0.062819 0.002541
4 47 0.041399 0.059666 0.003798
5 47 0.044905 0.056178 0.005126
6 47 0.047679 0.052554 0.006540
7 47 0.049567 0.049119 0.007816
8 47 0.050333 0.046157 0.008890
9 47 0.050406 0.043701 0.009964
10 47 0.049979 0.041865 0.010809
11 47 0.048585 0.040824 0.011179
12 47 0.046627 0.040371 0.011506
13 47 0.044924 0.040252 0.011905
14 47 0.042846 0.040668 0.011720
15 47 0.039674 0.041671 0.010987
16 47 0.036587 0.042716 0.010596
17 47 0.034523 0.043519 0.010457
18 47 0.031999 0.044585 0.009439
19 47 0.027753 0.046184 0.007562
20 47 0.023478 0.047586 0.006260
21 47 0.021191 0.048083 0.005949
22 47 0.019568 0.048191 0.005123
23 47 0.015688 0.049033 0.002652
24 47 0.009477 0.050747 -0.000423
25 47 0.003818 0.052135 -0.002426
26 47 0.000297 0.051902 -0.003494
27 47 -0.002955 0.049815 -0.005320
28 47 -0.008322 0.046590 -0.008639
29 47 -0.015025 0.043029 -0.011998
30 47 -0.019678 0.039499 -0.013391
31 47 -0.020263 0.036041 -0.012626
32 47 -0.018583 0.032612 -0.011635
33 47 -0.018494 0.029105 -0.012485
34 47 -0.022063 0.025270 -0.015346
35 47 -0.027673 0.020828 -0.018373
36 47 -0.031607 0.015746 -0.019397
37 47 -0.031270 0.010380 -0.017707
38 47 -0.027125 0.005306 -0.014473
39 47 -0.022055 0.000952 -0.011717
40 47 -0.019093 -0.002667 -0.010846
41 47 -0.019422 -0.005917 -0.011820
42 47 -0.021928 -0.009252 -0.013342
43 47 -0.024254 -0.012860 -0.013662
44 47 -0.024479 -0.016411 -0.011355
45 47 -0.022383 -0.018974 -0.005703
46 47 -0.019437 -0.019119 0.002929
47 47 -0.016818 -0.015467 0.012139
48 47 -0.012226 -0.008079 0.016898
49 47 0.000000 0.000000 0.000000

0 48 0.000000 0.000000 0.000000
1 48 0.019803 0.075198 0.000379
2 48 0.023012 0.069824 0.000908
3 48 0.024473 0.064614 0.001490
4 48 0.024583 0.059958 0.002038
5 48 0.023913 0.056018 0.002576
6 48 0.022984 0.052849 0.003073
7 48 0.021961 0.050432 0.003465
8 48 0.021080 0.048627 0.003883
9 48 0.020556 0.047371 0.004317
10 48 0.020044 0.046677 0.004553
11 48 0.019403 0.046379 0.004739
12 48 0.019056 0.046355 0.005080
13 48 0.018743 0.046749 0.005203
14 48 0.017701 0.047527 0.004895
15 48 0.016385 0.048325 0.004721
16 48 0.015702 0.049120 0.004870
17 48 0.014828 0.050283 0.004497
18 48 0.012421 0.051674 0.003273
19 48 0.009486 0.052576 0.002323
20 48 0.008132 0.052866 0.002388
21 48 0.007694 0.053331 0.002230
22 48 0.005123 0.054280 0.000326
23 48 -0.000132 0.054639 -0.002481
24 48 -0.004200 0.053208 -0.003592
25 48 -0.003303 0.050442 -0.001974
26 48 0.001172 0.048174 0.000276
27 48 0.003777 0.047506 0.000211
28 48 0.000903 0.047492 -0.002721
29 48 -0.005600 0.046170 -0.006246
30 48 -0.010787 0.042622 -0.007795
31 48 -0.011712 0.037755 -0.006995
32 48 -0.009770 0.033203 -0.005650
33 48 -0.008582 0.029698 -0.005707
34 48 -0.010294 0.026564 -0.007467
35 48 -0.013927 0.022579 -0.009571
36 48 -0.016728 0.017190 -0.010394
37 48 -0.016719 0.010976 -0.009382
38 48 -0.014123 0.005124 -0.007321
39 48 -0.010863 0.000519 -0.005565
40 48 -0.008959 -0.002806 -0.005041
41 48 -0.009199 -0.005548 -0.005724
42 48 -0.010882 -0.008551 -0.006803
43 48 -0.012529 -0.012221 -0.007223
44 48 -0.012926 -0.016213 -0.006167
45 48 -0.011886 -0.019409 -0.003259
46 48 -0.010242 -0.020108 0.001289
47 48 -0.008770 -0.016626 0.006213
48 48 -0.006377 -0.008820 0.008820
49 48 0.000000 0.000000 0.000000

0 49 0.000000 0.000000 0.000000
1 49 0.000000 0.000000 0.000000
2 49 0.000000 0.000000 0.000000
3 49 0.000000 0.000000 0.000000
4 49 0.000000 0.000000 0.000000
5 49 0.000000 0.000000 0.000000
6 49 0.000000 0.000000 0.000000
7 49 0.000000 0.000000 0.000000
8 49 0.000000 0.000000 0.000000
9 49 0.000000 0.000000 0.000000
10 49 0.000000 0.000000 0.000000
11 49 0.000000 0.000000 0.000000
12 49 0.000000 0.000000 0.000000
13 49 0.000000 0.000000 0.000000
14 49 0.000000 0.000000 0.000000
15 49 0.000000 0.000000 0.000000
16 49 0.000000 0.000000 0.000000
17 49 0.000000 0.000000 0.000000
18 49 0.000000 0.000000 0.000000
19 49 0.000000 0.000000 0.000000
20 49 0.000000 0.000000 0.000000
21 49 0.000000 0.000000 0.000000
22 49 0.000000 0.000000 0.000000
23 49 0.000000 0.000000 0.000000
24 49 0.000000 0.000000 0.000000
25 49 0.000000 0.000000 0.000000
26 49 0.000000 0.000000 0.000000
27 49 0.000000 0.000000 0.000000
28 49 0.000000 0.000000 0.000000
29 49 0.000000 0.000000 0.000000
30 49 0.000000 0.000000 0.000000
31 49 0.000000 0.000000 0.000000
32 49 0.000000 0.000000 0.000000
33 49 0.000000 0.000000 0.000000
34 49 0.000000 0.000000 0.000000
35 49 0.000000 0.000000 0.000000
36 49 0.000000 0.000000 0.000000
37 49 0.000000 0.000000 0.000000
38 49 0.000000 0.000000 0.000000
39 49 0.000000 0.000000 0.000000
40 49 0.000000 0.000000 0.000000
41 49 0.000000 0.000000 0.000000
42 49 0.000000 0.000000 0.000000
43 49 0.000000 0.000000 0.000000
44 49 0.000000 0.000000 0.000000
45 49 0.000000 0.000000 0.000000
46 49 0.000000 0.000000 0.000000
47 49 0.000000 0.000000 0.000000
48 49 0.000000 0.000000 0.000000
49 49 0.000000 0.000000 0.000000

