#:x y Ey Bx Bz
0 0 0.000000 0.000000 0.000000
1 0 0.000000 0.000000 0.000000
2 0 0.000000 0.000000 0.000000
3 0 0.000000 0.000000 0.000000
4 0 0.000000 0.000000 0.000000
5 0 0.000000 0.000000 0.000000
6 0 0.000000 0.000000 0.000000
7 0 0.000000 0.000000 0.000000
8 0 0.000000 0.000000 0.000000
9 0 0.000000 0.000000 0.000000
10 0 0.000000 0.000000 0.000000
11 0 0.000000 0.000000 0.000000
12 0 0.000000 0.000000 0.000000
13 0 0.000000 0.000000 0.000000
14 0 0.000000 0.000000 0.000000
15 0 0.000000 0.000000 0.000000
16 0 0.000000 0.000000 0.000000
17 0 0.000000 0.000000 0.000000
18 0 0.000000 0.000000 0.000000
19 0 0.000000 0.000000 0.000000
20 0 0.000000 0.000000 0.000000
21 0 0.000000 0.000000 0.000000
22 0 0.000000 0.000000 0.000000
23 0 0.000000 0.000000 0.000000
24 0 0.000000 0.000000 0.000000
25 0 0.000000 0.000000 0.000000
26 0 0.000000 0.000000 0.000000
27 0 0.000000 0.000000 0.000000
28 0 0.000000 0.000000 0.000000
29 0 0.000000 0.000000 0.000000
30 0 0.000000 0.000000 0.000000
31 0 0.000000 0.000000 0.000000
32 0 0.000000 0.000000 0.000000
33 0 0.000000 0.000000 0.000000
34 0 0.000000 0.000000 0.000000
35 0 0.000000 0.000000 0.000000
36 0 0.000000 0.000000 0.000000
37 0 0.000000 0.000000 0.000000
38 0 0.000000 0.000000 0.000000
39 0 0.000000 0.000000 0.000000
40 0 0.000000 0.000000 0.000000
41 0 0.000000 0.000000 0.000000
42 0 0.000000 0.000000 0.000000
43 0 0.000000 0.000000 0.000000
44 0 0.000000 0.000000 0.000000
45 0 0.000000 0.000000 0.000000
46 0 0.000000 0.000000 0.000000
47 0 0.000000 0.000000 0.000000
48 0 0.000000 0.000000 0.000000
49 0 0.000000 0.000000 0.000000

0 1 0.000000 0.000000 0.000000
1 1 -0.008552 -0.021587 -0.000127
2 1 -0.017889 -0.024246 -0.000818
3 1 -0.026875 -0.026231 -0.001995
4 1 -0.035159 -0.027306 -0.003544
5 1 -0.042392 -0.027482 -0.005327
6 1 -0.048319 -0.026930 -0.007201
7 1 -0.052803 -0.025890 -0.009025
8 1 -0.055794 -0.024585 -0.010670
9 1 -0.057344 -0.023190 -0.012048
10 1 -0.057559 -0.021860 -0.013081
11 1 -0.056505 -0.020684 -0.013675
12 1 -0.054254 -0.019662 -0.013790
13 1 -0.050958 -0.018814 -0.013434
14 1 -0.046712 -0.018216 -0.012561
15 1 -0.041434 -0.017858 -0.011055
16 1 -0.035071 -0.017591 -0.008904
17 1 -0.027829 -0.017339 -0.006250
18 1 -0.019935 -0.017252 -0.003143
19 1 -0.011175 -0.017435 0.000670
20 1 -0.001016 -0.017513 0.005489
21 1 0.010508 -0.016667 0.011108
22 1 0.022125 -0.014278 0.016621
23 1 0.031797 -0.010617 0.020934
24 1 0.038172 -0.006866 0.023626
25 1 0.041780 -0.004405 0.025388
26 1 0.044894 -0.003932 0.027626
27 1 0.050108 -0.005070 0.031538
28 1 0.058690 -0.006671 0.037312
29 1 0.069769 -0.007513 0.043953
30 1 0.080776 -0.006904 0.049770
31 1 0.088683 -0.004886 0.053138
32 1 0.091281 -0.002055 0.053129
33 1 0.087884 0.000812 0.049736
34 1 0.079303 0.003087 0.043715
35 1 0.067318 0.004457 0.036215
36 1 0.053978 0.004917 0.028393
37 1 0.041048 0.004672 0.021149
38 1 0.029717 0.003999 0.015019
39 1 0.020549 0.003156 0.010202
40 1 0.013615 0.002329 0.006647
41 1 0.008666 0.001623 0.004165
42 1 0.005312 0.001074 0.002516
43 1 0.003143 0.000679 0.001468
44 1 0.001798 0.000412 0.000829
45 1 0.000997 0.000240 0.000454
46 1 0.000536 0.000135 0.000242
47 1 0.000279 0.000073 0.000127
48 1 0.000131 0.000035 0.000081
49 1 0.000000 0.000000 0.000000

0 2 0.000000 0.000000 0.000000
1 2 -0.019724 -0.045222 -0.000488
2 2 -0.029971 -0.045034 -0.001518
3 2 -0.037618 -0.044359 -0.002889
4 2 -0.043034 -0.043368 -0.004436
5 2 -0.046664 -0.042206 -0.006027
6 2 -0.048911 -0.040962 -0.007567
7 2 -0.050108 -0.039710 -0.008995
8 2 -0.050451 -0.038500 -0.010229
9 2 -0.050004 -0.037309 -0.011199
10 2 -0.048845 -0.036134 -0.011889
11 2 -0.047033 -0.035027 -0.012252
12 2 -0.044472 -0.033956 -0.012170
13 2 -0.041088 -0.032805 -0.011619
14 2 -0.037057 -0.031598 -0.010698
15 2 -0.032553 -0.030479 -0.009408
16 2 -0.027416 -0.029387 -0.007565
17 2 -0.021466 -0.028038 -0.005131
18 2 -0.015112 -0.026372 -0.002461
19 2 -0.009176 -0.024802 0.000028
20 2 -0.003900 -0.023755 0.002425
21 2 0.001636 -0.023021 0.005394
22 2 0.008823 -0.021800 0.009561
23 2 0.018200 -0.019498 0.014859
24 2 0.028881 -0.016433 0.020534
25 2 0.039256 -0.013703 0.025748
26 2 0.048225 -0.012320 0.030190
27 2 0.055813 -0.012404 0.034160
28 2 0.062772 -0.013064 0.038120
29 2 0.069632 -0.012981 0.042160
30 2 0.076040 -0.011208 0.045782
31 2 0.080803 -0.007634 0.048114
32 2 0.082509 -0.002938 0.048351
33 2 0.080239 0.001821 0.046131
34 2 0.073983 0.005687 0.041666
35 2 0.064598 0.008112 0.035626
36 2 0.053462 0.009019 0.028882
37 2 0.042022 0.008684 0.022255
38 2 0.031448 0.007550 0.016341
39 2 0.022468 0.006058 0.011466
40 2 0.015365 0.004545 0.007708
41 2 0.010082 0.003218 0.004977
42 2 0.006363 0.002165 0.003093
43 2 0.003871 0.001390 0.001855
44 2 0.002275 0.000856 0.001075
45 2 0.001293 0.000507 0.000603
46 2 0.000712 0.000289 0.000329
47 2 0.000379 0.000159 0.000178
48 2 0.000181 0.000077 0.000116
49 2 0.000000 0.000000 0.000000

0 3 0.000000 0.000000 0.000000
1 3 -0.021519 -0.065414 -0.000718
2 3 -0.030138 -0.062455 -0.001890
3 3 -0.036406 -0.059578 -0.003325
4 3 -0.040815 -0.057106 -0.004896
5 3 -0.043852 -0.055136 -0.006502
6 3 -0.045833 -0.053581 -0.008037
7 3 -0.046985 -0.052282 -0.009469
8 3 -0.047506 -0.051163 -0.010763
9 3 -0.047375 -0.050136 -0.011790
10 3 -0.046507 -0.049025 -0.012503
11 3 -0.045059 -0.047822 -0.012980
12 3 -0.043097 -0.046652 -0.013124
13 3 -0.040298 -0.045387 -0.012701
14 3 -0.036558 -0.043765 -0.011779
15 3 -0.032396 -0.041898 -0.010672
16 3 -0.028107 -0.040146 -0.009311
17 3 -0.023054 -0.038398 -0.007176
18 3 -0.016627 -0.036014 -0.004151
19 3 -0.009656 -0.032777 -0.001027
20 3 -0.003928 -0.029522 0.001280
21 3 -0.000006 -0.027476 0.002968
22 3 0.003999 -0.027003 0.005465
23 3 0.011026 -0.027221 0.010166
24 3 0.022366 -0.026841 0.017077
25 3 0.036349 -0.025250 0.024684
26 3 0.049499 -0.022802 0.031054
27 3 0.058929 -0.020218 0.035111
28 3 0.063940 -0.017814 0.037088
29 3 0.065835 -0.015262 0.038011
30 3 0.066537 -0.011952 0.038811
31 3 0.067217 -0.007556 0.039739
32 3 0.067790 -0.002338 0.040359
33 3 0.067308 0.002949 0.039957
34 3 0.064753 0.007421 0.038005
35 3 0.059656 0.010430 0.034430
36 3 0.052303 0.011752 0.029598
37 3 0.043543 0.011568 0.024135
38 3 0.034435 0.010315 0.018694
39 3 0.025911 0.008494 0.013786
40 3 0.018595 0.006540 0.009704
41 3 0.012760 0.004749 0.006538
42 3 0.008394 0.003273 0.004226
43 3 0.005306 0.002152 0.002628
44 3 0.003230 0.001355 0.001575
45 3 0.001898 0.000819 0.000912
46 3 0.001078 0.000477 0.000512
47 3 0.000589 0.000266 0.000286
48 3 0.000286 0.000131 0.000193
49 3 0.000000 0.000000 0.000000

0 4 0.000000 0.000000 0.000000
1 4 -0.012100 -0.080928 -0.000774
2 4 -0.018525 -0.080364 -0.001923
3 4 -0.025031 -0.078979 -0.003383
4 4 -0.031160 -0.076948 -0.005051
5 4 -0.036591 -0.074465 -0.006871
6 4 -0.041095 -0.071783 -0.008696
7 4 -0.044420 -0.068996 -0.010376
8 4 -0.046661 -0.066205 -0.011957
9 4 -0.048041 -0.063667 -0.013365
10 4 -0.048365 -0.061370 -0.014345
11 4 -0.047619 -0.059089 -0.014973
12 4 -0.046388 -0.056992 -0.015505
13 4 -0.044767 -0.055366 -0.015678
14 4 -0.041980 -0.053871 -0.015026
15 4 -0.037917 -0.051988 -0.013825
16 4 -0.033713 -0.050030 -0.012746
17 4 -0.029799 -0.048757 -0.011549
18 4 -0.024586 -0.047996 -0.009066
19 4 -0.016368 -0.046524 -0.004797
20 4 -0.005989 -0.043598 0.000139
21 4 0.003615 -0.040022 0.004150
22 4 0.010622 -0.037326 0.007000
23 4 0.016291 -0.036076 0.010055
24 4 0.023443 -0.035298 0.014725
25 4 0.033308 -0.033457 0.020887
26 4 0.044102 -0.029810 0.026859
27 4 0.052488 -0.024814 0.030780
28 4 0.056229 -0.019493 0.031995
29 4 0.055672 -0.014552 0.031357
30 4 0.053160 -0.010022 0.030422
31 4 0.051245 -0.005536 0.030365
32 4 0.051168 -0.000844 0.031365
33 4 0.052482 0.003884 0.032718
34 4 0.053688 0.008121 0.033394
35 4 0.053244 0.011272 0.032608
36 4 0.050305 0.012958 0.030129
37 4 0.044936 0.013149 0.026253
38 4 0.037894 0.012124 0.021590
39 4 0.030211 0.010329 0.016800
40 4 0.022837 0.008221 0.012410
41 4 0.016419 0.006162 0.008732
42 4 0.011265 0.004377 0.005871
43 4 0.007398 0.002960 0.003783
44 4 0.004664 0.001914 0.002343
45 4 0.002829 0.001188 0.001398
46 4 0.001654 0.000708 0.000808
47 4 0.000927 0.000403 0.000464
48 4 0.000457 0.000201 0.000324
49 4 0.000000 0.000000 0.000000

0 5 0.000000 0.000000 0.000000
1 5 -0.014174 -0.090073 -0.001116
2 5 -0.017640 -0.091458 -0.002424
3 5 -0.021492 -0.090786 -0.003917
4 5 -0.025168 -0.088624 -0.005456
5 5 -0.028277 -0.085459 -0.007007
6 5 -0.030911 -0.081894 -0.008614
7 5 -0.032944 -0.078396 -0.010034
8 5 -0.034128 -0.074957 -0.011224
9 5 -0.034958 -0.071764 -0.012480
10 5 -0.035636 -0.069208 -0.013565
11 5 -0.035374 -0.066981 -0.014028
12 5 -0.034217 -0.064609 -0.014274
13 5 -0.033337 -0.062537 -0.014804
14 5 -0.032508 -0.061258 -0.014924
15 5 -0.029975 -0.060049 -0.013781
16 5 -0.025703 -0.058006 -0.012078
17 5 -0.022037 -0.055732 -0.011154
18 5 -0.019962 -0.054608 -0.010663
19 5 -0.016870 -0.054640 -0.008641
20 5 -0.009658 -0.054157 -0.004072
21 5 0.001074 -0.051765 0.001645
22 5 0.011385 -0.047814 0.006225
23 5 0.018190 -0.043665 0.008928
24 5 0.022052 -0.039988 0.010995
25 5 0.025749 -0.036179 0.013940
26 5 0.030905 -0.031270 0.017850
27 5 0.036435 -0.025074 0.021386
28 5 0.039938 -0.018380 0.023171
29 5 0.040137 -0.012246 0.023039
30 5 0.038011 -0.007206 0.022113
31 5 0.035953 -0.003079 0.021883
32 5 0.036008 0.000654 0.023175
33 5 0.038631 0.004334 0.025720
34 5 0.042645 0.007876 0.028456
35 5 0.046099 0.010862 0.030175
36 5 0.047314 0.012827 0.030087
37 5 0.045532 0.013516 0.028053
38 5 0.040995 0.012977 0.024486
39 5 0.034616 0.011507 0.020079
40 5 0.027523 0.009515 0.015538
41 5 0.020698 0.007393 0.011397
42 5 0.014783 0.005430 0.007955
43 5 0.010067 0.003789 0.005303
44 5 0.006559 0.002523 0.003388
45 5 0.004100 0.001609 0.002080
46 5 0.002464 0.000984 0.001235
47 5 0.001414 0.000573 0.000730
48 5 0.000708 0.000288 0.000524
49 5 0.000000 0.000000 0.000000

0 6 0.000000 0.000000 0.000000
1 6 -0.029255 -0.083566 -0.001699
2 6 -0.025513 -0.084235 -0.003184
3 6 -0.021844 -0.083898 -0.004508
4 6 -0.018885 -0.083088 -0.005707
5 6 -0.016622 -0.082001 -0.006642
6 6 -0.015191 -0.080600 -0.007627
7 6 -0.015005 -0.079301 -0.008751
8 6 -0.015238 -0.078113 -0.009514
9 6 -0.015347 -0.076536 -0.010198
10 6 -0.016284 -0.074966 -0.011364
11 6 -0.017662 -0.073965 -0.012248
12 6 -0.017611 -0.072778 -0.012165
13 6 -0.016613 -0.070766 -0.012161
14 6 -0.016820 -0.068913 -0.012983
15 6 -0.017370 -0.067994 -0.013184
16 6 -0.015144 -0.066800 -0.011420
17 6 -0.010311 -0.063909 -0.009001
18 6 -0.006855 -0.060016 -0.008119
19 6 -0.006817 -0.056967 -0.008522
20 6 -0.007254 -0.055147 -0.007800
21 6 -0.004274 -0.053084 -0.004667
22 6 0.001941 -0.049434 -0.000552
23 6 0.007680 -0.044407 0.002308
24 6 0.010281 -0.039078 0.003435
25 6 0.010746 -0.033959 0.004292
26 6 0.011948 -0.028643 0.006365
27 6 0.015280 -0.022638 0.009588
28 6 0.019517 -0.016160 0.012621
29 6 0.022476 -0.010054 0.014316
30 6 0.023279 -0.005085 0.014768
31 6 0.023079 -0.001382 0.015139
32 6 0.023962 0.001517 0.016657
33 6 0.027285 0.004205 0.019712
34 6 0.032778 0.006962 0.023646
35 6 0.038800 0.009621 0.027211
36 6 0.043321 0.011748 0.029237
37 6 0.044887 0.012933 0.029114
38 6 0.043083 0.012996 0.026917
39 6 0.038457 0.012043 0.023217
40 6 0.032105 0.010378 0.018788
41 6 0.025208 0.008378 0.014342
42 6 0.018714 0.006375 0.010378
43 6 0.013197 0.004597 0.007149
44 6 0.008875 0.003154 0.004705
45 6 0.005712 0.002068 0.002970
46 6 0.003526 0.001298 0.001809
47 6 0.002070 0.000772 0.001100
48 6 0.001050 0.000394 0.000813
49 6 0.000000 0.000000 0.000000

0 7 0.000000 0.000000 0.000000
1 7 -0.037853 -0.067534 -0.002096
2 7 -0.029774 -0.068965 -0.003778
3 7 -0.022876 -0.070348 -0.005026
4 7 -0.017716 -0.071433 -0.006233
5 7 -0.014376 -0.072385 -0.007207
6 7 -0.011850 -0.072780 -0.007830
7 7 -0.010619 -0.072564 -0.008882
8 7 -0.011008 -0.072535 -0.010032
9 7 -0.011113 -0.072347 -0.010438
10 7 -0.010961 -0.071309 -0.011113
11 7 -0.012655 -0.070411 -0.012757
12 7 -0.014900 -0.070335 -0.013723
13 7 -0.014798 -0.069711 -0.013307
14 7 -0.013990 -0.067780 -0.013524
15 7 -0.015859 -0.066054 -0.015260
16 7 -0.018673 -0.065546 -0.016196
17 7 -0.017852 -0.064775 -0.014554
18 7 -0.013495 -0.061983 -0.012058
19 7 -0.010379 -0.057591 -0.011280
20 7 -0.011004 -0.053192 -0.011966
21 7 -0.012683 -0.049255 -0.011805
22 7 -0.012010 -0.044954 -0.009831
23 7 -0.009326 -0.039759 -0.007455
24 7 -0.007459 -0.034195 -0.006261
25 7 -0.007560 -0.029029 -0.005940
26 7 -0.007715 -0.024303 -0.004810
27 7 -0.005398 -0.019465 -0.001839
28 7 -0.000278 -0.014205 0.002306
29 7 0.005636 -0.008913 0.006063
30 7 0.010144 -0.004334 0.008495
31 7 0.012798 -0.000908 0.010004
32 7 0.015018 0.001540 0.011814
33 7 0.018664 0.003579 0.014890
34 7 0.024519 0.005696 0.019227
35 7 0.031756 0.007983 0.023879
36 7 0.038502 0.010142 0.027549
37 7 0.042874 0.011718 0.029229
38 7 0.043798 0.012368 0.028573
39 7 0.041270 0.012007 0.025887
40 7 0.036127 0.010802 0.021882
41 7 0.029585 0.009071 0.017368
42 7 0.022807 0.007155 0.013017
43 7 0.016639 0.005331 0.009258
44 7 0.011542 0.003771 0.006274
45 7 0.007643 0.002542 0.004069
46 7 0.004840 0.001636 0.002544
47 7 0.002906 0.000995 0.001589
48 7 0.001493 0.000514 0.001207
49 7 0.000000 0.000000 0.000000

0 8 0.000000 0.000000 0.000000
1 8 -0.042794 -0.054937 -0.002321
2 8 -0.036400 -0.054784 -0.004326
3 8 -0.030595 -0.054450 -0.005744
4 8 -0.024928 -0.053750 -0.006819
5 8 -0.020530 -0.053185 -0.008071
6 8 -0.016884 -0.053217 -0.008653
7 8 -0.013051 -0.053022 -0.008968
8 8 -0.011235 -0.052929 -0.010273
9 8 -0.011330 -0.053854 -0.011322
10 8 -0.010346 -0.054619 -0.011289
11 8 -0.009768 -0.054343 -0.012267
12 8 -0.012633 -0.054477 -0.014663
13 8 -0.016065 -0.055520 -0.015845
14 8 -0.016418 -0.055607 -0.015444
15 8 -0.016635 -0.053970 -0.016300
16 8 -0.020803 -0.052263 -0.019148
17 8 -0.026575 -0.051583 -0.021234
18 8 -0.029049 -0.050880 -0.020924
19 8 -0.028273 -0.048940 -0.019933
20 8 -0.028023 -0.045987 -0.020103
21 8 -0.029484 -0.042711 -0.020645
22 8 -0.030169 -0.039023 -0.019789
23 8 -0.028377 -0.034505 -0.017565
24 8 -0.025643 -0.029429 -0.015587
25 8 -0.024199 -0.024643 -0.014668
26 8 -0.023724 -0.020603 -0.013723
27 8 -0.021699 -0.016948 -0.011126
28 8 -0.016386 -0.013060 -0.006569
29 8 -0.008694 -0.008832 -0.001345
30 8 -0.001172 -0.004771 0.002965
31 8 0.004382 -0.001486 0.005865
32 8 0.008254 0.000860 0.008160
33 8 0.012202 0.002623 0.011094
34 8 0.017804 0.004331 0.015308
35 8 0.025231 0.006277 0.020388
36 8 0.033170 0.008354 0.025167
37 8 0.039653 0.010168 0.028399
38 8 0.043077 0.011298 0.029321
39 8 0.042818 0.011507 0.027880
40 8 0.039278 0.010814 0.024599
41 8 0.033525 0.009447 0.020287
42 8 0.026818 0.007724 0.015738
43 8 0.020229 0.005946 0.011549
44 8 0.014464 0.004332 0.008054
45 8 0.009846 0.003001 0.005363
46 8 0.006395 0.001980 0.003438
47 8 0.003921 0.001230 0.002207
48 8 0.002039 0.000642 0.001720
49 8 0.000000 0.000000 0.000000

0 9 0.000000 0.000000 0.000000
1 9 -0.043750 -0.038357 -0.002281
2 9 -0.035628 -0.034667 -0.004034
3 9 -0.028092 -0.032122 -0.005421
4 9 -0.020837 -0.030882 -0.005892
5 9 -0.014561 -0.030322 -0.006617
6 9 -0.011193 -0.031104 -0.007700
7 9 -0.008457 -0.032864 -0.007743
8 9 -0.005965 -0.034148 -0.008275
9 9 -0.007035 -0.035727 -0.010380
10 9 -0.009642 -0.038323 -0.011648
11 9 -0.010098 -0.040236 -0.011865
12 9 -0.011563 -0.040845 -0.013843
13 9 -0.016954 -0.041782 -0.017174
14 9 -0.022083 -0.043361 -0.018836
15 9 -0.023652 -0.043970 -0.019072
16 9 -0.025063 -0.043021 -0.020566
17 9 -0.029527 -0.041470 -0.023380
18 9 -0.034818 -0.039852 -0.025323
19 9 -0.038105 -0.037890 -0.025976
20 9 -0.040385 -0.035658 -0.026856
21 9 -0.043395 -0.033628 -0.028240
22 9 -0.045795 -0.031689 -0.028488
23 9 -0.045098 -0.029119 -0.026615
24 9 -0.041539 -0.025622 -0.023777
25 9 -0.037818 -0.021798 -0.021646
26 9 -0.035479 -0.018418 -0.020224
27 9 -0.033081 -0.015567 -0.017954
28 9 -0.028148 -0.012705 -0.013651
29 9 -0.020107 -0.009411 -0.007834
30 9 -0.010887 -0.005876 -0.002165
31 9 -0.002999 -0.002683 0.002112
32 9 0.002630 -0.000249 0.005124
33 9 0.007109 0.001506 0.008020
34 9 0.012336 0.003019 0.011896
35 9 0.019369 0.004694 0.016939
36 9 0.027682 0.006613 0.022329
37 9 0.035556 0.008512 0.026771
38 9 0.041089 0.009974 0.029178
39 9 0.043080 0.010663 0.029102
40 9 0.041398 0.010470 0.026787
41 9 0.036809 0.009512 0.022940
42 9 0.030535 0.008057 0.018408
43 9 0.023798 0.006403 0.013928
44 9 0.017528 0.004804 0.009988
45 9 0.012258 0.003417 0.006825
46 9 0.008158 0.002310 0.004485
47 9 0.005105 0.001463 0.002956
48 9 0.002683 0.000771 0.002362
49 9 0.000000 0.000000 0.000000

0 10 0.000000 0.000000 0.000000
1 10 -0.027368 -0.019855 -0.001761
2 10 -0.018789 -0.016724 -0.002642
3 10 -0.012342 -0.014724 -0.003582
4 10 -0.008522 -0.014180 -0.004075
5 10 -0.005053 -0.014256 -0.003949
6 10 -0.003645 -0.014492 -0.005081
7 10 -0.005024 -0.015961 -0.006294
8 10 -0.005305 -0.017887 -0.006422
9 10 -0.005943 -0.019184 -0.007954
10 10 -0.010319 -0.021008 -0.010932
11 10 -0.014885 -0.023734 -0.012634
12 10 -0.017073 -0.025929 -0.013857
13 10 -0.020758 -0.027274 -0.016933
14 10 -0.027433 -0.028693 -0.020666
15 10 -0.033410 -0.030313 -0.023080
16 10 -0.037300 -0.031666 -0.025034
17 10 -0.041195 -0.032653 -0.027585
18 10 -0.045163 -0.033044 -0.029578
19 10 -0.047279 -0.032250 -0.030136
20 10 -0.048095 -0.030309 -0.030564
21 10 -0.050106 -0.028163 -0.032044
22 10 -0.053258 -0.026487 -0.033408
23 10 -0.054497 -0.024905 -0.032728
24 10 -0.052003 -0.022721 -0.030019
25 10 -0.047490 -0.019945 -0.027067
26 10 -0.043642 -0.017210 -0.024972
27 10 -0.040670 -0.014896 -0.022869
28 10 -0.036360 -0.012717 -0.019162
29 10 -0.028977 -0.010159 -0.013476
30 10 -0.019313 -0.007133 -0.007080
31 10 -0.009886 -0.004076 -0.001629
32 10 -0.002597 -0.001523 0.002269
33 10 0.002713 0.000355 0.005364
34 10 0.007763 0.001827 0.008931
35 10 0.014209 0.003315 0.013687
36 10 0.022350 0.005045 0.019284
37 10 0.030971 0.006907 0.024570
38 10 0.038130 0.008550 0.028265
39 10 0.042187 0.009600 0.029562
40 10 0.042461 0.009844 0.028370
41 10 0.039312 0.009296 0.025211
42 10 0.033796 0.008151 0.020910
43 10 0.027194 0.006683 0.016299
44 10 0.020613 0.005156 0.012010
45 10 0.014797 0.003763 0.008413
46 10 0.010081 0.002602 0.005664
47 10 0.006432 0.001679 0.003830
48 10 0.003415 0.000894 0.003133
49 10 0.000000 0.000000 0.000000

0 11 0.000000 0.000000 0.000000
1 11 -0.008497 -0.005762 -0.000937
2 11 -0.002966 -0.001427 -0.001069
3 11 0.001948 0.002105 -0.000800
4 11 0.004778 0.004496 -0.001090
5 11 0.006584 0.005122 -0.000585
6 11 0.008865 0.004906 -0.000277
7 11 0.008319 0.003849 -0.001579
8 11 0.005853 0.001344 -0.002509
9 11 0.004519 -0.001654 -0.003140
10 11 0.001641 -0.004449 -0.005524
11 11 -0.004160 -0.007464 -0.008605
12 11 -0.009738 -0.010710 -0.010990
13 11 -0.014671 -0.013821 -0.013852
14 11 -0.020786 -0.016558 -0.017500
15 11 -0.027227 -0.018494 -0.020683
16 11 -0.033120 -0.019554 -0.023765
17 11 -0.040066 -0.020609 -0.027898
18 11 -0.047981 -0.022301 -0.031943
19 11 -0.053560 -0.023939 -0.033878
20 11 -0.055300 -0.024494 -0.034152
21 11 -0.055877 -0.024007 -0.034835
22 11 -0.057719 -0.023226 -0.036207
23 11 -0.059367 -0.022374 -0.036420
24 11 -0.058033 -0.021016 -0.034361
25 11 -0.053754 -0.018949 -0.031172
26 11 -0.049122 -0.016624 -0.028531
27 11 -0.045651 -0.014569 -0.026451
28 11 -0.041971 -0.012762 -0.023416
29 11 -0.035765 -0.010733 -0.018325
30 11 -0.026601 -0.008188 -0.011779
31 11 -0.016453 -0.005354 -0.005477
32 11 -0.007780 -0.002756 -0.000643
33 11 -0.001425 -0.000738 0.002895
34 11 0.003775 0.000778 0.006319
35 11 0.009709 0.002153 0.010717
36 11 0.017392 0.003699 0.016241
37 11 0.026250 0.005445 0.022029
38 11 0.034540 0.007141 0.026759
39 11 0.040364 0.008425 0.029339
40 11 0.042549 0.009020 0.029339
41 11 0.040995 0.008847 0.027032
42 11 0.036497 0.008021 0.023153
43 11 0.030291 0.006777 0.018574
44 11 0.023609 0.005372 0.014048
45 11 0.017378 0.004018 0.010081
46 11 0.012109 0.002840 0.006945
47 11 0.007868 0.001865 0.004816
48 11 0.004217 0.001001 0.004027
49 11 0.000000 0.000000 0.000000

0 12 0.000000 0.000000 0.000000
1 12 0.012229 0.014440 0.000404
2 12 0.019737 0.019503 0.001332
3 12 0.025680 0.022057 0.003066
4 12 0.029807 0.022725 0.004284
5 12 0.030584 0.021667 0.004959
6 12 0.030177 0.019174 0.005852
7 12 0.028609 0.016054 0.005550
8 12 0.024351 0.012593 0.004167
9 12 0.019231 0.008799 0.002699
10 12 0.013817 0.004676 0.000334
11 12 0.007209 0.000505 -0.002807
12 12 0.000470 -0.003054 -0.005844
13 12 -0.006529 -0.006135 -0.009697
14 12 -0.015118 -0.009657 -0.014580
15 12 -0.023289 -0.013438 -0.018469
16 12 -0.028506 -0.016147 -0.020936
17 12 -0.032971 -0.017397 -0.024186
18 12 -0.039900 -0.018146 -0.028847
19 12 -0.047731 -0.019006 -0.032726
20 12 -0.052912 -0.019622 -0.034557
21 12 -0.055548 -0.019738 -0.035736
22 12 -0.058196 -0.019690 -0.037459
23 12 -0.060969 -0.019657 -0.038595
24 12 -0.061299 -0.019219 -0.037499
25 12 -0.058040 -0.017969 -0.034522
26 12 -0.053219 -0.016130 -0.031486
27 12 -0.049254 -0.014288 -0.029248
28 12 -0.045927 -0.012684 -0.026735
29 12 -0.040928 -0.011014 -0.022418
30 12 -0.032795 -0.008895 -0.016156
31 12 -0.022624 -0.006353 -0.009373
32 12 -0.012967 -0.003813 -0.003683
33 12 -0.005510 -0.001707 0.000471
34 12 0.000144 -0.000123 0.003961
35 12 0.005779 0.001195 0.008054
36 12 0.012922 0.002580 0.013348
37 12 0.021661 0.004171 0.019357
38 12 0.030634 0.005826 0.024852
39 12 0.037871 0.007229 0.028560
40 12 0.041813 0.008077 0.029738
41 12 0.041898 0.008220 0.028381
42 12 0.038590 0.007699 0.025075
43 12 0.033002 0.006694 0.020681
44 12 0.026418 0.005446 0.016038
45 12 0.019919 0.004169 0.011776
46 12 0.014177 0.003008 0.008296
47 12 0.009371 0.002008 0.005892
48 12 0.005065 0.001086 0.005029
49 12 0.000000 0.000000 0.000000

0 13 0.000000 0.000000 0.000000
1 13 0.041273 0.031868 0.002130
2 13 0.046893 0.034661 0.004686
3 13 0.049307 0.035704 0.007407
4 13 0.049844 0.035274 0.009820
5 13 0.048500 0.033746 0.011373
6 13 0.045861 0.031541 0.012385
7 13 0.042257 0.028492 0.012272
8 13 0.037394 0.024521 0.011264
9 13 0.032442 0.020537 0.010012
10 13 0.026577 0.016738 0.007275
11 13 0.018290 0.012206 0.003190
12 13 0.010219 0.007264 -0.000160
13 13 0.003886 0.003232 -0.003447
14 13 -0.004207 0.000007 -0.008776
15 13 -0.015201 -0.003485 -0.014899
16 13 -0.025061 -0.007289 -0.019428
17 13 -0.031936 -0.010731 -0.023058
18 13 -0.038387 -0.013617 -0.027394
19 13 -0.045356 -0.015952 -0.031518
20 13 -0.050546 -0.017388 -0.033874
21 13 -0.053277 -0.017790 -0.035206
22 13 -0.055884 -0.017691 -0.037114
23 13 -0.059452 -0.017642 -0.039131
24 13 -0.061696 -0.017502 -0.039312
25 13 -0.060291 -0.016775 -0.037094
26 13 -0.056151 -0.015390 -0.034018
27 13 -0.052017 -0.013794 -0.031582
28 13 -0.048846 -0.012357 -0.029386
29 13 -0.044853 -0.010955 -0.025825
30 13 -0.037949 -0.009213 -0.020108
31 13 -0.028261 -0.007003 -0.013185
32 13 -0.018055 -0.004620 -0.006808
33 13 -0.009588 -0.002505 -0.001967
34 13 -0.003272 -0.000871 0.001777
35 13 0.002313 0.000419 0.005681
36 13 0.008968 0.001672 0.010687
37 13 0.017384 0.003097 0.016712
38 13 0.026674 0.004648 0.022723
39 13 0.034966 0.006077 0.027368
40 13 0.040438 0.007084 0.029648
41 13 0.042112 0.007473 0.029276
42 13 0.040085 0.007220 0.026648
43 13 0.035280 0.006453 0.022568
44 13 0.028970 0.005379 0.017922
45 13 0.022346 0.004209 0.013450
46 13 0.016227 0.003095 0.009677
47 13 0.010897 0.002098 0.007030
48 13 0.005934 0.001143 0.006115
49 13 0.000000 0.000000 0.000000

0 14 0.000000 0.000000 0.000000
1 14 0.061489 0.047863 0.003952
2 14 0.065358 0.051353 0.008257
3 14 0.067764 0.052433 0.012611
4 14 0.068938 0.051567 0.016222
5 14 0.067995 0.048652 0.018661
6 14 0.066197 0.044326 0.020772
7 14 0.063607 0.039720 0.021376
8 14 0.057927 0.034456 0.019963
9 14 0.051302 0.028454 0.018610
10 14 0.045774 0.022926 0.016736
11 14 0.038011 0.018053 0.012458
12 14 0.027523 0.013032 0.007464
13 14 0.018256 0.007935 0.003396
14 14 0.010265 0.003343 -0.001274
15 14 0.000844 -0.000537 -0.007133
16 14 -0.009214 -0.003583 -0.012563
17 14 -0.018245 -0.005843 -0.017473
18 14 -0.027591 -0.007940 -0.023200
19 14 -0.037918 -0.010375 -0.029058
20 14 -0.046451 -0.012745 -0.032954
21 14 -0.051205 -0.014336 -0.034878
22 14 -0.054173 -0.015115 -0.036755
23 14 -0.057823 -0.015557 -0.039129
24 14 -0.061127 -0.015790 -0.040305
25 14 -0.061353 -0.015486 -0.038994
26 14 -0.058212 -0.014484 -0.036152
27 14 -0.054169 -0.013117 -0.033567
28 14 -0.051038 -0.011812 -0.031524
29 14 -0.047798 -0.010601 -0.028609
30 14 -0.042114 -0.009171 -0.023561
31 14 -0.033234 -0.007298 -0.016775
32 14 -0.022885 -0.005143 -0.009927
33 14 -0.013604 -0.003102 -0.004417
34 14 -0.006538 -0.001461 -0.000287
35 14 -0.000784 -0.000193 0.003562
36 14 0.005508 0.000954 0.008295
37 14 0.013513 0.002217 0.014205
38 14 0.022852 0.003630 0.020521
39 14 0.031874 0.005014 0.025906
40 14 0.038620 0.006096 0.029171
41 14 0.041761 0.006658 0.029766
42 14 0.041030 0.006626 0.027874
43 14 0.037113 0.006077 0.024203
44 14 0.031218 0.005184 0.019656
45 14 0.024600 0.004139 0.015057
46 14 0.018200 0.003099 0.011051
47 14 0.012402 0.002129 0.008201
48 14 0.006799 0.001167 0.007257
49 14 0.000000 0.000000 0.000000

0 15 0.000000 0.000000 0.000000
1 15 0.084770 0.065868 0.006319
2 15 0.088784 0.066427 0.012631
3 15 0.089582 0.064084 0.018485
4 15 0.088972 0.060031 0.023667
5 15 0.086113 0.055300 0.026677
6 15 0.080959 0.049804 0.028575
7 15 0.076395 0.044057 0.029856
8 15 0.070793 0.038682 0.028816
9 15 0.062702 0.033376 0.026403
10 15 0.054831 0.027896 0.023878
11 15 0.047083 0.022425 0.020020
12 15 0.037692 0.017303 0.014953
13 15 0.027822 0.012829 0.009863
14 15 0.017767 0.008643 0.003965
15 15 0.006278 0.004049 -0.002993
16 15 -0.004838 -0.000691 -0.009009
17 15 -0.013070 -0.004542 -0.013543
18 15 -0.020258 -0.007181 -0.018612
19 15 -0.029309 -0.009181 -0.024783
20 15 -0.038829 -0.010882 -0.029987
21 15 -0.045698 -0.012091 -0.033108
22 15 -0.050213 -0.012780 -0.035562
23 15 -0.054815 -0.013288 -0.038474
24 15 -0.059443 -0.013746 -0.040631
25 15 -0.061441 -0.013829 -0.040345
26 15 -0.059608 -0.013248 -0.037956
27 15 -0.055916 -0.012181 -0.035306
28 15 -0.052774 -0.011046 -0.033290
29 15 -0.050020 -0.010000 -0.030863
30 15 -0.045405 -0.008827 -0.026495
31 15 -0.037481 -0.007272 -0.020038
32 15 -0.027317 -0.005381 -0.012933
33 15 -0.017465 -0.003482 -0.006839
34 15 -0.009660 -0.001885 -0.002255
35 15 -0.003582 -0.000652 0.001661
36 15 0.002496 0.000403 0.006177
37 15 0.010088 0.001515 0.011904
38 15 0.019300 0.002773 0.018363
39 15 0.028779 0.004064 0.024304
40 15 0.036541 0.005152 0.028415
41 15 0.040985 0.005818 0.029915
42 15 0.041502 0.005955 0.028775
43 15 0.038521 0.005595 0.025578
44 15 0.033141 0.004875 0.021210
45 15 0.026639 0.003967 0.016560
46 15 0.020051 0.003018 0.012382
47 15 0.013845 0.002099 0.009373
48 15 0.007635 0.001156 0.008424
49 15 0.000000 0.000000 0.000000

0 16 0.000000 0.000000 0.000000
1 16 0.101306 0.075824 0.008784
2 16 0.100878 0.075066 0.017301
3 16 0.098888 0.072363 0.024405
4 16 0.096444 0.068123 0.030448
5 16 0.094308 0.062848 0.034687
6 16 0.091016 0.057141 0.036999
7 16 0.087106 0.051203 0.038166
8 16 0.082528 0.044867 0.037582
9 16 0.076544 0.038458 0.035690
10 16 0.070064 0.032726 0.033102
11 16 0.062094 0.027410 0.028644
12 16 0.051698 0.021747 0.022908
13 16 0.041745 0.016203 0.017882
14 16 0.033097 0.011743 0.012554
15 16 0.022255 0.008190 0.005135
16 16 0.008718 0.004788 -0.002831
17 16 -0.003760 0.001382 -0.009360
18 16 -0.014086 -0.001863 -0.015402
19 16 -0.024468 -0.004957 -0.022070
20 16 -0.034785 -0.007736 -0.027965
21 16 -0.042447 -0.009755 -0.031689
22 16 -0.047292 -0.010878 -0.034331
23 16 -0.051925 -0.011502 -0.037451
24 16 -0.057180 -0.011983 -0.040345
25 16 -0.060629 -0.012202 -0.041081
26 16 -0.060225 -0.011876 -0.039336
27 16 -0.057169 -0.011056 -0.036775
28 16 -0.054108 -0.010090 -0.034749
29 16 -0.051676 -0.009192 -0.032672
30 16 -0.047948 -0.008233 -0.028932
31 16 -0.041008 -0.006965 -0.022913
32 16 -0.031256 -0.005352 -0.015734
33 16 -0.021071 -0.003643 -0.009172
34 16 -0.012609 -0.002142 -0.004122
35 16 -0.006120 -0.000968 -0.000048
36 16 -0.000121 -0.000000 0.004320
37 16 0.007107 0.000973 0.009845
38 16 0.016096 0.002071 0.016333
39 16 0.025822 0.003236 0.022671
40 16 0.034362 0.004277 0.027484
41 16 0.039923 0.004986 0.029802
42 16 0.041596 0.005238 0.029391
43 16 0.039547 0.005033 0.026698
44 16 0.034739 0.004471 0.022567
45 16 0.028438 0.003701 0.017931
46 16 0.021743 0.002858 0.013639
47 16 0.015193 0.002009 0.010512
48 16 0.008421 0.001112 0.009580
49 16 0.000000 0.000000 0.000000

0 17 0.000000 0.000000 0.000000
1 17 0.109285 0.088071 0.011593
2 17 0.109082 0.085084 0.022306
3 17 0.108097 0.079091 0.031187
4 17 0.106611 0.071796 0.038209
5 17 0.104255 0.064204 0.042764
6 17 0.100494 0.056444 0.045374
7 17 0.096854 0.049295 0.046914
8 17 0.092174 0.043116 0.046028
9 17 0.084696 0.037056 0.043239
10 17 0.077327 0.031017 0.040552
11 17 0.070631 0.025728 0.036649
12 17 0.061066 0.021119 0.030352
13 17 0.049346 0.016600 0.023746
14 17 0.038717 0.012006 0.017632
15 17 0.028355 0.007484 0.010577
16 17 0.016875 0.003387 0.003024
17 17 0.006037 0.000226 -0.003509
18 17 -0.003662 -0.001939 -0.009829
19 17 -0.014553 -0.003706 -0.017277
20 17 -0.026730 -0.005533 -0.024564
21 17 -0.036918 -0.007224 -0.029648
22 17 -0.043621 -0.008452 -0.032992
23 17 -0.049064 -0.009293 -0.036412
24 17 -0.054950 -0.009971 -0.039856
25 17 -0.059547 -0.010408 -0.041457
26 17 -0.060429 -0.010350 -0.040384
27 17 -0.058082 -0.009781 -0.038002
28 17 -0.055147 -0.008992 -0.035956
29 17 -0.052909 -0.008230 -0.034112
30 17 -0.049875 -0.007448 -0.030913
31 17 -0.043858 -0.006428 -0.025374
32 17 -0.034650 -0.005087 -0.018260
33 17 -0.024338 -0.003598 -0.011356
34 17 -0.015338 -0.002236 -0.005870
35 17 -0.008411 -0.001149 -0.001581
36 17 -0.002383 -0.000274 0.002708
37 17 0.004553 0.000568 0.008042
38 17 0.013277 0.001509 0.014488
39 17 0.023100 0.002531 0.021093
40 17 0.032215 0.003484 0.026471
41 17 0.038705 0.004185 0.029504
42 17 0.041410 0.004503 0.029772
43 17 0.040249 0.004414 0.027583
44 17 0.036030 0.003991 0.023724
45 17 0.029985 0.003354 0.019151
46 17 0.023250 0.002624 0.014793
47 17 0.016419 0.001863 0.011590
48 17 0.009140 0.001035 0.010692
49 17 0.000000 0.000000 0.000000

0 18 0.000000 0.000000 0.000000
1 18 0.114411 0.091689 0.014837
2 18 0.110112 0.085203 0.027743
3 18 0.105869 0.077379 0.037488
4 18 0.102641 0.069339 0.045036
5 18 0.101197 0.062019 0.050114
6 18 0.098850 0.055502 0.052344
7 18 0.096138 0.049212 0.053597
8 18 0.094187 0.043211 0.053455
9 18 0.090166 0.037793 0.050932
10 18 0.083942 0.032823 0.047487
11 18 0.077219 0.027895 0.043224
12 18 0.068927 0.022862 0.037328
13 18 0.059173 0.018261 0.030998
14 18 0.049347 0.014618 0.024522
15 18 0.037826 0.011489 0.016345
16 18 0.023554 0.008083 0.007133
17 18 0.009832 0.004408 -0.000679
18 18 -0.001004 0.001031 -0.007227
19 18 -0.011215 -0.001802 -0.014407
20 18 -0.022554 -0.004149 -0.021851
21 18 -0.032832 -0.005930 -0.027537
22 18 -0.040092 -0.007053 -0.031368
23 18 -0.045933 -0.007727 -0.035078
24 18 -0.052321 -0.008266 -0.039022
25 18 -0.057961 -0.008684 -0.041440
26 18 -0.060129 -0.008750 -0.041088
27 18 -0.058622 -0.008376 -0.038985
28 18 -0.055923 -0.007759 -0.036946
29 18 -0.053823 -0.007136 -0.035254
30 18 -0.051315 -0.006509 -0.032496
31 18 -0.046110 -0.005705 -0.027426
32 18 -0.037493 -0.004620 -0.020466
33 18 -0.027206 -0.003366 -0.013332
34 18 -0.017797 -0.002176 -0.007466
35 18 -0.010451 -0.001206 -0.002941
36 18 -0.004322 -0.000434 0.001326
37 18 0.002397 0.000282 0.006497
38 18 0.010859 0.001070 0.012862
39 18 0.020681 0.001938 0.019636
40 18 0.030203 0.002776 0.025455
41 18 0.037445 0.003427 0.029093
42 18 0.041042 0.003767 0.029970
43 18 0.040689 0.003760 0.028260
44 18 0.037044 0.003452 0.024685
45 18 0.031281 0.002940 0.020208
46 18 0.024557 0.002326 0.015825
47 18 0.017501 0.001665 0.012577
48 18 0.009779 0.000928 0.011727
49 18 0.000000 0.000000 0.000000

0 19 0.000000 0.000000 0.000000
1 19 0.102812 0.095103 0.018400
2 19 0.098416 0.086481 0.033423
3 19 0.097292 0.076157 0.044288
4 19 0.097678 0.066274 0.051839
5 19 0.099131 0.057344 0.056959
6 19 0.100162 0.049405 0.059605
7 19 0.100020 0.042764 0.060713
8 19 0.098650 0.037138 0.060043
9 19 0.094848 0.031726 0.057387
10 19 0.089883 0.026656 0.054267
11 19 0.084623 0.022526 0.050090
12 19 0.076264 0.018929 0.043397
13 19 0.065048 0.015093 0.036020
14 19 0.054862 0.011135 0.029551
15 19 0.045432 0.007629 0.022302
16 19 0.033759 0.004827 0.013538
17 19 0.020755 0.002710 0.005138
18 19 0.008759 0.001102 -0.002403
19 19 -0.003247 -0.000390 -0.010543
20 19 -0.016484 -0.002048 -0.019022
21 19 -0.028638 -0.003698 -0.025705
22 19 -0.037255 -0.004986 -0.030120
23 19 -0.043637 -0.005858 -0.034024
24 19 -0.050259 -0.006503 -0.038242
25 19 -0.056515 -0.006982 -0.041256
26 19 -0.059657 -0.007147 -0.041534
27 19 -0.058908 -0.006921 -0.039739
28 19 -0.056475 -0.006452 -0.037734
29 19 -0.054482 -0.005953 -0.036143
30 19 -0.052366 -0.005459 -0.033734
31 19 -0.047844 -0.004839 -0.029088
32 19 -0.039803 -0.003989 -0.022329
33 19 -0.029641 -0.002973 -0.015058
34 19 -0.019939 -0.001978 -0.008879
35 19 -0.012222 -0.001151 -0.004121
36 19 -0.005956 -0.000496 0.000164
37 19 0.000615 0.000096 0.005204
38 19 0.008840 0.000735 0.011475
39 19 0.018604 0.001445 0.018348
40 19 0.028404 0.002149 0.024502
41 19 0.036236 0.002718 0.028637
42 19 0.040578 0.003044 0.030039
43 19 0.040934 0.003086 0.028761
44 19 0.037817 0.002870 0.025461
45 19 0.032338 0.002472 0.021097
46 19 0.025657 0.001975 0.016717
47 19 0.018427 0.001423 0.013452
48 19 0.010328 0.000795 0.012654
49 19 0.000000 0.000000 0.000000

0 20 0.000000 0.000000 0.000000
1 20 0.088271 0.093472 0.023131
2 20 0.082855 0.078811 0.039866
3 20 0.081766 0.065104 0.050641
4 20 0.083559 0.054338 0.057827
5 20 0.087363 0.046621 0.062405
6 20 0.090190 0.040880 0.064254
7 20 0.092053 0.035911 0.065226
8 20 0.094196 0.031670 0.065109
9 20 0.093468 0.028172 0.062323
10 20 0.089344 0.024800 0.058452
11 20 0.084842 0.021219 0.054369
12 20 0.078989 0.017728 0.048482
13 20 0.070045 0.014765 0.041192
14 20 0.059715 0.012375 0.033794
15 20 0.048378 0.010047 0.025370
16 20 0.034821 0.007282 0.015728
17 20 0.021048 0.004271 0.006991
18 20 0.009737 0.001617 -0.000264
19 20 -0.000664 -0.000410 -0.007926
20 20 -0.012651 -0.001957 -0.016391
21 20 -0.024714 -0.003147 -0.023599
22 20 -0.033984 -0.003969 -0.028582
23 20 -0.040972 -0.004506 -0.032826
24 20 -0.048046 -0.004942 -0.037377
25 20 -0.054971 -0.005322 -0.040931
26 20 -0.059021 -0.005507 -0.041784
27 20 -0.059003 -0.005393 -0.040304
28 20 -0.056863 -0.005066 -0.038354
29 20 -0.054960 -0.004692 -0.036826
30 20 -0.053123 -0.004323 -0.034678
31 20 -0.049144 -0.003865 -0.030392
32 20 -0.041617 -0.003228 -0.023841
33 20 -0.031625 -0.002448 -0.016501
34 20 -0.021730 -0.001664 -0.010077
35 20 -0.013706 -0.001000 -0.005110
36 20 -0.007293 -0.000474 -0.000785
37 20 -0.000817 -0.000010 0.004158
38 20 0.007210 0.000484 0.010337
39 20 0.016892 0.001036 0.017262
40 20 0.026874 0.001592 0.023663
41 20 0.035154 0.002056 0.028189
42 20 0.040095 0.002340 0.030025
43 20 0.041043 0.002401 0.029119
44 20 0.038386 0.002257 0.026066
45 20 0.033170 0.001963 0.021818
46 20 0.026548 0.001579 0.017459
47 20 0.019188 0.001145 0.014194
48 20 0.010781 0.000641 0.013449
49 20 0.000000 0.000000 0.000000

0 21 0.000000 0.000000 0.000000
1 21 0.052716 0.091769 0.029623
2 21 0.050178 0.071151 0.047290
3 21 0.056636 0.055061 0.057015
4 21 0.065995 0.044307 0.062786
5 21 0.076330 0.036702 0.066942
6 21 0.085372 0.030986 0.069013
7 21 0.091210 0.026667 0.069630
8 21 0.094847 0.023008 0.069185
9 21 0.095779 0.019461 0.066848
10 21 0.093956 0.016340 0.063457
11 21 0.090535 0.013989 0.059123
12 21 0.084042 0.011876 0.052523
13 21 0.074358 0.009394 0.044892
14 21 0.064953 0.006821 0.038043
15 21 0.056060 0.004800 0.030522
16 21 0.044372 0.003477 0.021038
17 21 0.030242 0.002570 0.011435
18 21 0.016900 0.001771 0.003020
19 21 0.004366 0.000847 -0.005502
20 21 -0.009144 -0.000280 -0.014592
21 21 -0.022278 -0.001442 -0.022341
22 21 -0.032242 -0.002377 -0.027669
23 21 -0.039469 -0.003006 -0.032023
24 21 -0.046578 -0.003443 -0.036697
25 21 -0.053774 -0.003770 -0.040595
26 21 -0.058418 -0.003933 -0.041891
27 21 -0.058971 -0.003873 -0.040690
28 21 -0.057099 -0.003650 -0.038807
29 21 -0.055279 -0.003386 -0.037326
30 21 -0.053643 -0.003127 -0.035369
31 21 -0.050078 -0.002812 -0.031368
32 21 -0.042973 -0.002372 -0.025004
33 21 -0.033157 -0.001821 -0.017638
34 21 -0.023143 -0.001256 -0.011035
35 21 -0.014883 -0.000771 -0.005897
36 21 -0.008337 -0.000387 -0.001525
37 21 -0.001916 -0.000052 0.003351
38 21 0.005958 0.000299 0.009451
39 21 0.015557 0.000692 0.016400
40 21 0.025652 0.001094 0.022974
41 21 0.034258 0.001436 0.027796
42 21 0.039655 0.001654 0.029970
43 21 0.041071 0.001714 0.029363
44 21 0.038786 0.001625 0.026517
45 21 0.033794 0.001422 0.022372
46 21 0.027233 0.001151 0.018042
47 21 0.019781 0.000838 0.014786
48 21 0.011134 0.000470 0.014090
49 21 0.000000 0.000000 0.000000

0 22 0.000000 0.000000 0.000000
1 22 0.008439 0.094712 0.041543
2 22 0.015384 0.055811 0.056999
3 22 0.031109 0.035437 0.063150
4 22 0.047516 0.025641 0.066894
5 22 0.062344 0.020859 0.069730
6 22 0.073663 0.018127 0.070993
7 22 0.081856 0.015963 0.071721
8 22 0.088577 0.014341 0.071635
9 22 0.091393 0.013211 0.068952
10 22 0.089887 0.011916 0.065055
11 22 0.087523 0.010231 0.061118
12 22 0.083572 0.008649 0.055308
13 22 0.075569 0.007552 0.047565
14 22 0.065356 0.006718 0.039674
15 22 0.054502 0.005619 0.031204
16 22 0.041808 0.004012 0.021457
17 22 0.028290 0.002202 0.012166
18 22 0.016625 0.000694 0.004336
19 22 0.005935 -0.000298 -0.003694
20 22 -0.006416 -0.000912 -0.012719
21 22 -0.019432 -0.001328 -0.020828
22 22 -0.029931 -0.001619 -0.026601
23 22 -0.037713 -0.001829 -0.031238
24 22 -0.045189 -0.002022 -0.036119
25 22 -0.052767 -0.002210 -0.040306
26 22 -0.057914 -0.002326 -0.041936
27 22 -0.058913 -0.002313 -0.040952
28 22 -0.057254 -0.002194 -0.039124
29 22 -0.055493 -0.002043 -0.037670
30 22 -0.053985 -0.001891 -0.035841
31 22 -0.050705 -0.001708 -0.032043
32 22 -0.043911 -0.001449 -0.025827
33 22 -0.034243 -0.001121 -0.018458
34 22 -0.024162 -0.000781 -0.011733
35 22 -0.015736 -0.000486 -0.006469
36 22 -0.009085 -0.000252 -0.002054
37 22 -0.002693 -0.000049 0.002779
38 22 0.005072 0.000161 0.008820
39 22 0.014602 0.000396 0.015776
40 22 0.024763 0.000639 0.022465
41 22 0.033589 0.000849 0.027492
42 22 0.039308 0.000985 0.029907
43 22 0.041059 0.001028 0.029518
44 22 0.039049 0.000979 0.026827
45 22 0.034226 0.000861 0.022764
46 22 0.027718 0.000700 0.018462
47 22 0.020205 0.000511 0.015218
48 22 0.011388 0.000286 0.014559
49 22 0.000000 0.000000 0.000000

0 23 0.000000 0.000000 0.000000
1 23 -0.068380 0.115840 0.068022
2 23 -0.034304 0.032812 0.069963
3 23 0.001470 0.015463 0.068543
4 23 0.029906 0.010798 0.069247
5 23 0.052627 0.008511 0.071562
6 23 0.070062 0.006900 0.073072
7 23 0.081520 0.005823 0.073524
8 23 0.089297 0.004766 0.073330
9 23 0.093652 0.003533 0.071302
10 23 0.094106 0.002637 0.067878
11 23 0.092075 0.002294 0.063542
12 23 0.086940 0.001959 0.057117
13 23 0.078417 0.001195 0.049454
14 23 0.069577 0.000318 0.042385
15 23 0.060950 -0.000095 0.034692
16 23 0.049332 0.000088 0.024900
17 23 0.034822 0.000522 0.014751
18 23 0.020934 0.000803 0.005896
19 23 0.008208 0.000753 -0.002809
20 23 -0.005330 0.000431 -0.012158
21 23 -0.018853 0.000015 -0.020427
22 23 -0.029495 -0.000332 -0.026267
23 23 -0.037215 -0.000554 -0.030895
24 23 -0.044584 -0.000682 -0.035790
25 23 -0.052202 -0.000758 -0.040105
26 23 -0.057575 -0.000793 -0.041930
27 23 -0.058835 -0.000781 -0.041087
28 23 -0.057319 -0.000737 -0.039304
29 23 -0.055605 -0.000684 -0.037869
30 23 -0.054174 -0.000633 -0.036115
31 23 -0.051064 -0.000572 -0.032439
32 23 -0.044461 -0.000487 -0.026316
33 23 -0.034890 -0.000378 -0.018951
34 23 -0.024777 -0.000265 -0.012158
35 23 -0.016253 -0.000166 -0.006816
36 23 -0.009536 -0.000087 -0.002372
37 23 -0.003156 -0.000019 0.002437
38 23 0.004545 0.000051 0.008441
39 23 0.014030 0.000129 0.015399
40 23 0.024225 0.000210 0.022152
41 23 0.033177 0.000281 0.027299
42 23 0.039085 0.000327 0.029859
43 23 0.041039 0.000342 0.029604
44 23 0.039196 0.000327 0.027009
45 23 0.034479 0.000288 0.022998
46 23 0.028006 0.000235 0.018714
47 23 0.020458 0.000172 0.015480
48 23 0.011539 0.000096 0.014846
49 23 0.000000 0.000000 0.000000

0 24 0.000000 0.000000 0.000000
1 24 -0.187838 -0.115840 0.142530
2 24 -0.068384 -0.032812 0.084298
3 24 -0.010586 -0.015463 0.071769
4 24 0.024152 -0.010798 0.070418
5 24 0.048161 -0.008511 0.071868
6 24 0.064847 -0.006900 0.072879
7 24 0.076440 -0.005823 0.073599
8 24 0.085368 -0.004766 0.073598
9 24 0.089794 -0.003533 0.071041
10 24 0.089478 -0.002637 0.067204
11 24 0.088007 -0.002294 0.063338
12 24 0.084785 -0.001959 0.057576
13 24 0.077199 -0.001195 0.049718
14 24 0.067124 -0.000318 0.041685
15 24 0.056502 0.000095 0.033215
16 24 0.044158 -0.000088 0.023453
17 24 0.030767 -0.000522 0.013980
18 24 0.018975 -0.000803 0.005935
19 24 0.008161 -0.000753 -0.002231
20 24 -0.004307 -0.000431 -0.011433
21 24 -0.017613 -0.000015 -0.019836
22 24 -0.028515 0.000332 -0.025885
23 24 -0.036578 0.000554 -0.030668
24 24 -0.044189 0.000682 -0.035654
25 24 -0.051967 0.000758 -0.040044
26 24 -0.057469 0.000793 -0.041939
27 24 -0.058825 0.000781 -0.041139
28 24 -0.057352 0.000737 -0.039367
29 24 -0.055647 0.000684 -0.037936
30 24 -0.054237 0.000633 -0.036205
31 24 -0.051182 0.000572 -0.032570
32 24 -0.044642 0.000487 -0.026478
33 24 -0.035105 0.000378 -0.019116
34 24 -0.024982 0.000265 -0.012300
35 24 -0.016426 0.000166 -0.006932
36 24 -0.009686 0.000087 -0.002478
37 24 -0.003310 0.000019 0.002323
38 24 0.004369 -0.000051 0.008315
39 24 0.013839 -0.000129 0.015272
40 24 0.024044 -0.000210 0.022047
41 24 0.033038 -0.000281 0.027234
42 24 0.039009 -0.000327 0.029842
43 24 0.041030 -0.000342 0.029631
44 24 0.039244 -0.000327 0.027068
45 24 0.034563 -0.000288 0.023075
46 24 0.028102 -0.000235 0.018799
47 24 0.020543 -0.000172 0.015568
48 24 0.011590 -0.000096 0.014942
49 24 0.000000 0.000000 0.000000

0 25 0.000000 0.000000 0.000000
1 25 -0.068380 -0.094712 0.068022
2 25 -0.034304 -0.055811 0.069963
3 25 0.001470 -0.035437 0.068543
4 25 0.029906 -0.025641 0.069247
5 25 0.052627 -0.020859 0.071562
6 25 0.070062 -0.018127 0.073072
7 25 0.081520 -0.015963 0.073524
8 25 0.089297 -0.014341 0.073330
9 25 0.093652 -0.013211 0.071302
10 25 0.094106 -0.011916 0.067878
11 25 0.092075 -0.010231 0.063542
12 25 0.086940 -0.008649 0.057117
13 25 0.078417 -0.007552 0.049454
14 25 0.069577 -0.006718 0.042385
15 25 0.060950 -0.005619 0.034692
16 25 0.049332 -0.004012 0.024900
17 25 0.034822 -0.002202 0.014751
18 25 0.020934 -0.000694 0.005896
19 25 0.008208 0.000298 -0.002809
20 25 -0.005330 0.000912 -0.012158
21 25 -0.018853 0.001328 -0.020427
22 25 -0.029495 0.001619 -0.026267
23 25 -0.037215 0.001829 -0.030895
24 25 -0.044584 0.002022 -0.035790
25 25 -0.052202 0.002210 -0.040105
26 25 -0.057575 0.002326 -0.041930
27 25 -0.058835 0.002313 -0.041087
28 25 -0.057319 0.002194 -0.039304
29 25 -0.055605 0.002043 -0.037869
30 25 -0.054174 0.001891 -0.036115
31 25 -0.051064 0.001708 -0.032439
32 25 -0.044461 0.001449 -0.026316
33 25 -0.034890 0.001121 -0.018951
34 25 -0.024777 0.000781 -0.012158
35 25 -0.016253 0.000486 -0.006816
36 25 -0.009536 0.000252 -0.002372
37 25 -0.003156 0.000049 0.002437
38 25 0.004545 -0.000161 0.008441
39 25 0.014030 -0.000396 0.015399
40 25 0.024225 -0.000639 0.022152
41 25 0.033177 -0.000849 0.027299
42 25 0.039085 -0.000985 0.029859
43 25 0.041039 -0.001028 0.029604
44 25 0.039196 -0.000979 0.027009
45 25 0.034479 -0.000861 0.022998
46 25 0.028006 -0.000700 0.018714
47 25 0.020458 -0.000511 0.015480
48 25 0.011539 -0.000286 0.014846
49 25 0.000000 0.000000 0.000000

0 26 0.000000 0.000000 0.000000
1 26 0.008439 -0.091769 0.041543
2 26 0.015384 -0.071151 0.056999
3 26 0.031109 -0.055061 0.063150
4 26 0.047516 -0.044307 0.066894
5 26 0.062344 -0.036702 0.069730
6 26 0.073663 -0.030986 0.070993
7 26 0.081856 -0.026667 0.071721
8 26 0.088577 -0.023008 0.071635
9 26 0.091393 -0.019461 0.068952
10 26 0.089887 -0.016340 0.065055
11 26 0.087523 -0.013989 0.061118
12 26 0.083572 -0.011876 0.055308
13 26 0.075569 -0.009394 0.047565
14 26 0.065356 -0.006821 0.039674
15 26 0.054502 -0.004800 0.031204
16 26 0.041808 -0.003477 0.021457
17 26 0.028290 -0.002570 0.012166
18 26 0.016625 -0.001771 0.004336
19 26 0.005935 -0.000847 -0.003694
20 26 -0.006416 0.000280 -0.012719
21 26 -0.019432 0.001442 -0.020828
22 26 -0.029931 0.002377 -0.026601
23 26 -0.037713 0.003006 -0.031238
24 26 -0.045189 0.003443 -0.036119
25 26 -0.052767 0.003770 -0.040306
26 26 -0.057914 0.003933 -0.041936
27 26 -0.058913 0.003873 -0.040952
28 26 -0.057254 0.003650 -0.039124
29 26 -0.055493 0.003386 -0.037670
30 26 -0.053985 0.003127 -0.035841
31 26 -0.050705 0.002812 -0.032043
32 26 -0.043911 0.002372 -0.025827
33 26 -0.034243 0.001821 -0.018458
34 26 -0.024162 0.001256 -0.011733
35 26 -0.015736 0.000771 -0.006469
36 26 -0.009085 0.000387 -0.002054
37 26 -0.002693 0.000052 0.002779
38 26 0.005072 -0.000299 0.008820
39 26 0.014602 -0.000692 0.015776
40 26 0.024763 -0.001094 0.022465
41 26 0.033589 -0.001436 0.027492
42 26 0.039308 -0.001654 0.029907
43 26 0.041059 -0.001714 0.029518
44 26 0.039049 -0.001625 0.026827
45 26 0.034226 -0.001422 0.022764
46 26 0.027718 -0.001151 0.018462
47 26 0.020205 -0.000838 0.015218
48 26 0.011388 -0.000470 0.014559
49 26 0.000000 0.000000 0.000000

0 27 0.000000 0.000000 0.000000
1 27 0.052716 -0.093472 0.029623
2 27 0.050178 -0.078811 0.047290
3 27 0.056636 -0.065104 0.057015
4 27 0.065995 -0.054338 0.062786
5 27 0.076330 -0.046621 0.066942
6 27 0.085372 -0.040880 0.069013
7 27 0.091210 -0.035911 0.069630
8 27 0.094847 -0.031670 0.069185
9 27 0.095779 -0.028172 0.066848
10 27 0.093956 -0.024800 0.063457
11 27 0.090535 -0.021219 0.059123
12 27 0.084042 -0.017728 0.052523
13 27 0.074358 -0.014765 0.044892
14 27 0.064953 -0.012375 0.038043
15 27 0.056060 -0.010047 0.030522
16 27 0.044372 -0.007282 0.021038
17 27 0.030242 -0.004271 0.011435
18 27 0.016900 -0.001617 0.003020
19 27 0.004366 0.000410 -0.005502
20 27 -0.009144 0.001957 -0.014592
21 27 -0.022278 0.003147 -0.022341
22 27 -0.032242 0.003969 -0.027669
23 27 -0.039469 0.004506 -0.032023
24 27 -0.046578 0.004942 -0.036697
25 27 -0.053774 0.005322 -0.040595
26 27 -0.058418 0.005507 -0.041891
27 27 -0.058971 0.005393 -0.040690
28 27 -0.057099 0.005066 -0.038807
29 27 -0.055279 0.004692 -0.037326
30 27 -0.053643 0.004323 -0.035369
31 27 -0.050078 0.003865 -0.031368
32 27 -0.042973 0.003228 -0.025004
33 27 -0.033157 0.002448 -0.017638
34 27 -0.023143 0.001664 -0.011035
35 27 -0.014883 0.001000 -0.005897
36 27 -0.008337 0.000474 -0.001525
37 27 -0.001916 0.000010 0.003351
38 27 0.005958 -0.000484 0.009451
39 27 0.015557 -0.001036 0.016400
40 27 0.025652 -0.001592 0.022974
41 27 0.034258 -0.002056 0.027796
42 27 0.039655 -0.002340 0.029970
43 27 0.041071 -0.002401 0.029363
44 27 0.038786 -0.002257 0.026517
45 27 0.033794 -0.001963 0.022372
46 27 0.027233 -0.001579 0.018042
47 27 0.019781 -0.001145 0.014786
48 27 0.011134 -0.000641 0.014090
49 27 0.000000 0.000000 0.000000

0 28 0.000000 0.000000 0.000000
1 28 0.088271 -0.095103 0.023131
2 28 0.082855 -0.086481 0.039866
3 28 0.081766 -0.076157 0.050641
4 28 0.083559 -0.066274 0.057827
5 28 0.087363 -0.057344 0.062405
6 28 0.090190 -0.049405 0.064254
7 28 0.092053 -0.042764 0.065226
8 28 0.094196 -0.037138 0.065109
9 28 0.093468 -0.031727 0.062323
10 28 0.089344 -0.026656 0.058452
11 28 0.084842 -0.022526 0.054369
12 28 0.078989 -0.018929 0.048482
13 28 0.070045 -0.015094 0.041192
14 28 0.059715 -0.011135 0.033794
15 28 0.048378 -0.007629 0.025370
16 28 0.034821 -0.004827 0.015728
17 28 0.021048 -0.002710 0.006991
18 28 0.009737 -0.001103 -0.000264
19 28 -0.000664 0.000390 -0.007926
20 28 -0.012651 0.002048 -0.016391
21 28 -0.024714 0.003698 -0.023599
22 28 -0.033984 0.004986 -0.028582
23 28 -0.040972 0.005858 -0.032826
24 28 -0.048046 0.006503 -0.037377
25 28 -0.054971 0.006982 -0.040931
26 28 -0.059021 0.007147 -0.041784
27 28 -0.059003 0.006921 -0.040304
28 28 -0.056863 0.006452 -0.038354
29 28 -0.054960 0.005953 -0.036826
30 28 -0.053123 0.005459 -0.034678
31 28 -0.049144 0.004839 -0.030392
32 28 -0.041617 0.003989 -0.023841
33 28 -0.031625 0.002973 -0.016501
34 28 -0.021730 0.001978 -0.010077
35 28 -0.013706 0.001151 -0.005110
36 28 -0.007293 0.000496 -0.000785
37 28 -0.000817 -0.000096 0.004158
38 28 0.007210 -0.000735 0.010337
39 28 0.016892 -0.001445 0.017262
40 28 0.026874 -0.002149 0.023663
41 28 0.035154 -0.002718 0.028189
42 28 0.040095 -0.003044 0.030025
43 28 0.041043 -0.003086 0.029119
44 28 0.038386 -0.002870 0.026066
45 28 0.033170 -0.002472 0.021818
46 28 0.026548 -0.001975 0.017459
47 28 0.019188 -0.001423 0.014194
48 28 0.010781 -0.000795 0.013449
49 28 0.000000 0.000000 0.000000

0 29 0.000000 0.000000 0.000000
1 29 0.102812 -0.091689 0.018400
2 29 0.098416 -0.085203 0.033423
3 29 0.097292 -0.077379 0.044288
4 29 0.097678 -0.069339 0.051839
5 29 0.099131 -0.062020 0.056959
6 29 0.100162 -0.055503 0.059605
7 29 0.100020 -0.049212 0.060713
8 29 0.098649 -0.043212 0.060043
9 29 0.094847 -0.037794 0.057387
10 29 0.089882 -0.032824 0.054267
11 29 0.084622 -0.027895 0.050090
12 29 0.076263 -0.022863 0.043397
13 29 0.065047 -0.018262 0.036020
14 29 0.054862 -0.014619 0.029551
15 29 0.045431 -0.011490 0.022302
16 29 0.033759 -0.008084 0.013538
17 29 0.020754 -0.004409 0.005138
18 29 0.008759 -0.001032 -0.002403
19 29 -0.003247 0.001801 -0.010543
20 29 -0.016484 0.004148 -0.019022
21 29 -0.028638 0.005929 -0.025705
22 29 -0.037256 0.007052 -0.030120
23 29 -0.043637 0.007727 -0.034024
24 29 -0.050259 0.008265 -0.038242
25 29 -0.056515 0.008684 -0.041256
26 29 -0.059657 0.008750 -0.041534
27 29 -0.058908 0.008376 -0.039739
28 29 -0.056475 0.007759 -0.037734
29 29 -0.054482 0.007136 -0.036143
30 29 -0.052366 0.006509 -0.033734
31 29 -0.047844 0.005705 -0.029088
32 29 -0.039803 0.004620 -0.022329
33 29 -0.029641 0.003366 -0.015058
34 29 -0.019939 0.002176 -0.008879
35 29 -0.012222 0.001206 -0.004121
36 29 -0.005956 0.000434 0.000164
37 29 0.000615 -0.000282 0.005204
38 29 0.008840 -0.001070 0.011475
39 29 0.018604 -0.001938 0.018348
40 29 0.028404 -0.002776 0.024502
41 29 0.036236 -0.003427 0.028637
42 29 0.040578 -0.003767 0.030039
43 29 0.040934 -0.003760 0.028761
44 29 0.037817 -0.003452 0.025461
45 29 0.032338 -0.002940 0.021097
46 29 0.025657 -0.002326 0.016717
47 29 0.018427 -0.001665 0.013452
48 29 0.010328 -0.000928 0.012654
49 29 0.000000 0.000000 0.000000

0 30 0.000000 0.000000 0.000000
1 30 0.114411 -0.088071 0.014837
2 30 0.110112 -0.085085 0.027743
3 30 0.105869 -0.079091 0.037488
4 30 0.102641 -0.071797 0.045036
5 30 0.101196 -0.064206 0.050114
6 30 0.098849 -0.056445 0.052343
7 30 0.096137 -0.049297 0.053597
8 30 0.094185 -0.043118 0.053454
9 30 0.090164 -0.037060 0.050931
10 30 0.083940 -0.031021 0.047487
11 30 0.077217 -0.025732 0.043223
12 30 0.068925 -0.021123 0.037328
13 30 0.059170 -0.016604 0.030997
14 30 0.049345 -0.012010 0.024521
15 30 0.037824 -0.007488 0.016344
16 30 0.023552 -0.003390 0.007132
17 30 0.009830 -0.000229 -0.000680
18 30 -0.001005 0.001936 -0.007228
19 30 -0.011216 0.003704 -0.014407
20 30 -0.022555 0.005531 -0.021852
21 30 -0.032833 0.007223 -0.027537
22 30 -0.040093 0.008451 -0.031368
23 30 -0.045934 0.009293 -0.035078
24 30 -0.052321 0.009970 -0.039022
25 30 -0.057962 0.010408 -0.041440
26 30 -0.060130 0.010350 -0.041088
27 30 -0.058622 0.009781 -0.038985
28 30 -0.055923 0.008992 -0.036946
29 30 -0.053824 0.008230 -0.035254
30 30 -0.051315 0.007448 -0.032496
31 30 -0.046110 0.006428 -0.027426
32 30 -0.037493 0.005087 -0.020466
33 30 -0.027206 0.003598 -0.013332
34 30 -0.017797 0.002236 -0.007466
35 30 -0.010451 0.001149 -0.002941
36 30 -0.004322 0.000274 0.001326
37 30 0.002397 -0.000568 0.006497
38 30 0.010859 -0.001509 0.012862
39 30 0.020681 -0.002531 0.019636
40 30 0.030203 -0.003484 0.025455
41 30 0.037445 -0.004185 0.029093
42 30 0.041042 -0.004503 0.029970
43 30 0.040689 -0.004414 0.028260
44 30 0.037044 -0.003991 0.024685
45 30 0.031281 -0.003354 0.020208
46 30 0.024557 -0.002624 0.015825
47 30 0.017501 -0.001863 0.012577
48 30 0.009779 -0.001035 0.011727
49 30 0.000000 0.000000 0.000000

0 31 0.000000 0.000000 0.000000
1 31 0.109284 -0.075825 0.011593
2 31 0.109081 -0.075067 0.022306
3 31 0.108096 -0.072365 0.031186
4 31 0.106609 -0.068127 0.038209
5 31 0.104252 -0.062854 0.042764
6 31 0.100491 -0.057148 0.045373
7 31 0.096849 -0.051213 0.046913
8 31 0.092168 -0.044878 0.046027
9 31 0.084689 -0.038472 0.043237
10 31 0.077319 -0.032741 0.040550
11 31 0.070622 -0.027427 0.036647
12 31 0.061057 -0.021764 0.030350
13 31 0.049336 -0.016220 0.023744
14 31 0.038707 -0.011760 0.017629
15 31 0.028346 -0.008207 0.010575
16 31 0.016867 -0.004803 0.003021
17 31 0.006029 -0.001395 -0.003511
18 31 -0.003668 0.001852 -0.009831
19 31 -0.014558 0.004948 -0.017279
20 31 -0.026734 0.007729 -0.024565
21 31 -0.036921 0.009749 -0.029649
22 31 -0.043624 0.010874 -0.032993
23 31 -0.049066 0.011499 -0.036413
24 31 -0.054952 0.011981 -0.039856
25 31 -0.059548 0.012200 -0.041457
26 31 -0.060430 0.011875 -0.040385
27 31 -0.058082 0.011056 -0.038002
28 31 -0.055147 0.010089 -0.035956
29 31 -0.052909 0.009191 -0.034112
30 31 -0.049875 0.008233 -0.030913
31 31 -0.043858 0.006965 -0.025374
32 31 -0.034650 0.005352 -0.018260
33 31 -0.024338 0.003643 -0.011356
34 31 -0.015338 0.002142 -0.005870
35 31 -0.008411 0.000968 -0.001581
36 31 -0.002383 0.000000 0.002708
37 31 0.004553 -0.000973 0.008042
38 31 0.013277 -0.002071 0.014488
39 31 0.023100 -0.003236 0.021093
40 31 0.032215 -0.004277 0.026471
41 31 0.038705 -0.004986 0.029504
42 31 0.041410 -0.005238 0.029772
43 31 0.040249 -0.005033 0.027583
44 31 0.036030 -0.004471 0.023724
45 31 0.029985 -0.003701 0.019151
46 31 0.023250 -0.002858 0.014793
47 31 0.016419 -0.002009 0.011590
48 31 0.009140 -0.001112 0.010692
49 31 0.000000 0.000000 0.000000

0 32 0.000000 0.000000 0.000000
1 32 0.101304 -0.065873 0.008784
2 32 0.100874 -0.066434 0.017300
3 32 0.098882 -0.064095 0.024405
4 32 0.096436 -0.060047 0.030447
5 32 0.094296 -0.055322 0.034685
6 32 0.091000 -0.049834 0.036997
7 32 0.087085 -0.044095 0.038162
8 32 0.082503 -0.038727 0.037577
9 32 0.076514 -0.033428 0.035684
10 32 0.070029 -0.027955 0.033094
11 32 0.062056 -0.022489 0.028635
12 32 0.051659 -0.017370 0.022898
13 32 0.041705 -0.012896 0.017872
14 32 0.033057 -0.008708 0.012543
15 32 0.022217 -0.004110 0.005125
16 32 0.008684 0.000635 -0.002841
17 32 -0.003791 0.004492 -0.009369
18 32 -0.014112 0.007139 -0.015410
19 32 -0.024489 0.009146 -0.022077
20 32 -0.034802 0.010854 -0.027971
21 32 -0.042460 0.012069 -0.031693
22 32 -0.047302 0.012764 -0.034334
23 32 -0.051932 0.013276 -0.037453
24 32 -0.057185 0.013737 -0.040347
25 32 -0.060632 0.013823 -0.041082
26 32 -0.060227 0.013244 -0.039337
27 32 -0.057171 0.012178 -0.036776
28 32 -0.054109 0.011044 -0.034750
29 32 -0.051677 0.009999 -0.032672
30 32 -0.047949 0.008826 -0.028932
31 32 -0.041008 0.007271 -0.022913
32 32 -0.031256 0.005381 -0.015734
33 32 -0.021071 0.003481 -0.009172
34 32 -0.012609 0.001885 -0.004122
35 32 -0.006120 0.000652 -0.000048
36 32 -0.000121 -0.000403 0.004320
37 32 0.007107 -0.001515 0.009845
38 32 0.016096 -0.002773 0.016333
39 32 0.025822 -0.004064 0.022671
40 32 0.034362 -0.005152 0.027484
41 32 0.039923 -0.005818 0.029802
42 32 0.041596 -0.005955 0.029391
43 32 0.039547 -0.005595 0.026698
44 32 0.034739 -0.004875 0.022567
45 32 0.028438 -0.003967 0.017931
46 32 0.021743 -0.003018 0.013639
47 32 0.015193 -0.002099 0.010512
48 32 0.008421 -0.001156 0.009580
49 32 0.000000 0.000000 0.000000

0 33 0.000000 0.000000 0.000000
1 33 0.084760 -0.047881 0.006318
2 33 0.088769 -0.051382 0.012630
3 33 0.089558 -0.052477 0.018483
4 33 0.088937 -0.051630 0.023663
5 33 0.086064 -0.048736 0.026671
6 33 0.080895 -0.044435 0.028565
7 33 0.076314 -0.039856 0.029843
8 33 0.070695 -0.034618 0.028797
9 33 0.062588 -0.028639 0.026379
10 33 0.054703 -0.023131 0.023849
11 33 0.046944 -0.018273 0.019988
12 33 0.037546 -0.013260 0.014917
13 33 0.027675 -0.008164 0.009825
14 33 0.017622 -0.003567 0.003926
15 33 0.006141 0.000326 -0.003032
16 33 -0.004965 0.003389 -0.009046
17 33 -0.013183 0.005670 -0.013577
18 33 -0.020356 0.007791 -0.018642
19 33 -0.029390 0.010251 -0.024809
20 33 -0.038896 0.012644 -0.030008
21 33 -0.045750 0.014256 -0.033125
22 33 -0.050253 0.015055 -0.035575
23 33 -0.054845 0.015512 -0.038484
24 33 -0.059464 0.015758 -0.040638
25 33 -0.061456 0.015464 -0.040350
26 33 -0.059618 0.014469 -0.037959
27 33 -0.055923 0.013107 -0.035308
28 33 -0.052778 0.011805 -0.033291
29 33 -0.050022 0.010597 -0.030864
30 33 -0.045406 0.009168 -0.026496
31 33 -0.037482 0.007297 -0.020039
32 33 -0.027318 0.005142 -0.012933
33 33 -0.017465 0.003101 -0.006839
34 33 -0.009660 0.001461 -0.002255
35 33 -0.003582 0.000193 0.001661
36 33 0.002495 -0.000955 0.006177
37 33 0.010087 -0.002217 0.011904
38 33 0.019300 -0.003630 0.018363
39 33 0.028779 -0.005014 0.024304
40 33 0.036541 -0.006096 0.028415
41 33 0.040985 -0.006658 0.029915
42 33 0.041502 -0.006626 0.028775
43 33 0.038521 -0.006077 0.025578
44 33 0.033141 -0.005184 0.021210
45 33 0.026639 -0.004139 0.016560
46 33 0.020051 -0.003099 0.012382
47 33 0.013845 -0.002129 0.009373
48 33 0.007635 -0.001167 0.008424
49 33 0.000000 0.000000 0.000000

0 34 0.000000 0.000000 0.000000
1 34 0.061449 -0.031939 0.003951
2 34 0.065295 -0.034771 0.008253
3 34 0.067671 -0.035862 0.012603
4 34 0.068806 -0.035492 0.016208
5 34 0.067817 -0.034033 0.018638
6 34 0.065968 -0.031904 0.020738
7 34 0.063324 -0.028933 0.021328
8 34 0.057590 -0.025038 0.019900
9 34 0.050914 -0.021123 0.018531
10 34 0.045342 -0.017381 0.016641
11 34 0.037546 -0.012890 0.012348
12 34 0.027037 -0.007971 0.007343
13 34 0.017764 -0.003942 0.003267
14 34 0.009782 -0.000699 -0.001406
15 34 0.000383 0.002828 -0.007264
16 34 -0.009641 0.006684 -0.012690
17 34 -0.018629 0.010189 -0.017590
18 34 -0.027926 0.013145 -0.023305
19 34 -0.038202 0.015552 -0.029149
20 34 -0.046685 0.017059 -0.033030
21 34 -0.051391 0.017527 -0.034940
22 34 -0.054317 0.017487 -0.036804
23 34 -0.057931 0.017489 -0.039165
24 34 -0.061206 0.017390 -0.040332
25 34 -0.061409 0.016696 -0.039014
26 34 -0.058250 0.015335 -0.036165
27 34 -0.054194 0.013758 -0.033576
28 34 -0.051055 0.012334 -0.031530
29 34 -0.047809 0.010940 -0.028613
30 34 -0.042121 0.009203 -0.023563
31 34 -0.033237 0.006997 -0.016776
32 34 -0.022888 0.004617 -0.009928
33 34 -0.013605 0.002504 -0.004418
34 34 -0.006538 0.000870 -0.000287
35 34 -0.000785 -0.000419 0.003562
36 34 0.005508 -0.001673 0.008295
37 34 0.013513 -0.003097 0.014205
38 34 0.022852 -0.004648 0.020521
39 34 0.031874 -0.006077 0.025906
40 34 0.038620 -0.007084 0.029171
41 34 0.041761 -0.007473 0.029766
42 34 0.041030 -0.007220 0.027874
43 34 0.037113 -0.006453 0.024203
44 34 0.031218 -0.005379 0.019656
45 34 0.024600 -0.004209 0.015057
46 34 0.018200 -0.003095 0.011051
47 34 0.012402 -0.002098 0.008201
48 34 0.006799 -0.001143 0.007257
49 34 0.000000 0.000000 0.000000

0 35 0.000000 0.000000 0.000000
1 35 0.041123 -0.014689 0.002125
2 35 0.046665 -0.019871 0.004673
3 35 0.048981 -0.022571 0.007380
4 35 0.049397 -0.023412 0.009774
5 35 0.047915 -0.022548 0.011298
6 35 0.045124 -0.020260 0.012276
7 35 0.041363 -0.017346 0.012123
8 35 0.036346 -0.014080 0.011069
9 35 0.031252 -0.010460 0.009770
10 35 0.025267 -0.006479 0.006987
11 35 0.016890 -0.002408 0.002860
12 35 0.008763 0.001098 -0.000523
13 35 0.002414 0.004175 -0.003835
14 35 -0.005655 0.007743 -0.009176
15 35 -0.016588 0.011617 -0.015298
16 35 -0.026353 0.014457 -0.019814
17 35 -0.033108 0.015869 -0.023420
18 35 -0.039421 0.016801 -0.027722
19 35 -0.046243 0.017852 -0.031807
20 35 -0.051285 0.018660 -0.034119
21 35 -0.053875 0.018958 -0.035409
22 35 -0.056354 0.019075 -0.037275
23 35 -0.059811 0.019186 -0.039256
24 35 -0.061962 0.018869 -0.039406
25 35 -0.060482 0.017716 -0.037161
26 35 -0.056284 0.015952 -0.034066
27 35 -0.052108 0.014167 -0.031615
28 35 -0.048905 0.012604 -0.029408
29 35 -0.044891 0.010962 -0.025839
30 35 -0.037973 0.008863 -0.020116
31 35 -0.028275 0.006333 -0.013190
32 35 -0.018063 0.003801 -0.006811
33 35 -0.009592 0.001700 -0.001969
34 35 -0.003275 0.000119 0.001776
35 35 0.002312 -0.001197 0.005680
36 35 0.008967 -0.002581 0.010687
37 35 0.017383 -0.004171 0.016712
38 35 0.026673 -0.005826 0.022723
39 35 0.034966 -0.007229 0.027368
40 35 0.040438 -0.008077 0.029648
41 35 0.042112 -0.008220 0.029276
42 35 0.040085 -0.007699 0.026648
43 35 0.035280 -0.006694 0.022568
44 35 0.028970 -0.005446 0.017922
45 35 0.022346 -0.004169 0.013450
46 35 0.016227 -0.003008 0.009677
47 35 0.010897 -0.002008 0.007030
48 35 0.005934 -0.001086 0.006115
49 35 0.000000 0.000000 0.000000

0 36 0.000000 0.000000 0.000000
1 36 0.011721 0.004977 0.000389
2 36 0.018996 0.000316 0.001291
3 36 0.024653 -0.003603 0.002983
4 36 0.028445 -0.006433 0.004143
5 36 0.028850 -0.007532 0.004741
6 36 0.028047 -0.007801 0.005541
7 36 0.026080 -0.007219 0.005131
8 36 0.021440 -0.005152 0.003630
9 36 0.015975 -0.002534 0.002040
10 36 0.010273 -0.000040 -0.000443
11 36 0.003451 0.002766 -0.003691
12 36 -0.003417 0.005908 -0.006817
13 36 -0.010453 0.009021 -0.010735
14 36 -0.018984 0.011868 -0.015655
15 36 -0.027007 0.014011 -0.019549
16 36 -0.031996 0.015366 -0.021990
17 36 -0.036167 0.016786 -0.025185
18 36 -0.042753 0.018892 -0.029766
19 36 -0.050212 0.020975 -0.033546
20 36 -0.055013 0.021981 -0.035268
21 36 -0.057278 0.021932 -0.036332
22 36 -0.059581 0.021559 -0.037945
23 36 -0.062046 0.021072 -0.038977
24 36 -0.062113 0.020027 -0.037791
25 36 -0.058637 0.018220 -0.034738
26 36 -0.053644 0.016101 -0.031641
27 36 -0.049547 0.014206 -0.029356
28 36 -0.046124 0.012516 -0.026808
29 36 -0.041056 0.010572 -0.022466
30 36 -0.032877 0.008086 -0.016186
31 36 -0.022675 0.005290 -0.009392
32 36 -0.012997 0.002717 -0.003694
33 36 -0.005528 0.000715 0.000465
34 36 0.000134 -0.000791 0.003958
35 36 0.005774 -0.002160 0.008052
36 36 0.012919 -0.003703 0.013347
37 36 0.021660 -0.005447 0.019356
38 36 0.030633 -0.007142 0.024852
39 36 0.037871 -0.008425 0.028560
40 36 0.041812 -0.009020 0.029738
41 36 0.041898 -0.008847 0.028381
42 36 0.038590 -0.008021 0.025075
43 36 0.033002 -0.006777 0.020681
44 36 0.026418 -0.005372 0.016038
45 36 0.019919 -0.004018 0.011776
46 36 0.014177 -0.002840 0.008296
47 36 0.009371 -0.001865 0.005892
48 36 0.005065 -0.001001 0.005029
49 36 0.000000 0.000000 0.000000

0 37 0.000000 0.000000 0.000000
1 37 -0.010041 0.017653 -0.000980
2 37 -0.005125 0.013737 -0.001186
3 37 -0.000935 0.010846 -0.001028
4 37 0.001081 0.009338 -0.001467
5 37 0.002013 0.008416 -0.001152
6 37 0.003398 0.007665 -0.001068
7 37 0.001973 0.008203 -0.002624
8 37 -0.001314 0.009294 -0.003826
9 37 -0.003372 0.009890 -0.004732
10 37 -0.006843 0.011172 -0.007382
11 37 -0.013080 0.013540 -0.010707
12 37 -0.018914 0.015569 -0.013296
13 37 -0.023915 0.016945 -0.016313
14 37 -0.029906 0.018589 -0.020056
15 37 -0.036040 0.020615 -0.023269
16 37 -0.041457 0.022535 -0.026314
17 37 -0.047781 0.024228 -0.030344
18 37 -0.054961 0.025431 -0.034227
19 37 -0.059726 0.025521 -0.035953
20 37 -0.060614 0.024498 -0.035984
21 37 -0.060339 0.023267 -0.036405
22 37 -0.061366 0.022467 -0.037513
23 37 -0.062267 0.021691 -0.037472
24 37 -0.060272 0.020222 -0.035184
25 37 -0.055435 0.018057 -0.031795
26 37 -0.050346 0.015824 -0.028988
27 37 -0.046516 0.013909 -0.026776
28 37 -0.042566 0.012034 -0.023640
29 37 -0.036162 0.009700 -0.018474
30 37 -0.026857 0.006833 -0.011876
31 37 -0.016614 0.003886 -0.005538
32 37 -0.007878 0.001406 -0.000681
33 37 -0.001483 -0.000425 0.002873
34 37 0.003741 -0.001868 0.006306
35 37 0.009690 -0.003338 0.010710
36 37 0.017382 -0.005058 0.016237
37 37 0.026244 -0.006914 0.022027
38 37 0.034537 -0.008553 0.026758
39 37 0.040362 -0.009601 0.029338
40 37 0.042548 -0.009845 0.029339
41 37 0.040995 -0.009297 0.027032
42 37 0.036496 -0.008151 0.023152
43 37 0.030291 -0.006683 0.018574
44 37 0.023609 -0.005156 0.014048
45 37 0.017378 -0.003763 0.010081
46 37 0.012109 -0.002602 0.006945
47 37 0.007868 -0.001679 0.004816
48 37 0.004217 -0.000894 0.004027
49 37 0.000000 0.000000 0.000000

0 38 0.000000 0.000000 0.000000
1 38 -0.031538 0.032893 -0.001876
2 38 -0.024371 0.027579 -0.002939
3 38 -0.019511 0.023285 -0.004139
4 38 -0.017394 0.020245 -0.004969
5 38 -0.015679 0.017907 -0.005252
6 38 -0.016005 0.017008 -0.006856
7 38 -0.019028 0.017245 -0.008587
8 38 -0.020800 0.017218 -0.009257
9 38 -0.022718 0.017737 -0.011334
10 38 -0.028121 0.019551 -0.014836
11 38 -0.033424 0.020976 -0.017016
12 38 -0.036037 0.021397 -0.018649
13 38 -0.039822 0.022444 -0.022048
14 38 -0.046271 0.024423 -0.025999
15 38 -0.051706 0.025706 -0.028514
16 38 -0.054754 0.025683 -0.030446
17 38 -0.057540 0.025282 -0.032849
18 38 -0.060170 0.025002 -0.034578
19 38 -0.060772 0.024524 -0.034766
20 38 -0.059959 0.023874 -0.034741
21 38 -0.060291 0.023467 -0.035709
22 38 -0.061782 0.023135 -0.036532
23 38 -0.061444 0.022099 -0.035312
24 38 -0.057508 0.020014 -0.032092
25 38 -0.051729 0.017442 -0.028678
26 38 -0.046812 0.015131 -0.026186
27 38 -0.042970 0.013159 -0.023754
28 38 -0.037979 0.010993 -0.019787
29 38 -0.030084 0.008231 -0.013905
30 38 -0.020047 0.005085 -0.007365
31 38 -0.010359 0.002169 -0.001812
32 38 -0.002893 -0.000075 0.002155
33 38 0.002533 -0.001705 0.005295
34 38 0.007656 -0.003137 0.008890
35 38 0.014147 -0.004763 0.013663
36 38 0.022316 -0.006652 0.019270
37 38 0.030953 -0.008533 0.024563
38 38 0.038120 -0.009985 0.028261
39 38 0.042182 -0.010669 0.029560
40 38 0.042458 -0.010473 0.028369
41 38 0.039310 -0.009514 0.025210
42 38 0.033796 -0.008057 0.020910
43 38 0.027193 -0.006404 0.016299
44 38 0.020613 -0.004804 0.012010
45 38 0.014797 -0.003417 0.008413
46 38 0.010081 -0.002310 0.005664
47 38 0.006432 -0.001463 0.003830
48 38 0.003415 -0.000771 0.003133
49 38 0.000000 0.000000 0.000000

0 39 0.000000 0.000000 0.000000
1 39 -0.053673 0.043057 -0.002549
2 39 -0.048319 0.040080 -0.004699
3 39 -0.043725 0.036890 -0.006617
4 39 -0.039470 0.033419 -0.007746
5 39 -0.036138 0.030273 -0.009239
6 39 -0.035555 0.027994 -0.011175
7 39 -0.035355 0.025818 -0.012129
8 39 -0.035079 0.024109 -0.013596
9 39 -0.037992 0.023803 -0.016626
10 39 -0.042034 0.023725 -0.018778
11 39 -0.043492 0.022987 -0.019806
12 39 -0.045512 0.023031 -0.022493
13 39 -0.051007 0.024341 -0.026406
14 39 -0.055790 0.025037 -0.028498
15 39 -0.056569 0.024335 -0.028993
16 39 -0.056761 0.023873 -0.030559
17 39 -0.059598 0.024731 -0.033249
18 39 -0.062889 0.025834 -0.034870
19 39 -0.063849 0.025938 -0.035011
20 39 -0.063539 0.025227 -0.035206
21 39 -0.063778 0.024337 -0.035762
22 39 -0.063325 0.023108 -0.035084
23 39 -0.059797 0.021044 -0.032235
24 39 -0.053538 0.018334 -0.028423
25 39 -0.047338 0.015747 -0.025368
26 39 -0.042813 0.013673 -0.023112
27 39 -0.038563 0.011708 -0.020124
28 39 -0.032122 0.009218 -0.015229
29 39 -0.022901 0.006099 -0.008946
30 39 -0.012792 0.002888 -0.002923
31 39 -0.004258 0.000227 0.001611
32 39 0.001822 -0.001677 0.004803
33 39 0.006606 -0.003137 0.007820
34 39 0.012031 -0.004645 0.011776
35 39 0.019190 -0.006464 0.016868
36 39 0.027579 -0.008461 0.022289
37 39 0.035499 -0.010229 0.026749
38 39 0.041058 -0.011331 0.029166
39 39 0.043063 -0.011525 0.029096
40 39 0.041389 -0.010823 0.026784
41 39 0.036805 -0.009452 0.022938
42 39 0.030533 -0.007726 0.018408
43 39 0.023797 -0.005947 0.013927
44 39 0.017527 -0.004333 0.009988
45 39 0.012257 -0.003001 0.006825
46 39 0.008157 -0.001980 0.004485
47 39 0.005105 -0.001230 0.002956
48 39 0.002683 -0.000642 0.002362
49 39 0.000000 0.000000 0.000000

0 40 0.000000 0.000000 0.000000
1 40 -0.063388 0.045142 -0.002867
2 40 -0.061497 0.042595 -0.005621
3 40 -0.060173 0.040253 -0.007979
4 40 -0.058800 0.037993 -0.010159
5 40 -0.058375 0.036060 -0.012641
6 40 -0.058281 0.034068 -0.014540
7 40 -0.057519 0.031970 -0.016216
8 40 -0.058260 0.030543 -0.018888
9 40 -0.060388 0.029409 -0.021270
10 40 -0.060921 0.027835 -0.022507
11 40 -0.061357 0.026773 -0.024658
12 40 -0.064743 0.026871 -0.028105
13 40 -0.068217 0.026733 -0.030189
14 40 -0.068140 0.025582 -0.030516
15 40 -0.067453 0.024920 -0.031901
16 40 -0.070240 0.025760 -0.035054
17 40 -0.074147 0.026623 -0.037197
18 40 -0.074270 0.025758 -0.036678
19 40 -0.070664 0.023590 -0.035198
20 40 -0.067129 0.021709 -0.034597
21 40 -0.064903 0.020567 -0.034099
22 40 -0.061586 0.019299 -0.031971
23 40 -0.055598 0.017304 -0.028298
24 40 -0.048631 0.015012 -0.024771
25 40 -0.043079 0.013072 -0.022287
26 40 -0.038782 0.011406 -0.019843
27 40 -0.033347 0.009351 -0.015882
28 40 -0.025117 0.006518 -0.010144
29 40 -0.015033 0.003254 -0.003944
30 40 -0.005630 0.000300 0.001138
31 40 0.001344 -0.001876 0.004622
32 40 0.006248 -0.003402 0.007341
33 40 0.010918 -0.004785 0.010572
34 40 0.017006 -0.006454 0.014985
35 40 0.024750 -0.008446 0.020193
36 40 0.032888 -0.010416 0.025054
37 40 0.039492 -0.011876 0.028334
38 40 0.042988 -0.012457 0.029286
39 40 0.042770 -0.012056 0.027861
40 40 0.039253 -0.010828 0.024589
41 40 0.033512 -0.009084 0.020282
42 40 0.026811 -0.007161 0.015736
43 40 0.020226 -0.005334 0.011547
44 40 0.014463 -0.003772 0.008054
45 40 0.009846 -0.002542 0.005363
46 40 0.006395 -0.001636 0.003438
47 40 0.003921 -0.000995 0.002207
48 40 0.002039 -0.000514 0.001720
49 40 0.000000 0.000000 0.000000

0 41 0.000000 0.000000 0.000000
1 41 -0.074704 0.047382 -0.003057
2 41 -0.072444 0.043779 -0.005954
3 41 -0.070875 0.039854 -0.008623
4 41 -0.070417 0.036175 -0.011404
5 41 -0.071087 0.032913 -0.014047
6 41 -0.071872 0.029968 -0.016384
7 41 -0.073286 0.027666 -0.019153
8 41 -0.075715 0.025923 -0.021988
9 41 -0.077327 0.024156 -0.024020
10 41 -0.078215 0.022682 -0.026241
11 41 -0.080540 0.022007 -0.029333
12 41 -0.083052 0.021335 -0.031633
13 41 -0.082879 0.020000 -0.032420
14 41 -0.081667 0.018974 -0.033689
15 41 -0.082790 0.019037 -0.036303
16 41 -0.084488 0.018992 -0.037915
17 41 -0.082139 0.017440 -0.036713
18 41 -0.075790 0.015109 -0.034383
19 41 -0.070160 0.013883 -0.033458
20 41 -0.067692 0.014191 -0.033644
21 41 -0.065660 0.014607 -0.032597
22 41 -0.060653 0.013817 -0.029343
23 41 -0.053069 0.012033 -0.025314
24 41 -0.045862 0.010288 -0.022157
25 41 -0.040383 0.008993 -0.019664
26 41 -0.034960 0.007594 -0.016282
27 41 -0.027320 0.005423 -0.011109
28 41 -0.017357 0.002526 -0.004931
29 41 -0.007235 -0.000390 0.000608
30 41 0.000761 -0.002650 0.004524
31 41 0.006183 -0.004156 0.007212
32 41 0.010506 -0.005351 0.009916
33 41 0.015685 -0.006773 0.013642
34 41 0.022613 -0.008627 0.018432
35 41 0.030574 -0.010667 0.023389
36 41 0.037791 -0.012385 0.027255
37 41 0.042458 -0.013309 0.029059
38 41 0.043561 -0.013213 0.028477
39 41 0.041139 -0.012164 0.025834
40 41 0.036057 -0.010444 0.021854
41 41 0.029548 -0.008413 0.017354
42 41 0.022788 -0.006393 0.013010
43 41 0.016630 -0.004606 0.009254
44 41 0.011538 -0.003159 0.006273
45 41 0.007640 -0.002070 0.004068
46 41 0.004839 -0.001299 0.002543
47 41 0.002905 -0.000773 0.001588
48 41 0.001493 -0.000394 0.001207
49 41 0.000000 0.000000 0.000000

0 42 0.000000 0.000000 0.000000
1 42 -0.085465 0.040365 -0.003150
2 42 -0.087226 0.038709 -0.006312
3 42 -0.088004 0.035963 -0.009459
4 42 -0.088477 0.032555 -0.012555
5 42 -0.088740 0.028804 -0.015403
6 42 -0.089080 0.025148 -0.018278
7 42 -0.090068 0.021905 -0.021239
8 42 -0.091030 0.018945 -0.023776
9 42 -0.091551 0.016365 -0.026163
10 42 -0.092682 0.014486 -0.028959
11 42 -0.094111 0.012963 -0.031400
12 42 -0.094010 0.011299 -0.032799
13 42 -0.092883 0.009932 -0.034197
14 42 -0.092876 0.009362 -0.036331
15 42 -0.093108 0.008881 -0.037739
16 42 -0.090415 0.007608 -0.037055
17 42 -0.084906 0.006177 -0.035556
18 42 -0.080491 0.006002 -0.035396
19 42 -0.079114 0.007131 -0.036273
20 42 -0.077717 0.007945 -0.035712
21 42 -0.072272 0.007119 -0.032349
22 42 -0.062819 0.005092 -0.027531
23 42 -0.052954 0.003324 -0.023429
24 42 -0.045303 0.002563 -0.020502
25 42 -0.038944 0.002222 -0.017331
26 42 -0.031223 0.001266 -0.012548
27 42 -0.021069 -0.000653 -0.006395
28 42 -0.010083 -0.002968 -0.000408
29 42 -0.000809 -0.004868 0.004078
30 42 0.005597 -0.006033 0.007014
31 42 0.010118 -0.006801 0.009478
32 42 0.014789 -0.007768 0.012670
33 42 0.021014 -0.009279 0.017001
34 42 0.028633 -0.011196 0.021865
35 42 0.036148 -0.013016 0.026079
36 42 0.041678 -0.014181 0.028540
37 42 0.043899 -0.014340 0.028699
38 42 0.042508 -0.013464 0.026676
39 42 0.038131 -0.011786 0.023081
40 42 0.031925 -0.009670 0.018714
41 42 0.025112 -0.007477 0.014303
42 42 0.018664 -0.005475 0.010357
43 42 0.013171 -0.003812 0.007138
44 42 0.008862 -0.002535 0.004700
45 42 0.005706 -0.001614 0.002968
46 42 0.003523 -0.000987 0.001808
47 42 0.002069 -0.000574 0.001099
48 42 0.001050 -0.000289 0.000812
49 42 0.000000 0.000000 0.000000

0 43 0.000000 0.000000 0.000000
1 43 -0.086708 0.022805 -0.002985
2 43 -0.093189 0.021544 -0.006270
3 43 -0.098819 0.020255 -0.009761
4 43 -0.103318 0.018854 -0.013263
5 43 -0.106576 0.017323 -0.016711
6 43 -0.108934 0.015748 -0.020135
7 43 -0.110468 0.014104 -0.023293
8 43 -0.111083 0.012412 -0.026154
9 43 -0.111383 0.010881 -0.029024
10 43 -0.111637 0.009470 -0.031681
11 43 -0.111095 0.007946 -0.033686
12 43 -0.109813 0.006480 -0.035449
13 43 -0.108954 0.005374 -0.037475
14 43 -0.108267 0.004314 -0.039063
15 43 -0.105962 0.002808 -0.039353
16 43 -0.101958 0.001205 -0.039032
17 43 -0.098541 0.000299 -0.039417
18 43 -0.096630 -0.000045 -0.040132
19 43 -0.093544 -0.001019 -0.039182
20 43 -0.086095 -0.003346 -0.035508
21 43 -0.074760 -0.006200 -0.030441
22 43 -0.063297 -0.008004 -0.026158
23 43 -0.054535 -0.008088 -0.023252
24 43 -0.047639 -0.007269 -0.020331
25 43 -0.039621 -0.006905 -0.015772
26 43 -0.028812 -0.007621 -0.009478
27 43 -0.016465 -0.008948 -0.002898
28 43 -0.005357 -0.009996 0.002377
29 43 0.002730 -0.010311 0.005907
30 43 0.008252 -0.010174 0.008541
31 43 0.013155 -0.010255 0.011544
32 43 0.019187 -0.011037 0.015596
33 43 0.026672 -0.012490 0.020371
34 43 0.034444 -0.014128 0.024816
35 43 0.040669 -0.015316 0.027784
36 43 0.043840 -0.015586 0.028570
37 43 0.043381 -0.014800 0.027121
38 43 0.039705 -0.013129 0.023931
39 43 0.033865 -0.010921 0.019759
40 43 0.027099 -0.008560 0.015359
41 43 0.020465 -0.006351 0.011299
42 43 0.014659 -0.004479 0.007903
43 43 0.010002 -0.003014 0.005276
44 43 0.006526 -0.001942 0.003374
45 43 0.004084 -0.001201 0.002074
46 43 0.002457 -0.000715 0.001231
47 43 0.001411 -0.000407 0.000728
48 43 0.000706 -0.000202 0.000523
49 43 0.000000 0.000000 0.000000

0 44 0.000000 0.000000 0.000000
1 44 -0.091689 0.006247 -0.002850
2 44 -0.097692 0.004665 -0.006031
3 44 -0.103025 0.003490 -0.009427
4 44 -0.107583 0.002855 -0.012916
5 44 -0.111312 0.002728 -0.016445
6 44 -0.114169 0.002937 -0.019880
7 44 -0.116027 0.003259 -0.023096
8 44 -0.117060 0.003572 -0.026161
9 44 -0.117538 0.003752 -0.029027
10 44 -0.117292 0.003600 -0.031462
11 44 -0.116313 0.003100 -0.033560
12 44 -0.115176 0.002376 -0.035593
13 44 -0.113951 0.001322 -0.037303
14 44 -0.111820 -0.000292 -0.038221
15 44 -0.108616 -0.002307 -0.038613
16 44 -0.105414 -0.004303 -0.039135
17 44 -0.102575 -0.006334 -0.039523
18 44 -0.098429 -0.008964 -0.038571
19 44 -0.091193 -0.012338 -0.035747
20 44 -0.081668 -0.015566 -0.032158
21 44 -0.072776 -0.017421 -0.029391
22 44 -0.066311 -0.017581 -0.027659
23 44 -0.060875 -0.016965 -0.025497
24 44 -0.053340 -0.016815 -0.021297
25 44 -0.042033 -0.017575 -0.014926
26 44 -0.028290 -0.018633 -0.007829
27 44 -0.015177 -0.019022 -0.001751
28 44 -0.004962 -0.018300 0.002594
29 44 0.002340 -0.016861 0.005824
30 44 0.008465 -0.015558 0.009150
31 44 0.015268 -0.015079 0.013369
32 44 0.023357 -0.015540 0.018338
33 44 0.031826 -0.016506 0.023131
34 44 0.038934 -0.017297 0.026611
35 44 0.043098 -0.017349 0.027989
36 44 0.043578 -0.016420 0.027096
37 44 0.040631 -0.014606 0.024331
38 44 0.035230 -0.012223 0.020412
39 44 0.028616 -0.009654 0.016101
40 44 0.021910 -0.007223 0.012008
41 44 0.015897 -0.005139 0.008507
42 44 0.010979 -0.003489 0.005749
43 44 0.007246 -0.002268 0.003719
44 44 0.004585 -0.001416 0.002310
45 44 0.002789 -0.000851 0.001382
46 44 0.001634 -0.000493 0.000800
47 44 0.000917 -0.000274 0.000460
48 44 0.000453 -0.000134 0.000322
49 44 0.000000 0.000000 0.000000

0 45 0.000000 0.000000 0.000000
1 45 -0.097981 -0.009458 -0.002771
2 45 -0.103700 -0.006925 -0.005833
3 45 -0.106932 -0.004725 -0.008984
4 45 -0.108352 -0.002783 -0.012104
5 45 -0.108569 -0.001051 -0.015109
6 45 -0.107988 0.000453 -0.017923
7 45 -0.106914 0.001699 -0.020548
8 45 -0.105616 0.002640 -0.022990
9 45 -0.104137 0.003180 -0.025163
10 45 -0.102443 0.003267 -0.027063
11 45 -0.100721 0.002933 -0.028804
12 45 -0.099045 0.002148 -0.030321
13 45 -0.097079 0.000820 -0.031403
14 45 -0.094678 -0.000984 -0.032123
15 45 -0.092283 -0.003057 -0.032787
16 45 -0.090095 -0.005376 -0.033304
17 45 -0.087372 -0.008144 -0.033128
18 45 -0.083372 -0.011327 -0.032084
19 45 -0.078744 -0.014380 -0.030877
20 45 -0.075099 -0.016704 -0.030338
21 45 -0.072913 -0.018350 -0.030246
22 45 -0.070372 -0.020072 -0.029231
23 45 -0.064696 -0.022559 -0.025973
24 45 -0.054648 -0.025656 -0.020447
25 45 -0.041671 -0.028353 -0.013971
26 45 -0.028699 -0.029534 -0.008128
27 45 -0.017927 -0.028795 -0.003605
28 45 -0.009493 -0.026683 0.000094
29 45 -0.001902 -0.024265 0.004027
30 45 0.006491 -0.022465 0.008902
31 45 0.016196 -0.021604 0.014559
32 45 0.026273 -0.021387 0.020086
33 45 0.034953 -0.021200 0.024334
34 45 0.040582 -0.020475 0.026470
35 45 0.042326 -0.018932 0.026255
36 45 0.040359 -0.016619 0.024029
37 45 0.035618 -0.013818 0.020482
38 45 0.029363 -0.010891 0.016383
39 45 0.022777 -0.008155 0.012373
40 45 0.016722 -0.005817 0.008868
41 45 0.011675 -0.003965 0.006059
42 45 0.007784 -0.002590 0.003960
43 45 0.004973 -0.001625 0.002484
44 45 0.003054 -0.000982 0.001499
45 45 0.001807 -0.000573 0.000873
46 45 0.001032 -0.000323 0.000493
47 45 0.000566 -0.000175 0.000276
48 45 0.000276 -0.000084 0.000187
49 45 0.000000 0.000000 0.000000

0 46 0.000000 0.000000 0.000000
1 46 -0.086377 -0.024050 -0.002334
2 46 -0.091824 -0.016620 -0.004937
3 46 -0.094547 -0.009643 -0.007600
4 46 -0.095047 -0.003602 -0.010177
5 46 -0.093938 0.001263 -0.012568
6 46 -0.091807 0.004907 -0.014733
7 46 -0.089170 0.007412 -0.016679
8 46 -0.086375 0.008903 -0.018397
9 46 -0.083601 0.009521 -0.019891
10 46 -0.081004 0.009429 -0.021217
11 46 -0.078675 0.008750 -0.022386
12 46 -0.076511 0.007552 -0.023328
13 46 -0.074417 0.005922 -0.024061
14 46 -0.072530 0.003996 -0.024717
15 46 -0.070950 0.001823 -0.025294
16 46 -0.069399 -0.000664 -0.025590
17 46 -0.067586 -0.003460 -0.025557
18 46 -0.065820 -0.006375 -0.025532
19 46 -0.064749 -0.009272 -0.025847
20 46 -0.064274 -0.012396 -0.026220
21 46 -0.063029 -0.016279 -0.025760
22 46 -0.059316 -0.021193 -0.023728
23 46 -0.052636 -0.026657 -0.020273
24 46 -0.044235 -0.031541 -0.016355
25 46 -0.036091 -0.034723 -0.012944
26 46 -0.029316 -0.035748 -0.010228
27 46 -0.023373 -0.035019 -0.007505
28 46 -0.016643 -0.033436 -0.003785
29 46 -0.007750 -0.031824 0.001453
30 46 0.003396 -0.030536 0.007856
31 46 0.015454 -0.029422 0.014357
32 46 0.026330 -0.028065 0.019691
33 46 0.034122 -0.026086 0.022918
34 46 0.037815 -0.023347 0.023712
35 46 0.037467 -0.019980 0.022343
36 46 0.033963 -0.016302 0.019466
37 46 0.028571 -0.012677 0.015845
38 46 0.022526 -0.009405 0.012144
39 46 0.016766 -0.006670 0.008817
40 46 0.011848 -0.004531 0.006094
41 46 0.007986 -0.002955 0.004025
42 46 0.005153 -0.001854 0.002550
43 46 0.003194 -0.001121 0.001554
44 46 0.001906 -0.000655 0.000913
45 46 0.001098 -0.000370 0.000518
46 46 0.000612 -0.000203 0.000286
47 46 0.000329 -0.000107 0.000156
48 46 0.000158 -0.000051 0.000103
49 46 0.000000 0.000000 0.000000

0 47 0.000000 0.000000 0.000000
1 47 -0.057816 -0.028228 -0.001519
2 47 -0.058845 -0.020526 -0.003145
3 47 -0.059470 -0.013284 -0.004821
4 47 -0.059767 -0.006889 -0.006499
5 47 -0.059763 -0.001578 -0.008132
6 47 -0.059489 0.002555 -0.009691
7 47 -0.058983 0.005528 -0.011144
8 47 -0.058272 0.007423 -0.012465
9 47 -0.057400 0.008367 -0.013653
10 47 -0.056422 0.008497 -0.014704
11 47 -0.055335 0.007929 -0.015588
12 47 -0.054116 0.006774 -0.016297
13 47 -0.052810 0.005148 -0.016866
14 47 -0.051456 0.003138 -0.017294
15 47 -0.049950 0.000774 -0.017497
16 47 -0.048160 -0.001908 -0.017441
17 47 -0.046173 -0.004817 -0.017237
18 47 -0.044199 -0.007890 -0.016982
19 47 -0.042140 -0.011213 -0.016525
20 47 -0.039478 -0.014978 -0.015539
21 47 -0.035836 -0.019234 -0.013938
22 47 -0.031683 -0.023693 -0.012178
23 47 -0.028290 -0.027812 -0.011023
24 47 -0.026775 -0.031125 -0.010907
25 47 -0.027026 -0.033513 -0.011449
26 47 -0.027433 -0.035216 -0.011543
27 47 -0.025719 -0.036568 -0.009986
28 47 -0.020236 -0.037697 -0.006184
29 47 -0.010896 -0.038407 -0.000483
30 47 0.000801 -0.038284 0.006002
31 47 0.012494 -0.036937 0.011902
32 47 0.021940 -0.034214 0.016120
33 47 0.027754 -0.030278 0.018136
34 47 0.029645 -0.025545 0.018035
35 47 0.028227 -0.020543 0.016324
36 47 0.024599 -0.015764 0.013679
37 47 0.019926 -0.011561 0.010731
38 47 0.015158 -0.008120 0.007944
39 47 0.010910 -0.005472 0.005584
40 47 0.007470 -0.003547 0.003743
41 47 0.004888 -0.002214 0.002403
42 47 0.003068 -0.001335 0.001482
43 47 0.001853 -0.000778 0.000881
44 47 0.001079 -0.000439 0.000506
45 47 0.000608 -0.000241 0.000281
46 47 0.000331 -0.000128 0.000151
47 47 0.000174 -0.000066 0.000081
48 47 0.000083 -0.000031 0.000052
49 47 0.000000 0.000000 0.000000

0 48 0.000000 0.000000 0.000000
1 48 -0.027171 -0.023859 -0.000689
2 48 -0.024714 -0.018369 -0.001330
3 48 -0.023242 -0.013889 -0.001975
4 48 -0.022799 -0.010164 -0.002664
5 48 -0.023181 -0.007032 -0.003415
6 48 -0.024084 -0.004426 -0.004219
7 48 -0.025205 -0.002343 -0.005046
8 48 -0.026301 -0.000814 -0.005863
9 48 -0.027216 0.000127 -0.006639
10 48 -0.027849 0.000449 -0.007336
11 48 -0.028138 0.000148 -0.007922
12 48 -0.028073 -0.000756 -0.008386
13 48 -0.027670 -0.002225 -0.008716
14 48 -0.026894 -0.004217 -0.008863
15 48 -0.025682 -0.006659 -0.008786
16 48 -0.024043 -0.009434 -0.008503
17 48 -0.022056 -0.012423 -0.008041
18 48 -0.019704 -0.015538 -0.007334
19 48 -0.016840 -0.018662 -0.006265
20 48 -0.013497 -0.021552 -0.004894
21 48 -0.010284 -0.023875 -0.003644
22 48 -0.008341 -0.025434 -0.003154
23 48 -0.008671 -0.026420 -0.003846
24 48 -0.011314 -0.027437 -0.005520
25 48 -0.015031 -0.029199 -0.007339
26 48 -0.017806 -0.032087 -0.008219
27 48 -0.017829 -0.035848 -0.007388
28 48 -0.014361 -0.039646 -0.004746
29 48 -0.007985 -0.042396 -0.000867
30 48 -0.000237 -0.043204 0.003306
31 48 0.007098 -0.041672 0.006853
32 48 0.012633 -0.037977 0.009172
33 48 0.015709 -0.032732 0.010088
34 48 0.016387 -0.026741 0.009780
35 48 0.015214 -0.020764 0.008628
36 48 0.012929 -0.015368 0.007050
37 48 0.010221 -0.010873 0.005399
38 48 0.007595 -0.007373 0.003906
39 48 0.005346 -0.004803 0.002686
40 48 0.003584 -0.003013 0.001764
41 48 0.002298 -0.001824 0.001110
42 48 0.001415 -0.001067 0.000672
43 48 0.000839 -0.000605 0.000392
44 48 0.000480 -0.000332 0.000221
45 48 0.000266 -0.000177 0.000121
46 48 0.000143 -0.000092 0.000064
47 48 0.000074 -0.000046 0.000034
48 48 0.000035 -0.000021 0.000021
49 48 0.000000 0.000000 0.000000

0 49 0.000000 0.000000 0.000000
1 49 0.000000 0.000000 0.000000
2 49 0.000000 0.000000 0.000000
3 49 0.000000 0.000000 0.000000
4 49 0.000000 0.000000 0.000000
5 49 0.000000 0.000000 0.000000
6 49 0.000000 0.000000 0.000000
7 49 0.000000 0.000000 0.000000
8 49 0.000000 0.000000 0.000000
9 49 0.000000 0.000000 0.000000
10 49 0.000000 0.000000 0.000000
11 49 0.000000 0.000000 0.000000
12 49 0.000000 0.000000 0.000000
13 49 0.000000 0.000000 0.000000
14 49 0.000000 0.000000 0.000000
15 49 0.000000 0.000000 0.000000
16 49 0.000000 0.000000 0.000000
17 49 0.000000 0.000000 0.000000
18 49 0.000000 0.000000 0.000000
19 49 0.000000 0.000000 0.000000
20 49 0.000000 0.000000 0.000000
21 49 0.000000 0.000000 0.000000
22 49 0.000000 0.000000 0.000000
23 49 0.000000 0.000000 0.000000
24 49 0.000000 0.000000 0.000000
25 49 0.000000 0.000000 0.000000
26 49 0.000000 0.000000 0.000000
27 49 0.000000 0.000000 0.000000
28 49 0.000000 0.000000 0.000000
29 49 0.000000 0.000000 0.000000
30 49 0.000000 0.000000 0.000000
31 49 0.000000 0.000000 0.000000
32 49 0.000000 0.000000 0.000000
33 49 0.000000 0.000000 0.000000
34 49 0.000000 0.000000 0.000000
35 49 0.000000 0.000000 0.000000
36 49 0.000000 0.000000 0.000000
37 49 0.000000 0.000000 0.000000
38 49 0.000000 0.000000 0.000000
39 49 0.000000 0.000000 0.000000
40 49 0.000000 0.000000 0.000000
41 49 0.000000 0.000000 0.000000
42 49 0.000000 0.000000 0.000000
43 49 0.000000 0.000000 0.000000
44 49 0.000000 0.000000 0.000000
45 49 0.000000 0.000000 0.000000
46 49 0.000000 0.000000 0.000000
47 49 0.000000 0.000000 0.000000
48 49 0.000000 0.000000 0.000000
49 49 0.000000 0.000000 0.000000

