#:x y Ey Bx Bz
0 0 0.000000 0.000000 0.000000
1 0 0.000000 0.000000 0.000000
2 0 0.000000 0.000000 0.000000
3 0 0.000000 0.000000 0.000000
4 0 0.000000 0.000000 0.000000
5 0 0.000000 0.000000 0.000000
6 0 0.000000 0.000000 0.000000
7 0 0.000000 0.000000 0.000000
8 0 0.000000 0.000000 0.000000
9 0 0.000000 0.000000 0.000000
10 0 0.000000 0.000000 0.000000
11 0 0.000000 0.000000 0.000000
12 0 0.000000 0.000000 0.000000
13 0 0.000000 0.000000 0.000000
14 0 0.000000 0.000000 0.000000
15 0 0.000000 0.000000 0.000000
16 0 0.000000 0.000000 0.000000
17 0 0.000000 0.000000 0.000000
18 0 0.000000 0.000000 0.000000
19 0 0.000000 0.000000 0.000000
20 0 0.000000 0.000000 0.000000
21 0 0.000000 0.000000 0.000000
22 0 0.000000 0.000000 0.000000
23 0 0.000000 0.000000 0.000000
24 0 0.000000 0.000000 0.000000
25 0 0.000000 0.000000 0.000000
26 0 0.000000 0.000000 0.000000
27 0 0.000000 0.000000 0.000000
28 0 0.000000 0.000000 0.000000
29 0 0.000000 0.000000 0.000000
30 0 0.000000 0.000000 0.000000
31 0 0.000000 0.000000 0.000000
32 0 0.000000 0.000000 0.000000
33 0 0.000000 0.000000 0.000000
34 0 0.000000 0.000000 0.000000
35 0 0.000000 0.000000 0.000000
36 0 0.000000 0.000000 0.000000
37 0 0.000000 0.000000 0.000000
38 0 0.000000 0.000000 0.000000
39 0 0.000000 0.000000 0.000000
40 0 0.000000 0.000000 0.000000
41 0 0.000000 0.000000 0.000000
42 0 0.000000 0.000000 0.000000
43 0 0.000000 0.000000 0.000000
44 0 0.000000 0.000000 0.000000
45 0 0.000000 0.000000 0.000000
46 0 0.000000 0.000000 0.000000
47 0 0.000000 0.000000 0.000000
48 0 0.000000 0.000000 0.000000
49 0 0.000000 0.000000 0.000000

0 1 0.000000 0.000000 0.000000
1 1 0.004346 0.000486 -0.000486
2 1 0.008878 0.000672 -0.000185
3 1 0.013640 0.000250 0.000422
4 1 0.018473 -0.001097 0.001347
5 1 0.022751 -0.003627 0.002530
6 1 0.025461 -0.007451 0.003824
7 1 0.024953 -0.012355 0.004904
8 1 0.019485 -0.017567 0.005212
9 1 0.007573 -0.021675 0.004107
10 1 -0.010754 -0.022562 0.000887
11 1 -0.032509 -0.018117 -0.004445
12 1 -0.051488 -0.007164 -0.010953
13 1 -0.058195 0.008963 -0.016127
14 1 -0.044625 0.025188 -0.016225
15 1 -0.010451 0.033938 -0.008750
16 1 0.032969 0.028394 0.005544
17 1 0.061997 0.008159 0.020235
18 1 0.055695 -0.016435 0.024593
19 1 0.018675 -0.030206 0.013772
20 1 -0.020413 -0.026126 -0.004080
21 1 -0.036724 -0.010444 -0.015683
22 1 -0.028733 0.005015 -0.015459
23 1 -0.011201 0.012915 -0.007899
24 1 0.002265 0.013218 -0.000303
25 1 0.007486 0.009658 0.003559
26 1 0.006994 0.005662 0.003996
27 1 0.004552 0.002795 0.002867
28 1 0.002369 0.001193 0.001602
29 1 0.001039 0.000448 0.000745
30 1 0.000395 0.000150 0.000298
31 1 0.000133 0.000045 0.000105
32 1 0.000040 0.000012 0.000033
33 1 0.000011 0.000003 0.000009
34 1 0.000003 0.000001 0.000002
35 1 0.000001 0.000000 0.000001
36 1 0.000000 0.000000 0.000000
37 1 0.000000 0.000000 0.000000
38 1 0.000000 0.000000 0.000000
39 1 0.000000 0.000000 0.000000
40 1 0.000000 0.000000 0.000000
41 1 0.000000 0.000000 0.000000
42 1 0.000000 0.000000 0.000000
43 1 0.000000 0.000000 0.000000
44 1 0.000000 0.000000 0.000000
45 1 0.000000 0.000000 0.000000
46 1 0.000000 0.000000 0.000000
47 1 0.000000 0.000000 0.000000
48 1 0.000000 0.000000 0.000000
49 1 0.000000 0.000000 0.000000

0 2 0.000000 0.000000 0.000000
1 2 -0.000564 -0.000326 -0.001030
2 2 -0.000846 -0.000361 -0.001056
3 2 -0.000547 0.000164 -0.001055
4 2 0.000690 0.001535 -0.000991
5 2 0.003222 0.003897 -0.000688
6 2 0.007204 0.007266 -0.000087
7 2 0.012615 0.011229 0.001043
8 2 0.018340 0.014922 0.002612
9 2 0.022833 0.016964 0.004449
10 2 0.022762 0.015629 0.005887
11 2 0.015177 0.009903 0.005632
12 2 -0.001495 0.000023 0.002724
13 2 -0.025146 -0.010997 -0.003766
14 2 -0.045442 -0.017903 -0.012034
15 2 -0.049085 -0.016149 -0.017339
16 2 -0.025751 -0.004757 -0.014532
17 2 0.021971 0.009512 0.000160
18 2 0.064537 0.014420 0.020946
19 2 0.064498 0.005286 0.030310
20 2 0.020192 -0.008411 0.017435
21 2 -0.029888 -0.013927 -0.006904
22 2 -0.049708 -0.008402 -0.022582
23 2 -0.036797 0.001407 -0.021215
24 2 -0.012041 0.008159 -0.009748
25 2 0.005912 0.009597 0.001077
26 2 0.012045 0.007563 0.006129
27 2 0.010476 0.004665 0.006254
28 2 0.006593 0.002391 0.004313
29 2 0.003357 0.001051 0.002351
30 2 0.001449 0.000404 0.001074
31 2 0.000544 0.000138 0.000423
32 2 0.000181 0.000042 0.000147
33 2 0.000054 0.000012 0.000045
34 2 0.000014 0.000003 0.000013
35 2 0.000004 0.000001 0.000003
36 2 0.000001 0.000000 0.000001
37 2 0.000000 0.000000 0.000000
38 2 0.000000 0.000000 0.000000
39 2 0.000000 0.000000 0.000000
40 2 0.000000 0.000000 0.000000
41 2 0.000000 0.000000 0.000000
42 2 0.000000 0.000000 0.000000
43 2 0.000000 0.000000 0.000000
44 2 0.000000 0.000000 0.000000
45 2 0.000000 0.000000 0.000000
46 2 0.000000 0.000000 0.000000
47 2 0.000000 0.000000 0.000000
48 2 0.000000 0.000000 0.000000
49 2 0.000000 0.000000 0.000000

0 3 0.000000 0.000000 0.000000
1 3 -0.002183 -0.003024 0.002107
2 3 -0.005045 -0.005928 0.001904
3 3 -0.009001 -0.008474 0.001431
4 3 -0.014637 -0.010298 0.000585
5 3 -0.021594 -0.010692 -0.000800
6 3 -0.029455 -0.008917 -0.002659
7 3 -0.036197 -0.003908 -0.005048
8 3 -0.039031 0.004656 -0.007097
9 3 -0.034736 0.016518 -0.008312
10 3 -0.019505 0.029269 -0.006850
11 3 0.005161 0.038429 -0.002011
12 3 0.035030 0.038530 0.005957
13 3 0.057167 0.024334 0.015161
14 3 0.055491 -0.002619 0.018978
15 3 0.026138 -0.032472 0.013242
16 3 -0.022097 -0.049511 -0.002159
17 3 -0.057348 -0.038338 -0.020557
18 3 -0.039871 -0.002875 -0.023031
19 3 0.018740 0.028156 -0.000714
20 3 0.055034 0.030540 0.023912
21 3 0.033180 0.010360 0.023292
22 3 -0.016220 -0.008590 0.000332
23 3 -0.044312 -0.012473 -0.019915
24 3 -0.036900 -0.005165 -0.022007
25 3 -0.012805 0.003194 -0.010872
26 3 0.006402 0.007017 0.001079
27 3 0.013365 0.006597 0.006987
28 3 0.011773 0.004437 0.007250
29 3 0.007468 0.002393 0.005042
30 3 0.003822 0.001087 0.002761
31 3 0.001655 0.000428 0.001264
32 3 0.000623 0.000148 0.000499
33 3 0.000207 0.000046 0.000173
34 3 0.000062 0.000013 0.000054
35 3 0.000017 0.000003 0.000015
36 3 0.000004 0.000001 0.000004
37 3 0.000001 0.000000 0.000001
38 3 0.000000 0.000000 0.000000
39 3 0.000000 0.000000 0.000000
40 3 0.000000 0.000000 0.000000
41 3 0.000000 0.000000 0.000000
42 3 0.000000 0.000000 0.000000
43 3 0.000000 0.000000 0.000000
44 3 0.000000 0.000000 0.000000
45 3 0.000000 0.000000 0.000000
46 3 0.000000 0.000000 0.000000
47 3 0.000000 0.000000 0.000000
48 3 0.000000 0.000000 0.000000
49 3 0.000000 0.000000 0.000000

0 4 0.000000 0.000000 0.000000
1 4 0.003695 0.001666 0.000878
2 4 0.007292 0.002962 0.001181
3 4 0.010251 0.003557 0.001627
4 4 0.012383 0.002905 0.002365
5 4 0.011941 0.000635 0.002861
6 4 0.008666 -0.003570 0.003118
7 4 -0.000326 -0.009587 0.002318
8 4 -0.013869 -0.016007 -0.000111
9 4 -0.032125 -0.021112 -0.004066
10 4 -0.049439 -0.020847 -0.010161
11 4 -0.056060 -0.013128 -0.014663
12 4 -0.045198 0.002717 -0.015862
13 4 -0.006740 0.022179 -0.008728
14 4 0.046524 0.032879 0.008613
15 4 0.086306 0.025670 0.026322
16 4 0.086970 -0.001938 0.035097
17 4 0.024893 -0.037204 0.021758
18 4 -0.065923 -0.047239 -0.016491
19 4 -0.092492 -0.016045 -0.043630
20 4 -0.027798 0.026045 -0.025437
21 4 0.044871 0.038535 0.015173
22 4 0.049335 0.018522 0.030226
23 4 0.002371 -0.006310 0.010535
24 4 -0.035255 -0.015099 -0.014700
25 4 -0.035790 -0.009099 -0.021691
26 4 -0.014273 0.000274 -0.012135
27 4 0.005392 0.005528 0.000340
28 4 0.013255 0.006056 0.007041
29 4 0.012073 0.004317 0.007643
30 4 0.007778 0.002399 0.005408
31 4 0.004015 0.001109 0.002987
32 4 0.001748 0.000441 0.001373
33 4 0.000660 0.000154 0.000543
34 4 0.000220 0.000048 0.000189
35 4 0.000066 0.000013 0.000058
36 4 0.000018 0.000003 0.000016
37 4 0.000004 0.000001 0.000004
38 4 0.000001 0.000000 0.000001
39 4 0.000000 0.000000 0.000000
40 4 0.000000 0.000000 0.000000
41 4 0.000000 0.000000 0.000000
42 4 0.000000 0.000000 0.000000
43 4 0.000000 0.000000 0.000000
44 4 0.000000 0.000000 0.000000
45 4 0.000000 0.000000 0.000000
46 4 0.000000 0.000000 0.000000
47 4 0.000000 0.000000 0.000000
48 4 0.000000 0.000000 0.000000
49 4 0.000000 0.000000 0.000000

0 5 0.000000 0.000000 0.000000
1 5 -0.002574 0.003170 -0.003031
2 5 -0.004185 0.006809 -0.003178
3 5 -0.004293 0.010962 -0.003118
4 5 -0.001453 0.016051 -0.003150
5 5 0.004925 0.021051 -0.002050
6 5 0.014928 0.025568 -0.000744
7 5 0.028998 0.026931 0.002753
8 5 0.041141 0.023295 0.006233
9 5 0.050547 0.012418 0.010463
10 5 0.044083 -0.006637 0.012357
11 5 0.022044 -0.028183 0.008208
12 5 -0.014509 -0.046193 -0.000025
13 5 -0.055320 -0.047282 -0.015331
14 5 -0.062787 -0.024860 -0.024461
15 5 -0.030625 0.010410 -0.016905
16 5 0.031457 0.042057 0.003317
17 5 0.093373 0.042522 0.033708
18 5 0.072500 0.000883 0.043311
19 5 -0.037158 -0.039060 0.001627
20 5 -0.105396 -0.029695 -0.047740
21 5 -0.053857 0.011810 -0.040866
22 5 0.035063 0.033868 0.007275
23 5 0.056808 0.020257 0.033538
24 5 0.013633 -0.004116 0.017199
25 5 -0.028742 -0.014823 -0.010877
26 5 -0.034196 -0.010154 -0.021108
27 5 -0.014806 -0.000981 -0.012766
28 5 0.004629 0.004630 -0.000143
29 5 0.012809 0.005559 0.006950
30 5 0.011886 0.004085 0.007741
31 5 0.007712 0.002304 0.005521
32 5 0.003993 0.001074 0.003056
33 5 0.001740 0.000430 0.001406
34 5 0.000657 0.000151 0.000556
35 5 0.000219 0.000047 0.000193
36 5 0.000065 0.000013 0.000060
37 5 0.000018 0.000003 0.000017
38 5 0.000004 0.000001 0.000004
39 5 0.000001 0.000000 0.000001
40 5 0.000000 0.000000 0.000000
41 5 0.000000 0.000000 0.000000
42 5 0.000000 0.000000 0.000000
43 5 0.000000 0.000000 0.000000
44 5 0.000000 0.000000 0.000000
45 5 0.000000 0.000000 0.000000
46 5 0.000000 0.000000 0.000000
47 5 0.000000 0.000000 0.000000
48 5 0.000000 0.000000 0.000000
49 5 0.000000 0.000000 0.000000

0 6 0.000000 0.000000 0.000000
1 6 -0.004295 -0.003275 0.000759
2 6 -0.009724 -0.006435 0.000304
3 6 -0.014966 -0.009034 -0.000497
4 6 -0.022765 -0.010816 -0.001936
5 6 -0.028334 -0.010171 -0.003970
6 6 -0.034116 -0.007149 -0.005766
7 6 -0.032363 0.001005 -0.008215
8 6 -0.021692 0.011595 -0.006785
9 6 -0.000524 0.024993 -0.004817
10 6 0.035828 0.033660 0.004983
11 6 0.063858 0.030882 0.015393
12 6 0.081225 0.014428 0.023740
13 6 0.058831 -0.018371 0.025630
14 6 -0.006746 -0.045839 0.004500
15 6 -0.061480 -0.048943 -0.020233
16 6 -0.086028 -0.023854 -0.034188
17 6 -0.045176 0.027062 -0.029591
18 6 0.061460 0.060060 0.014488
19 6 0.098038 0.029837 0.053781
20 6 -0.001209 -0.025708 0.021452
21 6 -0.093640 -0.035712 -0.041170
22 6 -0.060193 -0.000351 -0.045870
23 6 0.028202 0.026278 0.002559
24 6 0.055773 0.018764 0.033348
25 6 0.016161 -0.002644 0.019006
26 6 -0.025660 -0.013229 -0.009432
27 6 -0.031962 -0.009516 -0.020356
28 6 -0.013750 -0.001175 -0.012371
29 6 0.004732 0.004089 0.000049
30 6 0.012418 0.005040 0.006974
31 6 0.011409 0.003732 0.007664
32 6 0.007355 0.002110 0.005422
33 6 0.003787 0.000985 0.002982
34 6 0.001643 0.000394 0.001364
35 6 0.000618 0.000138 0.000536
36 6 0.000205 0.000043 0.000185
37 6 0.000061 0.000012 0.000057
38 6 0.000016 0.000003 0.000016
39 6 0.000004 0.000001 0.000004
40 6 0.000001 0.000000 0.000001
41 6 0.000000 0.000000 0.000000
42 6 0.000000 0.000000 0.000000
43 6 0.000000 0.000000 0.000000
44 6 0.000000 0.000000 0.000000
45 6 0.000000 0.000000 0.000000
46 6 0.000000 0.000000 0.000000
47 6 0.000000 0.000000 0.000000
48 6 0.000000 0.000000 0.000000
49 6 0.000000 0.000000 0.000000

0 7 0.000000 0.000000 0.000000
1 7 0.005927 0.000748 0.000870
2 7 0.011917 0.000499 0.001638
3 7 0.015920 -0.000862 0.001913
4 7 0.019669 -0.005010 0.003772
5 7 0.016245 -0.011320 0.003453
6 7 0.011820 -0.020085 0.004155
7 7 -0.006465 -0.029847 0.001196
8 7 -0.022793 -0.035083 -0.003683
9 7 -0.045647 -0.035176 -0.008957
10 7 -0.053837 -0.019835 -0.017628
11 7 -0.033756 0.003044 -0.013093
12 7 -0.000153 0.028945 -0.005633
13 7 0.060562 0.043815 0.015239
14 7 0.080546 0.025397 0.036033
15 7 0.036359 -0.007022 0.023133
16 7 -0.022635 -0.034440 -0.001860
17 7 -0.088172 -0.039918 -0.032284
18 7 -0.082871 0.002264 -0.049021
19 7 0.034395 0.051171 -0.002441
20 7 0.100809 0.037233 0.055239
21 7 0.014832 -0.016342 0.030892
22 7 -0.080207 -0.033492 -0.035409
23 7 -0.054000 -0.004603 -0.044009
24 7 0.027073 0.020588 0.002642
25 7 0.050740 0.015620 0.031896
26 7 0.012619 -0.002535 0.017087
27 7 -0.025192 -0.011540 -0.010090
28 7 -0.029133 -0.008097 -0.019457
29 7 -0.011289 -0.000742 -0.011001
30 7 0.005631 0.003789 0.000906
31 7 0.012127 0.004514 0.007141
32 7 0.010724 0.003297 0.007450
33 7 0.006774 0.001848 0.005144
34 7 0.003439 0.000857 0.002784
35 7 0.001476 0.000341 0.001257
36 7 0.000550 0.000119 0.000490
37 7 0.000182 0.000037 0.000168
38 7 0.000054 0.000010 0.000051
39 7 0.000014 0.000003 0.000014
40 7 0.000003 0.000001 0.000004
41 7 0.000001 0.000000 0.000001
42 7 0.000000 0.000000 0.000000
43 7 0.000000 0.000000 0.000000
44 7 0.000000 0.000000 0.000000
45 7 0.000000 0.000000 0.000000
46 7 0.000000 0.000000 0.000000
47 7 0.000000 0.000000 0.000000
48 7 0.000000 0.000000 0.000000
49 7 0.000000 0.000000 0.000000

0 8 0.000000 0.000000 0.000000
1 8 0.000136 0.003197 -0.003512
2 8 0.002457 0.007235 -0.003599
3 8 0.005395 0.010814 -0.002467
4 8 0.013706 0.016126 -0.002289
5 8 0.024167 0.018517 0.001747
6 8 0.036412 0.020522 0.003035
7 8 0.050563 0.014705 0.010670
8 8 0.047110 0.003114 0.011174
9 8 0.040194 -0.014859 0.013587
10 8 -0.003247 -0.036343 0.005494
11 8 -0.042666 -0.041204 -0.012248
12 8 -0.068438 -0.032260 -0.021298
13 8 -0.063144 0.001656 -0.030820
14 8 0.016077 0.039036 -0.005344
15 8 0.068105 0.039895 0.031111
16 8 0.053448 0.017763 0.032071
17 8 0.003324 -0.015565 0.014151
18 8 -0.079822 -0.038400 -0.027246
19 8 -0.085474 -0.008725 -0.055570
20 8 0.032650 0.038739 -0.005508
21 8 0.094993 0.031283 0.055543
22 8 0.009704 -0.013813 0.028696
23 8 -0.073245 -0.027876 -0.035188
24 8 -0.041323 -0.003021 -0.038427
25 8 0.030650 0.017230 0.006912
26 8 0.044023 0.011809 0.030132
27 8 0.005686 -0.003444 0.012726
28 8 -0.026002 -0.010061 -0.012052
29 8 -0.025656 -0.006369 -0.018262
30 8 -0.007853 0.000000 -0.008848
31 8 0.006997 0.003617 0.002225
32 8 0.011833 0.003987 0.007360
33 8 0.009863 0.002822 0.007100
34 8 0.006032 0.001551 0.004721
35 8 0.002996 0.000709 0.002492
36 8 0.001264 0.000279 0.001105
37 8 0.000465 0.000097 0.000424
38 8 0.000152 0.000030 0.000144
39 8 0.000044 0.000008 0.000044
40 8 0.000012 0.000002 0.000012
41 8 0.000003 0.000000 0.000003
42 8 0.000001 0.000000 0.000001
43 8 0.000000 0.000000 0.000000
44 8 0.000000 0.000000 0.000000
45 8 0.000000 0.000000 0.000000
46 8 0.000000 0.000000 0.000000
47 8 0.000000 0.000000 0.000000
48 8 0.000000 0.000000 0.000000
49 8 0.000000 0.000000 0.000000

0 9 0.000000 0.000000 0.000000
1 9 -0.005017 -0.003998 0.000459
2 9 -0.012539 -0.007578 -0.000483
3 9 -0.016513 -0.009392 -0.001241
4 9 -0.026381 -0.009650 -0.003693
5 9 -0.025512 -0.004353 -0.005643
6 9 -0.027335 0.002748 -0.006515
7 9 -0.009838 0.018016 -0.007429
8 9 0.015207 0.028179 0.001702
9 9 0.044422 0.036266 0.006883
10 9 0.074439 0.025881 0.024566
11 9 0.048680 -0.002017 0.023534
12 9 0.004466 -0.027574 0.009414
13 9 -0.068221 -0.044501 -0.014952
14 9 -0.101138 -0.018298 -0.047391
15 9 -0.021805 0.028200 -0.025792
16 9 0.059710 0.041872 0.021329
17 9 0.076246 0.024229 0.041820
18 9 0.015054 -0.013232 0.026844
19 9 -0.087254 -0.036626 -0.031045
20 9 -0.077544 -0.006996 -0.058762
21 9 0.047019 0.033197 0.002881
22 9 0.085995 0.022162 0.056789
23 9 -0.006647 -0.015174 0.018738
24 9 -0.068808 -0.021770 -0.038216
25 9 -0.025025 0.000809 -0.030062
26 9 0.035600 0.014936 0.013331
27 9 0.035591 0.007855 0.027474
28 9 -0.002736 -0.004673 0.006813
29 9 -0.026724 -0.008645 -0.014359
30 9 -0.021388 -0.004560 -0.016493
31 9 -0.003883 0.000813 -0.006118
32 9 0.008450 0.003466 0.003740
33 9 0.011401 0.003455 0.007504
34 9 0.008847 0.002338 0.006605
35 9 0.005192 0.001249 0.004188
36 9 0.002505 0.000559 0.002141
37 9 0.001034 0.000217 0.000927
38 9 0.000374 0.000074 0.000349
39 9 0.000120 0.000023 0.000116
40 9 0.000035 0.000006 0.000035
41 9 0.000009 0.000002 0.000009
42 9 0.000002 0.000000 0.000002
43 9 0.000000 0.000000 0.000001
44 9 0.000000 0.000000 0.000000
45 9 0.000000 0.000000 0.000000
46 9 0.000000 0.000000 0.000000
47 9 0.000000 0.000000 0.000000
48 9 0.000000 0.000000 0.000000
49 9 0.000000 0.000000 0.000000

0 10 0.000000 0.000000 0.000000
1 10 0.004957 -0.001404 0.002866
2 10 0.009183 -0.004315 0.003932
3 10 0.009149 -0.008014 0.003253
4 10 0.007010 -0.015044 0.005311
5 10 -0.007582 -0.022443 0.001582
6 10 -0.021478 -0.028974 0.000381
7 10 -0.051133 -0.030918 -0.008984
8 10 -0.059473 -0.018271 -0.015954
9 10 -0.058071 0.001823 -0.019054
10 10 -0.012884 0.034765 -0.014379
11 10 0.054615 0.048923 0.014528
12 10 0.084246 0.034802 0.032378
13 10 0.063640 -0.002652 0.037039
14 10 -0.038888 -0.045294 0.001834
15 10 -0.112417 -0.036776 -0.050177
16 10 -0.062194 0.012599 -0.044348
17 10 0.045466 0.044193 0.006918
18 10 0.101010 0.029855 0.053420
19 10 0.019421 -0.016861 0.036132
20 10 -0.098398 -0.036637 -0.040929
21 10 -0.061001 -0.001333 -0.057335
22 10 0.063779 0.030433 0.017227
23 10 0.069353 0.013062 0.054638
24 10 -0.026430 -0.016690 0.003968
25 10 -0.060901 -0.015395 -0.040114
26 10 -0.006646 0.004664 -0.018853
27 10 0.038609 0.012538 0.019602
28 10 0.025020 0.004029 0.022987
29 10 -0.011131 -0.005651 0.000119
30 10 -0.026259 -0.007115 -0.016097
31 10 -0.016296 -0.002804 -0.013930
32 10 0.000185 0.001527 -0.003057
33 10 0.009652 0.003258 0.005183
34 10 0.010727 0.002917 0.007457
35 10 0.007705 0.001870 0.005966
36 10 0.004312 0.000964 0.003584
37 10 0.002010 0.000421 0.001765
38 10 0.000808 0.000160 0.000742
39 10 0.000286 0.000054 0.000273
40 10 0.000090 0.000016 0.000089
41 10 0.000026 0.000004 0.000026
42 10 0.000007 0.000001 0.000007
43 10 0.000002 0.000000 0.000002
44 10 0.000000 0.000000 0.000000
45 10 0.000000 0.000000 0.000000
46 10 0.000000 0.000000 0.000000
47 10 0.000000 0.000000 0.000000
48 10 0.000000 0.000000 0.000000
49 10 0.000000 0.000000 0.000000

0 11 0.000000 0.000000 0.000000
1 11 0.003707 0.005463 -0.003589
2 11 0.010242 0.011536 -0.002986
3 11 0.017759 0.015965 -0.001169
4 11 0.031211 0.020311 0.001393
5 11 0.042833 0.017918 0.006893
6 11 0.050894 0.010477 0.010601
7 11 0.043070 -0.008215 0.015639
8 11 0.007414 -0.030641 0.008139
9 11 -0.043141 -0.045117 -0.004857
10 11 -0.094047 -0.039269 -0.029265
11 11 -0.083136 -0.000413 -0.037828
12 11 -0.010292 0.041418 -0.015379
13 11 0.080455 0.055851 0.026726
14 11 0.094028 0.024036 0.054155
15 11 -0.000830 -0.029394 0.017960
16 11 -0.090732 -0.043976 -0.039811
17 11 -0.078629 -0.005416 -0.053174
18 11 0.037098 0.038748 -0.001853
19 11 0.105281 0.029830 0.061369
20 11 0.002114 -0.019047 0.031512
21 11 -0.101296 -0.031240 -0.052622
22 11 -0.029401 0.005807 -0.044775
23 11 0.075268 0.025772 0.033558
24 11 0.042642 0.003983 0.044913
25 11 -0.043689 -0.016489 -0.012748
26 11 -0.046478 -0.008717 -0.037476
27 11 0.011340 0.007425 -0.005591
28 11 0.037269 0.009552 0.023578
29 11 0.012685 0.000622 0.016279
30 11 -0.018057 -0.006038 -0.006411
31 11 -0.023939 -0.005421 -0.016540
32 11 -0.010596 -0.001223 -0.010551
33 11 0.003914 0.002033 0.000034
34 11 0.010354 0.002957 0.006318
35 11 0.009769 0.002381 0.007146
36 11 0.006486 0.001439 0.005205
37 11 0.003447 0.000712 0.002951
38 11 0.001547 0.000301 0.001394
39 11 0.000603 0.000112 0.000567
40 11 0.000208 0.000037 0.000203
41 11 0.000064 0.000011 0.000065
42 11 0.000018 0.000003 0.000019
43 11 0.000005 0.000001 0.000005
44 11 0.000001 0.000000 0.000001
45 11 0.000000 0.000000 0.000000
46 11 0.000000 0.000000 0.000000
47 11 0.000000 0.000000 0.000000
48 11 0.000000 0.000000 0.000000
49 11 0.000000 0.000000 0.000000

0 12 0.000000 0.000000 0.000000
1 12 -0.010111 -0.002439 -0.001891
2 12 -0.019729 -0.003515 -0.003218
3 12 -0.028281 -0.001183 -0.005004
4 12 -0.031423 0.005622 -0.008102
5 12 -0.024637 0.018674 -0.008483
6 12 -0.001638 0.034378 -0.006716
7 12 0.037932 0.046778 0.004804
8 12 0.074995 0.042774 0.019274
9 12 0.084065 0.015273 0.032754
10 12 0.026714 -0.025889 0.022078
11 12 -0.057532 -0.051745 -0.014154
12 12 -0.107965 -0.034876 -0.046817
13 12 -0.052182 0.015970 -0.042269
14 12 0.067431 0.047566 0.019843
15 12 0.086307 0.027476 0.057022
16 12 0.001624 -0.015073 0.020718
17 12 -0.081648 -0.033968 -0.036699
18 12 -0.063685 -0.005857 -0.053110
19 12 0.059362 0.032012 0.009863
20 12 0.090204 0.018391 0.065767
21 12 -0.036578 -0.022305 0.008756
22 12 -0.090931 -0.020220 -0.061239
23 12 0.011524 0.012972 -0.020567
24 12 0.074519 0.018533 0.045877
25 12 0.009695 -0.003945 0.026996
26 12 -0.052265 -0.014007 -0.026856
27 12 -0.025995 -0.002422 -0.028739
28 12 0.025355 0.008481 0.007489
29 12 0.030499 0.006078 0.023599
30 12 -0.000036 -0.002024 0.007840
31 12 -0.022242 -0.005706 -0.011681
32 12 -0.019633 -0.003645 -0.015281
33 12 -0.004752 0.000072 -0.006586
34 12 0.006913 0.002281 0.002821
35 12 0.010425 0.002564 0.006980
36 12 0.008554 0.001868 0.006558
37 12 0.005256 0.001061 0.004366
38 12 0.002647 0.000502 0.002332
39 12 0.001139 0.000205 0.001053
40 12 0.000430 0.000074 0.000414
41 12 0.000144 0.000024 0.000144
42 12 0.000044 0.000007 0.000045
43 12 0.000012 0.000002 0.000013
44 12 0.000003 0.000000 0.000003
45 12 0.000001 0.000000 0.000001
46 12 0.000000 0.000000 0.000000
47 12 0.000000 0.000000 0.000000
48 12 0.000000 0.000000 0.000000
49 12 0.000000 0.000000 0.000000

0 13 0.000000 0.000000 0.000000
1 13 0.003633 -0.004676 0.004808
2 13 0.003397 -0.010530 0.004560
3 13 -0.001099 -0.018908 0.005085
4 13 -0.018587 -0.027866 0.001485
5 13 -0.040225 -0.034386 -0.003321
6 13 -0.071483 -0.030638 -0.015063
7 13 -0.074516 -0.009444 -0.024304
8 13 -0.045819 0.024233 -0.021815
9 13 0.033684 0.055021 0.000153
10 13 0.098457 0.048392 0.040178
11 13 0.072865 0.006913 0.044174
12 13 -0.022297 -0.038201 0.008384
13 13 -0.114967 -0.040758 -0.050869
14 13 -0.057675 0.009425 -0.054262
15 13 0.075678 0.040630 0.022042
16 13 0.090015 0.017142 0.061142
17 13 -0.013455 -0.020819 0.017917
18 13 -0.100661 -0.027322 -0.050200
19 13 -0.036218 0.006716 -0.048784
20 13 0.092310 0.029810 0.036504
21 13 0.056846 0.003474 0.060448
22 13 -0.073427 -0.023938 -0.022956
23 13 -0.061010 -0.007653 -0.057343
24 13 0.047415 0.016610 0.009014
25 13 0.056304 0.009712 0.046859
26 13 -0.021472 -0.008879 0.004128
27 13 -0.047894 -0.009491 -0.033382
28 13 -0.003034 0.002481 -0.014752
29 13 0.032042 0.007685 0.017365
30 13 0.018951 0.002578 0.019054
31 13 -0.011136 -0.003635 -0.001027
32 13 -0.022903 -0.004730 -0.014708
33 13 -0.013751 -0.001956 -0.012336
34 13 0.000636 0.000997 -0.002466
35 13 0.008902 0.002275 0.005001
36 13 0.009860 0.002111 0.007097
37 13 0.007168 0.001399 0.005737
38 13 0.004085 0.000747 0.003506
39 13 0.001947 0.000337 0.001764
40 13 0.000802 0.000133 0.000760
41 13 0.000292 0.000046 0.000287
42 13 0.000095 0.000015 0.000097
43 13 0.000028 0.000004 0.000029
44 13 0.000007 0.000001 0.000008
45 13 0.000002 0.000000 0.000002
46 13 0.000000 0.000000 0.000000
47 13 0.000000 0.000000 0.000000
48 13 0.000000 0.000000 0.000000
49 13 0.000000 0.000000 0.000000

0 14 0.000000 0.000000 0.000000
1 14 0.009464 0.008616 -0.004535
2 14 0.020446 0.015700 -0.002477
3 14 0.036376 0.020661 0.001023
4 14 0.050332 0.017209 0.008434
5 14 0.055290 0.004456 0.013760
6 14 0.033450 -0.021558 0.017203
7 14 -0.026029 -0.045954 0.000698
8 14 -0.087910 -0.048730 -0.024779
9 14 -0.104466 -0.015973 -0.048504
10 14 -0.015507 0.037012 -0.025762
11 14 0.091436 0.053828 0.032476
12 14 0.103582 0.019623 0.061622
13 14 -0.012147 -0.033388 0.020676
14 14 -0.117022 -0.041832 -0.057276
15 14 -0.054536 0.007239 -0.053699
16 14 0.073691 0.040526 0.024988
17 14 0.088981 0.015519 0.063617
18 14 -0.032865 -0.026145 0.008905
19 14 -0.104289 -0.022987 -0.064831
20 14 0.009340 0.016160 -0.028348
21 14 0.101139 0.023375 0.060326
22 14 0.002976 -0.008453 0.034926
23 14 -0.086185 -0.019184 -0.049095
24 14 -0.014046 0.003367 -0.035222
25 14 0.064299 0.014784 0.033664
26 14 0.023478 0.001142 0.033326
27 14 -0.041523 -0.009891 -0.017065
28 14 -0.031024 -0.004059 -0.029556
29 14 0.016732 0.005210 0.001081
30 14 0.029789 0.005445 0.021438
31 14 0.004984 -0.000361 0.010797
32 14 -0.018637 -0.004132 -0.008585
33 14 -0.020020 -0.003343 -0.014956
34 14 -0.007136 -0.000534 -0.008151
35 14 0.004987 0.001524 0.001289
36 14 0.009770 0.002059 0.006370
37 14 0.008768 0.001641 0.006694
38 14 0.005727 0.000996 0.004768
39 14 0.003035 0.000499 0.002688
40 14 0.001368 0.000215 0.001274
41 14 0.000539 0.000081 0.000523
42 14 0.000189 0.000027 0.000190
43 14 0.000059 0.000008 0.000062
44 14 0.000017 0.000002 0.000018
45 14 0.000004 0.000001 0.000005
46 14 0.000001 0.000000 0.000001
47 14 0.000000 0.000000 0.000000
48 14 0.000000 0.000000 0.000000
49 14 0.000000 0.000000 0.000000

0 15 0.000000 0.000000 0.000000
1 15 -0.013105 0.000072 -0.006500
2 15 -0.023640 0.003454 -0.008055
3 15 -0.026799 0.012387 -0.011096
4 15 -0.013306 0.028834 -0.010804
5 15 0.023453 0.046033 -0.004431
6 15 0.077161 0.051532 0.016072
7 15 0.102518 0.026859 0.037267
8 15 0.054175 -0.021539 0.035995
9 15 -0.062878 -0.057051 -0.009681
10 15 -0.125441 -0.040339 -0.060265
11 15 -0.055208 0.018153 -0.047405
12 15 0.083401 0.052305 0.025042
13 15 0.105547 0.023121 0.073005
14 15 -0.028869 -0.025730 0.012550
15 15 -0.098284 -0.030418 -0.061509
16 15 -0.017963 0.005446 -0.036522
17 15 0.081481 0.028169 0.037837
18 15 0.053297 0.005995 0.055449
19 15 -0.074457 -0.023574 -0.020977
20 15 -0.071645 -0.008874 -0.065774
21 15 0.066255 0.020271 0.012821
22 15 0.072193 0.009968 0.064862
23 15 -0.052206 -0.015001 -0.006294
24 15 -0.064995 -0.009276 -0.055376
25 15 0.032435 0.009963 -0.001243
26 15 0.054651 0.008759 0.042694
27 15 -0.012319 -0.004841 0.009536
28 15 -0.043893 -0.007478 -0.029020
29 15 -0.007342 0.000690 -0.016638
30 15 0.027812 0.005573 0.013943
31 15 0.019675 0.002579 0.018752
32 15 -0.008060 -0.002269 0.000987
33 15 -0.021315 -0.003674 -0.013274
34 15 -0.014392 -0.001858 -0.012545
35 15 -0.000816 0.000487 -0.003481
36 15 0.007904 0.001687 0.004213
37 15 0.009593 0.001710 0.006872
38 15 0.007333 0.001199 0.005886
39 15 0.004350 0.000671 0.003755
40 15 0.002150 0.000316 0.001961
41 15 0.000917 0.000130 0.000876
42 15 0.000345 0.000047 0.000343
43 15 0.000116 0.000015 0.000119
44 15 0.000035 0.000005 0.000038
45 15 0.000010 0.000001 0.000011
46 15 0.000003 0.000000 0.000003
47 15 0.000001 0.000000 0.000001
48 15 0.000000 0.000000 0.000000
49 15 0.000000 0.000000 0.000000

0 16 0.000000 0.000000 0.000000
1 16 -0.002534 -0.009860 0.005981
2 16 -0.010726 -0.021223 0.005415
3 16 -0.034100 -0.032198 0.000511
4 16 -0.065721 -0.036395 -0.009306
5 16 -0.095898 -0.021005 -0.027173
6 16 -0.068942 0.018307 -0.033982
7 16 0.018998 0.059005 -0.008502
8 16 0.120628 0.061883 0.042786
9 16 0.103076 0.009782 0.065830
10 16 -0.033566 -0.043454 0.005483
11 16 -0.118604 -0.042405 -0.062501
12 16 -0.047112 0.008637 -0.053722
13 16 0.099948 0.040102 0.037110
14 16 0.078182 0.007458 0.072078
15 16 -0.069686 -0.027047 -0.013121
16 16 -0.091763 -0.012172 -0.067462
17 16 0.028558 0.018659 -0.012883
18 16 0.101235 0.018421 0.061324
19 16 -0.001306 -0.010881 0.033875
20 16 -0.103694 -0.019574 -0.057642
21 16 -0.008929 0.006704 -0.041036
22 16 0.094233 0.017855 0.052523
23 16 0.012137 -0.003203 0.039644
24 16 -0.077370 -0.013877 -0.042144
25 16 -0.017229 0.000849 -0.035455
26 16 0.056717 0.010385 0.028715
27 16 0.023119 0.001643 0.031671
28 16 -0.036488 -0.006798 -0.014264
29 16 -0.028973 -0.003307 -0.027439
30 16 0.014355 0.003482 0.000124
31 16 0.027511 0.004099 0.019763
32 16 0.005332 -0.000004 0.010637
33 16 -0.017048 -0.002981 -0.007646
34 16 -0.019169 -0.002617 -0.014293
35 16 -0.007408 -0.000568 -0.008245
36 16 0.004289 0.001065 0.000837
37 16 0.009266 0.001571 0.006027
38 16 0.008603 0.001307 0.006603
39 16 0.005769 0.000821 0.004838
40 16 0.003134 0.000425 0.002798
41 16 0.001448 0.000189 0.001359
42 16 0.000585 0.000074 0.000572
43 16 0.000210 0.000026 0.000213
44 16 0.000068 0.000008 0.000071
45 16 0.000020 0.000002 0.000022
46 16 0.000005 0.000001 0.000006
47 16 0.000001 0.000000 0.000002
48 16 0.000000 0.000000 0.000000
49 16 0.000000 0.000000 0.000000

0 17 0.000000 0.000000 0.000000
1 17 0.020976 0.010343 -0.003855
2 17 0.044762 0.016154 0.001241
3 17 0.064292 0.009253 0.012088
4 17 0.059717 -0.015155 0.021427
5 17 -0.000392 -0.051349 0.015056
6 17 -0.097699 -0.065358 -0.025365
7 17 -0.131635 -0.029776 -0.061672
8 17 -0.032938 0.033032 -0.040348
9 17 0.111875 0.059086 0.043286
10 17 0.102302 0.015473 0.076425
11 17 -0.047124 -0.034506 0.004486
12 17 -0.124060 -0.028418 -0.074108
13 17 -0.005495 0.018025 -0.038745
14 17 0.112182 0.033981 0.060475
15 17 0.037959 -0.002521 0.052955
16 17 -0.083995 -0.028605 -0.036962
17 17 -0.061260 -0.006229 -0.059323
18 17 0.067516 0.022421 0.018139
19 17 0.074621 0.009989 0.066815
20 17 -0.064647 -0.017057 -0.010119
21 17 -0.075530 -0.008970 -0.068077
22 17 0.060126 0.013900 0.009021
23 17 0.067060 0.007911 0.062052
24 17 -0.048865 -0.010101 -0.006230
25 17 -0.057350 -0.006577 -0.051008
26 17 0.031633 0.006793 0.000556
27 17 0.047958 0.006020 0.039164
28 17 -0.013623 -0.003381 0.007058
29 17 -0.039553 -0.005167 -0.027155
30 17 -0.004866 0.000547 -0.014256
31 17 0.026117 0.003953 0.013725
32 17 0.017347 0.001819 0.017208
33 17 -0.008368 -0.001650 0.000298
34 17 -0.020200 -0.002684 -0.012835
35 17 -0.013429 -0.001385 -0.011895
36 17 -0.000625 0.000335 -0.003223
37 17 0.007607 0.001245 0.004122
38 17 0.009240 0.001288 0.006692
39 17 0.007119 0.000920 0.005772
40 17 0.004269 0.000524 0.003721
41 17 0.002137 0.000252 0.001968
42 17 0.000925 0.000106 0.000892
43 17 0.000354 0.000039 0.000355
44 17 0.000121 0.000013 0.000126
45 17 0.000038 0.000004 0.000040
46 17 0.000011 0.000001 0.000012
47 17 0.000003 0.000000 0.000003
48 17 0.000001 0.000000 0.000001
49 17 0.000000 0.000000 0.000000

0 18 0.000000 0.000000 0.000000
1 18 -0.017126 0.008713 -0.016764
2 18 -0.021613 0.024366 -0.019168
3 18 0.004720 0.049063 -0.016515
4 18 0.075068 0.066617 0.004787
5 18 0.134834 0.046996 0.046699
6 18 0.085213 -0.013212 0.054305
7 18 -0.066516 -0.061324 -0.006773
8 18 -0.148498 -0.040448 -0.080964
9 18 -0.027644 0.022761 -0.048885
10 18 0.117459 0.047906 0.053194
11 18 0.084122 0.007282 0.074995
12 18 -0.079221 -0.033748 -0.017690
13 18 -0.097435 -0.015785 -0.080421
14 18 0.057174 0.019187 0.001968
15 18 0.088493 0.015259 0.071727
16 18 -0.033550 -0.008990 0.011678
17 18 -0.090162 -0.012823 -0.060038
18 18 0.010081 0.006742 -0.027182
19 18 0.098423 0.014143 0.057993
20 18 -0.000393 -0.005206 0.037084
21 18 -0.098921 -0.013499 -0.057607
22 18 -0.000228 0.004472 -0.036081
23 18 0.087648 0.011833 0.053303
24 18 0.000831 -0.002786 0.031575
25 18 -0.071263 -0.009076 -0.043021
26 18 -0.006590 0.001310 -0.027627
27 18 0.053150 0.006918 0.030292
28 18 0.014380 0.000520 0.025772
29 18 -0.036120 -0.004716 -0.016733
30 18 -0.022876 -0.001883 -0.024027
31 18 0.016505 0.002617 0.003028
32 18 0.024650 0.002716 0.018864
33 18 0.002418 -0.000208 0.008365
34 18 -0.017232 -0.002166 -0.008510
35 18 -0.017656 -0.001805 -0.013611
36 18 -0.006086 -0.000338 -0.007251
37 18 0.004689 0.000799 0.001338
38 18 0.009027 0.001141 0.006024
39 18 0.008203 0.000945 0.006392
40 18 0.005466 0.000596 0.004640
41 18 0.002969 0.000310 0.002679
42 18 0.001377 0.000139 0.001305
43 18 0.000560 0.000055 0.000553
44 18 0.000203 0.000019 0.000208
45 18 0.000066 0.000006 0.000070
46 18 0.000020 0.000002 0.000022
47 18 0.000005 0.000000 0.000006
48 18 0.000002 0.000000 0.000001
49 18 0.000000 0.000000 0.000000

0 19 0.000000 0.000000 0.000000
1 19 -0.018405 -0.020737 0.007398
2 19 -0.058039 -0.038598 -0.000409
3 19 -0.112059 -0.035282 -0.025098
4 19 -0.114223 0.008351 -0.052916
5 19 0.011276 0.065653 -0.022556
6 19 0.148123 0.069943 0.059939
7 19 0.115546 0.008410 0.085106
8 19 -0.072669 -0.049103 -0.007054
9 19 -0.135032 -0.030896 -0.091262
10 19 0.014752 0.021240 -0.027963
11 19 0.120293 0.030284 0.072619
12 19 0.016423 -0.005395 0.050657
13 19 -0.116331 -0.023584 -0.058589
14 19 -0.033602 0.004882 -0.057420
15 19 0.100457 0.022914 0.047431
16 19 0.049643 -0.000307 0.059308
17 19 -0.080640 -0.019213 -0.029809
18 19 -0.063470 -0.003664 -0.062779
19 19 0.074398 0.015754 0.020906
20 19 0.066012 0.005465 0.067137
21 19 -0.075135 -0.012232 -0.020205
22 19 -0.058789 -0.004391 -0.063660
23 19 0.069504 0.009909 0.021428
24 19 0.048469 0.003704 0.055143
25 19 -0.056667 -0.007232 -0.017666
26 19 -0.041670 -0.003109 -0.044685
27 19 0.039002 0.005052 0.010183
28 19 0.037237 0.003184 0.035393
29 19 -0.021121 -0.002817 -0.000632
30 19 -0.034235 -0.003070 -0.026423
31 19 0.002046 0.000882 -0.008800
32 19 0.025666 0.002655 0.015462
33 19 0.012703 0.000905 0.014561
34 19 -0.010979 -0.001329 -0.002346
35 19 -0.019304 -0.001803 -0.013052
36 19 -0.011235 -0.000819 -0.010549
37 19 0.000816 0.000330 -0.001965
38 19 0.007869 0.000893 0.004593
39 19 0.008841 0.000886 0.006565
40 19 0.006612 0.000623 0.005450
41 19 0.003905 0.000352 0.003449
42 19 0.001939 0.000169 0.001807
43 19 0.000837 0.000071 0.000815
44 19 0.000320 0.000026 0.000324
45 19 0.000110 0.000009 0.000115
46 19 0.000034 0.000003 0.000037
47 19 0.000010 0.000001 0.000011
48 19 0.000003 0.000000 0.000003
49 19 0.000000 0.000000 0.000000

0 20 0.000000 0.000000 0.000000
1 20 0.050990 0.010775 0.000304
2 20 0.086151 -0.006010 0.024304
3 20 0.030304 -0.054670 0.034366
4 20 -0.121648 -0.081400 -0.025753
5 20 -0.175086 -0.035551 -0.093505
6 20 -0.016270 0.041396 -0.044377
7 20 0.151417 0.056497 0.076521
8 20 0.070080 0.003898 0.083187
9 20 -0.110855 -0.033632 -0.041260
10 20 -0.088956 -0.008052 -0.083499
11 20 0.081542 0.026179 0.017279
12 20 0.101789 0.012282 0.085328
13 20 -0.063655 -0.016853 -0.002903
14 20 -0.090477 -0.013248 -0.077571
15 20 0.048278 0.008290 -0.000919
16 20 0.079540 0.011692 0.066068
17 20 -0.032236 -0.003637 0.011577
18 20 -0.086585 -0.009035 -0.060816
19 20 0.024283 0.004435 -0.020137
20 20 0.094178 0.008718 0.064531
21 20 -0.026101 -0.004791 0.021534
22 20 -0.090084 -0.007579 -0.064142
23 20 0.027461 0.004651 -0.016460
24 20 0.076586 0.006412 0.057589
25 20 -0.023217 -0.003369 0.013142
26 20 -0.062127 -0.004930 -0.046123
27 20 0.012598 0.002119 -0.013001
28 20 0.048487 0.003980 0.033885
29 20 -0.000197 -0.000646 0.015666
30 20 -0.036469 -0.002986 -0.021460
31 20 -0.013110 -0.000552 -0.018490
32 20 0.020680 0.001938 0.008248
33 20 0.020346 0.001463 0.017628
34 20 -0.002789 -0.000470 0.004323
35 20 -0.018165 -0.001473 -0.010385
36 20 -0.015312 -0.001039 -0.012596
37 20 -0.003550 -0.000069 -0.005346
38 20 0.005815 0.000596 0.002517
39 20 0.008906 0.000752 0.006215
40 20 0.007588 0.000596 0.006052
41 20 0.004887 0.000367 0.004219
42 20 0.002599 0.000189 0.002378
43 20 0.001188 0.000084 0.001140
44 20 0.000479 0.000033 0.000478
45 20 0.000172 0.000012 0.000178
46 20 0.000056 0.000004 0.000060
47 20 0.000017 0.000001 0.000018
48 20 0.000006 0.000000 0.000005
49 20 0.000000 0.000000 0.000000

0 21 0.000000 0.000000 0.000000
1 21 -0.011136 0.048343 -0.058237
2 21 0.080656 0.091984 -0.026369
3 21 0.200999 0.071899 0.065620
4 21 0.116088 -0.012975 0.089511
5 21 -0.114171 -0.064956 -0.030836
6 21 -0.154987 -0.028991 -0.112106
7 21 0.047109 0.031292 -0.017299
8 21 0.147290 0.028874 0.101872
9 21 -0.017434 -0.013410 0.037211
10 21 -0.125168 -0.022095 -0.079194
11 21 -0.004492 0.004544 -0.043460
12 21 0.115248 0.017707 0.068116
13 21 0.008940 -0.002358 0.050250
14 21 -0.112809 -0.012223 -0.062342
15 21 -0.014725 0.005945 -0.046838
16 21 0.099940 0.012274 0.053487
17 21 0.029043 -0.003593 0.049800
18 21 -0.091750 -0.011256 -0.042283
19 21 -0.036896 0.000894 -0.054460
20 21 0.092285 0.009797 0.041648
21 21 0.031517 0.000389 0.054998
22 21 -0.090385 -0.007639 -0.043317
23 21 -0.022097 -0.000081 -0.047527
24 21 0.079456 0.006068 0.041615
25 21 0.016129 0.000175 0.038996
26 21 -0.063928 -0.004451 -0.033716
27 21 -0.016859 -0.000365 -0.032032
28 21 0.046525 0.003272 0.023070
29 21 0.020513 0.000911 0.027764
30 21 -0.030049 -0.002091 -0.011203
31 21 -0.025414 -0.001305 -0.023949
32 21 0.011334 0.001000 -0.000814
33 21 0.024118 0.001472 0.017223
34 21 0.005793 0.000174 0.010248
35 21 -0.014557 -0.000976 -0.006160
36 21 -0.017798 -0.001005 -0.013138
37 21 -0.007899 -0.000327 -0.008376
38 21 0.003041 0.000309 0.000008
39 21 0.008340 0.000567 0.005339
40 21 0.008290 0.000516 0.006367
41 21 0.005851 0.000347 0.004928
42 21 0.003331 0.000191 0.002992
43 21 0.001612 0.000090 0.001523
44 21 0.000683 0.000037 0.000673
45 21 0.000257 0.000014 0.000263
46 21 0.000088 0.000005 0.000092
47 21 0.000028 0.000001 0.000029
48 21 0.000010 0.000000 0.000008
49 21 0.000000 0.000000 0.000000

0 22 0.000000 0.000000 0.000000
1 22 -0.149509 -0.032607 -0.023403
2 22 -0.196973 0.021626 -0.098961
3 22 0.029863 0.091930 -0.028752
4 22 0.212390 0.074344 0.124079
5 22 0.059390 -0.004293 0.093853
6 22 -0.155369 -0.036342 -0.071894
7 22 -0.073671 -0.002730 -0.091330
8 22 0.123155 0.024859 0.054248
9 22 0.069156 0.007589 0.087425
10 22 -0.103873 -0.013938 -0.036120
11 22 -0.075592 -0.002051 -0.079483
12 22 0.094378 0.013219 0.028899
13 22 0.074853 0.004862 0.079868
14 22 -0.082059 -0.008671 -0.024458
15 22 -0.060764 -0.007048 -0.068078
16 22 0.066262 0.003894 0.019612
17 22 0.060227 0.006043 0.061830
18 22 -0.059291 -0.002311 -0.009771
19 22 -0.070273 -0.003798 -0.063944
20 22 0.062379 0.003597 0.008417
21 22 0.071143 0.003023 0.067726
22 22 -0.065910 -0.003968 -0.011946
23 22 -0.061623 -0.002300 -0.062853
24 22 0.061204 0.003659 0.015346
25 22 0.049464 0.001928 0.053392
26 22 -0.049682 -0.002720 -0.013056
27 22 -0.041500 -0.001561 -0.042605
28 22 0.033707 0.001885 0.006947
29 22 0.036302 0.001487 0.033364
30 22 -0.017451 -0.000993 0.001389
31 22 -0.032703 -0.001350 -0.024519
32 22 -0.000115 0.000219 -0.009733
33 22 0.023780 0.001101 0.013784
34 22 0.013404 0.000485 0.014529
35 22 -0.009167 -0.000484 -0.001121
36 22 -0.018479 -0.000779 -0.012195
37 22 -0.011766 -0.000415 -0.010720
38 22 -0.000197 0.000085 -0.002680
39 22 0.007167 0.000364 0.004000
40 22 0.008642 0.000391 0.006351
41 22 0.006727 0.000288 0.005518
42 22 0.004103 0.000170 0.003614
43 22 0.002100 0.000085 0.001952
44 22 0.000933 0.000037 0.000906
45 22 0.000367 0.000014 0.000371
46 22 0.000130 0.000005 0.000136
47 22 0.000043 0.000002 0.000045
48 22 0.000016 0.000001 0.000013
49 22 0.000000 0.000000 0.000000

0 23 0.000000 0.000000 0.000000
1 23 0.056171 -0.077388 0.083887
2 23 -0.241036 -0.095965 -0.070892
3 23 -0.204642 -0.014891 -0.155193
4 23 0.109324 0.044573 0.028109
5 23 0.156686 0.026362 0.142664
6 23 -0.075309 -0.011987 0.009407
7 23 -0.137277 -0.011199 -0.108458
8 23 0.065494 0.010408 -0.006724
9 23 0.122232 0.008823 0.099811
10 23 -0.048179 -0.005780 0.013089
11 23 -0.108341 -0.008577 -0.082342
12 23 0.039656 0.002159 -0.015831
13 23 0.105499 0.005235 0.080697
14 23 -0.042207 -0.004012 0.016171
15 23 -0.100471 -0.002390 -0.073959
16 23 0.030843 0.006735 -0.014918
17 23 0.094582 0.003832 0.065941
18 23 -0.017595 -0.004862 0.022826
19 23 -0.095382 -0.004331 -0.062279
20 23 0.017985 0.002726 -0.025170
21 23 0.094125 0.003721 0.064978
22 23 -0.026218 -0.001637 0.020823
23 23 -0.084930 -0.002663 -0.062685
24 23 0.029517 0.001358 -0.013240
25 23 0.070254 0.002006 0.055091
26 23 -0.025195 -0.000978 0.009758
27 23 -0.056731 -0.001487 -0.043732
28 23 0.014369 0.000623 -0.010205
29 23 0.044734 0.001200 0.032269
30 23 -0.001924 -0.000183 0.013523
31 23 -0.034341 -0.000905 -0.020746
32 23 -0.011487 -0.000182 -0.016973
33 23 0.019887 0.000587 0.008236
34 23 0.019098 0.000462 0.016729
35 23 -0.002842 -0.000130 0.003985
36 23 -0.017426 -0.000456 -0.010006
37 23 -0.014805 -0.000338 -0.012181
38 23 -0.003610 -0.000037 -0.005294
39 23 0.005471 0.000179 0.002311
40 23 0.008610 0.000238 0.005997
41 23 0.007457 0.000194 0.005945
42 23 0.004878 0.000122 0.004210
43 23 0.002635 0.000064 0.002411
44 23 0.001225 0.000029 0.001175
45 23 0.000502 0.000012 0.000501
46 23 0.000185 0.000004 0.000191
47 23 0.000063 0.000001 0.000065
48 23 0.000024 0.000001 0.000019
49 23 0.000000 0.000000 0.000000

0 24 0.000000 0.000000 0.000000
1 24 0.556842 0.150011 0.648632
2 24 0.017288 -0.008792 0.147353
3 24 -0.232022 -0.021966 -0.149297
4 24 0.005873 0.003296 -0.059947
5 24 0.179938 0.010032 0.126457
6 24 0.000633 -0.001605 0.067442
7 24 -0.153308 -0.005768 -0.091902
8 24 -0.001619 -0.000355 -0.052691
9 24 0.129960 0.003965 0.084143
10 24 0.003540 -0.000293 0.051429
11 24 -0.122231 -0.001763 -0.068840
12 24 -0.012162 0.002981 -0.050175
13 24 0.115387 0.003398 0.067111
14 24 0.006697 0.001401 0.047710
15 24 -0.097286 -0.001400 -0.059505
16 24 -0.003721 -0.003812 -0.038768
17 24 0.086233 -0.001025 0.050406
18 24 0.013056 0.002201 0.042035
19 24 -0.090004 0.000896 -0.045417
20 24 -0.018479 -0.000393 -0.046555
21 24 0.094610 0.000249 0.049107
22 24 0.012685 -0.000117 0.045258
23 24 -0.090190 -0.000728 -0.050332
24 24 -0.005259 0.000162 -0.037019
25 24 0.076911 0.000740 0.046365
26 24 0.002695 -0.000077 0.029665
27 24 -0.061405 -0.000570 -0.036932
28 24 -0.006868 0.000012 -0.025006
29 24 0.045549 0.000429 0.025778
30 24 0.013511 0.000083 0.023201
31 24 -0.030916 -0.000284 -0.013895
32 24 -0.021123 -0.000153 -0.021675
33 24 0.013463 0.000145 0.001663
34 24 0.022427 0.000191 0.016841
35 24 0.003607 0.000014 0.008550
36 24 -0.014930 -0.000134 -0.006941
37 24 -0.016826 -0.000133 -0.012706
38 24 -0.006925 -0.000042 -0.007624
39 24 0.003388 0.000043 0.000410
40 24 0.008198 0.000077 0.005335
41 24 0.007999 0.000070 0.006183
42 24 0.005617 0.000047 0.004749
43 24 0.003200 0.000026 0.002880
44 24 0.001555 0.000013 0.001471
45 24 0.000663 0.000005 0.000653
46 24 0.000252 0.000002 0.000257
47 24 0.000089 0.000001 0.000091
48 24 0.000035 0.000000 0.000027
49 24 0.000000 0.000000 0.000000

0 25 0.000000 0.000000 0.000000
1 25 0.250917 -0.228051 0.039324
2 25 -0.026360 -0.023683 0.050896
3 25 -0.250921 0.018875 -0.141993
4 25 -0.051474 0.001839 -0.090490
5 25 0.172665 -0.010308 0.103790
6 25 0.049957 -0.001239 0.094234
7 25 -0.145024 0.005762 -0.068115
8 25 -0.049873 0.002390 -0.079656
9 25 0.126904 -0.002836 0.063053
10 25 0.047306 -0.000531 0.074409
11 25 -0.105713 0.003103 -0.047319
12 25 -0.046894 -0.001340 -0.067746
13 25 0.103359 -0.003800 0.044061
14 25 0.046781 -0.002229 0.067877
15 25 -0.096045 -0.000603 -0.040335
16 25 -0.048742 0.002496 -0.060581
17 25 0.079106 0.002694 0.032218
18 25 0.054269 -0.000618 0.059983
19 25 -0.074199 -0.001343 -0.024079
20 25 -0.056005 -0.000195 -0.062008
21 25 0.079063 -0.000283 0.026577
22 25 0.048290 0.000003 0.061358
23 25 -0.079970 0.000780 -0.030534
24 25 -0.037186 0.000135 -0.053361
25 25 0.070995 -0.000752 0.030818
26 25 0.028742 -0.000187 0.043943
27 25 -0.056754 0.000556 -0.024855
28 25 -0.026340 0.000181 -0.035538
29 25 0.039982 -0.000394 0.015869
30 25 0.026664 -0.000211 0.029426
31 25 -0.023734 0.000228 -0.005449
32 25 -0.028072 0.000223 -0.023629
33 25 0.005673 -0.000078 -0.004953
34 25 0.023389 -0.000205 0.015175
35 25 0.009523 -0.000067 0.012176
36 25 -0.011399 0.000106 -0.003408
37 25 -0.017788 0.000145 -0.012365
38 25 -0.009925 0.000069 -0.009528
39 25 0.001072 -0.000023 -0.001561
40 25 0.007446 -0.000071 0.004421
41 25 0.008331 -0.000074 0.006225
42 25 0.006290 -0.000053 0.005205
43 25 0.003774 -0.000031 0.003342
44 25 0.001912 -0.000016 0.001784
45 25 0.000845 -0.000007 0.000823
46 25 0.000332 -0.000003 0.000335
47 25 0.000120 -0.000001 0.000122
48 25 0.000049 -0.000000 0.000037
49 25 0.000000 0.000000 0.000000

0 26 0.000000 0.000000 0.000000
1 26 0.048243 -0.058604 0.047744
2 26 -0.126243 0.046673 0.001074
3 26 -0.241515 0.069315 -0.119723
4 26 -0.039886 0.008069 -0.069133
5 26 0.176980 -0.031433 0.098464
6 26 0.075195 -0.012644 0.099986
7 26 -0.134349 0.013145 -0.054908
8 26 -0.075002 0.004797 -0.090338
9 26 0.113103 -0.012366 0.044860
10 26 0.073010 -0.006461 0.084423
11 26 -0.093023 0.004992 -0.028168
12 26 -0.081404 0.004278 -0.078797
13 26 0.083196 -0.004003 0.022292
14 26 0.072065 -0.002460 0.077649
15 26 -0.079698 0.007168 -0.021398
16 26 -0.060649 0.003611 -0.066484
17 26 0.068380 -0.007095 0.017354
18 26 0.066212 -0.004970 0.062826
19 26 -0.059621 0.004180 -0.007536
20 26 -0.075382 0.003950 -0.065417
21 26 0.060113 -0.002702 0.006216
22 26 0.072923 -0.002708 0.067518
23 26 -0.062118 0.002122 -0.009711
24 26 -0.061910 0.001739 -0.061535
25 26 0.056885 -0.001851 0.012772
26 26 0.049716 -0.001311 0.051853
27 26 -0.045515 0.001367 -0.010433
28 26 -0.041842 0.001024 -0.041278
29 26 0.030031 -0.000926 0.004555
30 26 0.036360 -0.000926 0.032090
31 26 -0.014343 0.000441 0.003263
32 26 -0.032050 0.000797 -0.023117
33 26 -0.002429 -0.000021 -0.010884
34 26 0.022301 -0.000602 0.012213
35 26 0.014479 -0.000340 0.014687
36 26 -0.007274 0.000215 0.000222
37 26 -0.017776 0.000442 -0.011314
38 26 -0.012461 0.000276 -0.010936
39 26 -0.001325 -0.000009 -0.003475
40 26 0.006420 -0.000190 0.003328
41 26 0.008451 -0.000225 0.006083
42 26 0.006873 -0.000176 0.005563
43 26 0.004337 -0.000108 0.003777
44 26 0.002287 -0.000056 0.002104
45 26 0.001045 -0.000025 0.001006
46 26 0.000424 -0.000010 0.000423
47 26 0.000158 -0.000004 0.000158
48 26 0.000066 -0.000002 0.000049
49 26 0.000000 0.000000 0.000000

0 27 0.000000 0.000000 0.000000
1 27 -0.047988 0.024336 0.013760
2 27 -0.154300 0.089144 -0.028837
3 27 -0.165438 0.076215 -0.083739
4 27 0.028351 -0.009626 -0.023618
5 27 0.187479 -0.056458 0.101923
6 27 0.063755 -0.020678 0.084563
7 27 -0.136731 0.023399 -0.057075
8 27 -0.089823 0.013268 -0.092076
9 27 0.103205 -0.014262 0.034769
10 27 0.088091 -0.010844 0.089023
11 27 -0.081325 0.011225 -0.017030
12 27 -0.089955 0.010447 -0.080343
13 27 0.070384 -0.008263 0.008082
14 27 0.092582 -0.008363 0.079975
15 27 -0.056657 0.002984 -0.002392
16 27 -0.082919 0.002638 -0.069948
17 27 0.038624 -0.002863 -0.002951
18 27 0.079327 -0.001964 0.062360
19 27 -0.029871 0.003313 0.012355
20 27 -0.085593 0.003320 -0.062272
21 27 0.032934 -0.003398 -0.014166
22 27 0.086448 -0.004204 0.065762
23 27 -0.038825 0.002775 0.010318
24 27 -0.077685 0.003644 -0.062445
25 27 0.038109 -0.002328 -0.005015
26 27 0.064157 -0.002972 0.053931
27 27 -0.030570 0.001619 0.004022
28 27 -0.052487 0.002271 -0.042665
29 27 0.017777 -0.000995 -0.006553
30 27 0.042317 -0.001857 0.031686
31 27 -0.004161 0.000280 0.011266
32 27 -0.033283 0.001412 -0.020708
33 27 -0.010039 0.000309 -0.015706
34 27 0.019660 -0.000903 0.008480
35 27 0.018270 -0.000745 0.016093
36 27 -0.002958 0.000172 0.003655
37 27 -0.016959 0.000710 -0.009752
38 27 -0.014463 0.000553 -0.011841
39 27 -0.003669 0.000087 -0.005236
40 27 0.005201 -0.000267 0.002133
41 27 0.008377 -0.000375 0.005786
42 27 0.007352 -0.000315 0.005819
43 27 0.004870 -0.000203 0.004173
44 27 0.002666 -0.000109 0.002420
45 27 0.001257 -0.000051 0.001196
46 27 0.000524 -0.000021 0.000517
47 27 0.000201 -0.000008 0.000198
48 27 0.000086 -0.000003 0.000063
49 27 0.000000 0.000000 0.000000

0 28 0.000000 0.000000 0.000000
1 28 -0.051724 0.040998 -0.017640
2 28 -0.090401 0.069887 -0.036465
3 28 -0.039658 0.030397 -0.042021
4 28 0.112117 -0.050827 0.018848
5 28 0.177633 -0.075094 0.094365
6 28 0.023301 -0.015936 0.050150
7 28 -0.145741 0.036286 -0.069201
8 28 -0.080962 0.019678 -0.084850
9 28 0.111171 -0.022390 0.038232
10 28 0.094513 -0.019219 0.088875
11 28 -0.072279 0.010589 -0.012955
12 28 -0.097524 0.011408 -0.079435
13 28 0.052051 -0.009318 -0.003259
14 28 0.099716 -0.012925 0.079141
15 28 -0.049688 0.005871 0.008660
16 28 -0.095881 0.013652 -0.072475
17 28 0.035040 -0.001885 -0.011723
18 28 0.092873 -0.011547 0.063881
19 28 -0.016674 -0.000159 0.022807
20 28 -0.095460 0.008522 -0.059809
21 28 0.011453 -0.000801 -0.028548
22 28 0.095083 -0.007224 0.061481
23 28 -0.015975 0.001439 0.026710
24 28 -0.086829 0.005885 -0.059119
25 28 0.018155 -0.001703 -0.020585
26 28 0.072662 -0.004811 0.051829
27 28 -0.014419 0.001163 0.016993
28 28 -0.058530 0.003635 -0.040754
29 28 0.004965 -0.000556 -0.016415
30 28 0.044908 -0.002805 0.029027
31 28 0.005724 -0.000241 0.017997
32 28 -0.032306 0.001941 -0.017065
33 28 -0.016657 0.000857 -0.019271
34 28 0.016018 -0.001052 0.004450
35 28 0.020887 -0.001218 0.016538
36 28 0.001229 -0.000015 0.006698
37 28 -0.015550 0.000918 -0.007885
38 28 -0.015927 0.000871 -0.012294
39 28 -0.005855 0.000256 -0.006781
40 28 0.003874 -0.000295 0.000910
41 28 0.008140 -0.000513 0.005368
42 28 0.007723 -0.000464 0.005975
43 28 0.005361 -0.000314 0.004519
44 28 0.003038 -0.000175 0.002722
45 28 0.001474 -0.000084 0.001386
46 28 0.000631 -0.000035 0.000615
47 28 0.000247 -0.000014 0.000241
48 28 0.000109 -0.000006 0.000078
49 28 0.000000 0.000000 0.000000

0 29 0.000000 0.000000 0.000000
1 29 -0.010839 0.017040 -0.024335
2 29 0.001826 0.012111 -0.023800
3 29 0.064888 -0.033956 -0.006102
4 29 0.143052 -0.084781 0.039318
5 29 0.117441 -0.069491 0.065971
6 29 -0.045779 0.005556 0.005969
7 29 -0.156212 0.051351 -0.081187
8 29 -0.053498 0.018129 -0.064584
9 29 0.118952 -0.031518 0.049453
10 29 0.086400 -0.022820 0.083508
11 29 -0.080460 0.015256 -0.017672
12 29 -0.103403 0.021156 -0.080287
13 29 0.050082 -0.007285 -0.004734
14 29 0.106183 -0.016346 0.078670
15 29 -0.035303 0.006853 0.015342
16 29 -0.090947 0.011941 -0.068324
17 29 0.022476 -0.007562 -0.018405
18 29 0.083614 -0.012074 0.056827
19 29 -0.005181 0.003851 0.028791
20 29 -0.089737 0.011370 -0.051571
21 29 -0.004291 -0.001421 -0.037140
22 29 0.094546 -0.010300 0.053634
23 29 0.002941 0.000404 0.038219
24 29 -0.089603 0.008313 -0.052858
25 29 -0.000063 -0.000515 -0.032754
26 29 0.076218 -0.006666 0.047078
27 29 0.000950 0.000122 0.027622
28 29 -0.060822 0.004932 -0.036742
29 29 -0.007128 0.000323 -0.024505
30 29 0.044874 -0.003633 0.024995
31 29 0.014605 -0.001050 0.023251
32 29 -0.029788 0.002309 -0.012819
33 29 -0.022062 0.001551 -0.021641
34 29 0.011884 -0.001029 0.000494
35 29 0.022457 -0.001703 0.016237
36 29 0.005065 -0.000325 0.009251
37 29 -0.013771 0.001046 -0.005900
38 29 -0.016902 0.001202 -0.012374
39 29 -0.007814 0.000485 -0.008078
40 29 0.002519 -0.000274 -0.000277
41 29 0.007782 -0.000633 0.004873
42 29 0.007993 -0.000618 0.006044
43 29 0.005798 -0.000438 0.004811
44 29 0.003393 -0.000252 0.003001
45 29 0.001690 -0.000124 0.001571
46 29 0.000739 -0.000054 0.000714
47 29 0.000296 -0.000021 0.000285
48 29 0.000133 -0.000009 0.000094
49 29 0.000000 0.000000 0.000000

0 30 0.000000 0.000000 0.000000
1 30 0.020534 -0.010656 -0.011512
2 30 0.049484 -0.032315 -0.004673
3 30 0.087085 -0.064234 0.013204
4 30 0.091291 -0.073173 0.032624
5 30 0.016423 -0.027132 0.025052
6 30 -0.113684 0.044154 -0.032672
7 30 -0.138329 0.062526 -0.077472
8 30 -0.003362 0.008633 -0.031234
9 30 0.135098 -0.040406 0.064003
10 30 0.071998 -0.023399 0.073011
11 30 -0.091395 0.022782 -0.030481
12 30 -0.090055 0.023594 -0.076511
13 30 0.057905 -0.013657 0.001821
14 30 0.106883 -0.022699 0.076491
15 30 -0.031471 0.003495 0.017445
16 30 -0.103402 0.015742 -0.069442
17 30 0.008386 0.000616 -0.025964
18 30 0.091481 -0.011263 0.056478
19 30 0.012434 -0.001633 0.036921
20 30 -0.088961 0.010366 -0.046659
21 30 -0.021778 0.001364 -0.045226
22 30 0.091849 -0.010948 0.046179
23 30 0.020216 -0.001536 0.047128
24 30 -0.088493 0.009799 -0.045685
25 30 -0.016074 0.001140 -0.042003
26 30 0.076270 -0.008159 0.041121
27 30 0.014549 -0.001323 0.035839
28 30 -0.060454 0.006014 -0.031724
29 30 -0.017768 0.001519 -0.030749
30 30 0.043077 -0.004266 0.020380
31 30 0.022138 -0.002055 0.027093
32 30 -0.026393 0.002490 -0.008485
33 30 -0.026248 0.002319 -0.023016
34 30 0.007685 -0.000847 -0.003129
35 30 0.023191 -0.002160 0.015435
36 30 0.008419 -0.000724 0.011294
37 30 -0.011828 0.001094 -0.003951
38 30 -0.017469 0.001528 -0.012182
39 30 -0.009510 0.000757 -0.009124
40 30 0.001207 -0.000210 -0.001378
41 30 0.007347 -0.000732 0.004342
42 30 0.008172 -0.000772 0.006043
43 30 0.006177 -0.000570 0.005048
44 30 0.003720 -0.000338 0.003250
45 30 0.001896 -0.000171 0.001744
46 30 0.000846 -0.000075 0.000809
47 30 0.000345 -0.000031 0.000329
48 30 0.000158 -0.000014 0.000110
49 30 0.000000 0.000000 0.000000

0 31 0.000000 0.000000 0.000000
1 31 0.020298 -0.018325 0.002706
2 31 0.035933 -0.035466 0.006679
3 31 0.037239 -0.043049 0.013267
4 31 0.001932 -0.022250 0.010984
5 31 -0.069155 0.027944 -0.010168
6 31 -0.127945 0.069476 -0.048183
7 31 -0.074836 0.048552 -0.051619
8 31 0.063341 -0.017456 0.007780
9 31 0.142656 -0.054609 0.073465
10 31 0.035825 -0.019336 0.050357
11 31 -0.108436 0.030756 -0.047894
12 31 -0.078459 0.023648 -0.069671
13 31 0.063817 -0.015304 0.011181
14 31 0.102299 -0.023554 0.074945
15 31 -0.039219 0.008734 0.012828
16 31 -0.103487 0.024900 -0.071222
17 31 0.021735 -0.001471 -0.021950
18 31 0.097751 -0.021226 0.059613
19 31 0.007927 -0.003654 0.035158
20 31 -0.092082 0.016428 -0.046462
21 31 -0.027327 0.004846 -0.047080
22 31 0.091533 -0.013774 0.042074
23 31 0.031769 -0.004463 0.052142
24 31 -0.086907 0.011473 -0.039878
25 31 -0.028709 0.003367 -0.048381
26 31 0.074797 -0.009421 0.035441
27 31 0.025818 -0.003090 0.041852
28 31 -0.058660 0.006863 -0.026676
29 31 -0.026638 0.002919 -0.035342
30 31 0.040375 -0.004697 0.015827
31 31 0.028252 -0.003169 0.029753
32 31 -0.022708 0.002498 -0.004445
33 31 -0.029357 0.003108 -0.023655
34 31 0.003737 -0.000536 -0.006271
35 31 0.023333 -0.002568 0.014366
36 31 0.011242 -0.001183 0.012864
37 31 -0.009898 0.001071 -0.002155
38 31 -0.017731 0.001836 -0.011818
39 31 -0.010930 0.001057 -0.009937
40 31 -0.000004 -0.000109 -0.002355
41 31 0.006882 -0.000811 0.003816
42 31 0.008280 -0.000923 0.005990
43 31 0.006496 -0.000708 0.005233
44 31 0.004013 -0.000432 0.003465
45 31 0.002087 -0.000222 0.001899
46 31 0.000948 -0.000100 0.000897
47 31 0.000393 -0.000041 0.000370
48 31 0.000182 -0.000019 0.000125
49 31 0.000000 0.000000 0.000000

0 32 0.000000 0.000000 0.000000
1 32 0.000490 -0.007251 0.005897
2 32 -0.006409 -0.008934 0.005235
3 32 -0.025839 0.002052 0.002020
4 32 -0.061413 0.028552 -0.008455
5 32 -0.092311 0.058282 -0.025681
6 32 -0.079854 0.058369 -0.036512
7 32 0.008748 0.010911 -0.014784
8 32 0.110942 -0.047481 0.038537
9 32 0.111252 -0.054675 0.064796
10 32 -0.019895 0.000566 0.016483
11 32 -0.123758 0.044553 -0.063029
12 32 -0.053800 0.025746 -0.056859
13 32 0.088089 -0.020238 0.028709
14 32 0.098137 -0.026094 0.073104
15 32 -0.045493 0.012097 0.002941
16 32 -0.093872 0.023335 -0.069606
17 32 0.024907 -0.006727 -0.016933
18 32 0.087564 -0.019288 0.056972
19 32 0.006201 0.001879 0.031956
20 32 -0.083063 0.018077 -0.042658
21 32 -0.027719 0.003647 -0.045601
22 32 0.087079 -0.015846 0.037795
23 32 0.038000 -0.005640 0.053889
24 32 -0.084009 0.013223 -0.035006
25 32 -0.037362 0.005313 -0.052110
26 32 0.072748 -0.010614 0.030666
27 32 0.034450 -0.004913 0.045947
28 32 -0.056431 0.007570 -0.022264
29 32 -0.033661 0.004408 -0.038585
30 32 0.037509 -0.004976 0.011809
31 32 0.033045 -0.004325 0.031527
32 32 -0.019205 0.002378 -0.000956
33 32 -0.031609 0.003887 -0.023834
34 32 0.000261 -0.000137 -0.008866
35 32 0.023128 -0.002925 0.013235
36 32 0.013537 -0.001670 0.014027
37 32 -0.008121 0.000994 -0.000591
38 32 -0.017793 0.002122 -0.011379
39 32 -0.012083 0.001371 -0.010546
40 32 -0.001070 0.000017 -0.003186
41 32 0.006430 -0.000872 0.003327
42 32 0.008335 -0.001069 0.005907
43 32 0.006757 -0.000849 0.005370
44 32 0.004266 -0.000530 0.003642
45 32 0.002256 -0.000278 0.002032
46 32 0.001039 -0.000127 0.000974
47 32 0.000437 -0.000053 0.000407
48 32 0.000205 -0.000025 0.000139
49 32 0.000000 0.000000 0.000000

0 33 0.000000 0.000000 0.000000
1 33 -0.013733 0.006504 -0.000705
2 33 -0.030617 0.016386 -0.003267
3 33 -0.046197 0.030332 -0.008040
4 33 -0.059054 0.044280 -0.015288
5 33 -0.045110 0.044138 -0.019359
6 33 0.001845 0.015692 -0.010558
7 33 0.078368 -0.033270 0.016458
8 33 0.113204 -0.063113 0.047941
9 33 0.049037 -0.035406 0.037026
10 33 -0.072079 0.024851 -0.017545
11 33 -0.118960 0.051037 -0.068442
12 33 -0.007288 0.012939 -0.032752
13 33 0.108683 -0.034656 0.047925
14 33 0.075418 -0.026072 0.062511
15 33 -0.063737 0.017727 -0.012132
16 33 -0.095648 0.028040 -0.070244
17 33 0.030754 -0.001298 -0.011351
18 33 0.097046 -0.018210 0.061351
19 33 0.010861 -0.001647 0.031666
20 33 -0.083477 0.017469 -0.043921
21 33 -0.030592 0.006423 -0.045625
22 33 0.086319 -0.015460 0.036718
23 33 0.043617 -0.007142 0.055387
24 33 -0.081635 0.014215 -0.031960
25 33 -0.043271 0.007170 -0.054395
26 33 0.071164 -0.011544 0.027357
27 33 0.040771 -0.006646 0.048708
28 33 -0.054527 0.008189 -0.018922
29 33 -0.038964 0.005890 -0.040840
30 33 0.035063 -0.005175 0.008640
31 33 0.036708 -0.005475 0.032720
32 33 -0.016245 0.002191 0.001827
33 33 -0.033245 0.004642 -0.023803
34 33 -0.002604 0.000304 -0.010903
35 33 0.022798 -0.003243 0.012208
36 33 0.015343 -0.002165 0.014868
37 33 -0.006604 0.000887 0.000688
38 33 -0.017753 0.002389 -0.010947
39 33 -0.012990 0.001688 -0.010987
40 33 -0.001959 0.000156 -0.003857
41 33 0.006028 -0.000922 0.002906
42 33 0.008359 -0.001210 0.005814
43 33 0.006963 -0.000990 0.005465
44 33 0.004474 -0.000629 0.003780
45 33 0.002398 -0.000335 0.002140
46 33 0.001117 -0.000155 0.001037
47 33 0.000474 -0.000066 0.000438
48 33 0.000225 -0.000031 0.000151
49 33 0.000000 0.000000 0.000000

0 34 0.000000 0.000000 0.000000
1 34 -0.009559 0.008858 -0.006816
2 34 -0.017394 0.017078 -0.008111
3 34 -0.016465 0.021081 -0.008927
4 34 -0.006044 0.017262 -0.008898
5 34 0.026005 -0.002549 -0.002336
6 34 0.063718 -0.033770 0.011272
7 34 0.092582 -0.061095 0.028478
8 34 0.059567 -0.052502 0.032381
9 34 -0.029427 -0.003913 0.001271
10 34 -0.111341 0.044871 -0.042106
11 34 -0.091602 0.044110 -0.058304
12 34 0.037599 -0.009063 -0.001914
13 34 0.105526 -0.042294 0.057962
14 34 0.038108 -0.016985 0.043855
15 34 -0.087012 0.028664 -0.029950
16 34 -0.084126 0.032716 -0.067913
17 34 0.059611 -0.008187 0.004273
18 34 0.101943 -0.027319 0.067224
19 34 -0.008592 0.000728 0.020856
20 34 -0.089256 0.025981 -0.050307
21 34 -0.019671 0.009399 -0.039619
22 34 0.092588 -0.018120 0.040854
23 34 0.044229 -0.008693 0.054501
24 34 -0.081962 0.016428 -0.032031
25 34 -0.045358 0.009318 -0.054958
26 34 0.071610 -0.012574 0.026362
27 34 0.044956 -0.008278 0.050491
28 34 -0.053638 0.008887 -0.017028
29 34 -0.042675 0.007334 -0.042399
30 34 0.033524 -0.005390 0.006558
31 34 0.039447 -0.006597 0.033598
32 34 -0.014096 0.002010 0.003811
33 34 -0.034490 0.005378 -0.023772
34 34 -0.004771 0.000743 -0.012396
35 34 0.022528 -0.003545 0.011416
36 34 0.016710 -0.002650 0.015464
37 34 -0.005428 0.000774 0.001654
38 34 -0.017697 0.002646 -0.010589
39 34 -0.013675 0.002000 -0.011293
40 34 -0.002648 0.000297 -0.004360
41 34 0.005707 -0.000968 0.002574
42 34 0.008369 -0.001347 0.005726
43 34 0.007119 -0.001128 0.005525
44 34 0.004634 -0.000728 0.003879
45 34 0.002509 -0.000392 0.002219
46 34 0.001179 -0.000184 0.001085
47 34 0.000504 -0.000078 0.000461
48 34 0.000241 -0.000037 0.000160
49 34 0.000000 0.000000 0.000000

0 35 0.000000 0.000000 0.000000
1 35 0.003570 0.001038 -0.005943
2 35 0.009561 -0.000337 -0.005168
3 35 0.021498 -0.006692 -0.002758
4 35 0.037673 -0.019434 0.001760
5 35 0.056652 -0.037390 0.009210
6 35 0.062131 -0.050693 0.017033
7 35 0.040888 -0.046082 0.018095
8 35 -0.020739 -0.011411 0.004312
9 35 -0.089369 0.034082 -0.026423
10 35 -0.106516 0.054598 -0.046239
11 35 -0.032101 0.022346 -0.030000
12 35 0.079275 -0.032973 0.027565
13 35 0.092569 -0.046649 0.058053
14 35 -0.004856 -0.009058 0.019748
15 35 -0.105884 0.033581 -0.047565
16 35 -0.061026 0.022850 -0.057760
17 35 0.074292 -0.022439 0.020815
18 35 0.078244 -0.025584 0.061903
19 35 -0.031626 0.012390 0.004988
20 35 -0.080669 0.029635 -0.051419
21 35 -0.002545 0.005495 -0.029395
22 35 0.094161 -0.020181 0.044079
23 35 0.039327 -0.006478 0.050469
24 35 -0.081511 0.020079 -0.033350
25 35 -0.042161 0.010915 -0.053114
26 35 0.074391 -0.013835 0.027718
27 35 0.047037 -0.009414 0.051402
28 35 -0.053946 0.009942 -0.016665
29 35 -0.044707 0.008702 -0.043351
30 35 0.033284 -0.005728 0.005747
31 35 0.041426 -0.007670 0.034355
32 35 -0.012950 0.001913 0.004937
33 35 -0.035515 0.006113 -0.023893
34 35 -0.006178 0.001137 -0.013364
35 35 0.022464 -0.003860 0.010953
36 35 0.017683 -0.003112 0.015879
37 35 -0.004649 0.000682 0.002287
38 35 -0.017692 0.002903 -0.010356
39 35 -0.014160 0.002299 -0.011493
40 35 -0.003119 0.000427 -0.004694
41 35 0.005492 -0.001017 0.002347
42 35 0.008380 -0.001481 0.005658
43 35 0.007228 -0.001262 0.005555
44 35 0.004745 -0.000823 0.003937
45 35 0.002586 -0.000447 0.002268
46 35 0.001221 -0.000210 0.001115
47 35 0.000525 -0.000090 0.000476
48 35 0.000252 -0.000043 0.000165
49 35 0.000000 0.000000 0.000000

0 36 0.000000 0.000000 0.000000
1 36 0.010106 -0.005757 -0.000900
2 36 0.019625 -0.012533 0.000410
3 36 0.030045 -0.020486 0.002808
4 36 0.034813 -0.028226 0.006265
5 36 0.032639 -0.031034 0.008222
6 36 0.012313 -0.022972 0.007875
7 36 -0.024984 0.001366 -0.001995
8 36 -0.067325 0.034222 -0.016218
9 36 -0.085121 0.054586 -0.033061
10 36 -0.039545 0.037664 -0.025888
11 36 0.045837 -0.013030 0.005812
12 36 0.107974 -0.053851 0.046110
13 36 0.059887 -0.043653 0.045196
14 36 -0.056821 0.006011 -0.010432
15 36 -0.113307 0.036673 -0.058021
16 36 -0.035670 0.009726 -0.039785
17 36 0.077707 -0.030381 0.033859
18 36 0.057229 -0.023152 0.053884
19 36 -0.048079 0.012283 -0.008474
20 36 -0.080594 0.024737 -0.054064
21 36 0.003543 0.002558 -0.022841
22 36 0.092466 -0.019217 0.046512
23 36 0.033072 -0.003325 0.045544
24 36 -0.081005 0.023541 -0.036049
25 36 -0.035186 0.012337 -0.049780
26 36 0.079740 -0.014632 0.031377
27 36 0.047757 -0.009584 0.051825
28 36 -0.055070 0.011599 -0.017652
29 36 -0.044734 0.010005 -0.043605
30 36 0.034720 -0.006242 0.006396
31 36 0.042787 -0.008646 0.035131
32 36 -0.012917 0.001993 0.005172
33 36 -0.036411 0.006865 -0.024251
34 36 -0.006767 0.001441 -0.013807
35 36 0.022708 -0.004219 0.010884
36 36 0.018292 -0.003539 0.016156
37 36 -0.004310 0.000639 0.002576
38 36 -0.017786 0.003172 -0.010280
39 36 -0.014458 0.002578 -0.011607
40 36 -0.003362 0.000532 -0.004856
41 36 0.005401 -0.001079 0.002236
42 36 0.008402 -0.001616 0.005617
43 36 0.007293 -0.001390 0.005559
44 36 0.004805 -0.000912 0.003956
45 36 0.002625 -0.000497 0.002285
46 36 0.001242 -0.000235 0.001125
47 36 0.000535 -0.000101 0.000482
48 36 0.000257 -0.000049 0.000167
49 36 0.000000 0.000000 0.000000

0 37 0.000000 0.000000 0.000000
1 37 0.004700 -0.005396 0.002475
2 37 0.006455 -0.009590 0.002700
3 37 0.007049 -0.012065 0.003198
4 37 -0.002175 -0.009271 0.002518
5 37 -0.014497 -0.000457 -0.000157
6 37 -0.038548 0.016826 -0.005342
7 37 -0.056330 0.037208 -0.014918
8 37 -0.060040 0.049076 -0.019618
9 37 -0.029413 0.039282 -0.019708
10 37 0.038494 0.000775 0.003504
11 37 0.091383 -0.039481 0.028992
12 37 0.093958 -0.050208 0.044410
13 37 0.002600 -0.013063 0.017669
14 37 -0.088595 0.035824 -0.035978
15 37 -0.082383 0.039638 -0.050538
16 37 0.014118 -0.003549 -0.012124
17 37 0.098374 -0.041850 0.049484
18 37 0.038309 -0.029341 0.045470
19 37 -0.081088 0.010880 -0.027634
20 37 -0.090520 0.023311 -0.059992
21 37 0.013146 -0.003300 -0.013057
22 37 0.089107 -0.024685 0.050113
23 37 0.015631 -0.002725 0.035462
24 37 -0.087224 0.027307 -0.043265
25 37 -0.025836 0.013765 -0.045402
26 37 0.087614 -0.015176 0.037333
27 37 0.047087 -0.008516 0.051561
28 37 -0.056595 0.014306 -0.019908
29 37 -0.042012 0.011438 -0.042804
30 37 0.038395 -0.006875 0.008818
31 37 0.043729 -0.009412 0.036055
32 37 -0.013981 0.002372 0.004529
33 37 -0.037139 0.007661 -0.024841
34 37 -0.006452 0.001613 -0.013688
35 37 0.023322 -0.004650 0.011252
36 37 0.018536 -0.003917 0.016307
37 37 -0.004441 0.000671 0.002508
38 37 -0.018002 0.003464 -0.010379
39 37 -0.014573 0.002832 -0.011640
40 37 -0.003367 0.000602 -0.004845
41 37 0.005442 -0.001160 0.002246
42 37 0.008441 -0.001752 0.005609
43 37 0.007314 -0.001510 0.005539
44 37 0.004813 -0.000992 0.003935
45 37 0.002626 -0.000541 0.002270
46 37 0.001241 -0.000256 0.001117
47 37 0.000534 -0.000110 0.000477
48 37 0.000257 -0.000053 0.000166
49 37 0.000000 0.000000 0.000000

0 38 0.000000 0.000000 0.000000
1 38 -0.004993 -0.000143 0.001677
2 38 -0.012198 0.001370 0.000836
3 38 -0.019911 0.004712 -0.000262
4 38 -0.032748 0.012412 -0.003338
5 38 -0.041788 0.021315 -0.006595
6 38 -0.051217 0.031767 -0.010984
7 38 -0.042037 0.033782 -0.013377
8 38 -0.019177 0.024109 -0.009203
9 38 0.026714 -0.002416 0.000691
10 38 0.069944 -0.033939 0.021446
11 38 0.074221 -0.044741 0.029216
12 38 0.031187 -0.023004 0.022157
13 38 -0.056864 0.027646 -0.014709
14 38 -0.083809 0.055254 -0.045347
15 38 -0.023409 0.031817 -0.028343
16 38 0.074405 -0.017761 0.018154
17 38 0.112178 -0.045179 0.060050
18 38 0.005114 -0.015416 0.027721
19 38 -0.101052 0.026467 -0.045637
20 38 -0.065525 0.019296 -0.050936
21 38 0.038372 -0.021088 0.006594
22 38 0.073119 -0.035727 0.049560
23 38 -0.019268 -0.002580 0.017010
24 38 -0.100372 0.028659 -0.053932
25 38 -0.017057 0.011217 -0.040238
26 38 0.092638 -0.017199 0.043059
27 38 0.041742 -0.006126 0.048594
28 38 -0.058772 0.018448 -0.023747
29 38 -0.035650 0.013194 -0.040466
30 38 0.044953 -0.007431 0.013361
31 38 0.044566 -0.009691 0.037247
32 38 -0.015869 0.003257 0.003123
33 38 -0.037429 0.008554 -0.025506
34 38 -0.005064 0.001622 -0.012894
35 38 0.024344 -0.005165 0.012085
36 38 0.018396 -0.004223 0.016321
37 38 -0.005061 0.000807 0.002073
38 38 -0.018338 0.003789 -0.010649
39 38 -0.014494 0.003051 -0.011588
40 38 -0.003128 0.000623 -0.004658
41 38 0.005617 -0.001269 0.002376
42 38 0.008495 -0.001891 0.005631
43 38 0.007291 -0.001620 0.005493
44 38 0.004768 -0.001060 0.003875
45 38 0.002589 -0.000576 0.002223
46 38 0.001219 -0.000271 0.001089
47 38 0.000522 -0.000116 0.000464
48 38 0.000250 -0.000056 0.000161
49 38 0.000000 0.000000 0.000000

0 39 0.000000 0.000000 0.000000
1 39 -0.006657 0.004461 -0.001785
2 39 -0.013423 0.009226 -0.002488
3 39 -0.018558 0.013994 -0.003487
4 39 -0.022333 0.018278 -0.005055
5 39 -0.019471 0.019306 -0.005815
6 39 -0.010680 0.015470 -0.005262
7 39 0.010388 0.001912 -0.001655
8 39 0.034819 -0.018083 0.006221
9 39 0.057356 -0.041424 0.014854
10 39 0.054331 -0.050477 0.021852
11 39 0.014921 -0.034886 0.012769
12 39 -0.047227 0.003438 -0.007559
13 39 -0.097739 0.042542 -0.036203
14 39 -0.068150 0.042054 -0.039470
15 39 0.016339 0.006938 -0.005307
16 39 0.092666 -0.030228 0.035757
17 39 0.080081 -0.027983 0.050251
18 39 -0.031450 0.020139 0.001011
19 39 -0.077902 0.044957 -0.049221
20 39 -0.004718 0.011755 -0.024839
21 39 0.070956 -0.031618 0.029188
22 39 0.058524 -0.035945 0.046937
23 39 -0.047709 -0.000872 0.000414
24 39 -0.109396 0.022738 -0.061321
25 39 -0.012585 0.000525 -0.034688
26 39 0.086196 -0.023155 0.044800
27 39 0.025359 -0.004117 0.039735
28 39 -0.064500 0.022859 -0.030620
29 39 -0.026667 0.014825 -0.037057
30 39 0.054048 -0.007702 0.019768
31 39 0.045463 -0.009012 0.038635
32 39 -0.017972 0.004993 0.001205
33 39 -0.036639 0.009664 -0.025865
34 39 -0.002265 0.001486 -0.011189
35 39 0.025839 -0.005743 0.013432
36 39 0.017852 -0.004411 0.016179
37 39 -0.006156 0.001079 0.001275
38 39 -0.018758 0.004151 -0.011066
39 39 -0.014195 0.003224 -0.011429
40 39 -0.002638 0.000584 -0.004291
41 39 0.005920 -0.001410 0.002621
42 39 0.008557 -0.002032 0.005677
43 39 0.007219 -0.001717 0.005420
44 39 0.004670 -0.001113 0.003776
45 39 0.002515 -0.000601 0.002147
46 39 0.001175 -0.000281 0.001044
47 39 0.000501 -0.000120 0.000442
48 39 0.000238 -0.000057 0.000152
49 39 0.000000 0.000000 0.000000

0 40 0.000000 0.000000 0.000000
1 40 0.000049 0.003826 -0.004280
2 40 0.000721 0.006888 -0.004197
3 40 0.005085 0.008282 -0.003854
4 40 0.011549 0.006704 -0.002722
5 40 0.024210 0.001141 -0.000824
6 40 0.038570 -0.009336 0.003457
7 40 0.053925 -0.022879 0.007674
8 40 0.061292 -0.035519 0.013975
9 40 0.050248 -0.039278 0.014105
10 40 0.017878 -0.026952 0.010132
11 40 -0.035701 0.000192 -0.006492
12 40 -0.076887 0.029084 -0.024023
13 40 -0.080259 0.035784 -0.032800
14 40 -0.024438 0.008186 -0.017790
15 40 0.045840 -0.031525 0.017505
16 40 0.066023 -0.048138 0.037105
17 40 0.007028 -0.016537 0.021168
18 40 -0.078099 0.035553 -0.028772
19 40 -0.064795 0.044828 -0.049206
20 40 0.032543 0.010183 -0.004831
21 40 0.096233 -0.020141 0.044377
22 40 0.064443 -0.017971 0.047253
23 40 -0.045611 0.009377 -0.005687
24 40 -0.094375 0.017861 -0.057468
25 40 0.000791 -0.013755 -0.022435
26 40 0.072163 -0.033850 0.045139
27 40 -0.005208 -0.006085 0.024138
28 40 -0.079268 0.023934 -0.042667
29 40 -0.020181 0.014170 -0.034860
30 40 0.062162 -0.008282 0.026077
31 40 0.045117 -0.007120 0.039190
32 40 -0.019860 0.007948 -0.001177
33 40 -0.033843 0.011203 -0.025386
34 40 0.002520 0.001324 -0.008185
35 40 0.027983 -0.006272 0.015408
36 40 0.016963 -0.004392 0.015896
37 40 -0.007646 0.001530 0.000154
38 40 -0.019172 0.004551 -0.011566
39 40 -0.013631 0.003336 -0.011126
40 40 -0.001896 0.000472 -0.003740
41 40 0.006335 -0.001587 0.002968
42 40 0.008614 -0.002173 0.005736
43 40 0.007094 -0.001799 0.005314
44 40 0.004518 -0.001151 0.003637
45 40 0.002404 -0.000615 0.002041
46 40 0.001113 -0.000285 0.000982
47 40 0.000470 -0.000121 0.000412
48 40 0.000222 -0.000057 0.000141
49 40 0.000000 0.000000 0.000000

0 41 0.000000 0.000000 0.000000
1 41 0.004205 -0.001815 -0.002474
2 41 0.007872 -0.003970 -0.002176
3 41 0.014997 -0.007741 -0.000956
4 41 0.019547 -0.012091 0.000336
5 41 0.028369 -0.017952 0.002504
6 41 0.029660 -0.022345 0.004977
7 41 0.029508 -0.023249 0.005508
8 41 0.016064 -0.016999 0.006251
9 41 -0.007359 0.000348 -0.001033
10 41 -0.032888 0.023599 -0.006645
11 41 -0.056102 0.047217 -0.019395
12 41 -0.040405 0.051179 -0.019747
13 41 0.000404 0.028066 -0.009013
14 41 0.064562 -0.015323 0.014435
15 41 0.094092 -0.051621 0.039748
16 41 0.045036 -0.048945 0.030392
17 41 -0.046225 -0.010673 -0.005305
18 41 -0.113884 0.024450 -0.046870
19 41 -0.075912 0.020569 -0.047986
20 41 0.028033 -0.007405 0.003675
21 41 0.081730 -0.019248 0.043483
22 41 0.042779 0.001490 0.032873
23 41 -0.042867 0.033880 -0.016067
24 41 -0.049470 0.029196 -0.043031
25 41 0.048056 -0.017802 0.005530
26 41 0.074046 -0.040906 0.053968
27 41 -0.036192 -0.010132 0.008838
28 41 -0.099975 0.018880 -0.056867
29 41 -0.021100 0.007340 -0.035137
30 41 0.061937 -0.011723 0.028672
31 41 0.038605 -0.005025 0.035901
32 41 -0.022981 0.011912 -0.005119
33 41 -0.028700 0.013260 -0.023937
34 41 0.009830 0.001357 -0.003555
35 41 0.031093 -0.006506 0.018178
36 41 0.015965 -0.003989 0.015582
37 41 -0.009290 0.002236 -0.001149
38 41 -0.019402 0.004998 -0.012022
39 41 -0.012720 0.003375 -0.010611
40 41 -0.000897 0.000283 -0.002995
41 41 0.006841 -0.001797 0.003402
42 41 0.008648 -0.002310 0.005793
43 41 0.006909 -0.001861 0.005169
44 41 0.004314 -0.001169 0.003461
45 41 0.002261 -0.000616 0.001911
46 41 0.001033 -0.000283 0.000907
47 41 0.000431 -0.000118 0.000377
48 41 0.000201 -0.000055 0.000128
49 41 0.000000 0.000000 0.000000

0 42 0.000000 0.000000 0.000000
1 42 0.003655 -0.005173 0.001858
2 42 0.005554 -0.009840 0.001757
3 42 0.008377 -0.015107 0.002886
4 42 0.004809 -0.017982 0.002301
5 42 0.002669 -0.020496 0.003253
6 42 -0.011861 -0.016929 0.001153
7 42 -0.023744 -0.010131 -0.001259
8 42 -0.048049 0.004615 -0.005806
9 42 -0.062771 0.022057 -0.013791
10 42 -0.069161 0.036566 -0.016048
11 42 -0.054545 0.042292 -0.020478
12 42 -0.003380 0.025928 -0.006522
13 42 0.046758 0.000124 0.008630
14 42 0.096894 -0.027056 0.028783
15 42 0.084883 -0.029853 0.036639
16 42 0.017096 -0.000266 0.010616
17 42 -0.045333 0.029974 -0.017293
18 42 -0.071575 0.033392 -0.036757
19 42 -0.014308 -0.003061 -0.019127
20 42 0.054855 -0.047454 0.027279
21 42 0.033804 -0.048110 0.033398
22 42 -0.045396 -0.001167 -0.006279
23 42 -0.089594 0.046135 -0.046239
24 42 -0.019972 0.040125 -0.035700
25 42 0.104087 -0.008396 0.034546
26 42 0.098160 -0.028553 0.068927
27 42 -0.039954 -0.002150 0.004482
28 42 -0.101160 0.013504 -0.059764
29 42 -0.020051 -0.006252 -0.031156
30 42 0.049774 -0.020956 0.026768
31 42 0.018937 -0.005556 0.025168
32 42 -0.032132 0.015032 -0.013390
33 42 -0.023363 0.015069 -0.022829
34 42 0.018979 0.001601 0.002206
35 42 0.035192 -0.006118 0.021645
36 42 0.015255 -0.002914 0.015405
37 42 -0.010608 0.003334 -0.002347
38 42 -0.019102 0.005527 -0.012193
39 42 -0.011313 0.003345 -0.009766
40 42 0.000382 0.000020 -0.002034
41 42 0.007418 -0.002033 0.003907
42 42 0.008642 -0.002434 0.005833
43 42 0.006660 -0.001899 0.004982
44 42 0.004062 -0.001167 0.003248
45 42 0.002091 -0.000604 0.001758
46 42 0.000941 -0.000273 0.000822
47 42 0.000387 -0.000113 0.000337
48 42 0.000178 -0.000052 0.000113
49 42 0.000000 0.000000 0.000000

0 43 0.000000 0.000000 0.000000
1 43 0.001383 -0.000816 0.001943
2 43 0.001667 -0.000951 0.001513
3 43 0.001263 -0.000815 0.002185
4 43 -0.003103 0.001705 0.000495
5 43 -0.006982 0.004311 0.001075
6 43 -0.018217 0.010919 -0.002550
7 43 -0.022850 0.015206 -0.003169
8 43 -0.034765 0.021587 -0.007326
9 43 -0.028643 0.019135 -0.008395
10 43 -0.022461 0.010579 -0.006214
11 43 0.001829 -0.009206 -0.003616
12 43 0.028788 -0.036108 0.010147
13 43 0.033574 -0.050319 0.012814
14 43 0.027103 -0.048061 0.016497
15 43 -0.028547 -0.010268 0.001248
16 43 -0.070545 0.039836 -0.025930
17 43 -0.061645 0.065468 -0.030440
18 43 -0.006647 0.053509 -0.019549
19 43 0.097367 -0.000774 0.023703
20 43 0.126790 -0.048651 0.061323
21 43 0.026206 -0.042700 0.031659
22 43 -0.092369 -0.004661 -0.028478
23 43 -0.127171 0.020430 -0.062491
24 43 -0.037027 0.009260 -0.038454
25 43 0.090786 -0.014252 0.033246
26 43 0.086772 -0.004063 0.059924
27 43 -0.025306 0.026427 0.001614
28 43 -0.059217 0.021582 -0.042678
29 43 0.009726 -0.016281 -0.009514
30 43 0.039978 -0.032421 0.028942
31 43 -0.011850 -0.010350 0.009265
32 43 -0.051468 0.013989 -0.027515
33 43 -0.023076 0.014196 -0.024790
34 43 0.026262 0.001133 0.006801
35 43 0.038748 -0.005095 0.024630
36 43 0.014863 -0.000907 0.015204
37 43 -0.010981 0.005019 -0.003099
38 43 -0.017727 0.006233 -0.011708
39 43 -0.009135 0.003293 -0.008384
40 43 0.002020 -0.000286 -0.000793
41 43 0.008067 -0.002272 0.004486
42 43 0.008591 -0.002534 0.005849
43 43 0.006349 -0.001908 0.004752
44 43 0.003766 -0.001144 0.003003
45 43 0.001898 -0.000581 0.001589
46 43 0.000839 -0.000258 0.000729
47 43 0.000340 -0.000105 0.000294
48 43 0.000154 -0.000048 0.000098
49 43 0.000000 0.000000 0.000000

0 44 0.000000 0.000000 0.000000
1 44 -0.004669 0.003277 -0.001611
2 44 -0.008778 0.006917 -0.002184
3 44 -0.013414 0.011471 -0.002288
4 44 -0.016295 0.016880 -0.004042
5 44 -0.017622 0.022450 -0.003719
6 44 -0.016117 0.028284 -0.006137
7 44 -0.006369 0.029856 -0.003814
8 44 0.005024 0.029245 -0.004332
9 44 0.031983 0.017499 0.002126
10 44 0.050878 0.002570 0.007479
11 44 0.076399 -0.021069 0.015165
12 44 0.074180 -0.039026 0.022711
13 44 0.045072 -0.042952 0.015783
14 44 -0.005245 -0.032602 0.007441
15 44 -0.081889 -0.000582 -0.019642
16 44 -0.107288 0.020530 -0.038642
17 44 -0.083212 0.021571 -0.033261
18 44 -0.011519 0.006027 -0.015004
19 44 0.086172 -0.019747 0.028673
20 44 0.090516 -0.011374 0.047066
21 44 0.018945 0.026500 0.013901
22 44 -0.030220 0.038092 -0.016356
23 44 -0.041790 0.007549 -0.024987
24 44 -0.007007 -0.038656 -0.010278
25 44 0.032115 -0.052404 0.021431
26 44 -0.006191 -0.006360 0.014683
27 44 -0.058916 0.047390 -0.029720
28 44 -0.011705 0.039878 -0.028384
29 44 0.071415 -0.009662 0.026238
30 44 0.056885 -0.032352 0.045581
31 44 -0.032035 -0.013295 0.000573
32 44 -0.072661 0.008175 -0.041061
33 44 -0.030403 0.007731 -0.030024
34 44 0.025638 -0.002304 0.006968
35 44 0.037406 -0.004435 0.024263
36 44 0.013224 0.001814 0.013731
37 44 -0.010298 0.007356 -0.003473
38 44 -0.014739 0.007241 -0.010244
39 44 -0.005791 0.003331 -0.006192
40 44 0.004202 -0.000554 0.000861
41 44 0.008860 -0.002466 0.005189
42 44 0.008523 -0.002585 0.005863
43 44 0.005995 -0.001877 0.004493
44 44 0.003442 -0.001096 0.002739
45 44 0.001692 -0.000545 0.001411
46 44 0.000733 -0.000238 0.000634
47 44 0.000292 -0.000095 0.000251
48 44 0.000130 -0.000043 0.000083
49 44 0.000000 0.000000 0.000000

0 45 0.000000 0.000000 0.000000
1 45 -0.005111 0.001081 -0.001758
2 45 -0.009194 0.001783 -0.002064
3 45 -0.014144 0.002869 -0.002447
4 45 -0.015727 0.002692 -0.003288
5 45 -0.017633 0.002517 -0.003279
6 45 -0.013971 0.000274 -0.004194
7 45 -0.007937 -0.003376 -0.002114
8 45 0.002158 -0.007928 -0.002058
9 45 0.017433 -0.014456 0.003262
10 45 0.025648 -0.015289 0.004534
11 45 0.036994 -0.014299 0.009071
12 45 0.026216 0.000507 0.008349
13 45 0.013973 0.019860 0.002252
14 45 -0.005896 0.039189 -0.001825
15 45 -0.022208 0.048184 -0.013307
16 45 -0.001313 0.022652 -0.008031
17 45 0.015785 -0.018995 0.003571
18 45 0.031671 -0.060540 0.012202
19 45 0.019136 -0.072024 0.020618
20 45 -0.054498 -0.020187 -0.005639
21 45 -0.086406 0.047080 -0.039051
22 45 -0.028678 0.069299 -0.028742
23 45 0.054487 0.039447 0.007178
24 45 0.110480 -0.022944 0.045157
25 45 0.066736 -0.061466 0.052129
26 45 -0.075662 -0.029585 -0.009536
27 45 -0.140102 0.025981 -0.074741
28 45 -0.027469 0.032501 -0.044347
29 45 0.103473 0.001112 0.041004
30 45 0.086793 -0.013074 0.062673
31 45 -0.020388 -0.001873 0.007156
32 45 -0.071152 0.004979 -0.039788
33 45 -0.034589 -0.003012 -0.030484
34 45 0.015762 -0.010385 0.003132
35 45 0.025950 -0.006143 0.017668
36 45 0.006492 0.003983 0.008443
37 45 -0.010099 0.009851 -0.004636
38 45 -0.010311 0.008515 -0.008019
39 45 -0.001023 0.003594 -0.003061
40 45 0.007194 -0.000642 0.003098
41 45 0.009974 -0.002522 0.006137
42 45 0.008545 -0.002542 0.005951
43 45 0.005656 -0.001793 0.004249
44 45 0.003120 -0.001021 0.002478
45 45 0.001488 -0.000497 0.001237
46 45 0.000630 -0.000213 0.000542
47 45 0.000245 -0.000084 0.000211
48 45 0.000107 -0.000037 0.000068
49 45 0.000000 0.000000 0.000000

0 46 0.000000 0.000000 0.000000
1 46 0.003986 0.000547 -0.001283
2 46 0.008891 0.000197 -0.000897
3 46 0.013088 -0.000801 -0.000459
4 46 0.019683 -0.004479 0.000707
5 46 0.023755 -0.009263 0.001886
6 46 0.029974 -0.017668 0.003478
7 46 0.029913 -0.026360 0.005372
8 46 0.027697 -0.036004 0.005567
9 46 0.015412 -0.042168 0.006370
10 46 -0.006674 -0.040618 0.001341
11 46 -0.033208 -0.031031 -0.002786
12 46 -0.068161 -0.006715 -0.013811
13 46 -0.081383 0.019703 -0.021718
14 46 -0.077120 0.045934 -0.024082
15 46 -0.032106 0.055284 -0.019395
16 46 0.045180 0.036797 0.006278
17 46 0.100922 0.007366 0.029582
18 46 0.122837 -0.028268 0.044658
19 46 0.060435 -0.042578 0.037436
20 46 -0.063671 -0.021534 -0.011957
21 46 -0.126157 -0.001756 -0.052448
22 46 -0.101488 0.008641 -0.050684
23 46 -0.007556 0.018210 -0.019024
24 46 0.119507 0.011106 0.041063
25 46 0.130494 -0.002342 0.074325
26 46 -0.019969 0.000609 0.015993
27 46 -0.128722 0.001732 -0.062976
28 46 -0.059418 -0.013526 -0.051616
29 46 0.056323 -0.017660 0.018950
30 46 0.064487 0.004328 0.044021
31 46 -0.001293 0.023342 0.009578
32 46 -0.034197 0.014064 -0.020358
33 46 -0.014480 -0.009496 -0.014237
34 46 0.008292 -0.019952 0.003518
35 46 0.005536 -0.011021 0.006699
36 46 -0.008778 0.003649 -0.002335
37 46 -0.013792 0.011090 -0.008759
38 46 -0.006284 0.009495 -0.006382
39 46 0.004632 0.004053 0.000523
40 46 0.011087 -0.000406 0.005914
41 46 0.011660 -0.002308 0.007484
42 46 0.008864 -0.002330 0.006258
43 46 0.005460 -0.001620 0.004117
44 46 0.002864 -0.000908 0.002273
45 46 0.001315 -0.000435 0.001090
46 46 0.000539 -0.000183 0.000462
47 46 0.000204 -0.000071 0.000175
48 46 0.000087 -0.000031 0.000056
49 46 0.000000 0.000000 0.000000

0 47 0.000000 0.000000 0.000000
1 47 0.003770 -0.000171 -0.001909
2 47 0.008178 -0.000523 -0.001526
3 47 0.012717 -0.000721 -0.001101
4 47 0.018860 -0.001426 0.000093
5 47 0.024025 -0.001438 0.001084
6 47 0.030504 -0.002078 0.002874
7 47 0.032604 -0.000885 0.004191
8 47 0.033317 -0.000029 0.005154
9 47 0.025329 0.003412 0.005385
10 47 0.011924 0.006578 0.002592
11 47 -0.007948 0.009368 -0.000269
12 47 -0.032104 0.010061 -0.007513
13 47 -0.045796 0.002739 -0.011752
14 47 -0.052473 -0.007460 -0.014736
15 47 -0.034685 -0.023308 -0.012549
16 47 -0.003815 -0.031548 -0.000939
17 47 0.022184 -0.020553 0.007439
18 47 0.044010 0.003913 0.015810
19 47 0.031807 0.039020 0.014809
20 47 0.002794 0.052851 -0.000966
21 47 -0.006493 0.019929 -0.007029
22 47 -0.018945 -0.029201 -0.006488
23 47 -0.025546 -0.057696 -0.009315
24 47 -0.000391 -0.041766 -0.000279
25 47 0.013804 0.021516 0.008845
26 47 -0.001972 0.069055 -0.001453
27 47 -0.000071 0.034759 -0.006930
28 47 0.020259 -0.038681 0.007963
29 47 0.009205 -0.055703 0.012823
30 47 -0.026023 -0.006415 -0.006899
31 47 -0.030026 0.036707 -0.020387
32 47 0.005040 0.029138 -0.006208
33 47 0.031889 -0.004351 0.015309
34 47 0.020420 -0.022455 0.017068
35 47 -0.010892 -0.015416 0.000211
36 47 -0.029259 0.000373 -0.015261
37 47 -0.023802 0.009373 -0.016756
38 47 -0.005997 0.008941 -0.007452
39 47 0.009147 0.004226 0.003055
40 47 0.015235 0.000124 0.008725
41 47 0.013992 -0.001716 0.009209
42 47 0.009742 -0.001850 0.006951
43 47 0.005619 -0.001304 0.004253
44 47 0.002797 -0.000731 0.002220
45 47 0.001230 -0.000348 0.001016
46 47 0.000486 -0.000146 0.000415
47 47 0.000178 -0.000056 0.000152
48 47 0.000074 -0.000024 0.000047
49 47 0.000000 0.000000 0.000000

0 48 0.000000 0.000000 0.000000
1 48 -0.001667 -0.004147 0.001484
2 48 -0.004052 -0.007947 0.001392
3 48 -0.007284 -0.010852 0.000896
4 48 -0.012324 -0.012437 0.000450
5 48 -0.018837 -0.011418 -0.000968
6 48 -0.026642 -0.007723 -0.002117
7 48 -0.035310 0.000813 -0.004765
8 48 -0.040898 0.012250 -0.006426
9 48 -0.043911 0.028197 -0.008963
10 48 -0.035306 0.042504 -0.009034
11 48 -0.019175 0.053113 -0.006903
12 48 0.011451 0.052121 -0.001690
13 48 0.046020 0.034235 0.008872
14 48 0.072349 0.003550 0.017284
15 48 0.081323 -0.037634 0.025077
16 48 0.047030 -0.065244 0.020496
17 48 -0.012280 -0.064655 0.001650
18 48 -0.076049 -0.032789 -0.020421
19 48 -0.111261 0.026752 -0.042292
20 48 -0.061706 0.067633 -0.036044
21 48 0.034906 0.058793 0.003669
22 48 0.103802 0.015292 0.039503
23 48 0.109468 -0.045856 0.053152
24 48 0.008663 -0.076259 0.025093
25 48 -0.134965 -0.022566 -0.047687
26 48 -0.128534 0.059182 -0.080046
27 48 0.044575 0.060744 -0.008872
28 48 0.148932 -0.010169 0.074810
29 48 0.054876 -0.051272 0.056137
30 48 -0.085723 -0.022750 -0.028376
31 48 -0.095960 0.020488 -0.062825
32 48 -0.000443 0.026896 -0.019629
33 48 0.067176 0.004614 0.032221
34 48 0.049011 -0.013047 0.037022
35 48 -0.008242 -0.012437 0.005864
36 48 -0.042202 -0.002545 -0.021480
37 48 -0.036502 0.004671 -0.025062
38 48 -0.011563 0.005649 -0.011992
39 48 0.009446 0.003142 0.002533
40 48 0.017798 0.000522 0.010128
41 48 0.016412 -0.000815 0.010794
42 48 0.011265 -0.001042 0.008028
43 48 0.006371 -0.000775 0.004811
44 48 0.003104 -0.000446 0.002455
45 48 0.001336 -0.000216 0.001099
46 48 0.000517 -0.000091 0.000439
47 48 0.000185 -0.000035 0.000158
48 48 0.000075 -0.000015 0.000048
49 48 0.000000 0.000000 0.000000

0 49 0.000000 0.000000 0.000000
1 49 0.000000 0.000000 0.000000
2 49 0.000000 0.000000 0.000000
3 49 0.000000 0.000000 0.000000
4 49 0.000000 0.000000 0.000000
5 49 0.000000 0.000000 0.000000
6 49 0.000000 0.000000 0.000000
7 49 0.000000 0.000000 0.000000
8 49 0.000000 0.000000 0.000000
9 49 0.000000 0.000000 0.000000
10 49 0.000000 0.000000 0.000000
11 49 0.000000 0.000000 0.000000
12 49 0.000000 0.000000 0.000000
13 49 0.000000 0.000000 0.000000
14 49 0.000000 0.000000 0.000000
15 49 0.000000 0.000000 0.000000
16 49 0.000000 0.000000 0.000000
17 49 0.000000 0.000000 0.000000
18 49 0.000000 0.000000 0.000000
19 49 0.000000 0.000000 0.000000
20 49 0.000000 0.000000 0.000000
21 49 0.000000 0.000000 0.000000
22 49 0.000000 0.000000 0.000000
23 49 0.000000 0.000000 0.000000
24 49 0.000000 0.000000 0.000000
25 49 0.000000 0.000000 0.000000
26 49 0.000000 0.000000 0.000000
27 49 0.000000 0.000000 0.000000
28 49 0.000000 0.000000 0.000000
29 49 0.000000 0.000000 0.000000
30 49 0.000000 0.000000 0.000000
31 49 0.000000 0.000000 0.000000
32 49 0.000000 0.000000 0.000000
33 49 0.000000 0.000000 0.000000
34 49 0.000000 0.000000 0.000000
35 49 0.000000 0.000000 0.000000
36 49 0.000000 0.000000 0.000000
37 49 0.000000 0.000000 0.000000
38 49 0.000000 0.000000 0.000000
39 49 0.000000 0.000000 0.000000
40 49 0.000000 0.000000 0.000000
41 49 0.000000 0.000000 0.000000
42 49 0.000000 0.000000 0.000000
43 49 0.000000 0.000000 0.000000
44 49 0.000000 0.000000 0.000000
45 49 0.000000 0.000000 0.000000
46 49 0.000000 0.000000 0.000000
47 49 0.000000 0.000000 0.000000
48 49 0.000000 0.000000 0.000000
49 49 0.000000 0.000000 0.000000

