#:x y Ey Bx Bz
0 0 0.000000 0.000000 0.000000
1 0 0.000000 0.000000 0.000000
2 0 0.000000 0.000000 0.000000
3 0 0.000000 0.000000 0.000000
4 0 0.000000 0.000000 0.000000
5 0 0.000000 0.000000 0.000000
6 0 0.000000 0.000000 0.000000
7 0 0.000000 0.000000 0.000000
8 0 0.000000 0.000000 0.000000
9 0 0.000000 0.000000 0.000000
10 0 0.000000 0.000000 0.000000
11 0 0.000000 0.000000 0.000000
12 0 0.000000 0.000000 0.000000
13 0 0.000000 0.000000 0.000000
14 0 0.000000 0.000000 0.000000
15 0 0.000000 0.000000 0.000000
16 0 0.000000 0.000000 0.000000
17 0 0.000000 0.000000 0.000000
18 0 0.000000 0.000000 0.000000
19 0 0.000000 0.000000 0.000000
20 0 0.000000 0.000000 0.000000
21 0 0.000000 0.000000 0.000000
22 0 0.000000 0.000000 0.000000
23 0 0.000000 0.000000 0.000000
24 0 0.000000 0.000000 0.000000
25 0 0.000000 0.000000 0.000000
26 0 0.000000 0.000000 0.000000
27 0 0.000000 0.000000 0.000000
28 0 0.000000 0.000000 0.000000
29 0 0.000000 0.000000 0.000000
30 0 0.000000 0.000000 0.000000
31 0 0.000000 0.000000 0.000000
32 0 0.000000 0.000000 0.000000
33 0 0.000000 0.000000 0.000000
34 0 0.000000 0.000000 0.000000
35 0 0.000000 0.000000 0.000000
36 0 0.000000 0.000000 0.000000
37 0 0.000000 0.000000 0.000000
38 0 0.000000 0.000000 0.000000
39 0 0.000000 0.000000 0.000000
40 0 0.000000 0.000000 0.000000
41 0 0.000000 0.000000 0.000000
42 0 0.000000 0.000000 0.000000
43 0 0.000000 0.000000 0.000000
44 0 0.000000 0.000000 0.000000
45 0 0.000000 0.000000 0.000000
46 0 0.000000 0.000000 0.000000
47 0 0.000000 0.000000 0.000000
48 0 0.000000 0.000000 0.000000
49 0 0.000000 0.000000 0.000000

0 1 0.000000 0.000000 0.000000
1 1 0.002001 0.001070 -0.001070
2 1 0.004238 0.001977 -0.000907
3 1 0.006888 0.002532 -0.000555
4 1 0.010002 0.002512 0.000020
5 1 0.013415 0.001668 0.000844
6 1 0.016650 -0.000223 0.001890
7 1 0.018879 -0.003259 0.003037
8 1 0.018953 -0.007268 0.004008
9 1 0.015707 -0.011650 0.004383
10 1 0.008444 -0.015322 0.003672
11 1 -0.002313 -0.016849 0.001527
12 1 -0.014253 -0.014957 -0.001892
13 1 -0.023560 -0.009263 -0.005694
14 1 -0.026214 -0.000938 -0.008325
15 1 -0.020613 0.007307 -0.008245
16 1 -0.009599 0.012558 -0.005251
17 1 0.001166 0.013543 -0.000985
18 1 0.007385 0.011195 0.002347
19 1 0.008501 0.007552 0.003643
20 1 0.006596 0.004286 0.003265
21 1 0.004011 0.002087 0.002200
22 1 0.002022 0.000884 0.001203
23 1 0.000869 0.000329 0.000555
24 1 0.000325 0.000109 0.000220
25 1 0.000107 0.000032 0.000077
26 1 0.000031 0.000008 0.000024
27 1 0.000008 0.000002 0.000006
28 1 0.000002 0.000000 0.000002
29 1 0.000000 0.000000 0.000000
30 1 0.000000 0.000000 0.000000
31 1 0.000000 0.000000 0.000000
32 1 0.000000 0.000000 0.000000
33 1 0.000000 0.000000 0.000000
34 1 0.000000 0.000000 0.000000
35 1 0.000000 0.000000 0.000000
36 1 0.000000 0.000000 0.000000
37 1 0.000000 0.000000 0.000000
38 1 0.000000 0.000000 0.000000
39 1 0.000000 0.000000 0.000000
40 1 0.000000 0.000000 0.000000
41 1 0.000000 0.000000 0.000000
42 1 0.000000 0.000000 0.000000
43 1 0.000000 0.000000 0.000000
44 1 0.000000 0.000000 0.000000
45 1 0.000000 0.000000 0.000000
46 1 0.000000 0.000000 0.000000
47 1 0.000000 0.000000 0.000000
48 1 0.000000 0.000000 0.000000
49 1 0.000000 0.000000 0.000000

0 2 0.000000 0.000000 0.000000
1 2 -0.000484 -0.000271 -0.001199
2 2 -0.000698 -0.000409 -0.001216
3 2 -0.000338 -0.000280 -0.001214
4 2 0.000917 0.000237 -0.001120
5 2 0.003405 0.001223 -0.000824
6 2 0.007325 0.002646 -0.000180
7 2 0.012591 0.004301 0.000936
8 2 0.018520 0.005712 0.002582
9 2 0.023571 0.006187 0.004557
10 2 0.025426 0.004968 0.006343
11 2 0.021325 0.001660 0.006987
12 2 0.009701 -0.003187 0.005343
13 2 -0.008097 -0.007858 0.000839
14 2 -0.026681 -0.009807 -0.005845
15 2 -0.037292 -0.007154 -0.012018
16 2 -0.033519 -0.000739 -0.013869
17 2 -0.017877 0.005984 -0.009860
18 2 -0.000181 0.009716 -0.002629
19 2 0.010922 0.009665 0.003471
20 2 0.013477 0.007271 0.006041
21 2 0.010688 0.004435 0.005552
22 2 0.006551 0.002272 0.003765
23 2 0.003307 0.000999 0.002058
24 2 0.001420 0.000383 0.000945
25 2 0.000529 0.000129 0.000374
26 2 0.000173 0.000039 0.000129
27 2 0.000051 0.000010 0.000039
28 2 0.000013 0.000003 0.000011
29 2 0.000003 0.000001 0.000003
30 2 0.000001 0.000000 0.000001
31 2 0.000000 0.000000 0.000000
32 2 0.000000 0.000000 0.000000
33 2 0.000000 0.000000 0.000000
34 2 0.000000 0.000000 0.000000
35 2 0.000000 0.000000 0.000000
36 2 0.000000 0.000000 0.000000
37 2 0.000000 0.000000 0.000000
38 2 0.000000 0.000000 0.000000
39 2 0.000000 0.000000 0.000000
40 2 0.000000 0.000000 0.000000
41 2 0.000000 0.000000 0.000000
42 2 0.000000 0.000000 0.000000
43 2 0.000000 0.000000 0.000000
44 2 0.000000 0.000000 0.000000
45 2 0.000000 0.000000 0.000000
46 2 0.000000 0.000000 0.000000
47 2 0.000000 0.000000 0.000000
48 2 0.000000 0.000000 0.000000
49 2 0.000000 0.000000 0.000000

0 3 0.000000 0.000000 0.000000
1 3 -0.000837 -0.002455 0.001352
2 3 -0.002044 -0.004890 0.001261
3 3 -0.003955 -0.007205 0.001029
4 3 -0.006746 -0.009171 0.000595
5 3 -0.010392 -0.010356 -0.000138
6 3 -0.014328 -0.010146 -0.001173
7 3 -0.017550 -0.007847 -0.002416
8 3 -0.018228 -0.002927 -0.003523
9 3 -0.014504 0.004456 -0.003837
10 3 -0.005106 0.013100 -0.002672
11 3 0.009132 0.020307 0.000600
12 3 0.023317 0.022597 0.005378
13 3 0.030014 0.017446 0.009549
14 3 0.021763 0.005352 0.009966
15 3 -0.002323 -0.008221 0.003677
16 3 -0.029197 -0.015256 -0.007589
17 3 -0.040102 -0.012170 -0.016074
18 3 -0.029163 -0.003000 -0.015338
19 3 -0.007716 0.005236 -0.006986
20 3 0.009211 0.008653 0.002113
21 3 0.015329 0.007825 0.006938
22 3 0.013332 0.005245 0.007172
23 3 0.008548 0.002840 0.005112
24 3 0.004428 0.001293 0.002869
25 3 0.001932 0.000507 0.001338
26 3 0.000727 0.000174 0.000533
27 3 0.000240 0.000053 0.000185
28 3 0.000070 0.000014 0.000057
29 3 0.000018 0.000004 0.000016
30 3 0.000004 0.000001 0.000004
31 3 0.000001 0.000000 0.000001
32 3 0.000000 0.000000 0.000000
33 3 0.000000 0.000000 0.000000
34 3 0.000000 0.000000 0.000000
35 3 0.000000 0.000000 0.000000
36 3 0.000000 0.000000 0.000000
37 3 0.000000 0.000000 0.000000
38 3 0.000000 0.000000 0.000000
39 3 0.000000 0.000000 0.000000
40 3 0.000000 0.000000 0.000000
41 3 0.000000 0.000000 0.000000
42 3 0.000000 0.000000 0.000000
43 3 0.000000 0.000000 0.000000
44 3 0.000000 0.000000 0.000000
45 3 0.000000 0.000000 0.000000
46 3 0.000000 0.000000 0.000000
47 3 0.000000 0.000000 0.000000
48 3 0.000000 0.000000 0.000000
49 3 0.000000 0.000000 0.000000

0 4 0.000000 0.000000 0.000000
1 4 0.003790 0.000255 0.001264
2 4 0.007374 0.000226 0.001532
3 4 0.010349 -0.000409 0.002046
4 4 0.012168 -0.001923 0.002668
5 4 0.011853 -0.004595 0.003263
6 4 0.008267 -0.008368 0.003387
7 4 0.000459 -0.012847 0.002707
8 4 -0.012041 -0.016786 0.000551
9 4 -0.027148 -0.018211 -0.003156
10 4 -0.041014 -0.014840 -0.007923
11 4 -0.046122 -0.004931 -0.012157
12 4 -0.035281 0.010084 -0.012474
13 4 -0.007948 0.025052 -0.006758
14 4 0.027600 0.031798 0.004870
15 4 0.049354 0.023160 0.017133
16 4 0.035552 0.002395 0.018551
17 4 -0.005248 -0.015946 0.004448
18 4 -0.037974 -0.019937 -0.013536
19 4 -0.039555 -0.011096 -0.020116
20 4 -0.018178 0.000515 -0.012884
21 4 0.004290 0.007260 -0.001031
22 4 0.015073 0.008152 0.006680
23 4 0.014927 0.005963 0.008258
24 4 0.010121 0.003381 0.006275
25 4 0.005404 0.001582 0.003635
26 4 0.002401 0.000632 0.001725
27 4 0.000914 0.000219 0.000695
28 4 0.000304 0.000067 0.000243
29 4 0.000090 0.000018 0.000075
30 4 0.000024 0.000005 0.000021
31 4 0.000006 0.000001 0.000005
32 4 0.000001 0.000000 0.000001
33 4 0.000000 0.000000 0.000000
34 4 0.000000 0.000000 0.000000
35 4 0.000000 0.000000 0.000000
36 4 0.000000 0.000000 0.000000
37 4 0.000000 0.000000 0.000000
38 4 0.000000 0.000000 0.000000
39 4 0.000000 0.000000 0.000000
40 4 0.000000 0.000000 0.000000
41 4 0.000000 0.000000 0.000000
42 4 0.000000 0.000000 0.000000
43 4 0.000000 0.000000 0.000000
44 4 0.000000 0.000000 0.000000
45 4 0.000000 0.000000 0.000000
46 4 0.000000 0.000000 0.000000
47 4 0.000000 0.000000 0.000000
48 4 0.000000 0.000000 0.000000
49 4 0.000000 0.000000 0.000000

0 5 0.000000 0.000000 0.000000
1 5 -0.000368 0.002281 -0.001775
2 5 -0.000140 0.004853 -0.001756
3 5 0.001538 0.007902 -0.001598
4 5 0.004981 0.011385 -0.001178
5 5 0.011060 0.014930 -0.000218
6 5 0.018957 0.017511 0.001523
7 5 0.027852 0.017851 0.003929
8 5 0.034153 0.013958 0.006944
9 5 0.032908 0.005062 0.008762
10 5 0.020133 -0.008326 0.008238
11 5 -0.007705 -0.022153 0.002692
12 5 -0.041630 -0.028697 -0.008098
13 5 -0.065314 -0.021783 -0.019139
14 5 -0.060167 0.000205 -0.024228
15 5 -0.013129 0.026801 -0.013813
16 5 0.047831 0.036205 0.011907
17 5 0.065410 0.019022 0.029791
18 5 0.025123 -0.007900 0.019931
19 5 -0.026787 -0.021547 -0.006153
20 5 -0.044593 -0.016588 -0.022118
21 5 -0.027310 -0.003873 -0.018240
22 5 -0.001373 0.005357 -0.004706
23 5 0.013630 0.007915 0.005729
24 5 0.015606 0.006308 0.008844
25 5 0.011160 0.003729 0.007157
26 5 0.006121 0.001788 0.004267
27 5 0.002762 0.000725 0.002055
28 5 0.001062 0.000254 0.000835
29 5 0.000356 0.000079 0.000294
30 5 0.000105 0.000022 0.000091
31 5 0.000028 0.000005 0.000025
32 5 0.000007 0.000001 0.000006
33 5 0.000001 0.000000 0.000001
34 5 0.000000 0.000000 0.000000
35 5 0.000000 0.000000 0.000000
36 5 0.000000 0.000000 0.000000
37 5 0.000000 0.000000 0.000000
38 5 0.000000 0.000000 0.000000
39 5 0.000000 0.000000 0.000000
40 5 0.000000 0.000000 0.000000
41 5 0.000000 0.000000 0.000000
42 5 0.000000 0.000000 0.000000
43 5 0.000000 0.000000 0.000000
44 5 0.000000 0.000000 0.000000
45 5 0.000000 0.000000 0.000000
46 5 0.000000 0.000000 0.000000
47 5 0.000000 0.000000 0.000000
48 5 0.000000 0.000000 0.000000
49 5 0.000000 0.000000 0.000000

0 6 0.000000 0.000000 0.000000
1 6 -0.004990 -0.002702 0.001001
2 6 -0.010406 -0.005119 0.000615
3 6 -0.016541 -0.006668 -0.000385
4 6 -0.022871 -0.006884 -0.001651
5 6 -0.028892 -0.004643 -0.003675
6 6 -0.031294 0.000696 -0.005395
7 6 -0.028817 0.009616 -0.006770
8 6 -0.015628 0.021347 -0.006048
9 6 0.006599 0.032095 -0.001737
10 6 0.035566 0.037485 0.005403
11 6 0.060124 0.030052 0.015693
12 6 0.057971 0.008178 0.020561
13 6 0.024406 -0.020453 0.014228
14 6 -0.035753 -0.041754 -0.003956
15 6 -0.088174 -0.034701 -0.030273
16 6 -0.068843 0.002603 -0.037590
17 6 0.016435 0.035384 -0.006506
18 6 0.074150 0.032162 0.031210
19 6 0.049632 0.003563 0.032829
20 6 -0.011916 -0.018232 0.003237
21 6 -0.043878 -0.018739 -0.021189
22 6 -0.032652 -0.006974 -0.021658
23 6 -0.005776 0.003462 -0.007708
24 6 0.011933 0.007251 0.004660
25 6 0.015586 0.006251 0.009047
26 6 0.011614 0.003829 0.007696
27 6 0.006496 0.001872 0.004684
28 6 0.002963 0.000768 0.002279
29 6 0.001147 0.000272 0.000931
30 6 0.000386 0.000084 0.000328
31 6 0.000114 0.000023 0.000102
32 6 0.000030 0.000006 0.000028
33 6 0.000007 0.000001 0.000007
34 6 0.000002 0.000000 0.000002
35 6 0.000000 0.000000 0.000000
36 6 0.000000 0.000000 0.000000
37 6 0.000000 0.000000 0.000000
38 6 0.000000 0.000000 0.000000
39 6 0.000000 0.000000 0.000000
40 6 0.000000 0.000000 0.000000
41 6 0.000000 0.000000 0.000000
42 6 0.000000 0.000000 0.000000
43 6 0.000000 0.000000 0.000000
44 6 0.000000 0.000000 0.000000
45 6 0.000000 0.000000 0.000000
46 6 0.000000 0.000000 0.000000
47 6 0.000000 0.000000 0.000000
48 6 0.000000 0.000000 0.000000
49 6 0.000000 0.000000 0.000000

0 7 0.000000 0.000000 0.000000
1 7 0.004503 -0.000153 0.002152
2 7 0.008682 -0.000918 0.002463
3 7 0.010698 -0.003197 0.003122
4 7 0.010646 -0.007032 0.003450
5 7 0.005222 -0.013260 0.003757
6 7 -0.005938 -0.020047 0.001872
7 7 -0.023034 -0.026597 -0.000716
8 7 -0.045675 -0.027963 -0.007319
9 7 -0.060291 -0.020664 -0.013482
10 7 -0.063428 -0.002901 -0.018153
11 7 -0.035141 0.024297 -0.016416
12 7 0.019807 0.045111 0.000177
13 7 0.068729 0.046389 0.019663
14 7 0.089101 0.020273 0.034192
15 7 0.037190 -0.027255 0.027739
16 7 -0.068776 -0.052909 -0.015802
17 7 -0.103721 -0.024624 -0.051846
18 7 -0.021436 0.022851 -0.027807
19 7 0.065555 0.035981 0.024602
20 7 0.061137 0.012159 0.039369
21 7 -0.000522 -0.013212 0.010575
22 7 -0.040271 -0.018101 -0.019015
23 7 -0.033947 -0.008271 -0.022913
24 7 -0.007838 0.002119 -0.009272
25 7 0.010730 0.006442 0.003993
26 7 0.015161 0.005883 0.009050
27 7 0.011536 0.003691 0.007899
28 7 0.006508 0.001828 0.004849
29 7 0.002980 0.000756 0.002367
30 7 0.001155 0.000269 0.000967
31 7 0.000389 0.000084 0.000341
32 7 0.000115 0.000023 0.000105
33 7 0.000031 0.000006 0.000029
34 7 0.000007 0.000001 0.000007
35 7 0.000002 0.000000 0.000002
36 7 0.000000 0.000000 0.000000
37 7 0.000000 0.000000 0.000000
38 7 0.000000 0.000000 0.000000
39 7 0.000000 0.000000 0.000000
40 7 0.000000 0.000000 0.000000
41 7 0.000000 0.000000 0.000000
42 7 0.000000 0.000000 0.000000
43 7 0.000000 0.000000 0.000000
44 7 0.000000 0.000000 0.000000
45 7 0.000000 0.000000 0.000000
46 7 0.000000 0.000000 0.000000
47 7 0.000000 0.000000 0.000000
48 7 0.000000 0.000000 0.000000
49 7 0.000000 0.000000 0.000000

0 8 0.000000 0.000000 0.000000
1 8 0.001025 0.004702 -0.003451
2 8 0.002661 0.009711 -0.003382
3 8 0.008146 0.014857 -0.002427
4 8 0.014625 0.019715 -0.001398
5 8 0.027624 0.023160 0.001396
6 8 0.037785 0.022168 0.005096
7 8 0.048845 0.016115 0.008757
8 8 0.045897 0.000220 0.013103
9 8 0.023993 -0.019344 0.009005
10 8 -0.011956 -0.039223 0.002354
11 8 -0.065954 -0.045570 -0.015727
12 8 -0.084645 -0.024762 -0.031621
13 8 -0.055400 0.010720 -0.025603
14 8 0.009413 0.047120 -0.006283
15 8 0.096141 0.053691 0.031550
16 8 0.094842 0.005420 0.053662
17 8 -0.028297 -0.047162 0.007725
18 8 -0.107757 -0.038778 -0.052647
19 8 -0.043117 0.009326 -0.040901
20 8 0.053230 0.032310 0.017269
21 8 0.060879 0.015099 0.040118
22 8 0.003550 -0.009343 0.013377
23 8 -0.036837 -0.015996 -0.017524
24 8 -0.032223 -0.007953 -0.022537
25 8 -0.007467 0.001537 -0.009210
26 8 0.010347 0.005702 0.003999
27 8 0.014554 0.005326 0.009000
28 8 0.011029 0.003369 0.007811
29 8 0.006195 0.001675 0.004767
30 8 0.002824 0.000694 0.002314
31 8 0.001091 0.000247 0.000941
32 8 0.000366 0.000077 0.000330
33 8 0.000108 0.000021 0.000102
34 8 0.000029 0.000005 0.000028
35 8 0.000007 0.000001 0.000007
36 8 0.000001 0.000000 0.000002
37 8 0.000000 0.000000 0.000000
38 8 0.000000 0.000000 0.000000
39 8 0.000000 0.000000 0.000000
40 8 0.000000 0.000000 0.000000
41 8 0.000000 0.000000 0.000000
42 8 0.000000 0.000000 0.000000
43 8 0.000000 0.000000 0.000000
44 8 0.000000 0.000000 0.000000
45 8 0.000000 0.000000 0.000000
46 8 0.000000 0.000000 0.000000
47 8 0.000000 0.000000 0.000000
48 8 0.000000 0.000000 0.000000
49 8 0.000000 0.000000 0.000000

0 9 0.000000 0.000000 0.000000
1 9 -0.007322 -0.003214 -0.000442
2 9 -0.015141 -0.006131 -0.000792
3 9 -0.023167 -0.006602 -0.003054
4 9 -0.029549 -0.005416 -0.003879
5 9 -0.034684 0.001221 -0.007840
6 9 -0.027214 0.011389 -0.007104
7 9 -0.016075 0.025485 -0.007552
8 9 0.019532 0.039488 -0.000311
9 9 0.048896 0.041206 0.011669
10 9 0.073049 0.030978 0.019773
11 9 0.064724 -0.002333 0.028383
12 9 -0.005162 -0.037232 0.007017
13 9 -0.061043 -0.046419 -0.022265
14 9 -0.085172 -0.029800 -0.035864
15 9 -0.048940 0.018262 -0.033858
16 9 0.068991 0.056629 0.015555
17 9 0.110186 0.026111 0.062870
18 9 -0.005060 -0.032643 0.021998
19 9 -0.097230 -0.037996 -0.048475
20 9 -0.043678 0.002730 -0.042727
21 9 0.046898 0.026364 0.014954
22 9 0.053959 0.013420 0.037786
23 9 0.000806 -0.007619 0.011592
24 9 -0.034791 -0.013539 -0.017540
25 9 -0.028591 -0.006592 -0.021108
26 9 -0.005195 0.001590 -0.007746
27 9 0.010682 0.005099 0.004650
28 9 0.013849 0.004678 0.008937
29 9 0.010198 0.002932 0.007480
30 9 0.005629 0.001448 0.004472
31 9 0.002534 0.000596 0.002139
32 9 0.000969 0.000211 0.000860
33 9 0.000322 0.000066 0.000299
34 9 0.000095 0.000018 0.000091
35 9 0.000025 0.000004 0.000025
36 9 0.000006 0.000001 0.000006
37 9 0.000001 0.000000 0.000001
38 9 0.000000 0.000000 0.000000
39 9 0.000000 0.000000 0.000000
40 9 0.000000 0.000000 0.000000
41 9 0.000000 0.000000 0.000000
42 9 0.000000 0.000000 0.000000
43 9 0.000000 0.000000 0.000000
44 9 0.000000 0.000000 0.000000
45 9 0.000000 0.000000 0.000000
46 9 0.000000 0.000000 0.000000
47 9 0.000000 0.000000 0.000000
48 9 0.000000 0.000000 0.000000
49 9 0.000000 0.000000 0.000000

0 10 0.000000 0.000000 0.000000
1 10 0.004272 -0.001701 0.002723
2 10 0.009206 -0.003987 0.003059
3 10 0.007311 -0.009158 0.003722
4 10 0.005522 -0.014777 0.003016
5 10 -0.009040 -0.024414 0.002824
6 10 -0.026650 -0.029061 -0.003950
7 10 -0.047556 -0.031793 -0.007048
8 10 -0.067152 -0.019352 -0.019873
9 10 -0.046843 0.004307 -0.017863
10 10 -0.016136 0.030134 -0.010884
11 10 0.053769 0.050649 0.009533
12 10 0.090278 0.031206 0.040437
13 10 0.038268 -0.007161 0.027278
14 10 -0.025365 -0.034311 -0.003888
15 10 -0.083698 -0.040591 -0.034824
16 10 -0.066180 -0.000804 -0.047818
17 10 0.057956 0.045171 0.008656
18 10 0.101729 0.026595 0.063624
19 10 -0.008952 -0.024119 0.020673
20 10 -0.087191 -0.030229 -0.047327
21 10 -0.030546 0.003052 -0.036442
22 10 0.046895 0.021285 0.018141
23 10 0.043858 0.009499 0.034009
24 10 -0.006085 -0.007450 0.006528
25 10 -0.033523 -0.011177 -0.018621
26 10 -0.023682 -0.004754 -0.018849
27 10 -0.001760 0.001993 -0.005272
28 10 0.011380 0.004592 0.005704
29 10 0.013009 0.003998 0.008804
30 10 0.009130 0.002441 0.006943
31 10 0.004894 0.001184 0.004014
32 10 0.002158 0.000482 0.001876
33 10 0.000812 0.000169 0.000741
34 10 0.000267 0.000052 0.000254
35 10 0.000078 0.000014 0.000077
36 10 0.000020 0.000004 0.000021
37 10 0.000005 0.000001 0.000005
38 10 0.000001 0.000000 0.000001
39 10 0.000000 0.000000 0.000000
40 10 0.000000 0.000000 0.000000
41 10 0.000000 0.000000 0.000000
42 10 0.000000 0.000000 0.000000
43 10 0.000000 0.000000 0.000000
44 10 0.000000 0.000000 0.000000
45 10 0.000000 0.000000 0.000000
46 10 0.000000 0.000000 0.000000
47 10 0.000000 0.000000 0.000000
48 10 0.000000 0.000000 0.000000
49 10 0.000000 0.000000 0.000000

0 11 0.000000 0.000000 0.000000
1 11 0.004449 0.005762 -0.003893
2 11 0.008609 0.011720 -0.003886
3 11 0.019888 0.016687 -0.000866
4 11 0.026965 0.019635 0.000426
5 11 0.044765 0.018682 0.006689
6 11 0.043097 0.007924 0.010330
7 11 0.040491 -0.006863 0.011921
8 11 0.002222 -0.032131 0.009314
9 11 -0.048573 -0.041423 -0.012634
10 11 -0.076466 -0.033898 -0.024551
11 11 -0.075122 -0.001232 -0.037114
12 11 0.018058 0.042334 -0.010431
13 11 0.092624 0.040839 0.039175
14 11 0.067918 0.006991 0.042686
15 11 -0.012145 -0.027270 0.011103
16 11 -0.096211 -0.037747 -0.040846
17 11 -0.061579 0.000224 -0.054143
18 11 0.070438 0.038250 0.016843
19 11 0.087158 0.017710 0.063349
20 11 -0.027306 -0.022456 0.008487
21 11 -0.077779 -0.021573 -0.048654
22 11 -0.011345 0.006307 -0.025227
23 11 0.048352 0.017126 0.023798
24 11 0.031433 0.005059 0.028583
25 11 -0.014352 -0.007765 -0.000309
26 11 -0.031713 -0.008890 -0.019692
27 11 -0.017792 -0.002824 -0.015722
28 11 0.002121 0.002462 -0.002210
29 11 0.012027 0.004103 0.006839
30 11 0.011963 0.003314 0.008507
31 11 0.007899 0.001945 0.006231
32 11 0.004075 0.000919 0.003448
33 11 0.001747 0.000367 0.001562
34 11 0.000643 0.000127 0.000603
35 11 0.000208 0.000039 0.000202
36 11 0.000060 0.000011 0.000060
37 11 0.000015 0.000003 0.000016
38 11 0.000004 0.000001 0.000004
39 11 0.000001 0.000000 0.000001
40 11 0.000000 0.000000 0.000000
41 11 0.000000 0.000000 0.000000
42 11 0.000000 0.000000 0.000000
43 11 0.000000 0.000000 0.000000
44 11 0.000000 0.000000 0.000000
45 11 0.000000 0.000000 0.000000
46 11 0.000000 0.000000 0.000000
47 11 0.000000 0.000000 0.000000
48 11 0.000000 0.000000 0.000000
49 11 0.000000 0.000000 0.000000

0 12 0.000000 0.000000 0.000000
1 12 -0.008849 -0.001765 -0.003018
2 12 -0.017925 -0.002968 -0.003516
3 12 -0.024001 0.000554 -0.006643
4 12 -0.025085 0.006244 -0.006680
5 12 -0.017306 0.019428 -0.010055
6 12 0.010899 0.032623 -0.002532
7 12 0.041750 0.041007 0.004058
8 12 0.082889 0.035167 0.022808
9 12 0.070084 0.002111 0.030581
10 12 0.014271 -0.032092 0.015231
11 12 -0.072096 -0.053042 -0.016434
12 12 -0.113486 -0.027535 -0.054574
13 12 -0.027615 0.029188 -0.032460
14 12 0.082624 0.048809 0.028007
15 12 0.101087 0.017390 0.058535
16 12 -0.006118 -0.029754 0.023111
17 12 -0.113298 -0.037187 -0.053636
18 12 -0.045622 0.007038 -0.053785
19 12 0.085989 0.034527 0.032516
20 12 0.063894 0.007804 0.058102
21 12 -0.047348 -0.021875 -0.008880
22 12 -0.062814 -0.013204 -0.047185
23 12 0.009342 0.009318 -0.010664
24 12 0.046548 0.012944 0.028341
25 12 0.016969 0.000961 0.020830
26 12 -0.021704 -0.007769 -0.007490
27 12 -0.028282 -0.006586 -0.019689
28 12 -0.011241 -0.001053 -0.011726
29 12 0.005809 0.002800 0.001004
30 12 0.012284 0.003575 0.007744
31 12 0.010673 0.002651 0.007967
32 12 0.006583 0.001481 0.005384
33 12 0.003245 0.000677 0.002832
34 12 0.001345 0.000263 0.001237
35 12 0.000482 0.000089 0.000464
36 12 0.000152 0.000027 0.000152
37 12 0.000043 0.000007 0.000044
38 12 0.000011 0.000002 0.000012
39 12 0.000003 0.000000 0.000003
40 12 0.000001 0.000000 0.000001
41 12 0.000000 0.000000 0.000000
42 12 0.000000 0.000000 0.000000
43 12 0.000000 0.000000 0.000000
44 12 0.000000 0.000000 0.000000
45 12 0.000000 0.000000 0.000000
46 12 0.000000 0.000000 0.000000
47 12 0.000000 0.000000 0.000000
48 12 0.000000 0.000000 0.000000
49 12 0.000000 0.000000 0.000000

0 13 0.000000 0.000000 0.000000
1 13 0.001456 -0.005284 0.004036
2 13 0.001037 -0.011267 0.004283
3 13 -0.007762 -0.019822 0.003127
4 13 -0.022074 -0.027016 0.000731
5 13 -0.048336 -0.032456 -0.006172
6 13 -0.069003 -0.024297 -0.016331
7 13 -0.071761 -0.002518 -0.023891
8 13 -0.028540 0.032557 -0.020495
9 13 0.051177 0.057165 0.008534
10 13 0.108430 0.043434 0.040125
11 13 0.079383 -0.003593 0.047868
12 13 -0.038109 -0.049728 -0.000161
13 13 -0.109524 -0.044616 -0.054747
14 13 -0.058639 0.007939 -0.046596
15 13 0.064430 0.046876 0.015906
16 13 0.107332 0.023915 0.067513
17 13 -0.019677 -0.028651 0.020366
18 13 -0.112216 -0.031064 -0.064907
19 13 -0.010123 0.013146 -0.038016
20 13 0.091107 0.027300 0.048367
21 13 0.028537 -0.001571 0.042239
22 13 -0.060936 -0.019043 -0.026620
23 13 -0.039855 -0.005155 -0.038982
24 13 0.027204 0.010653 0.005092
25 13 0.038957 0.008395 0.029003
26 13 0.001772 -0.002281 0.010920
27 13 -0.026297 -0.007100 -0.013553
28 13 -0.022824 -0.004305 -0.017930
29 13 -0.004566 0.000386 -0.007097
30 13 0.008773 0.002902 0.003934
31 13 0.011954 0.002995 0.008196
32 13 0.009163 0.002033 0.007164
33 13 0.005262 0.001075 0.004458
34 13 0.002467 0.000472 0.002220
35 13 0.000984 0.000178 0.000930
36 13 0.000342 0.000059 0.000337
37 13 0.000105 0.000017 0.000108
38 13 0.000029 0.000005 0.000031
39 13 0.000007 0.000001 0.000008
40 13 0.000002 0.000000 0.000002
41 13 0.000000 0.000000 0.000000
42 13 0.000000 0.000000 0.000000
43 13 0.000000 0.000000 0.000000
44 13 0.000000 0.000000 0.000000
45 13 0.000000 0.000000 0.000000
46 13 0.000000 0.000000 0.000000
47 13 0.000000 0.000000 0.000000
48 13 0.000000 0.000000 0.000000
49 13 0.000000 0.000000 0.000000

0 14 0.000000 0.000000 0.000000
1 14 0.010676 0.007724 -0.003980
2 14 0.024547 0.014018 -0.001927
3 14 0.038335 0.016779 0.002126
4 14 0.053992 0.011877 0.008496
5 14 0.052201 -0.003917 0.014874
6 14 0.027791 -0.029661 0.013547
7 14 -0.034813 -0.052990 -0.000011
8 14 -0.097502 -0.050350 -0.031779
9 14 -0.096747 -0.012961 -0.044798
10 14 -0.015989 0.039542 -0.023829
11 14 0.101325 0.056476 0.036743
12 14 0.091467 0.016123 0.063691
13 14 -0.026916 -0.030512 0.006170
14 14 -0.093952 -0.035785 -0.051501
15 14 -0.043804 0.001620 -0.046112
16 14 0.078741 0.035328 0.025224
17 14 0.081956 0.013220 0.067876
18 14 -0.060451 -0.027252 -0.005927
19 14 -0.089904 -0.016673 -0.069014
20 14 0.036255 0.018411 -0.006963
21 14 0.078848 0.016601 0.056563
22 14 -0.011313 -0.008913 0.016788
23 14 -0.061191 -0.013728 -0.038383
24 14 -0.011954 0.001549 -0.023596
25 14 0.037469 0.009866 0.018336
26 14 0.025528 0.003869 0.024355
27 14 -0.011803 -0.004283 0.000212
28 14 -0.026927 -0.005751 -0.017156
29 14 -0.015676 -0.002208 -0.014291
30 14 0.001527 0.001383 -0.002325
31 14 0.010642 0.002750 0.006193
32 14 0.011003 0.002387 0.008085
33 14 0.007521 0.001484 0.006142
34 14 0.004019 0.000740 0.003523
35 14 0.001787 0.000311 0.001656
36 14 0.000684 0.000113 0.000663
37 14 0.000230 0.000036 0.000232
38 14 0.000069 0.000010 0.000072
39 14 0.000019 0.000003 0.000020
40 14 0.000005 0.000001 0.000005
41 14 0.000001 0.000000 0.000001
42 14 0.000000 0.000000 0.000000
43 14 0.000000 0.000000 0.000000
44 14 0.000000 0.000000 0.000000
45 14 0.000000 0.000000 0.000000
46 14 0.000000 0.000000 0.000000
47 14 0.000000 0.000000 0.000000
48 14 0.000000 0.000000 0.000000
49 14 0.000000 0.000000 0.000000

0 15 0.000000 0.000000 0.000000
1 15 -0.012658 0.001177 -0.007292
2 15 -0.022297 0.005999 -0.009523
3 15 -0.023042 0.015641 -0.010274
4 15 -0.008577 0.032754 -0.011748
5 15 0.033079 0.048473 -0.000487
6 15 0.078978 0.050750 0.016152
7 15 0.105692 0.023651 0.039609
8 15 0.039639 -0.026622 0.031032
9 15 -0.064048 -0.055456 -0.016116
10 15 -0.118932 -0.037288 -0.058147
11 15 -0.036413 0.021037 -0.045045
12 15 0.103981 0.047716 0.038984
13 15 0.087550 0.009393 0.068170
14 15 -0.044502 -0.030205 0.001504
15 15 -0.108382 -0.023493 -0.062854
16 15 -0.010177 0.015140 -0.037918
17 15 0.109711 0.029258 0.053115
18 15 0.036799 -0.003873 0.055686
19 15 -0.095240 -0.025556 -0.041440
20 15 -0.045236 -0.001691 -0.056060
21 15 0.069944 0.019251 0.027102
22 15 0.046055 0.005450 0.048621
23 15 -0.042509 -0.011897 -0.011061
24 15 -0.045102 -0.006992 -0.038348
25 15 0.014202 0.005659 -0.004200
26 15 0.036956 0.007230 0.025172
27 15 0.008635 0.000059 0.014849
28 15 -0.021204 -0.004902 -0.009171
29 15 -0.023371 -0.003965 -0.017477
30 15 -0.007776 -0.000499 -0.009232
31 15 0.006348 0.001903 0.001968
32 15 0.011269 0.002390 0.007526
33 15 0.009539 0.001795 0.007433
34 15 0.005873 0.001025 0.004993
35 15 0.002922 0.000481 0.002646
36 15 0.001230 0.000193 0.001172
37 15 0.000450 0.000068 0.000448
38 15 0.000146 0.000021 0.000151
39 15 0.000042 0.000006 0.000045
40 15 0.000011 0.000001 0.000012
41 15 0.000003 0.000000 0.000003
42 15 0.000001 0.000000 0.000001
43 15 0.000000 0.000000 0.000000
44 15 0.000000 0.000000 0.000000
45 15 0.000000 0.000000 0.000000
46 15 0.000000 0.000000 0.000000
47 15 0.000000 0.000000 0.000000
48 15 0.000000 0.000000 0.000000
49 15 0.000000 0.000000 0.000000

0 16 0.000000 0.000000 0.000000
1 16 -0.003239 -0.010512 0.005752
2 16 -0.014407 -0.022418 0.004310
3 16 -0.035107 -0.032351 -0.000192
4 16 -0.069273 -0.035524 -0.011468
5 16 -0.088259 -0.016938 -0.027404
6 16 -0.059677 0.021167 -0.031133
7 16 0.036427 0.059128 -0.003696
8 16 0.123114 0.053947 0.049423
9 16 0.088385 -0.000314 0.058883
10 16 -0.050289 -0.047765 0.000281
11 16 -0.131859 -0.037953 -0.071361
12 16 -0.029412 0.018987 -0.046035
13 16 0.101695 0.044899 0.045544
14 16 0.078582 0.007380 0.065434
15 16 -0.059756 -0.033299 -0.009399
16 16 -0.102325 -0.018503 -0.072355
17 16 0.037427 0.022757 -0.012123
18 16 0.104342 0.020448 0.072577
19 16 -0.026581 -0.014311 0.019727
20 16 -0.092412 -0.016975 -0.063397
21 16 0.013538 0.008749 -0.021658
22 16 0.073290 0.013734 0.048414
23 16 0.001439 -0.003356 0.023742
24 16 -0.053728 -0.010091 -0.031094
25 16 -0.017286 -0.000653 -0.025498
26 16 0.030999 0.006689 0.013278
27 16 0.026019 0.003676 0.023527
28 16 -0.007643 -0.002431 0.002903
29 16 -0.024714 -0.004322 -0.015153
30 16 -0.016519 -0.002118 -0.014556
31 16 -0.000353 0.000679 -0.003653
32 16 0.009431 0.001996 0.005225
33 16 0.010746 0.001908 0.007866
34 16 0.007770 0.001265 0.006370
35 16 0.004345 0.000665 0.003835
36 16 0.002015 0.000294 0.001882
37 16 0.000803 0.000112 0.000786
38 16 0.000281 0.000038 0.000286
39 16 0.000087 0.000011 0.000092
40 16 0.000024 0.000003 0.000027
41 16 0.000006 0.000001 0.000007
42 16 0.000001 0.000000 0.000002
43 16 0.000000 0.000000 0.000000
44 16 0.000000 0.000000 0.000000
45 16 0.000000 0.000000 0.000000
46 16 0.000000 0.000000 0.000000
47 16 0.000000 0.000000 0.000000
48 16 0.000000 0.000000 0.000000
49 16 0.000000 0.000000 0.000000

0 17 0.000000 0.000000 0.000000
1 17 0.021448 0.009179 -0.002779
2 17 0.042722 0.013274 0.002449
3 17 0.061010 0.004933 0.012289
4 17 0.047724 -0.020458 0.020756
5 17 -0.014300 -0.053540 0.009475
6 17 -0.109214 -0.061466 -0.028923
7 17 -0.127810 -0.019600 -0.064783
8 17 -0.012969 0.042249 -0.029763
9 17 0.118889 0.060585 0.047493
10 17 0.105826 0.011318 0.077282
11 17 -0.060443 -0.040176 -0.003552
12 17 -0.112294 -0.028345 -0.078356
13 17 0.012219 0.014802 -0.023824
14 17 0.096423 0.027618 0.057240
15 17 0.026041 -0.000420 0.046307
16 17 -0.094389 -0.023251 -0.041010
17 17 -0.048016 -0.002463 -0.060862
18 17 0.092330 0.021277 0.035455
19 17 0.051544 0.003884 0.063305
20 17 -0.080127 -0.016855 -0.029491
21 17 -0.048178 -0.004064 -0.055640
22 17 0.058830 0.012387 0.020013
23 17 0.043929 0.005019 0.045481
24 17 -0.035798 -0.007504 -0.007538
25 17 -0.041368 -0.005318 -0.034972
26 17 0.011370 0.003446 -0.005143
27 17 0.033571 0.005186 0.022783
28 17 0.008807 0.000396 0.014425
29 17 -0.019124 -0.003374 -0.007968
30 17 -0.022193 -0.003004 -0.016565
31 17 -0.008092 -0.000568 -0.009323
32 17 0.005479 0.001291 0.001409
33 17 0.010666 0.001775 0.007119
34 17 0.009362 0.001398 0.007342
35 17 0.005935 0.000830 0.005089
36 17 0.003036 0.000404 0.002774
37 17 0.001314 0.000168 0.001264
38 17 0.000495 0.000061 0.000497
39 17 0.000165 0.000020 0.000172
40 17 0.000049 0.000006 0.000053
41 17 0.000013 0.000001 0.000015
42 17 0.000003 0.000000 0.000004
43 17 0.000001 0.000000 0.000001
44 17 0.000000 0.000000 0.000000
45 17 0.000000 0.000000 0.000000
46 17 0.000000 0.000000 0.000000
47 17 0.000000 0.000000 0.000000
48 17 0.000000 0.000000 0.000000
49 17 0.000000 0.000000 0.000000

0 18 0.000000 0.000000 0.000000
1 18 -0.013726 0.010522 -0.017591
2 18 -0.014156 0.027041 -0.018324
3 18 0.016511 0.051115 -0.015442
4 18 0.087877 0.064002 0.010526
5 18 0.135508 0.038763 0.047119
6 18 0.076504 -0.023545 0.052368
7 18 -0.083989 -0.066914 -0.017695
8 18 -0.140304 -0.038194 -0.081451
9 18 -0.018780 0.023886 -0.040959
10 18 0.122532 0.045719 0.058062
11 18 0.064859 0.002515 0.072906
12 18 -0.099244 -0.032098 -0.033372
13 18 -0.083978 -0.006025 -0.074800
14 18 0.064606 0.024971 0.009403
15 18 0.100241 0.012245 0.073109
16 18 -0.038334 -0.017671 0.012992
17 18 -0.107450 -0.014901 -0.072906
18 18 0.029067 0.013060 -0.020576
19 18 0.099484 0.014530 0.069992
20 18 -0.024986 -0.008625 0.019998
21 18 -0.083478 -0.011392 -0.059263
22 18 0.015332 0.005552 -0.018332
23 18 0.065061 0.009036 0.044977
24 18 -0.002187 -0.002223 0.019667
25 18 -0.048538 -0.006652 -0.029430
26 18 -0.013099 -0.000351 -0.021991
27 18 0.029231 0.004532 0.013460
28 18 0.022686 0.002467 0.021443
29 18 -0.008326 -0.001702 0.001787
30 18 -0.023271 -0.003020 -0.014633
31 18 -0.015186 -0.001508 -0.013655
32 18 -0.000062 0.000459 -0.003272
33 18 0.009059 0.001419 0.005121
34 18 0.010300 0.001386 0.007637
35 18 0.007504 0.000937 0.006223
36 18 0.004245 0.000503 0.003788
37 18 0.001997 0.000227 0.001885
38 18 0.000809 0.000089 0.000800
39 18 0.000288 0.000031 0.000296
40 18 0.000091 0.000009 0.000098
41 18 0.000026 0.000003 0.000029
42 18 0.000007 0.000001 0.000008
43 18 0.000002 0.000000 0.000002
44 18 0.000000 0.000000 0.000000
45 18 0.000000 0.000000 0.000000
46 18 0.000000 0.000000 0.000000
47 18 0.000000 0.000000 0.000000
48 18 0.000000 0.000000 0.000000
49 18 0.000000 0.000000 0.000000

0 19 0.000000 0.000000 0.000000
1 19 -0.022811 -0.020530 0.005684
2 19 -0.063505 -0.036331 -0.002438
3 19 -0.115923 -0.029304 -0.028603
4 19 -0.103316 0.017585 -0.050635
5 19 0.024462 0.070957 -0.015779
6 19 0.155109 0.068332 0.066793
7 19 0.095530 0.002887 0.079849
8 19 -0.085878 -0.048154 -0.019147
9 19 -0.130847 -0.023404 -0.090014
10 19 0.032896 0.027770 -0.021374
11 19 0.130436 0.029371 0.082839
12 19 0.001465 -0.011006 0.039826
13 19 -0.104841 -0.027245 -0.061614
14 19 -0.028508 0.000498 -0.048057
15 19 0.090199 0.022755 0.043725
16 19 0.044062 0.004251 0.059211
17 19 -0.092810 -0.017280 -0.037552
18 19 -0.045282 -0.002868 -0.062292
19 19 0.091207 0.014450 0.038591
20 19 0.038147 0.002176 0.057166
21 19 -0.078693 -0.010953 -0.034436
22 19 -0.033179 -0.001755 -0.047292
23 19 0.058645 0.008091 0.025186
24 19 0.031668 0.002482 0.038725
25 19 -0.037945 -0.005096 -0.012582
26 19 -0.033326 -0.002980 -0.031195
27 19 0.015429 0.002589 -0.000575
28 19 0.030112 0.003265 0.022076
29 19 0.004605 -0.000015 0.011270
30 19 -0.019577 -0.002347 -0.009312
31 19 -0.020162 -0.001951 -0.015669
32 19 -0.006300 -0.000291 -0.007956
33 19 0.005993 0.000927 0.002079
34 19 0.010324 0.001226 0.007090
35 19 0.008834 0.000959 0.007048
36 19 0.005554 0.000571 0.004828
37 19 0.002838 0.000280 0.002625
38 19 0.001233 0.000118 0.001200
39 19 0.000468 0.000043 0.000475
40 19 0.000157 0.000014 0.000166
41 19 0.000048 0.000004 0.000052
42 19 0.000013 0.000001 0.000015
43 19 0.000003 0.000000 0.000004
44 19 0.000001 0.000000 0.000001
45 19 0.000000 0.000000 0.000000
46 19 0.000000 0.000000 0.000000
47 19 0.000000 0.000000 0.000000
48 19 0.000000 0.000000 0.000000
49 19 0.000000 0.000000 0.000000

0 20 0.000000 0.000000 0.000000
1 20 0.049393 0.007371 0.002876
2 20 0.080241 -0.012578 0.025650
3 20 0.012149 -0.060285 0.029587
4 20 -0.131555 -0.079630 -0.033812
5 20 -0.168164 -0.027503 -0.093462
6 20 0.009972 0.047113 -0.033952
7 20 0.158344 0.052382 0.086496
8 20 0.057415 -0.003894 0.073410
9 20 -0.115694 -0.038163 -0.046751
10 20 -0.084410 -0.008483 -0.083803
11 20 0.094372 0.025857 0.028991
12 20 0.079245 0.009469 0.082008
13 20 -0.078060 -0.013781 -0.017103
14 20 -0.081867 -0.005139 -0.071965
15 20 0.058418 0.011624 0.003220
16 20 0.093901 0.007052 0.073010
17 20 -0.050035 -0.010171 0.007046
18 20 -0.095441 -0.007851 -0.074117
19 20 0.048767 0.008984 -0.005542
20 20 0.083151 0.007473 0.069289
21 20 -0.044002 -0.006543 0.002948
22 20 -0.067818 -0.005767 -0.057171
23 20 0.031233 0.004541 -0.003487
24 20 0.054001 0.004788 0.043874
25 20 -0.015289 -0.002295 0.008423
26 20 -0.043518 -0.003807 -0.030608
27 20 -0.002884 0.000483 -0.014616
28 20 0.029729 0.002910 0.016713
29 20 0.016465 0.001156 0.018124
30 20 -0.012121 -0.001354 -0.001966
31 20 -0.022136 -0.001892 -0.015014
32 20 -0.012229 -0.000800 -0.011820
33 20 0.001808 0.000417 -0.001596
34 20 0.009319 0.000953 0.005687
35 20 0.009727 0.000887 0.007413
36 20 0.006846 0.000588 0.005783
37 20 0.003802 0.000313 0.003443
38 20 0.001770 0.000141 0.001693
39 20 0.000714 0.000055 0.000714
40 20 0.000254 0.000019 0.000264
41 20 0.000081 0.000006 0.000087
42 20 0.000023 0.000002 0.000026
43 20 0.000006 0.000000 0.000007
44 20 0.000001 0.000000 0.000002
45 20 0.000000 0.000000 0.000000
46 20 0.000000 0.000000 0.000000
47 20 0.000000 0.000000 0.000000
48 20 0.000000 0.000000 0.000000
49 20 0.000000 0.000000 0.000000

0 21 0.000000 0.000000 0.000000
1 21 -0.001886 0.050400 -0.057403
2 21 0.096515 0.090365 -0.020485
3 21 0.200990 0.062208 0.071363
4 21 0.094618 -0.023632 0.080769
5 21 -0.133763 -0.067416 -0.042356
6 21 -0.149092 -0.023582 -0.113413
7 21 0.062111 0.035756 -0.002516
8 21 0.135746 0.028097 0.101254
9 21 -0.031665 -0.012597 0.028565
10 21 -0.130194 -0.017262 -0.085395
11 21 0.017979 0.010345 -0.034372
12 21 0.118112 0.018227 0.077151
13 21 0.001318 -0.006018 0.038603
14 21 -0.100560 -0.017572 -0.059651
15 21 -0.018342 0.001837 -0.044245
16 21 0.098202 0.014742 0.053008
17 21 0.019446 0.000182 0.050394
18 21 -0.101638 -0.010651 -0.054203
19 21 -0.010900 0.000859 -0.045893
20 21 0.094404 0.008327 0.054944
21 21 0.003837 -0.000987 0.037692
22 21 -0.078620 -0.006104 -0.047291
23 21 -0.005018 0.000743 -0.030144
24 21 0.059601 0.004615 0.035449
25 21 0.011178 0.000196 0.026700
26 21 -0.042174 -0.003152 -0.021614
27 21 -0.020509 -0.000971 -0.024923
28 21 0.022487 0.001902 0.007317
29 21 0.024859 0.001606 0.021073
30 21 -0.002597 -0.000416 0.005774
31 21 -0.020935 -0.001471 -0.011956
32 21 -0.016990 -0.000995 -0.014277
33 21 -0.002978 0.000001 -0.005401
34 21 0.007332 0.000631 0.003555
35 21 0.010042 0.000731 0.007231
36 21 0.007998 0.000544 0.006546
37 21 0.004835 0.000315 0.004281
38 21 0.002409 0.000152 0.002262
39 21 0.001029 0.000063 0.001014
40 21 0.000386 0.000023 0.000396
41 21 0.000129 0.000008 0.000137
42 21 0.000039 0.000002 0.000043
43 21 0.000011 0.000001 0.000012
44 21 0.000003 0.000000 0.000003
45 21 0.000001 0.000000 0.000001
46 21 0.000000 0.000000 0.000000
47 21 0.000000 0.000000 0.000000
48 21 0.000000 0.000000 0.000000
49 21 0.000000 0.000000 0.000000

0 22 0.000000 0.000000 0.000000
1 22 -0.153770 -0.024436 -0.032589
2 22 -0.179898 0.035114 -0.099716
3 22 0.057917 0.099064 -0.013481
4 22 0.215477 0.071222 0.129885
5 22 0.040772 -0.009265 0.083807
6 22 -0.162083 -0.035083 -0.084530
7 22 -0.049839 0.000979 -0.080818
8 22 0.130175 0.024515 0.062992
9 22 0.065592 0.003296 0.083267
10 22 -0.112938 -0.018505 -0.043888
11 22 -0.061999 -0.004187 -0.078325
12 22 0.101416 0.010575 0.042362
13 22 0.049977 0.002998 0.069539
14 22 -0.088572 -0.004314 -0.031963
15 22 -0.058406 -0.000244 -0.064759
16 22 0.082282 0.005385 0.024070
17 22 0.067076 0.001178 0.070352
18 22 -0.083200 -0.006050 -0.022758
19 22 -0.061205 -0.001669 -0.068422
20 22 0.079498 0.005666 0.026549
21 22 0.047894 0.001800 0.059671
22 22 -0.067752 -0.004224 -0.024775
23 22 -0.038710 -0.001439 -0.047650
24 22 0.049839 0.003044 0.018042
25 22 0.034271 0.001480 0.037950
26 22 -0.031279 -0.001827 -0.007637
27 22 -0.033622 -0.001472 -0.029611
28 22 0.010754 0.000820 -0.003574
29 22 0.028628 0.001425 0.019994
30 22 0.007190 0.000201 0.012488
31 22 -0.016998 -0.000900 -0.007186
32 22 -0.020025 -0.000897 -0.015069
33 22 -0.007802 -0.000241 -0.008859
34 22 0.004550 0.000327 0.000925
35 22 0.009718 0.000520 0.006497
36 22 0.008902 0.000440 0.007034
37 22 0.005871 0.000277 0.005076
38 22 0.003126 0.000143 0.002882
39 22 0.001412 0.000063 0.001370
40 22 0.000556 0.000024 0.000563
41 22 0.000194 0.000008 0.000205
42 22 0.000061 0.000003 0.000066
43 22 0.000017 0.000001 0.000020
44 22 0.000005 0.000000 0.000005
45 22 0.000001 0.000000 0.000001
46 22 0.000000 0.000000 0.000000
47 22 0.000000 0.000000 0.000000
48 22 0.000000 0.000000 0.000000
49 22 0.000000 0.000000 0.000000

0 23 0.000000 0.000000 0.000000
1 23 0.021926 -0.084844 0.083009
2 23 -0.262628 -0.092655 -0.086679
3 23 -0.184075 -0.006880 -0.146819
4 23 0.127789 0.046161 0.045332
5 23 0.147404 0.022119 0.142790
6 23 -0.095955 -0.015951 -0.005889
7 23 -0.127171 -0.011091 -0.108127
8 23 0.072629 0.010709 0.005189
9 23 0.112751 0.008652 0.098240
10 23 -0.067376 -0.003982 0.004451
11 23 -0.107497 -0.004151 -0.088344
12 23 0.058008 0.007087 -0.001558
13 23 0.096555 0.007420 0.079494
14 23 -0.037360 -0.005950 0.009116
15 23 -0.091959 -0.008334 -0.068408
16 23 0.029483 0.003168 -0.015569
17 23 0.094650 0.006313 0.070248
18 23 -0.037544 -0.001817 0.015428
19 23 -0.090779 -0.003775 -0.070864
20 23 0.044264 0.001937 -0.007304
21 23 0.076934 0.002560 0.065369
22 23 -0.041580 -0.001649 0.002563
23 23 -0.062085 -0.001797 -0.053310
24 23 0.029641 0.001229 -0.002695
25 23 0.049526 0.001467 0.040826
26 23 -0.014607 -0.000611 0.007550
27 23 -0.040377 -0.001158 -0.028595
28 23 -0.002706 0.000087 -0.013694
29 23 0.027792 0.000874 0.015632
30 23 0.015757 0.000395 0.017255
31 23 -0.011144 -0.000382 -0.001571
32 23 -0.021132 -0.000592 -0.014253
33 23 -0.012169 -0.000281 -0.011615
34 23 0.001244 0.000103 -0.001930
35 23 0.008775 0.000291 0.005275
36 23 0.009485 0.000285 0.007203
37 23 0.006843 0.000196 0.005772
38 23 0.003890 0.000108 0.003519
39 23 0.001854 0.000050 0.001770
40 23 0.000765 0.000020 0.000764
41 23 0.000279 0.000007 0.000290
42 23 0.000091 0.000002 0.000098
43 23 0.000027 0.000001 0.000030
44 23 0.000007 0.000000 0.000008
45 23 0.000002 0.000000 0.000002
46 23 0.000000 0.000000 0.000000
47 23 0.000000 0.000000 0.000000
48 23 0.000000 0.000000 0.000000
49 23 0.000000 0.000000 0.000000

0 24 0.000000 0.000000 0.000000
1 24 0.542135 0.125760 0.625248
2 24 -0.021878 -0.016715 0.112707
3 24 -0.230043 -0.021028 -0.158217
4 24 0.025557 0.006349 -0.044418
5 24 0.180131 0.011497 0.133719
6 24 -0.022606 -0.000080 0.054359
7 24 -0.148622 -0.003211 -0.098752
8 24 0.014609 0.002122 -0.040104
9 24 0.133618 0.005212 0.087126
10 24 -0.003018 -0.001532 0.047221
11 24 -0.122569 -0.004476 -0.077376
12 24 0.011998 -0.000771 -0.038364
13 24 0.108086 -0.001258 0.072272
14 24 -0.010126 -0.000532 0.035173
15 24 -0.103133 0.002736 -0.060756
16 24 -0.002777 0.002167 -0.039289
17 24 0.105620 -0.000385 0.059767
18 24 0.003430 -0.001571 0.043053
19 24 -0.103094 -0.000936 -0.060852
20 24 0.004527 0.000760 -0.036008
21 24 0.090089 0.001071 0.058524
22 24 -0.009181 -0.000320 0.027657
23 24 -0.073019 -0.000793 -0.048736
24 24 0.004933 0.000164 -0.021997
25 24 0.055665 0.000591 0.036422
26 24 0.003894 -0.000012 0.020979
27 24 -0.040749 -0.000410 -0.023043
28 24 -0.015516 -0.000106 -0.021533
29 24 0.023202 0.000256 0.009171
30 24 0.022173 0.000203 0.019714
31 24 -0.004316 -0.000062 0.004074
32 24 -0.020427 -0.000196 -0.012122
33 24 -0.015728 -0.000132 -0.013472
34 24 -0.002284 0.000000 -0.004744
35 24 0.007304 0.000084 0.003685
36 24 0.009710 0.000099 0.007047
37 24 0.007698 0.000074 0.006324
38 24 0.004666 0.000044 0.004140
39 24 0.002340 0.000021 0.002200
40 24 0.001009 0.000009 0.000994
41 24 0.000382 0.000003 0.000393
42 24 0.000130 0.000001 0.000138
43 24 0.000040 0.000000 0.000044
44 24 0.000011 0.000000 0.000012
45 24 0.000003 0.000000 0.000003
46 24 0.000001 0.000000 0.000001
47 24 0.000000 0.000000 0.000000
48 24 0.000000 0.000000 0.000000
49 24 0.000000 0.000000 0.000000

0 25 0.000000 0.000000 0.000000
1 25 0.230895 -0.206734 0.051171
2 25 -0.062239 -0.014167 0.032942
3 25 -0.251215 0.019787 -0.150538
4 25 -0.027267 -0.000521 -0.075230
5 25 0.181465 -0.011810 0.114093
6 25 0.032044 -0.002317 0.085414
7 25 -0.147162 0.003155 -0.079021
8 25 -0.033230 -0.000800 -0.068796
9 25 0.128088 -0.005790 0.068314
10 25 0.033682 -0.001624 0.070383
11 25 -0.122652 0.003948 -0.059038
12 25 -0.033384 0.001066 -0.062396
13 25 0.100647 0.000940 0.053181
14 25 0.035817 0.002587 0.057167
15 25 -0.083565 -0.000960 -0.038607
16 25 -0.042232 -0.003228 -0.057092
17 25 0.086678 -0.001116 0.035975
18 25 0.041120 0.001368 0.061007
19 25 -0.092788 0.001572 -0.039752
20 25 -0.031703 -0.000245 -0.055715
21 25 0.086888 -0.001255 0.042421
22 25 0.021946 -0.000092 0.046348
23 25 -0.072183 0.000843 -0.036903
24 25 -0.019143 0.000117 -0.036861
25 25 0.053613 -0.000593 0.026985
26 25 0.021068 -0.000177 0.030917
27 25 -0.035921 0.000373 -0.014664
28 25 -0.026082 0.000221 -0.026427
29 25 0.016111 -0.000190 0.001839
30 25 0.026085 -0.000250 0.019979
31 25 0.002627 -0.000007 0.009129
32 25 -0.018244 0.000179 -0.009085
33 25 -0.018295 0.000160 -0.014393
34 25 -0.005760 0.000034 -0.007307
35 25 0.005442 -0.000067 0.001869
36 25 0.009587 -0.000099 0.006597
37 25 0.008394 -0.000082 0.006710
38 25 0.005419 -0.000051 0.004716
39 25 0.002853 -0.000026 0.002640
40 25 0.001281 -0.000012 0.001246
41 25 0.000504 -0.000004 0.000511
42 25 0.000176 -0.000002 0.000186
43 25 0.000056 -0.000000 0.000060
44 25 0.000016 -0.000000 0.000018
45 25 0.000004 -0.000000 0.000005
46 25 0.000001 -0.000000 0.000001
47 25 0.000000 -0.000000 0.000000
48 25 0.000000 -0.000000 0.000000
49 25 0.000000 0.000000 0.000000

0 26 0.000000 0.000000 0.000000
1 26 0.030756 -0.043289 0.048280
2 26 -0.150513 0.057726 -0.009445
3 26 -0.237263 0.068261 -0.123278
4 26 -0.018238 0.002512 -0.054271
5 26 0.181920 -0.032339 0.107197
6 26 0.053429 -0.009459 0.092418
7 26 -0.146562 0.015983 -0.068622
8 26 -0.060469 0.005786 -0.081385
9 26 0.114952 -0.009543 0.051380
10 26 0.067236 -0.002280 0.082001
11 26 -0.103142 0.007347 -0.037397
12 26 -0.060687 0.003058 -0.075960
13 26 0.097777 -0.007442 0.036874
14 26 0.060589 -0.007385 0.070076
15 26 -0.083171 0.003547 -0.025662
16 26 -0.070791 0.006176 -0.067987
17 26 0.075573 -0.002113 0.018481
18 26 0.072564 -0.003696 0.071702
19 26 -0.077238 0.002272 -0.018939
20 26 -0.062396 0.001969 -0.067629
21 26 0.074165 -0.002569 0.023241
22 26 0.048496 -0.001394 0.058161
23 26 -0.062867 0.002091 -0.021562
24 26 -0.039618 0.001044 -0.046422
25 26 0.045560 -0.001535 0.015013
26 26 0.035061 -0.000991 0.036882
27 26 -0.027608 0.000882 -0.005139
28 26 -0.033670 0.000917 -0.028429
29 26 0.007797 -0.000327 -0.005356
30 26 0.027606 -0.000813 0.018470
31 26 0.009038 -0.000216 0.013225
32 26 -0.015027 0.000450 -0.005577
33 26 -0.019849 0.000534 -0.014467
34 26 -0.008967 0.000198 -0.009478
35 26 0.003343 -0.000143 -0.000030
36 26 0.009155 -0.000286 0.005911
37 26 0.008913 -0.000261 0.006924
38 26 0.006120 -0.000174 0.005223
39 26 0.003373 -0.000094 0.003074
40 26 0.001573 -0.000043 0.001510
41 26 0.000639 -0.000017 0.000641
42 26 0.000230 -0.000006 0.000240
43 26 0.000075 -0.000002 0.000080
44 26 0.000022 -0.000001 0.000024
45 26 0.000006 -0.000000 0.000007
46 26 0.000001 -0.000000 0.000002
47 26 0.000000 -0.000000 0.000000
48 26 0.000000 -0.000000 0.000000
49 26 0.000000 0.000000 0.000000

0 27 0.000000 0.000000 0.000000
1 27 -0.055470 0.032415 0.009715
2 27 -0.159148 0.093598 -0.034375
3 27 -0.149928 0.070337 -0.082667
4 27 0.052402 -0.017395 -0.010344
5 27 0.191748 -0.057224 0.106995
6 27 0.047906 -0.015867 0.076759
7 27 -0.143563 0.024799 -0.069289
8 27 -0.068067 0.009524 -0.083329
9 27 0.112221 -0.017863 0.043682
10 27 0.085108 -0.013403 0.087084
11 27 -0.096051 0.009005 -0.025730
12 27 -0.082695 0.006980 -0.082426
13 27 0.077388 -0.009231 0.021391
14 27 0.069253 -0.003443 0.071726
15 27 -0.059540 0.009451 -0.009805
16 27 -0.074156 0.004222 -0.065234
17 27 0.053402 -0.007827 0.001258
18 27 0.083493 -0.005697 0.070174
19 27 -0.056670 0.005219 0.000105
20 27 -0.080434 0.004780 -0.070158
21 27 0.056664 -0.003991 0.004700
22 27 0.067385 -0.003720 0.063024
23 27 -0.048908 0.002850 -0.005859
24 27 -0.054933 0.002700 -0.050922
25 27 0.034087 -0.001977 0.002654
26 27 0.045162 -0.002234 0.039239
27 27 -0.017554 0.000963 0.004198
28 27 -0.038249 0.001793 -0.028047
29 27 -0.000672 -0.000117 -0.011739
30 27 0.027157 -0.001352 0.015743
31 27 0.014519 -0.000642 0.016229
32 27 -0.011233 0.000569 -0.001976
33 27 -0.020492 0.000932 -0.013865
34 27 -0.011766 0.000471 -0.011194
35 27 0.001160 -0.000133 -0.001888
36 27 0.008483 -0.000446 0.005062
37 27 0.009256 -0.000454 0.006980
38 27 0.006748 -0.000320 0.005649
39 27 0.003881 -0.000180 0.003483
40 27 0.001874 -0.000086 0.001775
41 27 0.000785 -0.000035 0.000777
42 27 0.000291 -0.000013 0.000299
43 27 0.000097 -0.000004 0.000103
44 27 0.000029 -0.000001 0.000032
45 27 0.000008 -0.000000 0.000009
46 27 0.000002 -0.000000 0.000002
47 27 0.000000 -0.000000 0.000001
48 27 0.000000 -0.000000 0.000000
49 27 0.000000 0.000000 0.000000

0 28 0.000000 0.000000 0.000000
1 28 -0.050391 0.041275 -0.020466
2 28 -0.082387 0.064778 -0.037142
3 28 -0.021818 0.018772 -0.038506
4 28 0.128638 -0.060861 0.028824
5 28 0.170514 -0.075595 0.093860
6 28 0.004830 -0.011508 0.041440
7 28 -0.157259 0.036885 -0.079388
8 28 -0.064956 0.015452 -0.076995
9 28 0.111731 -0.023943 0.047020
10 28 0.081990 -0.015298 0.083861
11 28 -0.089270 0.016265 -0.021060
12 28 -0.091718 0.014003 -0.082835
13 28 0.071209 -0.008035 0.011413
14 28 0.092175 -0.011588 0.076906
15 28 -0.044432 0.001611 0.002754
16 28 -0.093425 0.007564 -0.068264
17 28 0.030030 -0.002342 -0.014348
18 28 0.096622 -0.007343 0.069157
19 28 -0.032640 0.003276 0.017519
20 28 -0.092800 0.006822 -0.068952
21 28 0.036364 -0.003668 -0.012229
22 28 0.079795 -0.006017 0.063229
23 28 -0.032852 0.002760 0.008622
24 28 -0.065161 0.004588 -0.051544
25 28 0.021306 -0.001823 -0.008740
26 28 0.051546 -0.003635 0.038837
27 28 -0.007173 0.000596 0.012510
28 28 -0.040256 0.002681 -0.025994
29 28 -0.008544 0.000401 -0.016974
30 28 0.025299 -0.001777 0.012356
31 28 0.018909 -0.001217 0.018196
32 28 -0.007266 0.000526 0.001431
33 28 -0.020405 0.001308 -0.012795
34 28 -0.014090 0.000825 -0.012457
35 28 -0.000975 -0.000040 -0.003608
36 28 0.007651 -0.000570 0.004127
37 28 0.009440 -0.000649 0.006905
38 28 0.007290 -0.000486 0.005986
39 28 0.004361 -0.000285 0.003856
40 28 0.002173 -0.000140 0.002031
41 28 0.000934 -0.000059 0.000915
42 28 0.000354 -0.000022 0.000361
43 28 0.000120 -0.000008 0.000127
44 28 0.000037 -0.000002 0.000040
45 28 0.000010 -0.000001 0.000012
46 28 0.000003 -0.000000 0.000003
47 28 0.000001 -0.000000 0.000001
48 28 0.000000 -0.000000 0.000000
49 28 0.000000 0.000000 0.000000

0 29 0.000000 0.000000 0.000000
1 29 -0.007389 0.014254 -0.024642
2 29 0.009649 0.005506 -0.021995
3 29 0.073327 -0.041878 -0.003235
4 29 0.144212 -0.086990 0.043844
5 29 0.099608 -0.062127 0.060622
6 29 -0.063071 0.014937 -0.002487
7 29 -0.161773 0.055092 -0.087125
8 29 -0.032310 0.015081 -0.055445
9 29 0.124534 -0.031873 0.058637
10 29 0.081265 -0.020003 0.077939
11 29 -0.085670 0.015821 -0.022633
12 29 -0.094273 0.016241 -0.082766
13 29 0.070886 -0.014297 0.009366
14 29 0.090090 -0.018731 0.077147
15 29 -0.050575 0.008559 0.002786
16 29 -0.094092 0.017327 -0.067233
17 29 0.027695 -0.004133 -0.017579
18 29 0.101518 -0.014674 0.066379
19 29 -0.019546 0.002108 0.026589
20 29 -0.100051 0.011175 -0.065987
21 29 0.019729 -0.002399 -0.024488
22 29 0.087498 -0.008891 0.061035
23 29 -0.017714 0.001827 0.020434
24 29 -0.071404 0.006591 -0.049847
25 29 0.008939 -0.001087 -0.018355
26 29 0.054980 -0.005022 0.036723
27 29 0.002534 -0.000163 0.019395
28 29 -0.040375 0.003471 -0.023011
29 29 -0.015394 0.001155 -0.021000
30 29 0.022615 -0.002046 0.008789
31 29 0.022234 -0.001872 0.019299
32 29 -0.003443 0.000334 0.004460
33 29 -0.019806 0.001634 -0.011467
34 29 -0.015937 0.001229 -0.013315
35 29 -0.002960 0.000125 -0.005127
36 29 0.006742 -0.000653 0.003180
37 29 0.009495 -0.000840 0.006734
38 29 0.007741 -0.000663 0.006240
39 29 0.004799 -0.000404 0.004182
40 29 0.002458 -0.000204 0.002269
41 29 0.001082 -0.000089 0.001047
42 29 0.000419 -0.000034 0.000422
43 29 0.000145 -0.000012 0.000151
44 29 0.000045 -0.000004 0.000049
45 29 0.000013 -0.000001 0.000014
46 29 0.000003 -0.000000 0.000004
47 29 0.000001 -0.000000 0.000001
48 29 0.000000 -0.000000 0.000000
49 29 0.000000 0.000000 0.000000

0 30 0.000000 0.000000 0.000000
1 30 0.022522 -0.013047 -0.010116
2 30 0.053263 -0.036155 -0.002295
3 30 0.086577 -0.066479 0.014353
4 30 0.085564 -0.069903 0.033092
5 30 0.000235 -0.019253 0.018893
6 30 -0.119299 0.048744 -0.037948
7 30 -0.131984 0.058360 -0.077001
8 30 0.018929 -0.001326 -0.021652
9 30 0.136799 -0.045610 0.071552
10 30 0.057896 -0.023488 0.064471
11 30 -0.104068 0.023430 -0.036164
12 30 -0.092702 0.022367 -0.079982
13 30 0.069996 -0.014228 0.012929
14 30 0.088840 -0.016062 0.075140
15 30 -0.038303 0.009571 0.005286
16 30 -0.086128 0.013216 -0.062175
17 30 0.015161 -0.006636 -0.022085
18 30 0.095347 -0.014688 0.059667
19 30 -0.006671 0.002951 0.033163
20 30 -0.099667 0.013509 -0.060444
21 30 0.006048 -0.001761 -0.033173
22 30 0.090524 -0.011439 0.057159
23 30 -0.004845 0.000692 0.029345
24 30 -0.074558 0.008519 -0.046936
25 30 -0.001899 0.000005 -0.025910
26 30 0.056361 -0.006305 0.033825
27 30 0.010962 -0.001195 0.024773
28 30 -0.039346 0.004120 -0.019744
29 30 -0.021054 0.002060 -0.023937
30 30 0.019627 -0.002160 0.005407
31 30 0.024637 -0.002556 0.019771
32 30 0.000014 0.000024 0.007016
33 30 -0.018916 0.001899 -0.010070
34 30 -0.017352 0.001658 -0.013848
35 30 -0.004721 0.000346 -0.006411
36 30 0.005834 -0.000698 0.002284
37 30 0.009458 -0.001021 0.006506
38 30 0.008105 -0.000848 0.006419
39 30 0.005184 -0.000534 0.004456
40 30 0.002719 -0.000277 0.002481
41 30 0.001220 -0.000123 0.001169
42 30 0.000481 -0.000048 0.000480
43 30 0.000169 -0.000017 0.000175
44 30 0.000054 -0.000005 0.000057
45 30 0.000015 -0.000002 0.000017
46 30 0.000004 -0.000000 0.000005
47 30 0.000001 -0.000000 0.000001
48 30 0.000000 -0.000000 0.000000
49 30 0.000000 0.000000 0.000000

0 31 0.000000 0.000000 0.000000
1 31 0.018548 -0.018689 0.004069
2 31 0.033095 -0.035396 0.008264
3 31 0.028022 -0.040268 0.012562
4 31 -0.008154 -0.016719 0.009746
5 31 -0.083824 0.034101 -0.014863
6 31 -0.127689 0.069554 -0.049494
7 31 -0.069192 0.042354 -0.047263
8 31 0.074709 -0.024172 0.014691
9 31 0.133154 -0.053362 0.077168
10 31 0.014726 -0.011882 0.038772
11 31 -0.114954 0.036013 -0.051666
12 31 -0.072681 0.023079 -0.069320
13 31 0.085067 -0.019350 0.022818
14 31 0.095608 -0.024582 0.076603
15 31 -0.045157 0.004556 0.001577
16 31 -0.098758 0.018802 -0.066856
17 31 0.010641 -0.000165 -0.023376
18 31 0.101317 -0.016858 0.060323
19 31 0.003464 -0.000914 0.037623
20 31 -0.101759 0.015194 -0.057954
21 31 -0.005184 0.000333 -0.039455
22 31 0.092324 -0.013394 0.053991
23 31 0.005603 -0.000863 0.035888
24 31 -0.076106 0.010191 -0.044047
25 31 -0.010768 0.001326 -0.031577
26 31 0.056641 -0.007440 0.030939
27 31 0.017854 -0.002382 0.028795
28 31 -0.037853 0.004636 -0.016700
29 31 -0.025543 0.003043 -0.026003
30 31 0.016764 -0.002151 0.002465
31 31 0.026323 -0.003234 0.019852
32 31 0.002964 -0.000364 0.009071
33 31 -0.017940 0.002109 -0.008756
34 31 -0.018402 0.002093 -0.014144
35 31 -0.006212 0.000605 -0.007449
36 31 0.004997 -0.000712 0.001490
37 31 0.009369 -0.001190 0.006259
38 31 0.008388 -0.001036 0.006535
39 31 0.005509 -0.000670 0.004674
40 31 0.002946 -0.000355 0.002658
41 31 0.001344 -0.000161 0.001274
42 31 0.000537 -0.000064 0.000531
43 31 0.000191 -0.000023 0.000196
44 31 0.000061 -0.000007 0.000065
45 31 0.000018 -0.000002 0.000019
46 31 0.000005 -0.000001 0.000005
47 31 0.000001 -0.000000 0.000001
48 31 0.000000 -0.000000 0.000000
49 31 0.000000 0.000000 0.000000

0 32 0.000000 0.000000 0.000000
1 32 -0.002338 -0.005460 0.005819
2 32 -0.010345 -0.005369 0.005263
3 32 -0.033549 0.007827 0.000379
4 32 -0.065025 0.034218 -0.009410
5 32 -0.095090 0.061734 -0.027244
6 32 -0.068060 0.055030 -0.034017
7 32 0.019915 0.004569 -0.008501
8 32 0.121537 -0.052339 0.042819
9 32 0.103939 -0.052750 0.065889
10 32 -0.032783 0.004146 0.005561
11 32 -0.117925 0.040830 -0.062414
12 32 -0.046551 0.016689 -0.053634
13 32 0.100388 -0.029234 0.037192
14 32 0.078508 -0.026887 0.072148
15 32 -0.069457 0.015909 -0.013066
16 32 -0.091613 0.027195 -0.067421
17 32 0.028650 -0.005205 -0.012856
18 32 0.101288 -0.024358 0.061341
19 32 -0.001278 -0.001049 0.033885
20 32 -0.103680 0.019679 -0.057637
21 32 -0.008923 0.001943 -0.041034
22 32 0.094235 -0.016092 0.052524
23 32 0.012138 -0.002504 0.039644
24 32 -0.077369 0.011935 -0.042144
25 32 -0.017229 0.002746 -0.035455
26 32 0.056717 -0.008512 0.028715
27 32 0.023119 -0.003631 0.031671
28 32 -0.036488 0.005074 -0.014264
29 32 -0.028973 0.004049 -0.027439
30 32 0.014355 -0.002072 0.000124
31 32 0.027511 -0.003894 0.019763
32 32 0.005332 -0.000789 0.010637
33 32 -0.017048 0.002282 -0.007646
34 32 -0.019169 0.002523 -0.014293
35 32 -0.007408 0.000881 -0.008245
36 32 0.004289 -0.000708 0.000837
37 32 0.009266 -0.001351 0.006027
38 32 0.008603 -0.001222 0.006603
39 32 0.005769 -0.000810 0.004838
40 32 0.003134 -0.000436 0.002798
41 32 0.001448 -0.000200 0.001359
42 32 0.000585 -0.000081 0.000572
43 32 0.000210 -0.000029 0.000213
44 32 0.000068 -0.000009 0.000071
45 32 0.000020 -0.000003 0.000022
46 32 0.000005 -0.000001 0.000006
47 32 0.000001 -0.000000 0.000002
48 32 0.000000 -0.000000 0.000000
49 32 0.000000 0.000000 0.000000

0 33 0.000000 0.000000 0.000000
1 33 -0.013857 0.007618 -0.001331
2 33 -0.028632 0.018036 -0.003553
3 33 -0.044311 0.031806 -0.008750
4 33 -0.050330 0.043259 -0.014568
5 33 -0.035293 0.039651 -0.017624
6 33 0.019586 0.006796 -0.006567
7 33 0.088021 -0.041274 0.021973
8 33 0.115113 -0.066772 0.047992
9 33 0.036561 -0.032516 0.035153
10 33 -0.086590 0.027895 -0.027506
11 33 -0.115075 0.048172 -0.065663
12 33 -0.007486 0.009488 -0.029224
13 33 0.113262 -0.035852 0.053144
14 33 0.056408 -0.019913 0.060585
15 33 -0.076004 0.022456 -0.025842
16 33 -0.073595 0.020972 -0.061506
17 33 0.034993 -0.011863 -0.004074
18 33 0.090285 -0.023124 0.058074
19 33 -0.005958 0.002543 0.028731
20 33 -0.100163 0.021634 -0.056248
21 33 -0.008351 0.001422 -0.039773
22 33 0.094703 -0.018521 0.051835
23 33 0.014780 -0.003401 0.040944
24 33 -0.078594 0.013764 -0.041407
25 33 -0.021056 0.003968 -0.037688
26 33 0.057160 -0.009631 0.027525
27 33 0.026727 -0.004829 0.033590
28 33 -0.035699 0.005523 -0.012695
29 33 -0.031477 0.005039 -0.028458
30 33 0.012644 -0.001988 -0.001515
31 33 0.028399 -0.004538 0.019682
32 33 0.007077 -0.001213 0.011747
33 33 -0.016380 0.002444 -0.006827
34 33 -0.019727 0.002944 -0.014369
35 33 -0.008295 0.001156 -0.008809
36 33 0.003754 -0.000698 0.000352
37 33 0.009181 -0.001505 0.005839
38 33 0.008759 -0.001405 0.006635
39 33 0.005963 -0.000947 0.004946
40 33 0.003275 -0.000517 0.002894
41 33 0.001526 -0.000240 0.001419
42 33 0.000621 -0.000097 0.000602
43 33 0.000225 -0.000035 0.000226
44 33 0.000073 -0.000011 0.000076
45 33 0.000022 -0.000003 0.000023
46 33 0.000006 -0.000001 0.000006
47 33 0.000001 -0.000000 0.000002
48 33 0.000000 -0.000000 0.000000
49 33 0.000000 0.000000 0.000000

0 34 0.000000 0.000000 0.000000
1 34 -0.008528 0.008787 -0.007346
2 34 -0.013106 0.016337 -0.008149
3 34 -0.012527 0.019681 -0.008959
4 34 0.003359 0.013992 -0.007674
5 34 0.032071 -0.006215 -0.000424
6 34 0.071829 -0.036752 0.012993
7 34 0.089778 -0.058802 0.030337
8 34 0.051215 -0.044074 0.027845
9 34 -0.039936 0.008072 -0.001283
10 34 -0.115258 0.053635 -0.048439
11 34 -0.072676 0.044792 -0.051122
12 34 0.051242 -0.010954 0.005004
13 34 0.120178 -0.044982 0.063022
14 34 0.031229 -0.016244 0.043217
15 34 -0.091401 0.024444 -0.040048
16 34 -0.070887 0.021898 -0.059441
17 34 0.044789 -0.009729 0.005835
18 34 0.091845 -0.023234 0.060521
19 34 -0.010965 0.001669 0.023077
20 34 -0.101027 0.022674 -0.058411
21 34 -0.005621 0.001670 -0.037132
22 34 0.096312 -0.020409 0.053303
23 34 0.014389 -0.003970 0.040490
24 34 -0.080478 0.015570 -0.042272
25 34 -0.022346 0.004896 -0.038522
26 34 0.058394 -0.010859 0.027637
27 34 0.028692 -0.005887 0.034703
28 34 -0.035810 0.006073 -0.012170
29 34 -0.033158 0.005983 -0.029212
30 34 0.011808 -0.001970 -0.002386
31 34 0.029137 -0.005180 0.019741
32 34 0.008175 -0.001597 0.012429
33 34 -0.016037 0.002626 -0.006358
34 34 -0.020134 0.003356 -0.014430
35 34 -0.008868 0.001413 -0.009152
36 34 0.003427 -0.000699 0.000054
37 34 0.009140 -0.001660 0.005715
38 34 0.008865 -0.001583 0.006642
39 34 0.006089 -0.001080 0.005002
40 34 0.003365 -0.000594 0.002947
41 34 0.001576 -0.000278 0.001452
42 34 0.000644 -0.000113 0.000619
43 34 0.000234 -0.000041 0.000233
44 34 0.000076 -0.000013 0.000079
45 34 0.000023 -0.000004 0.000024
46 34 0.000006 -0.000001 0.000007
47 34 0.000002 -0.000000 0.000002
48 34 0.000000 -0.000000 0.000000
49 34 0.000000 0.000000 0.000000

0 35 0.000000 0.000000 0.000000
1 35 0.004031 0.000872 -0.006512
2 35 0.012441 -0.001060 -0.005301
3 35 0.022550 -0.007019 -0.003116
4 35 0.042290 -0.020003 0.002132
5 35 0.055741 -0.035510 0.009341
6 35 0.063297 -0.046403 0.015934
7 35 0.034935 -0.036886 0.017230
8 35 -0.023612 -0.000124 -0.001204
9 35 -0.084356 0.042802 -0.025979
10 35 -0.093181 0.057119 -0.047691
11 35 -0.000907 0.017017 -0.019537
12 35 0.093130 -0.036645 0.033883
13 35 0.099598 -0.045701 0.058291
14 35 -0.015066 -0.002067 0.017373
15 35 -0.113616 0.039389 -0.056978
16 35 -0.045688 0.025134 -0.049289
17 35 0.078002 -0.019092 0.026925
18 35 0.087468 -0.029670 0.061688
19 35 -0.032430 0.005417 0.008552
20 35 -0.102597 0.027621 -0.062603
21 35 0.006023 0.000735 -0.029327
22 35 0.099585 -0.023599 0.057250
23 35 0.009219 -0.003946 0.037222
24 35 -0.083544 0.017842 -0.045086
25 35 -0.020664 0.005428 -0.037734
26 35 0.060745 -0.012357 0.029274
27 35 0.028906 -0.006725 0.035011
28 35 -0.037046 0.006828 -0.012822
29 35 -0.034039 0.006855 -0.029769
30 35 0.011981 -0.002092 -0.002432
31 35 0.029811 -0.005833 0.020015
32 35 0.008597 -0.001903 0.012692
33 35 -0.016088 0.002859 -0.006278
34 35 -0.020427 0.003757 -0.014509
35 35 -0.009118 0.001633 -0.009282
36 35 0.003329 -0.000726 -0.000046
37 35 0.009159 -0.001820 0.005666
38 35 0.008927 -0.001753 0.006630
39 35 0.006146 -0.001202 0.005006
40 35 0.003401 -0.000664 0.002953
41 35 0.001594 -0.000311 0.001456
42 35 0.000652 -0.000127 0.000621
43 35 0.000237 -0.000046 0.000234
44 35 0.000077 -0.000015 0.000079
45 35 0.000023 -0.000004 0.000024
46 35 0.000006 -0.000001 0.000007
47 35 0.000002 -0.000000 0.000002
48 35 0.000000 -0.000000 0.000000
49 35 0.000000 0.000000 0.000000

0 36 0.000000 0.000000 0.000000
1 36 0.009491 -0.006461 -0.000858
2 36 0.019956 -0.014128 0.000684
3 36 0.027157 -0.021775 0.002509
4 36 0.033553 -0.029702 0.006111
5 36 0.025057 -0.030262 0.007211
6 36 0.007125 -0.021346 0.005508
7 36 -0.035035 0.005265 -0.003709
8 36 -0.071318 0.036650 -0.020879
9 36 -0.082498 0.053732 -0.030912
10 36 -0.034703 0.034692 -0.026886
11 36 0.059584 -0.016561 0.013262
12 36 0.099498 -0.046951 0.045465
13 36 0.055485 -0.029770 0.039816
14 36 -0.061721 0.022664 -0.012128
15 36 -0.103555 0.048329 -0.062933
16 36 0.006512 0.009552 -0.024097
17 36 0.097175 -0.033752 0.045491
18 36 0.059005 -0.024399 0.050442
19 36 -0.054827 0.017246 -0.009113
20 36 -0.091361 0.029809 -0.061132
21 36 0.024688 -0.004544 -0.016697
22 36 0.099624 -0.026697 0.060689
23 36 -0.001334 -0.001903 0.030501
24 36 -0.086435 0.020585 -0.049022
25 36 -0.015360 0.005114 -0.034839
26 36 0.064040 -0.014245 0.032352
27 36 0.027073 -0.007184 0.034318
28 36 -0.039474 0.007896 -0.014712
29 36 -0.034020 0.007604 -0.030079
30 36 0.013255 -0.002435 -0.001597
31 36 0.030430 -0.006505 0.020519
32 36 0.008302 -0.002091 0.012520
33 36 -0.016568 0.003175 -0.006606
34 36 -0.020610 0.004147 -0.014613
35 36 -0.009035 0.001799 -0.009195
36 36 0.003472 -0.000794 0.000058
37 36 0.009243 -0.001991 0.005698
38 36 0.008944 -0.001915 0.006601
39 36 0.006131 -0.001311 0.004958
40 36 0.003381 -0.000723 0.002914
41 36 0.001581 -0.000338 0.001433
42 36 0.000645 -0.000138 0.000610
43 36 0.000234 -0.000050 0.000229
44 36 0.000076 -0.000016 0.000077
45 36 0.000023 -0.000005 0.000024
46 36 0.000006 -0.000001 0.000007
47 36 0.000002 -0.000000 0.000002
48 36 0.000000 -0.000000 0.000000
49 36 0.000000 0.000000 0.000000

0 37 0.000000 0.000000 0.000000
1 37 0.002808 -0.005711 0.002955
2 37 0.004146 -0.010377 0.003257
3 37 0.000581 -0.012344 0.003035
4 37 -0.007945 -0.009756 0.002244
5 37 -0.026088 0.000391 -0.001236
6 37 -0.047116 0.016856 -0.007370
7 37 -0.068149 0.037266 -0.015688
8 37 -0.065920 0.045969 -0.022326
9 37 -0.032392 0.033904 -0.016611
10 37 0.033548 -0.004463 0.001922
11 37 0.090064 -0.042765 0.032707
12 37 0.074776 -0.044213 0.038930
13 37 -0.002530 -0.006999 0.011405
14 37 -0.091042 0.040826 -0.036512
15 37 -0.070382 0.039659 -0.053399
16 37 0.045254 -0.008952 0.002500
17 37 0.091791 -0.033354 0.051760
18 37 0.032067 -0.010419 0.035140
19 37 -0.063516 0.024841 -0.021606
20 37 -0.073823 0.026747 -0.055732
21 37 0.043138 -0.010101 -0.003059
22 37 0.096319 -0.027348 0.062949
23 37 -0.014851 0.001987 0.021358
24 37 -0.087695 0.023143 -0.053158
25 37 -0.006337 0.003695 -0.029606
26 37 0.067761 -0.016407 0.036574
27 37 0.022901 -0.007053 0.032357
28 37 -0.042957 0.009337 -0.017793
29 37 -0.032882 0.008148 -0.029980
30 37 0.015670 -0.003072 0.000168
31 37 0.030910 -0.007188 0.021200
32 37 0.007228 -0.002110 0.011868
33 37 -0.017474 0.003600 -0.007342
34 37 -0.020656 0.004519 -0.014723
35 37 -0.008601 0.001890 -0.008882
36 37 0.003858 -0.000916 0.000363
37 37 0.009388 -0.002176 0.005803
38 37 0.008914 -0.002066 0.006551
39 37 0.006044 -0.001403 0.004858
40 37 0.003307 -0.000769 0.002830
41 37 0.001536 -0.000358 0.001382
42 37 0.000623 -0.000145 0.000584
43 37 0.000225 -0.000052 0.000219
44 37 0.000073 -0.000017 0.000073
45 37 0.000021 -0.000005 0.000022
46 37 0.000006 -0.000001 0.000006
47 37 0.000001 -0.000000 0.000002
48 37 0.000000 -0.000000 0.000000
49 37 0.000000 0.000000 0.000000

0 38 0.000000 0.000000 0.000000
1 38 -0.005946 0.000994 0.001400
2 38 -0.012246 0.003235 0.000749
3 38 -0.022197 0.007808 -0.000825
4 38 -0.031534 0.015273 -0.003516
5 38 -0.042801 0.024460 -0.006795
6 38 -0.045740 0.032411 -0.011116
7 38 -0.037007 0.032206 -0.011276
8 38 -0.008807 0.018003 -0.008568
9 38 0.036648 -0.011432 0.006119
10 38 0.072333 -0.043633 0.020934
11 38 0.073653 -0.053861 0.031631
12 38 0.011744 -0.027786 0.015913
13 38 -0.068511 0.019722 -0.020642
14 38 -0.100601 0.048122 -0.047210
15 38 -0.033634 0.024052 -0.033461
16 38 0.070929 -0.020632 0.024057
17 38 0.085111 -0.030465 0.052286
18 38 0.007880 -0.002392 0.019012
19 38 -0.075669 0.030056 -0.034937
20 38 -0.055907 0.025656 -0.049270
21 38 0.065707 -0.014297 0.013501
22 38 0.091990 -0.026752 0.064767
23 38 -0.031064 0.007362 0.009479
24 38 -0.086360 0.025660 -0.056887
25 38 0.006927 0.001240 -0.021458
26 38 0.071438 -0.018659 0.041653
27 38 0.016118 -0.006112 0.028781
28 38 -0.047141 0.011175 -0.021907
29 38 -0.030277 0.008368 -0.029189
30 38 0.019198 -0.004069 0.002895
31 38 0.031070 -0.007846 0.021929
32 38 0.005306 -0.001905 0.010663
33 38 -0.018757 0.004151 -0.008457
34 38 -0.020503 0.004854 -0.014790
35 38 -0.007798 0.001884 -0.008323
36 38 0.004474 -0.001104 0.000859
37 38 0.009575 -0.002374 0.005967
38 38 0.008825 -0.002200 0.006471
39 38 0.005882 -0.001473 0.004705
40 38 0.003178 -0.000799 0.002703
41 38 0.001461 -0.000368 0.001305
42 38 0.000588 -0.000149 0.000547
43 38 0.000210 -0.000053 0.000203
44 38 0.000068 -0.000017 0.000068
45 38 0.000020 -0.000005 0.000020
46 38 0.000005 -0.000001 0.000006
47 38 0.000001 -0.000000 0.000001
48 38 0.000000 -0.000000 0.000000
49 38 0.000000 0.000000 0.000000

0 39 0.000000 0.000000 0.000000
1 39 -0.006136 0.005208 -0.002618
2 39 -0.010263 0.010126 -0.002910
3 39 -0.016083 0.015574 -0.004283
4 39 -0.014256 0.018767 -0.004841
5 39 -0.012769 0.019699 -0.005474
6 39 0.003410 0.013466 -0.004295
7 39 0.022093 -0.000846 0.001289
8 39 0.049192 -0.022087 0.007033
9 39 0.067689 -0.044591 0.019531
10 39 0.054528 -0.050168 0.019374
11 39 0.014810 -0.032721 0.013921
12 39 -0.061232 0.008327 -0.012753
13 39 -0.099643 0.042521 -0.038785
14 39 -0.070927 0.037932 -0.036203
15 39 0.015153 -0.002570 -0.006352
16 39 0.092039 -0.040532 0.041106
17 39 0.057714 -0.034072 0.042989
18 39 -0.042386 0.008588 -0.008201
19 39 -0.092367 0.040075 -0.049715
20 39 -0.025422 0.022038 -0.035186
21 39 0.092006 -0.022136 0.033352
22 39 0.079491 -0.024320 0.061696
23 39 -0.050873 0.016062 -0.006293
24 39 -0.079102 0.028348 -0.058113
25 39 0.025661 -0.002436 -0.009331
26 39 0.074249 -0.020646 0.046961
27 39 0.006546 -0.003975 0.023175
28 39 -0.051258 0.013410 -0.026641
29 39 -0.025691 0.008110 -0.027262
30 39 0.023714 -0.005461 0.006571
31 39 0.030633 -0.008402 0.022496
32 39 0.002476 -0.001412 0.008826
33 39 -0.020308 0.004831 -0.009888
34 39 -0.020054 0.005125 -0.014734
35 39 -0.006608 0.001759 -0.007497
36 39 0.005291 -0.001364 0.001528
37 39 0.009776 -0.002584 0.006166
38 39 0.008666 -0.002314 0.006351
39 39 0.005646 -0.001518 0.004497
40 39 0.003000 -0.000810 0.002537
41 39 0.001361 -0.000369 0.001208
42 39 0.000541 -0.000147 0.000500
43 39 0.000192 -0.000052 0.000184
44 39 0.000061 -0.000017 0.000061
45 39 0.000018 -0.000005 0.000018
46 39 0.000005 -0.000001 0.000005
47 39 0.000001 -0.000000 0.000001
48 39 0.000000 -0.000000 0.000000
49 39 0.000000 0.000000 0.000000

0 40 0.000000 0.000000 0.000000
1 40 -0.000226 0.003007 -0.004398
2 40 0.002020 0.004710 -0.003787
3 40 0.003948 0.005875 -0.004285
4 40 0.013852 0.002559 -0.001890
5 40 0.021001 -0.002102 -0.001110
6 40 0.039629 -0.013456 0.003824
7 40 0.046446 -0.023837 0.007932
8 40 0.055608 -0.033830 0.011606
9 40 0.038927 -0.032544 0.014547
10 40 0.003783 -0.014025 0.003487
11 40 -0.038089 0.013735 -0.005895
12 40 -0.080980 0.044091 -0.027900
13 40 -0.056851 0.042197 -0.029210
14 40 0.000801 0.007625 -0.007374
15 40 0.068305 -0.036795 0.020852
16 40 0.085157 -0.057416 0.046350
17 40 -0.008900 -0.023756 0.016193
18 40 -0.098540 0.027613 -0.039550
19 40 -0.085307 0.039263 -0.051369
20 40 0.013846 0.003119 -0.012430
21 40 0.100249 -0.033126 0.046111
22 40 0.048331 -0.016358 0.047431
23 40 -0.071332 0.027877 -0.024455
24 40 -0.062254 0.029539 -0.054130
25 40 0.049149 -0.007378 0.006634
26 40 0.074646 -0.021311 0.051176
27 40 -0.005297 -0.000016 0.015420
28 40 -0.053792 0.015988 -0.031084
29 40 -0.018427 0.007208 -0.023595
30 40 0.028980 -0.007207 0.011105
31 40 0.029266 -0.008722 0.022627
32 40 -0.001261 -0.000565 0.006300
33 40 -0.021948 0.005620 -0.011517
34 40 -0.019190 0.005289 -0.014454
35 40 -0.005026 0.001491 -0.006389
36 40 0.006262 -0.001697 0.002336
37 40 0.009951 -0.002795 0.006368
38 40 0.008422 -0.002399 0.006177
39 40 0.005335 -0.001533 0.004236
40 40 0.002777 -0.000803 0.002336
41 40 0.001239 -0.000360 0.001092
42 40 0.000485 -0.000142 0.000446
43 40 0.000170 -0.000050 0.000161
44 40 0.000054 -0.000016 0.000053
45 40 0.000015 -0.000005 0.000016
46 40 0.000004 -0.000001 0.000004
47 40 0.000001 -0.000000 0.000001
48 40 0.000000 -0.000000 0.000000
49 40 0.000000 0.000000 0.000000

0 41 0.000000 0.000000 0.000000
1 41 0.003776 -0.002244 -0.002109
2 41 0.008260 -0.005297 -0.001183
3 41 0.012823 -0.008734 -0.001233
4 41 0.019487 -0.014314 0.001709
5 41 0.022028 -0.018436 0.001582
6 41 0.027249 -0.024017 0.005679
7 41 0.017081 -0.021586 0.004139
8 41 0.009393 -0.016006 0.004193
9 41 -0.021067 0.003491 -0.001614
10 41 -0.041579 0.026218 -0.012212
11 41 -0.055444 0.045073 -0.016375
12 41 -0.043595 0.049113 -0.023363
13 41 0.019323 0.018554 -0.003476
14 41 0.066745 -0.019558 0.019208
15 41 0.094162 -0.047600 0.035394
16 41 0.047654 -0.039467 0.034846
17 41 -0.064831 0.009729 -0.014192
18 41 -0.100280 0.037646 -0.049539
19 41 -0.042973 0.015300 -0.031670
20 41 0.039542 -0.025849 0.008889
21 41 0.076314 -0.040852 0.043834
22 41 -0.000671 -0.005683 0.022646
23 41 -0.090574 0.036369 -0.042575
24 41 -0.039429 0.026055 -0.045632
25 41 0.071802 -0.013064 0.023472
26 41 0.070177 -0.019244 0.052256
27 41 -0.018038 0.006314 0.005851
28 41 -0.052523 0.018793 -0.033864
29 41 -0.007660 0.005620 -0.017495
30 41 0.034709 -0.009094 0.016337
31 41 0.026709 -0.008583 0.022060
32 41 -0.005751 0.000700 0.003122
33 41 -0.023394 0.006471 -0.013150
34 41 -0.017770 0.005292 -0.013827
35 41 -0.003069 0.001065 -0.004994
36 41 0.007321 -0.002092 0.003236
37 41 0.010055 -0.002996 0.006533
38 41 0.008078 -0.002447 0.005934
39 41 0.004955 -0.001517 0.003923
40 41 0.002517 -0.000776 0.002108
41 41 0.001101 -0.000342 0.000965
42 41 0.000424 -0.000132 0.000387
43 41 0.000146 -0.000046 0.000138
44 41 0.000046 -0.000014 0.000044
45 41 0.000013 -0.000004 0.000013
46 41 0.000003 -0.000001 0.000003
47 41 0.000001 -0.000000 0.000001
48 41 0.000000 -0.000000 0.000000
49 41 0.000000 0.000000 0.000000

0 42 0.000000 0.000000 0.000000
1 42 0.003877 -0.004468 0.001604
2 42 0.006432 -0.008675 0.002127
3 42 0.008815 -0.012820 0.001999
4 42 0.007308 -0.015760 0.003316
5 42 0.002828 -0.016439 0.001752
6 42 -0.006200 -0.014403 0.002599
7 42 -0.023589 -0.005486 -0.002744
8 42 -0.037574 0.004930 -0.004686
9 42 -0.059606 0.022403 -0.012994
10 42 -0.056229 0.030638 -0.016344
11 42 -0.045025 0.031706 -0.014670
12 42 -0.002458 0.014969 -0.008996
13 42 0.052290 -0.015529 0.014438
14 42 0.069645 -0.030246 0.024440
15 42 0.063682 -0.027577 0.027241
16 42 -0.004220 0.007058 0.009513
17 42 -0.069528 0.046330 -0.030967
18 42 -0.039994 0.035311 -0.031430
19 42 0.019657 -0.007802 -0.000018
20 42 0.059024 -0.041541 0.026125
21 42 0.045694 -0.041201 0.036140
22 42 -0.051198 0.000427 -0.003586
23 42 -0.108688 0.034270 -0.058437
24 42 -0.020239 0.014231 -0.035821
25 42 0.083027 -0.020427 0.035884
26 42 0.055501 -0.014533 0.046687
27 42 -0.031440 0.014712 -0.005751
28 42 -0.045682 0.021563 -0.033817
29 42 0.007187 0.003562 -0.008467
30 42 0.040667 -0.010620 0.022046
31 42 0.023010 -0.007632 0.020671
32 42 -0.010538 0.002458 -0.000476
33 42 -0.024219 0.007321 -0.014485
34 42 -0.015640 0.005082 -0.012713
35 42 -0.000778 0.000476 -0.003328
36 42 0.008383 -0.002531 0.004165
37 42 0.010040 -0.003167 0.006622
38 42 0.007626 -0.002451 0.005614
39 42 0.004513 -0.001467 0.003564
40 42 0.002231 -0.000732 0.001859
41 42 0.000955 -0.000315 0.000832
42 42 0.000361 -0.000120 0.000327
43 42 0.000122 -0.000041 0.000115
44 42 0.000038 -0.000013 0.000036
45 42 0.000011 -0.000004 0.000010
46 42 0.000003 -0.000001 0.000003
47 42 0.000001 -0.000000 0.000001
48 42 0.000000 -0.000000 0.000000
49 42 0.000000 0.000000 0.000000

0 43 0.000000 0.000000 0.000000
1 43 0.000865 -0.000878 0.001706
2 43 0.000042 -0.000905 0.001644
3 43 -0.000485 -0.000721 0.001338
4 43 -0.005702 0.001938 0.000960
5 43 -0.010291 0.005274 -0.000689
6 43 -0.019735 0.011298 -0.001620
7 43 -0.027328 0.017639 -0.005608
8 43 -0.031620 0.021644 -0.005894
9 43 -0.032027 0.022715 -0.009659
10 43 -0.013549 0.010871 -0.005176
11 43 0.003355 -0.005357 -0.000682
12 43 0.034363 -0.031081 0.008214
13 43 0.042409 -0.046533 0.018941
14 43 0.018867 -0.037337 0.011773
15 43 -0.016092 -0.010614 0.001710
16 43 -0.071081 0.034641 -0.022161
17 43 -0.065399 0.054780 -0.038045
18 43 0.010929 0.027533 -0.010090
19 43 0.068806 -0.007879 0.023464
20 43 0.089252 -0.030499 0.040871
21 43 0.040321 -0.026051 0.034358
22 43 -0.075145 0.009418 -0.019676
23 43 -0.106810 0.024685 -0.062207
24 43 -0.001546 -0.007521 -0.021305
25 43 0.074237 -0.032542 0.040251
26 43 0.022076 -0.010226 0.029878
27 43 -0.049152 0.022640 -0.021230
28 43 -0.034665 0.023064 -0.031393
29 43 0.024866 0.001231 0.002792
30 43 0.046242 -0.011029 0.027609
31 43 0.018644 -0.005361 0.018535
32 43 -0.014681 0.004822 -0.003949
33 43 -0.023767 0.008124 -0.015051
34 43 -0.012604 0.004635 -0.010939
35 43 0.001795 -0.000251 -0.001414
36 43 0.009364 -0.002977 0.005058
37 43 0.009867 -0.003286 0.006600
38 43 0.007066 -0.002403 0.005213
39 43 0.004022 -0.001385 0.003169
40 43 0.001931 -0.000671 0.001601
41 43 0.000806 -0.000282 0.000698
42 43 0.000299 -0.000105 0.000269
43 43 0.000099 -0.000035 0.000092
44 43 0.000030 -0.000011 0.000029
45 43 0.000008 -0.000003 0.000008
46 43 0.000002 -0.000001 0.000002
47 43 0.000001 -0.000000 0.000001
48 43 0.000000 -0.000000 0.000000
49 43 0.000000 0.000000 0.000000

0 44 0.000000 0.000000 0.000000
1 44 -0.004634 0.003059 -0.001526
2 44 -0.009844 0.006850 -0.001982
3 44 -0.013544 0.010738 -0.002445
4 44 -0.018408 0.016353 -0.003612
5 44 -0.018677 0.021004 -0.004422
6 44 -0.018780 0.026422 -0.005148
7 44 -0.009793 0.027662 -0.005330
8 44 0.002991 0.025226 -0.002598
9 44 0.024252 0.015579 0.000069
10 44 0.049823 -0.002069 0.008777
11 44 0.064740 -0.020041 0.013908
12 44 0.071346 -0.038254 0.020226
13 44 0.039794 -0.038276 0.017355
14 44 -0.010550 -0.022906 0.001111
15 44 -0.064136 0.001198 -0.015402
16 44 -0.102041 0.026337 -0.036302
17 44 -0.064218 0.020431 -0.033275
18 44 0.009488 -0.003845 -0.001079
19 44 0.059602 -0.015175 0.023219
20 44 0.079096 -0.013935 0.035541
21 44 0.024600 0.008576 0.021634
22 44 -0.064389 0.038360 -0.026367
23 44 -0.050622 0.022748 -0.040261
24 44 0.043105 -0.029686 0.010076
25 44 0.055538 -0.046091 0.041500
26 44 -0.028721 -0.009103 0.003321
27 44 -0.074419 0.024778 -0.040865
28 44 -0.025848 0.019680 -0.029192
29 44 0.039367 -0.002233 0.012799
30 44 0.048713 -0.009855 0.030957
31 44 0.013906 -0.001320 0.015520
32 44 -0.016880 0.007937 -0.006541
33 44 -0.021124 0.008917 -0.014215
34 44 -0.008352 0.004014 -0.008268
35 44 0.004656 -0.001035 0.000755
36 44 0.010222 -0.003371 0.005880
37 44 0.009528 -0.003328 0.006457
38 44 0.006415 -0.002297 0.004742
39 44 0.003502 -0.001273 0.002753
40 44 0.001628 -0.000598 0.001345
41 44 0.000663 -0.000245 0.000570
42 44 0.000240 -0.000089 0.000214
43 44 0.000078 -0.000029 0.000072
44 44 0.000023 -0.000009 0.000022
45 44 0.000006 -0.000002 0.000006
46 44 0.000002 -0.000001 0.000002
47 44 0.000000 -0.000000 0.000000
48 44 0.000000 -0.000000 0.000000
49 44 0.000000 0.000000 0.000000

0 45 0.000000 0.000000 0.000000
1 45 -0.004509 0.001713 -0.002311
2 45 -0.008810 0.003425 -0.002653
3 45 -0.011714 0.004542 -0.002821
4 45 -0.013769 0.005465 -0.003563
5 45 -0.011885 0.004476 -0.003379
6 45 -0.008405 0.002798 -0.003449
7 45 0.001885 -0.002426 -0.001904
8 45 0.012704 -0.008033 0.000452
9 45 0.028220 -0.015743 0.003527
10 45 0.038564 -0.020244 0.008164
11 45 0.040366 -0.018167 0.008848
12 45 0.032045 -0.008577 0.009314
13 45 0.004297 0.013321 0.001767
14 45 -0.018751 0.032213 -0.007712
15 45 -0.034651 0.040647 -0.013118
16 45 -0.027268 0.027151 -0.015224
17 45 0.013844 -0.014563 0.000874
18 45 0.034874 -0.048640 0.018257
19 45 0.022345 -0.051698 0.016255
20 45 -0.010767 -0.023859 0.003802
21 45 -0.066074 0.031674 -0.023000
22 45 -0.067820 0.065889 -0.042784
23 45 0.034918 0.029288 -0.006414
24 45 0.115908 -0.032633 0.053252
25 45 0.053695 -0.041889 0.048269
26 45 -0.066130 -0.004650 -0.017065
27 45 -0.093374 0.018169 -0.054544
28 45 -0.023547 0.006853 -0.027590
29 45 0.040434 -0.009468 0.016076
30 45 0.041426 -0.008167 0.027787
31 45 0.007054 0.004073 0.010241
32 45 -0.016575 0.011696 -0.008007
33 45 -0.015510 0.009816 -0.011486
34 45 -0.002476 0.003428 -0.004435
35 45 0.007967 -0.001696 0.003277
36 45 0.011044 -0.003611 0.006681
37 45 0.009093 -0.003253 0.006238
38 45 0.005725 -0.002128 0.004240
39 45 0.002985 -0.001133 0.002341
40 45 0.001340 -0.000516 0.001102
41 45 0.000530 -0.000206 0.000454
42 45 0.000188 -0.000073 0.000166
43 45 0.000060 -0.000024 0.000055
44 45 0.000017 -0.000007 0.000017
45 45 0.000005 -0.000002 0.000005
46 45 0.000001 -0.000000 0.000001
47 45 0.000000 -0.000000 0.000000
48 45 0.000000 -0.000000 0.000000
49 45 0.000000 0.000000 0.000000

0 46 0.000000 0.000000 0.000000
1 46 0.004183 -0.000228 -0.001181
2 46 0.008709 -0.001075 -0.000946
3 46 0.013670 -0.003126 -0.000189
4 46 0.019029 -0.006854 0.000576
5 46 0.024527 -0.012805 0.002194
6 46 0.028277 -0.020322 0.003372
7 46 0.030077 -0.029533 0.005249
8 46 0.024634 -0.036862 0.005618
9 46 0.013536 -0.041453 0.005015
10 46 -0.009429 -0.037030 0.001672
11 46 -0.037285 -0.023127 -0.005416
12 46 -0.065582 0.001012 -0.013160
13 46 -0.082671 0.030897 -0.022569
14 46 -0.067151 0.051286 -0.023491
15 46 -0.022951 0.055409 -0.014061
16 46 0.048418 0.032821 0.005887
17 46 0.111254 -0.008817 0.034290
18 46 0.108298 -0.039261 0.044494
19 46 0.041264 -0.046484 0.025983
20 46 -0.063444 -0.024369 -0.011690
21 46 -0.144641 0.019379 -0.055687
22 46 -0.097509 0.036318 -0.059374
23 46 0.054881 0.005763 0.003594
24 46 0.132741 -0.020815 0.063631
25 46 0.055220 -0.005745 0.045642
26 46 -0.054427 0.018044 -0.016889
27 46 -0.070167 0.011580 -0.042632
28 46 -0.014114 -0.012748 -0.017227
29 46 0.025480 -0.021856 0.012388
30 46 0.017624 -0.008881 0.014613
31 46 -0.006787 0.008407 -0.000173
32 46 -0.016058 0.014984 -0.009859
33 46 -0.007615 0.010712 -0.007427
34 46 0.005077 0.003171 0.000499
35 46 0.012029 -0.001943 0.006303
36 46 0.012131 -0.003531 0.007653
37 46 0.008773 -0.002995 0.006092
38 46 0.005114 -0.001878 0.003797
39 46 0.002527 -0.000967 0.001978
40 46 0.001089 -0.000427 0.000891
41 46 0.000417 -0.000166 0.000355
42 46 0.000144 -0.000058 0.000126
43 46 0.000045 -0.000018 0.000041
44 46 0.000013 -0.000005 0.000012
45 46 0.000003 -0.000001 0.000003
46 46 0.000001 -0.000000 0.000001
47 46 0.000000 -0.000000 0.000000
48 46 0.000000 -0.000000 0.000000
49 46 0.000000 0.000000 0.000000

0 47 0.000000 0.000000 0.000000
1 47 0.004798 -0.000830 -0.001188
2 47 0.009908 -0.001793 -0.000889
3 47 0.015176 -0.002773 -0.000201
4 47 0.020799 -0.003954 0.000685
5 47 0.025785 -0.004893 0.002034
6 47 0.029322 -0.005443 0.003172
7 47 0.029788 -0.005056 0.004502
8 47 0.024692 -0.002895 0.004545
9 47 0.013885 0.000565 0.003775
10 47 -0.005156 0.006258 0.000572
11 47 -0.026796 0.010809 -0.004396
12 47 -0.048220 0.013330 -0.010022
13 47 -0.058823 0.009544 -0.015366
14 47 -0.049404 -0.002251 -0.014799
15 47 -0.022436 -0.016210 -0.008942
16 47 0.020141 -0.027734 0.003138
17 47 0.053269 -0.023217 0.017205
18 47 0.053788 0.001803 0.020065
19 47 0.026811 0.029498 0.011695
20 47 -0.020202 0.043211 -0.004461
21 47 -0.053312 0.025887 -0.022124
22 47 -0.026944 -0.024860 -0.018053
23 47 0.025567 -0.060379 0.008635
24 47 0.028173 -0.031794 0.019473
25 47 -0.012427 0.029828 -0.000476
26 47 -0.026147 0.051957 -0.017088
27 47 0.003459 0.018422 -0.005949
28 47 0.027514 -0.023219 0.013203
29 47 0.014249 -0.032192 0.013442
30 47 -0.016114 -0.012927 -0.003080
31 47 -0.030441 0.008022 -0.016240
32 47 -0.020740 0.015116 -0.015098
33 47 -0.001275 0.010616 -0.004615
34 47 0.012807 0.003245 0.005331
35 47 0.016791 -0.001503 0.009662
36 47 0.013912 -0.002911 0.009040
37 47 0.008965 -0.002441 0.006294
38 47 0.004822 -0.001502 0.003590
39 47 0.002242 -0.000758 0.001752
40 47 0.000920 -0.000329 0.000750
41 47 0.000338 -0.000126 0.000286
42 47 0.000112 -0.000043 0.000098
43 47 0.000034 -0.000013 0.000031
44 47 0.000009 -0.000004 0.000009
45 47 0.000002 -0.000001 0.000002
46 47 0.000001 -0.000000 0.000001
47 47 0.000000 -0.000000 0.000000
48 47 0.000000 -0.000000 0.000000
49 47 0.000000 0.000000 0.000000

0 48 0.000000 0.000000 0.000000
1 48 -0.002741 -0.003268 0.001120
2 48 -0.005915 -0.006111 0.000932
3 48 -0.010209 -0.007829 0.000464
4 48 -0.015492 -0.007986 -0.000283
5 48 -0.022348 -0.005467 -0.001482
6 48 -0.029437 0.000117 -0.003118
7 48 -0.036380 0.009564 -0.005038
8 48 -0.040023 0.022275 -0.007147
9 48 -0.038038 0.036454 -0.008243
10 48 -0.027161 0.048995 -0.008161
11 48 -0.004720 0.053568 -0.004640
12 48 0.025547 0.046043 0.001787
13 48 0.059322 0.021590 0.011208
14 48 0.080175 -0.015822 0.020729
15 48 0.073797 -0.053691 0.023533
16 48 0.033415 -0.075757 0.016688
17 48 -0.037328 -0.061349 -0.003829
18 48 -0.098563 -0.011135 -0.030252
19 48 -0.106529 0.048373 -0.042418
20 48 -0.046290 0.082843 -0.029529
21 48 0.064262 0.057112 0.010229
22 48 0.138805 -0.021528 0.055314
23 48 0.081089 -0.077147 0.053752
24 48 -0.062071 -0.050539 -0.007655
25 48 -0.129149 0.018988 -0.061884
26 48 -0.055716 0.051088 -0.046444
27 48 0.055223 0.026007 0.013211
28 48 0.085378 -0.012562 0.046962
29 48 0.031043 -0.025464 0.028997
30 48 -0.033047 -0.013353 -0.009119
31 48 -0.053219 0.002756 -0.029483
32 48 -0.032876 0.009498 -0.023781
33 48 -0.002386 0.007466 -0.006476
34 48 0.016633 0.002755 0.007225
35 48 0.020781 -0.000523 0.012144
36 48 0.016397 -0.001630 0.010723
37 48 0.010104 -0.001451 0.007105
38 48 0.005218 -0.000911 0.003879
39 48 0.002337 -0.000464 0.001820
40 48 0.000927 -0.000202 0.000752
41 48 0.000330 -0.000077 0.000278
42 48 0.000107 -0.000026 0.000093
43 48 0.000032 -0.000008 0.000028
44 48 0.000009 -0.000002 0.000008
45 48 0.000002 -0.000001 0.000002
46 48 0.000000 -0.000000 0.000000
47 48 0.000000 -0.000000 0.000000
48 48 0.000000 -0.000000 0.000000
49 48 0.000000 0.000000 0.000000

0 49 0.000000 0.000000 0.000000
1 49 0.000000 0.000000 0.000000
2 49 0.000000 0.000000 0.000000
3 49 0.000000 0.000000 0.000000
4 49 0.000000 0.000000 0.000000
5 49 0.000000 0.000000 0.000000
6 49 0.000000 0.000000 0.000000
7 49 0.000000 0.000000 0.000000
8 49 0.000000 0.000000 0.000000
9 49 0.000000 0.000000 0.000000
10 49 0.000000 0.000000 0.000000
11 49 0.000000 0.000000 0.000000
12 49 0.000000 0.000000 0.000000
13 49 0.000000 0.000000 0.000000
14 49 0.000000 0.000000 0.000000
15 49 0.000000 0.000000 0.000000
16 49 0.000000 0.000000 0.000000
17 49 0.000000 0.000000 0.000000
18 49 0.000000 0.000000 0.000000
19 49 0.000000 0.000000 0.000000
20 49 0.000000 0.000000 0.000000
21 49 0.000000 0.000000 0.000000
22 49 0.000000 0.000000 0.000000
23 49 0.000000 0.000000 0.000000
24 49 0.000000 0.000000 0.000000
25 49 0.000000 0.000000 0.000000
26 49 0.000000 0.000000 0.000000
27 49 0.000000 0.000000 0.000000
28 49 0.000000 0.000000 0.000000
29 49 0.000000 0.000000 0.000000
30 49 0.000000 0.000000 0.000000
31 49 0.000000 0.000000 0.000000
32 49 0.000000 0.000000 0.000000
33 49 0.000000 0.000000 0.000000
34 49 0.000000 0.000000 0.000000
35 49 0.000000 0.000000 0.000000
36 49 0.000000 0.000000 0.000000
37 49 0.000000 0.000000 0.000000
38 49 0.000000 0.000000 0.000000
39 49 0.000000 0.000000 0.000000
40 49 0.000000 0.000000 0.000000
41 49 0.000000 0.000000 0.000000
42 49 0.000000 0.000000 0.000000
43 49 0.000000 0.000000 0.000000
44 49 0.000000 0.000000 0.000000
45 49 0.000000 0.000000 0.000000
46 49 0.000000 0.000000 0.000000
47 49 0.000000 0.000000 0.000000
48 49 0.000000 0.000000 0.000000
49 49 0.000000 0.000000 0.000000

