#:x y Ey Bx Bz
0 0 0.000000 0.000000 0.000000
1 0 0.000000 0.000000 0.000000
2 0 0.000000 0.000000 0.000000
3 0 0.000000 0.000000 0.000000
4 0 0.000000 0.000000 0.000000
5 0 0.000000 0.000000 0.000000
6 0 0.000000 0.000000 0.000000
7 0 0.000000 0.000000 0.000000
8 0 0.000000 0.000000 0.000000
9 0 0.000000 0.000000 0.000000
10 0 0.000000 0.000000 0.000000
11 0 0.000000 0.000000 0.000000
12 0 0.000000 0.000000 0.000000
13 0 0.000000 0.000000 0.000000
14 0 0.000000 0.000000 0.000000
15 0 0.000000 0.000000 0.000000
16 0 0.000000 0.000000 0.000000
17 0 0.000000 0.000000 0.000000
18 0 0.000000 0.000000 0.000000
19 0 0.000000 0.000000 0.000000
20 0 0.000000 0.000000 0.000000
21 0 0.000000 0.000000 0.000000
22 0 0.000000 0.000000 0.000000
23 0 0.000000 0.000000 0.000000
24 0 0.000000 0.000000 0.000000
25 0 0.000000 0.000000 0.000000
26 0 0.000000 0.000000 0.000000
27 0 0.000000 0.000000 0.000000
28 0 0.000000 0.000000 0.000000
29 0 0.000000 0.000000 0.000000
30 0 0.000000 0.000000 0.000000
31 0 0.000000 0.000000 0.000000
32 0 0.000000 0.000000 0.000000
33 0 0.000000 0.000000 0.000000
34 0 0.000000 0.000000 0.000000
35 0 0.000000 0.000000 0.000000
36 0 0.000000 0.000000 0.000000
37 0 0.000000 0.000000 0.000000
38 0 0.000000 0.000000 0.000000
39 0 0.000000 0.000000 0.000000
40 0 0.000000 0.000000 0.000000
41 0 0.000000 0.000000 0.000000
42 0 0.000000 0.000000 0.000000
43 0 0.000000 0.000000 0.000000
44 0 0.000000 0.000000 0.000000
45 0 0.000000 0.000000 0.000000
46 0 0.000000 0.000000 0.000000
47 0 0.000000 0.000000 0.000000
48 0 0.000000 0.000000 0.000000
49 0 0.000000 0.000000 0.000000

0 1 0.000000 0.000000 0.000000
1 1 0.082146 -0.017933 0.002548
2 1 0.072989 -0.019545 0.004479
3 1 0.064476 -0.020338 0.006235
4 1 0.057330 -0.020197 0.007462
5 1 0.050733 -0.019585 0.008192
6 1 0.046166 -0.019307 0.009483
7 1 0.043550 -0.018588 0.010314
8 1 0.040737 -0.017834 0.010704
9 1 0.039911 -0.018009 0.012340
10 1 0.041374 -0.017723 0.013842
11 1 0.041680 -0.016802 0.014463
12 1 0.042860 -0.016866 0.016568
13 1 0.047261 -0.016930 0.019498
14 1 0.050834 -0.015625 0.021026
15 1 0.052994 -0.014598 0.023058
16 1 0.058138 -0.014630 0.027037
17 1 0.064814 -0.013845 0.030361
18 1 0.068847 -0.011959 0.032373
19 1 0.072570 -0.010783 0.035629
20 1 0.079000 -0.010460 0.039960
21 1 0.085145 -0.009543 0.042953
22 1 0.088640 -0.007863 0.045033
23 1 0.091991 -0.006366 0.047949
24 1 0.096248 -0.005335 0.050754
25 1 0.098844 -0.004515 0.051948
26 1 0.099401 -0.003787 0.052639
27 1 0.100343 -0.002777 0.053995
28 1 0.101161 -0.000935 0.054395
29 1 0.098386 0.001415 0.052108
30 1 0.091747 0.003081 0.048476
31 1 0.085041 0.003473 0.045739
32 1 0.080038 0.003306 0.043363
33 1 0.073853 0.003486 0.039076
34 1 0.063751 0.003979 0.032695
35 1 0.051109 0.004181 0.026730
36 1 0.038236 0.003937 0.023421
37 1 0.023110 0.003654 0.023104
38 1 0.000066 0.003630 0.025569
39 1 -0.033177 0.003841 0.030299
40 1 -0.068871 0.004385 0.033247
41 1 -0.090606 0.005460 0.026103
42 1 -0.086419 0.006569 0.004607
43 1 -0.064378 0.006661 -0.023111
44 1 -0.046565 0.005822 -0.045827
45 1 -0.038835 0.005335 -0.065458
46 1 -0.024736 0.004892 -0.087318
47 1 -0.003525 0.002958 -0.101663
48 1 0.004229 0.000750 -0.102451
49 1 0.000000 0.000000 0.000000

0 2 0.000000 0.000000 0.000000
1 2 0.071233 -0.029827 0.002225
2 2 0.065252 -0.032491 0.004084
3 2 0.059725 -0.035138 0.005404
4 2 0.054572 -0.037555 0.006694
5 2 0.050108 -0.039273 0.007683
6 2 0.045241 -0.040373 0.008127
7 2 0.041002 -0.040680 0.008991
8 2 0.038461 -0.040024 0.009914
9 2 0.036056 -0.038859 0.010317
10 2 0.034425 -0.037241 0.011339
11 2 0.035352 -0.035185 0.013115
12 2 0.037210 -0.033068 0.014513
13 2 0.038784 -0.030795 0.015984
14 2 0.042001 -0.028423 0.018570
15 2 0.047278 -0.026386 0.021614
16 2 0.052232 -0.024230 0.024098
17 2 0.056193 -0.021578 0.026572
18 2 0.061238 -0.019387 0.030068
19 2 0.068053 -0.017864 0.034099
20 2 0.074177 -0.015581 0.037211
21 2 0.077812 -0.012431 0.039333
22 2 0.080879 -0.010220 0.041993
23 2 0.085821 -0.009205 0.045647
24 2 0.091165 -0.007436 0.048577
25 2 0.093416 -0.004271 0.049443
26 2 0.092294 -0.001503 0.049242
27 2 0.090800 -0.000374 0.049502
28 2 0.090554 0.000014 0.049988
29 2 0.090154 0.000782 0.049538
30 2 0.088132 0.001788 0.048001
31 2 0.084710 0.002713 0.045898
32 2 0.080004 0.004029 0.042930
33 2 0.072841 0.006042 0.038284
34 2 0.062554 0.007951 0.032301
35 2 0.050343 0.008704 0.026724
36 2 0.037238 0.008323 0.023229
37 2 0.021208 0.007699 0.022607
38 2 -0.002019 0.007426 0.025200
39 2 -0.033807 0.007584 0.030166
40 2 -0.067224 0.008521 0.032865
41 2 -0.087837 0.010647 0.025367
42 2 -0.084923 0.012926 0.004326
43 2 -0.065136 0.013226 -0.022491
44 2 -0.047439 0.011591 -0.045037
45 2 -0.037626 0.010453 -0.064621
46 2 -0.023160 0.009481 -0.085458
47 2 -0.003821 0.005896 -0.099580
48 2 0.003726 0.001673 -0.101701
49 2 0.000000 0.000000 0.000000

0 3 0.000000 0.000000 0.000000
1 3 0.060331 -0.046169 0.001686
2 3 0.052437 -0.050085 0.003080
3 3 0.045122 -0.052456 0.003835
4 3 0.038630 -0.053809 0.004494
5 3 0.034436 -0.054329 0.005304
6 3 0.031324 -0.053968 0.005445
7 3 0.029044 -0.053473 0.006022
8 3 0.029211 -0.052793 0.007161
9 3 0.029704 -0.051462 0.007591
10 3 0.029990 -0.050079 0.008548
11 3 0.032410 -0.048807 0.010499
12 3 0.035214 -0.046936 0.011800
13 3 0.037027 -0.044608 0.013241
14 3 0.040517 -0.042478 0.016024
15 3 0.045244 -0.040266 0.018570
16 3 0.048682 -0.037404 0.020548
17 3 0.052606 -0.034271 0.023702
18 3 0.058519 -0.031506 0.027447
19 3 0.063662 -0.028791 0.030088
20 3 0.067265 -0.025484 0.032660
21 3 0.072209 -0.021938 0.036504
22 3 0.078406 -0.018926 0.040158
23 3 0.082538 -0.016185 0.042185
24 3 0.084394 -0.012942 0.043780
25 3 0.086889 -0.009449 0.046228
26 3 0.090505 -0.006562 0.048583
27 3 0.092674 -0.004115 0.049455
28 3 0.091922 -0.001148 0.048948
29 3 0.089065 0.002369 0.047718
30 3 0.084875 0.005369 0.045699
31 3 0.079204 0.007301 0.042639
32 3 0.072235 0.008802 0.038891
33 3 0.064740 0.010471 0.034952
34 3 0.056861 0.011889 0.030849
35 3 0.047547 0.012355 0.026595
36 3 0.035200 0.011966 0.023084
37 3 0.018131 0.011390 0.022079
38 3 -0.005225 0.011002 0.024868
39 3 -0.034502 0.011019 0.030027
40 3 -0.064032 0.012270 0.032021
41 3 -0.082709 0.015428 0.023814
42 3 -0.082019 0.018907 0.003750
43 3 -0.066241 0.019558 -0.021203
44 3 -0.048827 0.017212 -0.043331
45 3 -0.035350 0.015184 -0.062920
46 3 -0.020246 0.013536 -0.082016
47 3 -0.004391 0.008786 -0.095630
48 3 0.002633 0.002909 -0.100028
49 3 0.000000 0.000000 0.000000

0 4 0.000000 0.000000 0.000000
1 4 0.038671 -0.056564 0.000932
2 4 0.033756 -0.061225 0.001572
3 4 0.029606 -0.064281 0.002005
4 4 0.025893 -0.066012 0.002093
5 4 0.022750 -0.066811 0.002266
6 4 0.020620 -0.066822 0.002433
7 4 0.018978 -0.066236 0.002528
8 4 0.017953 -0.065151 0.002852
9 4 0.017793 -0.063699 0.003337
10 4 0.018507 -0.061986 0.004178
11 4 0.020019 -0.059724 0.005243
12 4 0.021678 -0.057122 0.006264
13 4 0.024191 -0.054679 0.008083
14 4 0.028403 -0.051804 0.010560
15 4 0.032234 -0.048137 0.012325
16 4 0.035146 -0.044746 0.014329
17 4 0.040262 -0.041831 0.018056
18 4 0.046995 -0.038073 0.021595
19 4 0.051114 -0.033476 0.023428
20 4 0.053857 -0.029607 0.026010
21 4 0.059790 -0.026578 0.030628
22 4 0.066954 -0.022823 0.034320
23 4 0.070148 -0.017962 0.035549
24 4 0.070822 -0.013441 0.037042
25 4 0.073909 -0.010202 0.040327
26 4 0.078450 -0.007453 0.042898
27 4 0.079726 -0.004004 0.042915
28 4 0.077625 0.000210 0.042129
29 4 0.075858 0.004268 0.042237
30 4 0.074948 0.007410 0.041928
31 4 0.071848 0.009692 0.039482
32 4 0.065611 0.011630 0.035716
33 4 0.058716 0.013454 0.032441
34 4 0.052489 0.014904 0.029638
35 4 0.044568 0.015678 0.026137
36 4 0.031810 0.015783 0.022484
37 4 0.013430 0.015373 0.021392
38 4 -0.009524 0.014609 0.024645
39 4 -0.035323 0.014171 0.029807
40 4 -0.059911 0.015577 0.030546
41 4 -0.075977 0.019668 0.021404
42 4 -0.077744 0.024265 0.002943
43 4 -0.066865 0.025380 -0.019167
44 4 -0.050065 0.022509 -0.040540
45 4 -0.032301 0.019430 -0.060327
46 4 -0.016463 0.016952 -0.077459
47 4 -0.005163 0.011579 -0.090189
48 4 0.000891 0.004524 -0.097118
49 4 0.000000 0.000000 0.000000

0 5 0.000000 0.000000 0.000000
1 5 0.012928 -0.060434 0.000032
2 5 0.011513 -0.065825 -0.000174
3 5 0.010397 -0.070354 -0.000417
4 5 0.009281 -0.073808 -0.000827
5 5 0.007877 -0.075919 -0.001228
6 5 0.006601 -0.076739 -0.001533
7 5 0.005457 -0.076484 -0.001854
8 5 0.004762 -0.075066 -0.001857
9 5 0.004767 -0.072780 -0.001725
10 5 0.005110 -0.070232 -0.001478
11 5 0.006442 -0.067198 -0.000570
12 5 0.008832 -0.063574 0.000559
13 5 0.011144 -0.060092 0.001610
14 5 0.014012 -0.056688 0.003413
15 5 0.018313 -0.052710 0.005822
16 5 0.022697 -0.048568 0.007985
17 5 0.026543 -0.044726 0.010309
18 5 0.031039 -0.040631 0.013297
19 5 0.036311 -0.036135 0.016470
20 5 0.041497 -0.031785 0.019602
21 5 0.046274 -0.027386 0.022687
22 5 0.050213 -0.022509 0.025274
23 5 0.053409 -0.017825 0.027694
24 5 0.057486 -0.013916 0.030967
25 5 0.062563 -0.009849 0.034279
26 5 0.065254 -0.004736 0.035412
27 5 0.063581 0.000360 0.034578
28 5 0.061136 0.003741 0.034629
29 5 0.062091 0.005492 0.036511
30 5 0.064613 0.007248 0.037582
31 5 0.063593 0.010001 0.035669
32 5 0.058109 0.013233 0.032168
33 5 0.051820 0.016003 0.029493
34 5 0.046501 0.018000 0.027510
35 5 0.039150 0.019330 0.024629
36 5 0.026201 0.019878 0.021462
37 5 0.007701 0.019324 0.021092
38 5 -0.013782 0.017863 0.024975
39 5 -0.035756 0.016864 0.029552
40 5 -0.055306 0.018439 0.028366
41 5 -0.068334 0.023314 0.018243
42 5 -0.072003 0.028757 0.002046
43 5 -0.065993 0.030345 -0.016384
44 5 -0.050419 0.027262 -0.036624
45 5 -0.028952 0.023202 -0.056855
46 5 -0.012487 0.019774 -0.072287
47 5 -0.005964 0.014193 -0.083694
48 5 -0.001350 0.006457 -0.092595
49 5 0.000000 0.000000 0.000000

0 6 0.000000 0.000000 0.000000
1 6 -0.011648 -0.067303 -0.000987
2 6 -0.014124 -0.071566 -0.002131
3 6 -0.015548 -0.073988 -0.003265
4 6 -0.015927 -0.075153 -0.004489
5 6 -0.015215 -0.075671 -0.005367
6 6 -0.013238 -0.075542 -0.005985
7 6 -0.011332 -0.075087 -0.006790
8 6 -0.009310 -0.074642 -0.006926
9 6 -0.006365 -0.073643 -0.006643
10 6 -0.004369 -0.072075 -0.006883
11 6 -0.003041 -0.070467 -0.006455
12 6 -0.000210 -0.068379 -0.005102
13 6 0.002428 -0.065409 -0.004366
14 6 0.003724 -0.062132 -0.003542
15 6 0.006405 -0.058812 -0.001350
16 6 0.010578 -0.055003 0.000928
17 6 0.013683 -0.050549 0.002585
18 6 0.016527 -0.045868 0.004982
19 6 0.021032 -0.041374 0.008237
20 6 0.025962 -0.036915 0.011137
21 6 0.030009 -0.031936 0.013804
22 6 0.034190 -0.026498 0.016973
23 6 0.038945 -0.021471 0.020206
24 6 0.043167 -0.017136 0.022885
25 6 0.046504 -0.012625 0.025265
26 6 0.049647 -0.007486 0.027632
27 6 0.052846 -0.002580 0.029840
28 6 0.055709 0.001463 0.031692
29 6 0.057350 0.005463 0.032667
30 6 0.056257 0.010322 0.031862
31 6 0.051729 0.015310 0.029323
32 6 0.045650 0.018860 0.026656
33 6 0.040853 0.020596 0.025176
34 6 0.037218 0.021566 0.024175
35 6 0.031128 0.022574 0.022381
36 6 0.019400 0.023118 0.020690
37 6 0.002402 0.022279 0.021744
38 6 -0.017023 0.020308 0.025972
39 6 -0.035761 0.019120 0.029091
40 6 -0.050850 0.021026 0.025490
41 6 -0.060337 0.026368 0.014657
42 6 -0.064575 0.032129 0.001289
43 6 -0.062667 0.034083 -0.013014
44 6 -0.049274 0.031251 -0.031793
45 6 -0.025868 0.026593 -0.052571
46 6 -0.009064 0.022162 -0.066836
47 6 -0.006482 0.016495 -0.076520
48 6 -0.003598 0.008491 -0.086137
49 6 0.000000 0.000000 0.000000

0 7 0.000000 0.000000 0.000000
1 7 -0.037562 -0.064418 -0.001971
2 7 -0.035110 -0.068814 -0.003992
3 7 -0.032680 -0.071974 -0.005730
4 7 -0.030448 -0.073884 -0.007462
5 7 -0.029181 -0.074912 -0.009156
6 7 -0.027874 -0.075215 -0.010231
7 7 -0.026499 -0.074581 -0.011404
8 7 -0.025985 -0.073437 -0.012543
9 7 -0.024835 -0.071986 -0.012848
10 7 -0.022917 -0.069940 -0.013125
11 7 -0.021574 -0.067496 -0.013431
12 7 -0.019767 -0.064891 -0.012934
13 7 -0.017016 -0.062018 -0.012161
14 7 -0.014346 -0.058816 -0.011301
15 7 -0.011356 -0.055212 -0.009790
16 7 -0.007942 -0.051300 -0.008137
17 7 -0.004758 -0.047398 -0.006410
18 7 -0.000728 -0.043297 -0.003676
19 7 0.004375 -0.038493 -0.000654
20 7 0.008236 -0.033322 0.001408
21 7 0.011008 -0.028531 0.003766
22 7 0.015789 -0.023958 0.007732
23 7 0.022090 -0.018841 0.011571
24 7 0.025969 -0.013108 0.013540
25 7 0.027167 -0.007504 0.015061
26 7 0.029385 -0.002709 0.017901
27 7 0.033545 0.001316 0.021005
28 7 0.036535 0.005269 0.022499
29 7 0.036581 0.009787 0.022598
30 7 0.035419 0.014539 0.022681
31 7 0.034957 0.018346 0.023079
32 7 0.034873 0.020521 0.023146
33 7 0.033758 0.021783 0.022511
34 7 0.030444 0.023314 0.021345
35 7 0.023836 0.025136 0.020220
36 7 0.012929 0.025968 0.020363
37 7 -0.002263 0.024831 0.022998
38 7 -0.019890 0.022516 0.027053
39 7 -0.036191 0.021358 0.028124
40 7 -0.047090 0.023458 0.022213
41 7 -0.052078 0.028655 0.011259
42 7 -0.055125 0.034066 0.000932
43 7 -0.056272 0.036285 -0.009436
44 7 -0.046290 0.034307 -0.026542
45 7 -0.023500 0.029708 -0.047569
46 7 -0.006775 0.024306 -0.061123
47 7 -0.006298 0.018311 -0.068877
48 7 -0.005039 0.010266 -0.077646
49 7 0.000000 0.000000 0.000000

0 8 0.000000 0.000000 0.000000
1 8 -0.061232 -0.057312 -0.002901
2 8 -0.056416 -0.061540 -0.005705
3 8 -0.052170 -0.064779 -0.008246
4 8 -0.048154 -0.066956 -0.010355
5 8 -0.044861 -0.067993 -0.012492
6 8 -0.042435 -0.068181 -0.014223
7 8 -0.039927 -0.067744 -0.015537
8 8 -0.037939 -0.066728 -0.016912
9 8 -0.036509 -0.065258 -0.017896
10 8 -0.034925 -0.063595 -0.018558
11 8 -0.033531 -0.061811 -0.019118
12 8 -0.032094 -0.059568 -0.019176
13 8 -0.030495 -0.056909 -0.019081
14 8 -0.029217 -0.054310 -0.018885
15 8 -0.027275 -0.051470 -0.017798
16 8 -0.024330 -0.047814 -0.016350
17 8 -0.022003 -0.043821 -0.015299
18 8 -0.019877 -0.040020 -0.013583
19 8 -0.016038 -0.035887 -0.010753
20 8 -0.011475 -0.031037 -0.008118
21 8 -0.007930 -0.025981 -0.005839
22 8 -0.004335 -0.021037 -0.002850
23 8 0.000227 -0.015986 0.000478
24 8 0.004528 -0.010879 0.003271
25 8 0.008507 -0.005965 0.006289
26 8 0.013481 -0.001006 0.010033
27 8 0.018172 0.004324 0.012854
28 8 0.019749 0.009589 0.013619
29 8 0.019127 0.013866 0.014089
30 8 0.020390 0.016767 0.016253
31 8 0.024469 0.018799 0.019049
32 8 0.027456 0.020847 0.019933
33 8 0.025952 0.023444 0.018565
34 8 0.020785 0.026296 0.017114
35 8 0.014198 0.028338 0.017605
36 8 0.005797 0.028485 0.020412
37 8 -0.006616 0.026664 0.024637
38 8 -0.022597 0.024247 0.028039
39 8 -0.036878 0.023363 0.026941
40 8 -0.043420 0.025422 0.019286
41 8 -0.043001 0.029867 0.008746
42 8 -0.043532 0.034429 0.001051
43 8 -0.046922 0.036922 -0.006259
44 8 -0.041494 0.036381 -0.021548
45 8 -0.021918 0.032560 -0.041914
46 8 -0.005764 0.026296 -0.054803
47 8 -0.005001 0.019464 -0.060769
48 8 -0.004788 0.011372 -0.067380
49 8 0.000000 0.000000 0.000000

0 9 0.000000 0.000000 0.000000
1 9 -0.081640 -0.050043 -0.003738
2 9 -0.076681 -0.050707 -0.007163
3 9 -0.070958 -0.050951 -0.010250
4 9 -0.064879 -0.051250 -0.012848
5 9 -0.058984 -0.051920 -0.015157
6 9 -0.053844 -0.052823 -0.017082
7 9 -0.049615 -0.053674 -0.018771
8 9 -0.046815 -0.054558 -0.020474
9 9 -0.044872 -0.055185 -0.021668
10 9 -0.043361 -0.055038 -0.022774
11 9 -0.043263 -0.054441 -0.024199
12 9 -0.043449 -0.053590 -0.024848
13 9 -0.042547 -0.051915 -0.024946
14 9 -0.042282 -0.049466 -0.025588
15 9 -0.042726 -0.046846 -0.025735
16 9 -0.041456 -0.043961 -0.024615
17 9 -0.039089 -0.040429 -0.023513
18 9 -0.037532 -0.036375 -0.022618
19 9 -0.035643 -0.032105 -0.020793
20 9 -0.032236 -0.027814 -0.018280
21 9 -0.028356 -0.023499 -0.015791
22 9 -0.024371 -0.018809 -0.012903
23 9 -0.019778 -0.013602 -0.009585
24 9 -0.015295 -0.008514 -0.006604
25 9 -0.011338 -0.004149 -0.003703
26 9 -0.006655 -0.000113 -0.000075
27 9 -0.000940 0.004262 0.003701
28 9 0.004196 0.008778 0.006619
29 9 0.008241 0.012822 0.009184
30 9 0.012374 0.016499 0.012113
31 9 0.016037 0.020450 0.014249
32 9 0.016449 0.024698 0.014070
33 9 0.012883 0.028339 0.012602
34 9 0.008339 0.030397 0.012783
35 9 0.005047 0.030591 0.016115
36 9 0.000429 0.029306 0.021414
37 9 -0.009889 0.027268 0.026420
38 9 -0.025131 0.025458 0.028793
39 9 -0.037402 0.025018 0.025978
40 9 -0.039037 0.026651 0.017391
41 9 -0.032797 0.029882 0.007465
42 9 -0.030411 0.033406 0.001412
43 9 -0.035507 0.036255 -0.004105
44 9 -0.035042 0.037450 -0.017369
45 9 -0.020485 0.034907 -0.035588
46 9 -0.005521 0.028004 -0.047320
47 9 -0.002393 0.019855 -0.052061
48 9 -0.002325 0.011529 -0.056008
49 9 0.000000 0.000000 0.000000

0 10 0.000000 0.000000 0.000000
1 10 -0.088761 -0.036849 -0.004167
2 10 -0.081057 -0.037845 -0.007901
3 10 -0.074882 -0.038499 -0.011212
4 10 -0.069924 -0.038783 -0.014003
5 10 -0.066282 -0.038726 -0.016762
6 10 -0.063877 -0.038733 -0.019189
7 10 -0.061449 -0.038667 -0.021112
8 10 -0.059715 -0.038442 -0.023380
9 10 -0.059005 -0.038494 -0.025383
10 10 -0.057633 -0.038628 -0.026671
11 10 -0.056465 -0.038432 -0.028325
12 10 -0.056548 -0.038094 -0.029919
13 10 -0.056130 -0.037676 -0.030605
14 10 -0.055123 -0.036866 -0.031216
15 10 -0.054759 -0.035475 -0.031800
16 10 -0.054172 -0.033518 -0.031597
17 10 -0.052892 -0.031217 -0.031064
18 10 -0.051519 -0.028682 -0.030287
19 10 -0.049236 -0.025539 -0.028488
20 10 -0.045854 -0.021582 -0.026269
21 10 -0.043050 -0.017357 -0.024507
22 10 -0.040478 -0.013324 -0.022130
23 10 -0.035861 -0.009160 -0.018294
24 10 -0.029781 -0.004462 -0.014382
25 10 -0.024986 0.000622 -0.011476
26 10 -0.021605 0.005729 -0.008640
27 10 -0.017701 0.010542 -0.005146
28 10 -0.013126 0.014728 -0.001772
29 10 -0.009149 0.018242 0.000944
30 10 -0.005878 0.021568 0.003438
31 10 -0.002856 0.025066 0.005737
32 10 -0.000607 0.028205 0.007340
33 10 0.000526 0.030007 0.008800
34 10 0.001363 0.030218 0.011716
35 10 0.001553 0.029543 0.016713
36 10 -0.002320 0.028726 0.022592
37 10 -0.013329 0.027863 0.027454
38 10 -0.028234 0.026876 0.029271
39 10 -0.037250 0.026272 0.025808
40 10 -0.033185 0.026851 0.016951
41 10 -0.021634 0.028732 0.007306
42 10 -0.016949 0.031419 0.001639
43 10 -0.023202 0.034658 -0.003252
44 10 -0.026851 0.037387 -0.014158
45 10 -0.017814 0.036217 -0.028548
46 10 -0.004974 0.029091 -0.038253
47 10 0.001279 0.019560 -0.042639
48 10 0.002060 0.010779 -0.044479
49 10 0.000000 0.000000 0.000000

0 11 0.000000 0.000000 0.000000
1 11 -0.094759 -0.020638 -0.004374
2 11 -0.085866 -0.020136 -0.008067
3 11 -0.078162 -0.019686 -0.011393
4 11 -0.071784 -0.019587 -0.014088
5 11 -0.066394 -0.019812 -0.016531
6 11 -0.062981 -0.020356 -0.019140
7 11 -0.060984 -0.021352 -0.021342
8 11 -0.059739 -0.022578 -0.023605
9 11 -0.060112 -0.023747 -0.026189
10 11 -0.061391 -0.024805 -0.028467
11 11 -0.062863 -0.025781 -0.030742
12 11 -0.064866 -0.026452 -0.033000
13 11 -0.066781 -0.026458 -0.034782
14 11 -0.068592 -0.025986 -0.036553
15 11 -0.070544 -0.025383 -0.038032
16 11 -0.071272 -0.024235 -0.038396
17 11 -0.070880 -0.022159 -0.038493
18 11 -0.071098 -0.019679 -0.038833
19 11 -0.070847 -0.017210 -0.038030
20 11 -0.068194 -0.014353 -0.035888
21 11 -0.064629 -0.010819 -0.033872
22 11 -0.061803 -0.006906 -0.031911
23 11 -0.058327 -0.002923 -0.028877
24 11 -0.053321 0.000998 -0.025239
25 11 -0.048079 0.004743 -0.021849
26 11 -0.042669 0.008404 -0.017984
27 11 -0.035823 0.012282 -0.013168
28 11 -0.028467 0.016395 -0.008747
29 11 -0.022994 0.020325 -0.005720
30 11 -0.019230 0.023663 -0.003036
31 11 -0.014761 0.026225 0.000520
32 11 -0.008924 0.027887 0.004485
33 11 -0.003683 0.028671 0.007988
34 11 -0.001042 0.029000 0.011480
35 11 -0.002090 0.029385 0.016089
36 11 -0.008086 0.029711 0.021980
37 11 -0.019231 0.029245 0.027742
38 11 -0.031028 0.027700 0.030535
39 11 -0.034608 0.026007 0.027252
40 11 -0.025094 0.025538 0.017924
41 11 -0.010215 0.026696 0.007734
42 11 -0.004491 0.029044 0.001486
43 11 -0.010858 0.032438 -0.003378
44 11 -0.016436 0.035927 -0.011586
45 11 -0.012206 0.035825 -0.020907
46 11 -0.002916 0.029152 -0.027731
47 11 0.005247 0.018881 -0.032594
48 11 0.007113 0.009569 -0.033700
49 11 0.000000 0.000000 0.000000

0 12 0.000000 0.000000 0.000000
1 12 -0.092945 -0.000876 -0.004159
2 12 -0.083000 0.002181 -0.007478
3 12 -0.074005 0.003405 -0.010271
4 12 -0.066903 0.003061 -0.012705
5 12 -0.061762 0.001503 -0.014934
6 12 -0.058770 -0.000855 -0.017324
7 12 -0.057707 -0.003399 -0.019735
8 12 -0.058214 -0.005893 -0.022469
9 12 -0.060243 -0.008417 -0.025456
10 12 -0.062692 -0.010549 -0.028172
11 12 -0.065587 -0.012042 -0.031262
12 12 -0.069630 -0.013351 -0.034574
13 12 -0.073095 -0.014418 -0.036973
14 12 -0.075467 -0.014708 -0.039174
15 12 -0.078616 -0.014389 -0.041775
16 12 -0.081652 -0.013871 -0.043405
17 12 -0.082612 -0.012989 -0.043880
18 12 -0.082727 -0.011468 -0.044340
19 12 -0.083002 -0.009330 -0.044364
20 12 -0.082102 -0.006772 -0.043227
21 12 -0.079850 -0.004104 -0.041587
22 12 -0.077011 -0.001424 -0.039518
23 12 -0.072827 0.001646 -0.036261
24 12 -0.067171 0.005336 -0.032437
25 12 -0.061890 0.009141 -0.029162
26 12 -0.057280 0.012432 -0.025718
27 12 -0.051246 0.015220 -0.021005
28 12 -0.043365 0.017828 -0.015847
29 12 -0.035676 0.020291 -0.011455
30 12 -0.028815 0.022491 -0.007244
31 12 -0.021340 0.024523 -0.002273
32 12 -0.013444 0.026554 0.002629
33 12 -0.007971 0.028531 0.006173
34 12 -0.006986 0.030191 0.009138
35 12 -0.009917 0.031133 0.013885
36 12 -0.015603 0.030822 0.021441
37 12 -0.023250 0.028936 0.029637
38 12 -0.029629 0.026059 0.033830
39 12 -0.028200 0.023755 0.030039
40 12 -0.015820 0.023339 0.019266
41 12 -0.000220 0.024651 0.008013
42 12 0.006018 0.026761 0.001190
43 12 0.001535 0.029558 -0.003529
44 12 -0.003085 0.032700 -0.009047
45 12 -0.002455 0.033247 -0.013154
46 12 0.001405 0.027946 -0.016656
47 12 0.008461 0.018249 -0.022308
48 12 0.011010 0.008617 -0.024131
49 12 0.000000 0.000000 0.000000

0 13 0.000000 0.000000 0.000000
1 13 -0.074265 0.013931 -0.003323
2 13 -0.067425 0.018230 -0.005829
3 13 -0.062514 0.021255 -0.007976
4 13 -0.059093 0.022739 -0.009839
5 13 -0.056530 0.022851 -0.011738
6 13 -0.055414 0.021584 -0.014180
7 13 -0.055309 0.018986 -0.016582
8 13 -0.055577 0.015720 -0.019290
9 13 -0.057625 0.012094 -0.022865
10 13 -0.060854 0.008117 -0.026248
11 13 -0.063862 0.004306 -0.029536
12 13 -0.067961 0.001089 -0.033494
13 13 -0.073048 -0.001588 -0.037157
14 13 -0.077365 -0.003792 -0.040171
15 13 -0.081326 -0.005378 -0.043185
16 13 -0.085220 -0.006096 -0.045656
17 13 -0.088086 -0.005967 -0.047285
18 13 -0.090260 -0.005442 -0.048651
19 13 -0.091694 -0.004686 -0.049136
20 13 -0.090959 -0.003246 -0.048111
21 13 -0.088711 -0.000967 -0.046714
22 13 -0.086802 0.001592 -0.045413
23 13 -0.084125 0.004021 -0.042836
24 13 -0.078711 0.006497 -0.038694
25 13 -0.071699 0.009254 -0.034372
26 13 -0.064958 0.012319 -0.030190
27 13 -0.057984 0.015692 -0.025328
28 13 -0.050223 0.019207 -0.020136
29 13 -0.042982 0.022401 -0.015662
30 13 -0.036844 0.024950 -0.011550
31 13 -0.030440 0.027028 -0.006803
32 13 -0.023443 0.028924 -0.001851
33 13 -0.017980 0.030466 0.002330
34 13 -0.015719 0.031097 0.006686
35 13 -0.015958 0.030379 0.013664
36 13 -0.017730 0.028298 0.023870
37 13 -0.021081 0.025345 0.033916
38 13 -0.024022 0.022562 0.037978
39 13 -0.020827 0.021195 0.032360
40 13 -0.008199 0.021675 0.019854
41 13 0.007380 0.023046 0.008241
42 13 0.015372 0.024200 0.001776
43 13 0.015064 0.025490 -0.002528
44 13 0.013491 0.027534 -0.006167
45 13 0.011247 0.028588 -0.006239
46 13 0.007861 0.025588 -0.006529
47 13 0.010177 0.017986 -0.012363
48 13 0.012267 0.008531 -0.015514
49 13 0.000000 0.000000 0.000000

0 14 0.000000 0.000000 0.000000
1 14 -0.053039 0.033888 -0.001989
2 14 -0.044895 0.038598 -0.003024
3 14 -0.039197 0.040959 -0.003815
4 14 -0.036512 0.041161 -0.004830
5 14 -0.036048 0.039552 -0.006024
6 14 -0.037628 0.036802 -0.008137
7 14 -0.041528 0.033368 -0.011015
8 14 -0.046375 0.029465 -0.014253
9 14 -0.051980 0.025430 -0.018303
10 14 -0.058511 0.021650 -0.022741
11 14 -0.065083 0.018161 -0.027269
12 14 -0.071757 0.014785 -0.032101
13 14 -0.078183 0.011812 -0.036542
14 14 -0.083724 0.009632 -0.040595
15 14 -0.089365 0.007927 -0.044835
16 14 -0.094693 0.006389 -0.048225
17 14 -0.097845 0.005460 -0.050209
18 14 -0.099856 0.005447 -0.052057
19 14 -0.102295 0.005956 -0.053685
20 14 -0.103390 0.006657 -0.053674
21 14 -0.101844 0.007659 -0.052392
22 14 -0.099279 0.009133 -0.050888
23 14 -0.096310 0.011146 -0.048602
24 14 -0.091870 0.013584 -0.045136
25 14 -0.086439 0.016020 -0.041445
26 14 -0.080985 0.018048 -0.037640
27 14 -0.074294 0.019769 -0.032602
28 14 -0.065262 0.021549 -0.026477
29 14 -0.055563 0.023439 -0.020762
30 14 -0.047049 0.025208 -0.015770
31 14 -0.039008 0.026715 -0.010426
32 14 -0.030352 0.027857 -0.004461
33 14 -0.022253 0.028308 0.001474
34 14 -0.016618 0.027696 0.007919
35 14 -0.013896 0.026031 0.016687
36 14 -0.013962 0.023783 0.027894
37 14 -0.016797 0.021608 0.037776
38 14 -0.019712 0.020155 0.040489
39 14 -0.016250 0.019856 0.033240
40 14 -0.002756 0.020415 0.020290
41 14 0.014603 0.020748 0.009752
42 14 0.026033 0.020236 0.004372
43 14 0.030609 0.019898 0.000071
44 14 0.032061 0.021018 -0.003302
45 14 0.026928 0.022764 -0.001306
46 14 0.015596 0.022491 0.001201
47 14 0.010691 0.017967 -0.003280
48 14 0.010777 0.009343 -0.006982
49 14 0.000000 0.000000 0.000000

0 15 0.000000 0.000000 0.000000
1 15 -0.025041 0.054443 0.000029
2 15 -0.017978 0.058241 0.000856
3 15 -0.014235 0.059029 0.001720
4 15 -0.013564 0.057593 0.001947
5 15 -0.015374 0.054747 0.001341
6 15 -0.019168 0.050878 -0.000458
7 15 -0.024547 0.046358 -0.003212
8 15 -0.030776 0.041757 -0.006800
9 15 -0.038307 0.037086 -0.011565
10 15 -0.046681 0.032273 -0.016625
11 15 -0.054576 0.027853 -0.021732
12 15 -0.063113 0.024014 -0.027684
13 15 -0.072412 0.020411 -0.033497
14 15 -0.080263 0.017165 -0.038332
15 15 -0.087133 0.014676 -0.043217
16 15 -0.094371 0.012920 -0.047942
17 15 -0.100428 0.011628 -0.051341
18 15 -0.104439 0.010674 -0.053845
19 15 -0.107413 0.010187 -0.055781
20 15 -0.108973 0.010436 -0.056374
21 15 -0.108641 0.011338 -0.055927
22 15 -0.107522 0.012360 -0.055145
23 15 -0.105287 0.013250 -0.053110
24 15 -0.100147 0.014367 -0.049175
25 15 -0.092854 0.016016 -0.044677
26 15 -0.085801 0.017993 -0.040491
27 15 -0.078813 0.019941 -0.035624
28 15 -0.070230 0.021649 -0.029616
29 15 -0.060560 0.022927 -0.023587
30 15 -0.051272 0.023629 -0.017975
31 15 -0.041802 0.023858 -0.011745
32 15 -0.031060 0.023839 -0.004474
33 15 -0.020499 0.023601 0.002967
34 15 -0.013097 0.023005 0.010473
35 15 -0.010343 0.022042 0.019464
36 15 -0.011843 0.020899 0.030273
37 15 -0.015982 0.019771 0.039539
38 15 -0.018470 0.018818 0.041712
39 15 -0.012555 0.018140 0.034447
40 15 0.004308 0.017501 0.022508
41 15 0.024804 0.016319 0.013561
42 15 0.039227 0.014600 0.008774
43 15 0.046861 0.013608 0.003352
44 15 0.049668 0.014573 -0.001331
45 15 0.041795 0.017014 0.001051
46 15 0.023930 0.018923 0.005985
47 15 0.011728 0.017414 0.004716
48 15 0.008264 0.010291 0.002360
49 15 0.000000 0.000000 0.000000

0 16 0.000000 0.000000 0.000000
1 16 0.004472 0.070842 0.002709
2 16 0.007934 0.076613 0.006008
3 16 0.009525 0.078015 0.008780
4 16 0.008931 0.075768 0.010306
5 16 0.006675 0.070905 0.010661
6 16 0.002634 0.064670 0.009213
7 16 -0.003939 0.057735 0.006170
8 16 -0.011653 0.050614 0.002354
9 16 -0.020378 0.043975 -0.002818
10 16 -0.030939 0.038033 -0.008998
11 16 -0.041749 0.032650 -0.015172
12 16 -0.052228 0.027884 -0.021751
13 16 -0.063086 0.023961 -0.028538
14 16 -0.073414 0.020858 -0.034770
15 16 -0.082841 0.018200 -0.040756
16 16 -0.091552 0.015872 -0.046151
17 16 -0.098428 0.014270 -0.050199
18 16 -0.103689 0.013472 -0.053663
19 16 -0.108632 0.012950 -0.056755
20 16 -0.111870 0.012456 -0.058060
21 16 -0.111773 0.012333 -0.057579
22 16 -0.110040 0.012801 -0.056733
23 16 -0.108082 0.013655 -0.055293
24 16 -0.104412 0.014584 -0.052183
25 16 -0.098286 0.015344 -0.047945
26 16 -0.090963 0.015826 -0.043349
27 16 -0.082451 0.016223 -0.037701
28 16 -0.071708 0.016886 -0.030707
29 16 -0.059811 0.017863 -0.023706
30 16 -0.048936 0.018870 -0.017498
31 16 -0.038977 0.019692 -0.011106
32 16 -0.028582 0.020335 -0.003789
33 16 -0.018711 0.020778 0.003765
34 16 -0.012287 0.020834 0.011323
35 16 -0.010792 0.020319 0.020303
36 16 -0.013064 0.019186 0.031349
37 16 -0.016190 0.017521 0.041280
38 16 -0.015318 0.015571 0.044330
39 16 -0.004791 0.013692 0.037960
40 16 0.015807 0.012009 0.026967
41 16 0.037913 0.010316 0.018634
42 16 0.052643 0.008752 0.013210
43 16 0.060635 0.008225 0.005850
44 16 0.063520 0.009417 -0.000649
45 16 0.054284 0.011918 0.001468
46 16 0.033234 0.014627 0.008522
47 16 0.015842 0.015190 0.011653
48 16 0.007521 0.010173 0.012652
49 16 0.000000 0.000000 0.000000

0 17 0.000000 0.000000 0.000000
1 17 0.046199 0.083630 0.006446
2 17 0.045963 0.087318 0.012848
3 17 0.042496 0.086520 0.017930
4 17 0.036543 0.082831 0.020704
5 17 0.028816 0.077501 0.021340
6 17 0.020406 0.071251 0.019923
7 17 0.011160 0.064699 0.016544
8 17 0.001357 0.058238 0.011884
9 17 -0.008810 0.051801 0.005978
10 17 -0.019527 0.045473 -0.000713
11 17 -0.030137 0.039714 -0.007629
12 17 -0.041122 0.034521 -0.015235
13 17 -0.052719 0.029574 -0.022862
14 17 -0.063120 0.025148 -0.029536
15 17 -0.072533 0.021640 -0.036150
16 17 -0.082440 0.018800 -0.042730
17 17 -0.091156 0.016289 -0.047766
18 17 -0.097149 0.014235 -0.051465
19 17 -0.101930 0.012881 -0.054759
20 17 -0.105862 0.012233 -0.056876
21 17 -0.107532 0.012022 -0.057338
22 17 -0.107205 0.011897 -0.056924
23 17 -0.105433 0.011830 -0.055394
24 17 -0.101100 0.012194 -0.051967
25 17 -0.094381 0.013195 -0.047554
26 17 -0.087478 0.014525 -0.043313
27 17 -0.080718 0.015749 -0.038489
28 17 -0.072210 0.016718 -0.032187
29 17 -0.061822 0.017440 -0.025338
30 17 -0.051434 0.017902 -0.018942
31 17 -0.041467 0.018162 -0.012326
32 17 -0.030886 0.018340 -0.004682
33 17 -0.020510 0.018371 0.003488
34 17 -0.013174 0.017928 0.011937
35 17 -0.010396 0.016686 0.022008
36 17 -0.010775 0.014601 0.034316
37 17 -0.010983 0.011961 0.045462
38 17 -0.006389 0.009317 0.049242
39 17 0.007342 0.007239 0.042944
40 17 0.029008 0.005899 0.031638
41 17 0.049821 0.004999 0.022701
42 17 0.062656 0.004395 0.016078
43 17 0.070000 0.004466 0.007144
44 17 0.073463 0.005409 -0.000425
45 17 0.065188 0.006970 0.001603
46 17 0.044606 0.009061 0.010197
47 17 0.024792 0.010583 0.017467
48 17 0.010711 0.008132 0.022825
49 17 0.000000 0.000000 0.000000

0 18 0.000000 0.000000 0.000000
1 18 0.083334 0.094871 0.011306
2 18 0.080159 0.095941 0.021572
3 18 0.074200 0.092264 0.029045
4 18 0.066250 0.085849 0.033100
5 18 0.057075 0.078270 0.034206
6 18 0.046875 0.070583 0.032463
7 18 0.035110 0.063021 0.028384
8 18 0.022872 0.055806 0.023083
9 18 0.010238 0.049341 0.016225
10 18 -0.003851 0.043494 0.008129
11 18 -0.017808 0.038031 0.000115
12 18 -0.030915 0.033169 -0.008247
13 18 -0.044556 0.029064 -0.017106
14 18 -0.057803 0.025482 -0.025250
15 18 -0.069422 0.022189 -0.032734
16 18 -0.080134 0.019312 -0.039832
17 18 -0.089606 0.017149 -0.045732
18 18 -0.097233 0.015598 -0.050578
19 18 -0.103795 0.014205 -0.054794
20 18 -0.108596 0.012898 -0.057314
21 18 -0.110127 0.012094 -0.057840
22 18 -0.109708 0.011948 -0.057748
23 18 -0.108997 0.012104 -0.057104
24 18 -0.106484 0.012199 -0.054559
25 18 -0.100740 0.012160 -0.050296
26 18 -0.093126 0.012083 -0.045517
27 18 -0.084638 0.012156 -0.039996
28 18 -0.074363 0.012550 -0.033094
29 18 -0.062563 0.013186 -0.025744
30 18 -0.051211 0.013728 -0.019009
31 18 -0.040698 0.013895 -0.012173
32 18 -0.029564 0.013631 -0.004094
33 18 -0.018036 0.012912 0.005008
34 18 -0.008865 0.011606 0.014760
35 18 -0.004067 0.009629 0.026120
36 18 -0.002669 0.007162 0.039360
37 18 -0.001368 0.004665 0.050804
38 18 0.004403 0.002709 0.054087
39 18 0.018409 0.001687 0.046737
40 18 0.038823 0.001473 0.034420
41 18 0.057350 0.001497 0.024806
42 18 0.068664 0.001388 0.017642
43 18 0.076542 0.001277 0.008348
44 18 0.082051 0.001239 0.000826
45 18 0.076431 0.001301 0.002949
46 18 0.058355 0.002178 0.011975
47 18 0.037993 0.004021 0.021713
48 18 0.017891 0.004304 0.030957
49 18 0.000000 0.000000 0.000000

0 19 0.000000 0.000000 0.000000
1 19 0.114523 0.110758 0.017897
2 19 0.110801 0.105326 0.032731
3 19 0.104127 0.094300 0.042646
4 19 0.094990 0.082083 0.047347
5 19 0.083747 0.070792 0.048071
6 19 0.071590 0.061083 0.045778
7 19 0.058123 0.053105 0.040779
8 19 0.043594 0.046522 0.034228
9 19 0.028961 0.040782 0.026494
10 19 0.013837 0.035724 0.017683
11 19 -0.001443 0.031403 0.008569
12 19 -0.016544 0.027502 -0.000926
13 19 -0.031695 0.023711 -0.010504
14 19 -0.045720 0.020324 -0.019226
15 19 -0.058497 0.017598 -0.027642
16 19 -0.071276 0.015193 -0.035926
17 19 -0.082635 0.012848 -0.042598
18 19 -0.090895 0.010856 -0.047652
19 19 -0.097666 0.009495 -0.052271
20 19 -0.103733 0.008616 -0.055781
21 19 -0.107213 0.007893 -0.057211
22 19 -0.107777 0.007169 -0.057305
23 19 -0.106598 0.006586 -0.056378
24 19 -0.103199 0.006449 -0.053637
25 19 -0.097212 0.006814 -0.049517
26 19 -0.090317 0.007316 -0.045214
27 19 -0.083131 0.007534 -0.040257
28 19 -0.073831 0.007364 -0.033544
29 19 -0.061817 0.006918 -0.025743
30 19 -0.049039 0.006280 -0.018151
31 19 -0.036594 0.005507 -0.010420
32 19 -0.023611 0.004681 -0.001485
33 19 -0.010475 0.003808 0.008500
34 19 -0.000121 0.002765 0.019020
35 19 0.005064 0.001465 0.030743
36 19 0.005956 0.000040 0.043779
37 19 0.006318 -0.001181 0.054475
38 19 0.011266 -0.001849 0.056655
39 19 0.024590 -0.001860 0.048285
40 19 0.044160 -0.001552 0.035552
41 19 0.061973 -0.001532 0.026187
42 19 0.073752 -0.002089 0.019535
43 19 0.083669 -0.003013 0.010821
44 19 0.091791 -0.004118 0.003815
45 19 0.088636 -0.005159 0.005686
46 19 0.072814 -0.005077 0.013735
47 19 0.052407 -0.002969 0.023693
48 19 0.026942 -0.000224 0.035261
49 19 0.000000 0.000000 0.000000

0 20 0.000000 0.000000 0.000000
1 20 0.135880 0.123745 0.027487
2 20 0.127437 0.111344 0.047399
3 20 0.118696 0.093780 0.058589
4 20 0.109896 0.077051 0.062855
5 20 0.100615 0.062934 0.062484
6 20 0.090402 0.051437 0.058839
7 20 0.078455 0.041855 0.052782
8 20 0.065270 0.033831 0.045466
9 20 0.050951 0.027308 0.036754
10 20 0.034644 0.021819 0.026842
11 20 0.017912 0.017016 0.017032
12 20 0.001701 0.013069 0.006947
13 20 -0.015363 0.009956 -0.003741
14 20 -0.032218 0.007263 -0.013642
15 20 -0.047065 0.004795 -0.022619
16 20 -0.060809 0.002759 -0.031314
17 20 -0.073564 0.001300 -0.038907
18 20 -0.084101 0.000161 -0.045057
19 20 -0.092727 -0.001021 -0.050295
20 20 -0.099346 -0.002178 -0.053927
21 20 -0.102683 -0.002921 -0.055435
22 20 -0.103570 -0.003185 -0.055977
23 20 -0.103619 -0.003362 -0.055820
24 20 -0.101515 -0.003772 -0.053585
25 20 -0.095543 -0.004362 -0.049199
26 20 -0.087038 -0.004896 -0.044051
27 20 -0.077611 -0.005167 -0.038272
28 20 -0.066574 -0.005089 -0.031066
29 20 -0.053689 -0.004763 -0.023037
30 20 -0.040768 -0.004433 -0.015415
31 20 -0.028743 -0.004276 -0.007820
32 20 -0.016510 -0.004269 0.000963
33 20 -0.004172 -0.004331 0.010916
34 20 0.005368 -0.004469 0.021432
35 20 0.009512 -0.004735 0.032975
36 20 0.009181 -0.005092 0.045588
37 20 0.008673 -0.005400 0.055742
38 20 0.013659 -0.005523 0.057483
39 20 0.027859 -0.005488 0.049081
40 20 0.048575 -0.005597 0.036935
41 20 0.067583 -0.006239 0.028551
42 20 0.080981 -0.007455 0.022765
43 20 0.092890 -0.008889 0.014595
44 20 0.102467 -0.010275 0.007697
45 20 0.099996 -0.011350 0.008601
46 20 0.084803 -0.011148 0.014553
47 20 0.064112 -0.008585 0.022934
48 20 0.034889 -0.004091 0.035037
49 20 0.000000 0.000000 0.000000

0 21 0.000000 0.000000 0.000000
1 21 0.152694 0.141515 0.043410
2 21 0.141523 0.111436 0.068205
3 21 0.131666 0.081540 0.078338
4 21 0.121973 0.059372 0.079669
5 21 0.111404 0.043819 0.076465
6 21 0.100342 0.032716 0.070763
7 21 0.087818 0.024614 0.062928
8 21 0.073763 0.018347 0.054084
9 21 0.059330 0.013090 0.044559
10 21 0.043907 0.008660 0.034065
11 21 0.027593 0.004987 0.023373
12 21 0.011277 0.001678 0.012598
13 21 -0.005211 -0.001465 0.001725
14 21 -0.021125 -0.004140 -0.008403
15 21 -0.035979 -0.006222 -0.018040
16 21 -0.050635 -0.008094 -0.027439
17 21 -0.063903 -0.009950 -0.035262
18 21 -0.074075 -0.011469 -0.041341
19 21 -0.082590 -0.012418 -0.046892
20 21 -0.090365 -0.013032 -0.051346
21 21 -0.095331 -0.013654 -0.053480
22 21 -0.096807 -0.014323 -0.053972
23 21 -0.096305 -0.014785 -0.053482
24 21 -0.093802 -0.014778 -0.051260
25 21 -0.088603 -0.014332 -0.047400
26 21 -0.081977 -0.013787 -0.043076
27 21 -0.074798 -0.013459 -0.038091
28 21 -0.065534 -0.013365 -0.031330
29 21 -0.053438 -0.013322 -0.023295
30 21 -0.040484 -0.013170 -0.015447
31 21 -0.028239 -0.012846 -0.007713
32 21 -0.016056 -0.012336 0.001063
33 21 -0.004020 -0.011706 0.011004
34 21 0.005166 -0.011123 0.021581
35 21 0.009044 -0.010769 0.033228
36 21 0.008763 -0.010715 0.045988
37 21 0.009037 -0.010902 0.056392
38 21 0.015768 -0.011218 0.058554
39 21 0.032283 -0.011620 0.050815
40 21 0.055075 -0.012213 0.039550
41 21 0.075477 -0.013129 0.031966
42 21 0.089777 -0.014241 0.026504
43 21 0.102111 -0.015189 0.018156
44 21 0.111165 -0.015774 0.010634
45 21 0.107449 -0.015864 0.010052
46 21 0.091415 -0.014818 0.013548
47 21 0.070339 -0.011734 0.019602
48 21 0.039535 -0.006420 0.030945
49 21 0.000000 0.000000 0.000000

0 22 0.000000 0.000000 0.000000
1 22 0.159330 0.172336 0.074534
2 22 0.145698 0.097762 0.099132
3 22 0.135791 0.052568 0.101765
4 22 0.127011 0.028914 0.096797
5 22 0.117704 0.016003 0.089309
6 22 0.107304 0.008120 0.080714
7 22 0.095217 0.002447 0.071192
8 22 0.081752 -0.002023 0.061287
9 22 0.067110 -0.005567 0.050659
10 22 0.050588 -0.008640 0.039224
11 22 0.033536 -0.011452 0.028084
12 22 0.016887 -0.013733 0.016864
13 22 -0.000722 -0.015468 0.005111
14 22 -0.018282 -0.017040 -0.005783
15 22 -0.033824 -0.018552 -0.015597
16 22 -0.048349 -0.019713 -0.025161
17 22 -0.062218 -0.020429 -0.033695
18 22 -0.073882 -0.021019 -0.040585
19 22 -0.083363 -0.021766 -0.046422
20 22 -0.090940 -0.022503 -0.050769
21 22 -0.095512 -0.022876 -0.052997
22 22 -0.097551 -0.022881 -0.054077
23 22 -0.098573 -0.022882 -0.054402
24 22 -0.097450 -0.023140 -0.052653
25 22 -0.092392 -0.023542 -0.048616
26 22 -0.084663 -0.023782 -0.043745
27 22 -0.076160 -0.023633 -0.038381
28 22 -0.066322 -0.023070 -0.031656
29 22 -0.054567 -0.022246 -0.023941
30 22 -0.042465 -0.021389 -0.016491
31 22 -0.031118 -0.020654 -0.009087
32 22 -0.019512 -0.020070 -0.000425
33 22 -0.007452 -0.019616 0.009735
34 22 0.002422 -0.019320 0.020838
35 22 0.007490 -0.019241 0.033171
36 22 0.008751 -0.019395 0.046644
37 22 0.010915 -0.019711 0.057715
38 22 0.019798 -0.020067 0.060454
39 22 0.038279 -0.020365 0.053192
40 22 0.062208 -0.020588 0.042264
41 22 0.082668 -0.020741 0.034698
42 22 0.096258 -0.020702 0.028765
43 22 0.107359 -0.020265 0.019591
44 22 0.114568 -0.019369 0.011060
45 22 0.108796 -0.018031 0.009041
46 22 0.091552 -0.015939 0.010514
47 22 0.070538 -0.012482 0.014479
48 22 0.040298 -0.007158 0.024525
49 22 0.000000 0.000000 0.000000

0 23 0.000000 0.000000 0.000000
1 23 0.144438 0.265816 0.147946
2 23 0.141053 0.053080 0.145213
3 23 0.139339 -0.001527 0.127288
4 23 0.134489 -0.018436 0.111755
5 23 0.125892 -0.024807 0.099099
6 23 0.114933 -0.027483 0.087947
7 23 0.101454 -0.028370 0.076707
8 23 0.085928 -0.028452 0.065549
9 23 0.069981 -0.028329 0.054367
10 23 0.053128 -0.028003 0.042515
11 23 0.035450 -0.027500 0.030666
12 23 0.018091 -0.027191 0.018992
13 23 0.000853 -0.027167 0.007297
14 23 -0.015828 -0.027083 -0.003657
15 23 -0.031368 -0.026854 -0.013974
16 23 -0.046504 -0.026819 -0.023961
17 23 -0.060279 -0.027093 -0.032403
18 23 -0.071075 -0.027333 -0.039060
19 23 -0.080249 -0.027298 -0.045148
20 23 -0.088791 -0.027207 -0.050171
21 23 -0.094611 -0.027390 -0.052825
22 23 -0.096885 -0.027831 -0.053747
23 23 -0.097255 -0.028196 -0.053754
24 23 -0.095891 -0.028232 -0.052128
25 23 -0.091905 -0.028022 -0.048781
26 23 -0.086279 -0.027883 -0.044836
27 23 -0.079930 -0.028060 -0.040217
28 23 -0.071413 -0.028546 -0.033790
29 23 -0.059807 -0.029157 -0.025916
30 23 -0.046934 -0.029700 -0.018056
31 23 -0.034438 -0.030080 -0.010216
32 23 -0.021690 -0.030293 -0.001157
33 23 -0.008565 -0.030394 0.009423
34 23 0.002357 -0.030447 0.020999
35 23 0.008448 -0.030489 0.033799
36 23 0.010652 -0.030499 0.047645
37 23 0.013654 -0.030395 0.058921
38 23 0.023192 -0.030072 0.061653
39 23 0.041885 -0.029441 0.054182
40 23 0.065277 -0.028461 0.042863
41 23 0.084451 -0.027129 0.034687
42 23 0.096367 -0.025432 0.027915
43 23 0.105710 -0.023361 0.017838
44 23 0.111138 -0.020978 0.008492
45 23 0.103874 -0.018364 0.005591
46 23 0.086117 -0.015428 0.005923
47 23 0.066004 -0.011812 0.008566
48 23 0.037946 -0.006899 0.017367
49 23 0.000000 0.000000 0.000000

0 24 0.000000 0.000000 0.000000
1 24 0.091864 -0.350430 0.356048
2 24 0.122516 -0.140308 0.198048
3 24 0.132250 -0.087002 0.143796
4 24 0.132884 -0.070228 0.118712
5 24 0.128239 -0.063014 0.103058
6 24 0.120065 -0.058717 0.090696
7 24 0.108900 -0.055635 0.079193
8 24 0.095546 -0.052973 0.068076
9 24 0.080581 -0.050298 0.056654
10 24 0.063585 -0.047750 0.044643
11 24 0.045973 -0.045420 0.033023
12 24 0.028755 -0.043029 0.021414
13 24 0.010634 -0.040559 0.009321
14 24 -0.007394 -0.038405 -0.001878
15 24 -0.023336 -0.036689 -0.011942
16 24 -0.038240 -0.035096 -0.021760
17 24 -0.052571 -0.033524 -0.030573
18 24 -0.064716 -0.032319 -0.037692
19 24 -0.074637 -0.031717 -0.043730
20 24 -0.082755 -0.031489 -0.048346
21 24 -0.088046 -0.031287 -0.050878
22 24 -0.090859 -0.031107 -0.052232
23 24 -0.092657 -0.031255 -0.052838
24 24 -0.092370 -0.031955 -0.051403
25 24 -0.088166 -0.033089 -0.047660
26 24 -0.081239 -0.034306 -0.043057
27 24 -0.073519 -0.035319 -0.037988
28 24 -0.064442 -0.036091 -0.031545
29 24 -0.053270 -0.036764 -0.024003
30 24 -0.041452 -0.037477 -0.016601
31 24 -0.030137 -0.038274 -0.009175
32 24 -0.018381 -0.039095 -0.000411
33 24 -0.005981 -0.039821 0.009981
34 24 0.004378 -0.040305 0.021398
35 24 0.009877 -0.040419 0.033973
36 24 0.011307 -0.040085 0.047454
37 24 0.013305 -0.039272 0.058205
38 24 0.021621 -0.037985 0.060273
39 24 0.038888 -0.036228 0.052052
40 24 0.060677 -0.033998 0.039968
41 24 0.078198 -0.031309 0.031059
42 24 0.088644 -0.028252 0.023635
43 24 0.096874 -0.024974 0.013071
44 24 0.101604 -0.021589 0.003451
45 24 0.094170 -0.018149 0.000388
46 24 0.077049 -0.014681 0.000479
47 24 0.058690 -0.011004 0.002606
48 24 0.033753 -0.006460 0.010468
49 24 0.000000 0.000000 0.000000

0 25 0.000000 0.000000 0.000000
1 25 0.128404 -0.247289 0.147713
2 25 0.129667 -0.174128 0.144884
3 25 0.132818 -0.129500 0.127003
4 25 0.132809 -0.105676 0.111646
5 25 0.128835 -0.091977 0.099281
6 25 0.122145 -0.082807 0.088512
7 25 0.112495 -0.075461 0.077724
8 25 0.100318 -0.069043 0.067065
9 25 0.087239 -0.063376 0.056409
10 25 0.072791 -0.058097 0.045092
11 25 0.057092 -0.053080 0.033775
12 25 0.041326 -0.048667 0.022619
13 25 0.025338 -0.044933 0.011417
14 25 0.009606 -0.041547 0.000928
15 25 -0.005251 -0.038448 -0.008960
16 25 -0.019940 -0.035955 -0.018559
17 25 -0.033479 -0.034185 -0.026657
18 25 -0.044229 -0.032829 -0.033018
19 25 -0.053534 -0.031608 -0.038863
20 25 -0.062372 -0.030683 -0.043698
21 25 -0.068644 -0.030397 -0.046223
22 25 -0.071520 -0.030735 -0.047079
23 25 -0.072638 -0.031310 -0.047087
24 25 -0.072168 -0.031830 -0.045532
25 25 -0.069220 -0.032372 -0.042329
26 25 -0.064778 -0.033204 -0.038606
27 25 -0.059766 -0.034506 -0.034291
28 25 -0.052747 -0.036253 -0.028259
29 25 -0.042814 -0.038240 -0.020879
30 25 -0.031809 -0.040185 -0.013620
31 25 -0.021401 -0.041874 -0.006506
32 25 -0.010991 -0.043224 0.001689
33 25 -0.000487 -0.044201 0.011247
34 25 0.007506 -0.044732 0.021631
35 25 0.010348 -0.044711 0.033063
36 25 0.009009 -0.044082 0.045376
37 25 0.008242 -0.042875 0.054990
38 25 0.013911 -0.041169 0.055999
39 25 0.028820 -0.039018 0.046838
40 25 0.048740 -0.036396 0.033977
41 25 0.064991 -0.033270 0.024528
42 25 0.074749 -0.029758 0.016853
43 25 0.082857 -0.026100 0.006302
44 25 0.088071 -0.022399 -0.003105
45 25 0.081704 -0.018629 -0.005797
46 25 0.066182 -0.014869 -0.005330
47 25 0.050165 -0.011050 -0.003182
48 25 0.028774 -0.006478 0.004007
49 25 0.000000 0.000000 0.000000

0 26 0.000000 0.000000 0.000000
1 26 0.133882 -0.200133 0.074160
2 26 0.128097 -0.169751 0.098616
3 26 0.126258 -0.139296 0.101340
4 26 0.125452 -0.116357 0.096683
5 26 0.123780 -0.099843 0.089700
6 26 0.120503 -0.087608 0.081774
7 26 0.114922 -0.078227 0.073049
8 26 0.107289 -0.070559 0.064036
9 26 0.097789 -0.063816 0.054364
10 26 0.085727 -0.057858 0.043923
11 26 0.072483 -0.052662 0.033786
12 26 0.059024 -0.047883 0.023558
13 26 0.044029 -0.043369 0.012767
14 26 0.028548 -0.039463 0.002789
15 26 0.014588 -0.036324 -0.006172
16 26 0.001184 -0.033598 -0.014958
17 26 -0.011995 -0.031108 -0.022799
18 26 -0.023372 -0.029188 -0.029093
19 26 -0.032950 -0.028076 -0.034441
20 26 -0.040988 -0.027535 -0.038416
21 26 -0.046373 -0.027212 -0.040397
22 26 -0.049569 -0.027055 -0.041366
23 26 -0.052083 -0.027297 -0.041721
24 26 -0.052785 -0.028176 -0.040155
25 26 -0.049883 -0.029631 -0.036462
26 26 -0.044641 -0.031286 -0.032102
27 26 -0.038957 -0.032786 -0.027425
28 26 -0.032272 -0.034065 -0.021570
29 26 -0.024008 -0.035257 -0.014916
30 26 -0.015738 -0.036466 -0.008723
31 26 -0.008569 -0.037703 -0.002781
32 26 -0.001494 -0.038927 0.004207
33 26 0.005674 -0.040026 0.012474
34 26 0.010292 -0.040802 0.021458
35 26 0.009742 -0.041060 0.031445
36 26 0.005048 -0.040738 0.042356
37 26 0.000989 -0.039925 0.050684
38 26 0.003513 -0.038770 0.050571
39 26 0.015712 -0.037342 0.040462
40 26 0.033726 -0.035532 0.026850
41 26 0.048988 -0.033171 0.016944
42 26 0.058457 -0.030313 0.009191
43 26 0.066839 -0.027212 -0.001161
44 26 0.073022 -0.023920 -0.010234
45 26 0.068271 -0.020297 -0.012415
46 26 0.054747 -0.016433 -0.011365
47 26 0.041298 -0.012315 -0.009046
48 26 0.023611 -0.007188 -0.002471
49 26 0.000000 0.000000 0.000000

0 27 0.000000 0.000000 0.000000
1 27 0.127162 -0.163313 0.043030
2 27 0.125107 -0.148895 0.067717
3 27 0.124479 -0.129418 0.078014
4 27 0.123907 -0.110877 0.079768
5 27 0.122176 -0.095041 0.077223
6 27 0.119534 -0.081913 0.072389
7 27 0.114908 -0.070785 0.065596
8 27 0.108149 -0.061310 0.057934
9 27 0.100353 -0.053443 0.049693
10 27 0.090871 -0.046735 0.040551
11 27 0.079782 -0.040853 0.031243
12 27 0.067969 -0.035983 0.021853
13 27 0.055267 -0.032113 0.012334
14 27 0.042441 -0.028838 0.003503
15 27 0.030002 -0.025967 -0.004916
16 27 0.017113 -0.023708 -0.013201
17 27 0.004994 -0.022202 -0.020029
18 27 -0.004616 -0.021189 -0.025251
19 27 -0.013134 -0.020299 -0.030100
20 27 -0.021455 -0.019590 -0.034019
21 27 -0.027494 -0.019442 -0.035802
22 27 -0.030558 -0.019908 -0.036141
23 27 -0.032154 -0.020585 -0.035710
24 27 -0.032258 -0.021138 -0.033774
25 27 -0.030175 -0.021604 -0.030441
26 27 -0.027175 -0.022203 -0.026897
27 27 -0.024132 -0.023121 -0.022956
28 27 -0.019509 -0.024425 -0.017512
29 27 -0.012546 -0.025989 -0.011071
30 27 -0.005195 -0.027537 -0.005090
31 27 0.001017 -0.028865 0.000513
32 27 0.006787 -0.029956 0.006912
33 27 0.012097 -0.030853 0.014256
34 27 0.014321 -0.031506 0.022049
35 27 0.011074 -0.031834 0.030754
36 27 0.003573 -0.031858 0.040443
37 27 -0.003413 -0.031737 0.047670
38 27 -0.003927 -0.031658 0.046578
39 27 0.005453 -0.031664 0.035563
40 27 0.021371 -0.031512 0.021095
41 27 0.035410 -0.030835 0.010521
42 27 0.044196 -0.029535 0.002453
43 27 0.052294 -0.027811 -0.007974
44 27 0.058938 -0.025615 -0.017060
45 27 0.055462 -0.022640 -0.019049
46 27 0.043665 -0.018916 -0.017649
47 27 0.032632 -0.014427 -0.015413
48 27 0.018652 -0.008354 -0.009659
49 27 0.000000 0.000000 0.000000

0 28 0.000000 0.000000 0.000000
1 28 0.118745 -0.130731 0.027234
2 28 0.119597 -0.121566 0.047177
3 28 0.120227 -0.107060 0.058682
4 28 0.120744 -0.091665 0.063535
5 28 0.120586 -0.077542 0.064004
6 28 0.119171 -0.065383 0.061425
7 28 0.115566 -0.055357 0.056623
8 28 0.110156 -0.047133 0.050715
9 28 0.102948 -0.040147 0.043522
10 28 0.093023 -0.034212 0.035199
11 28 0.081900 -0.029348 0.027008
12 28 0.070509 -0.025195 0.018536
13 28 0.057478 -0.021401 0.009420
14 28 0.043886 -0.018216 0.001023
15 28 0.031561 -0.015863 -0.006546
16 28 0.019631 -0.013967 -0.013950
17 28 0.008019 -0.012241 -0.020392
18 28 -0.002014 -0.010957 -0.025545
19 28 -0.010746 -0.010377 -0.029960
20 28 -0.018058 -0.010337 -0.032958
21 28 -0.022658 -0.010505 -0.034038
22 28 -0.025368 -0.010714 -0.034375
23 28 -0.027799 -0.011101 -0.034251
24 28 -0.028636 -0.011969 -0.032307
25 28 -0.026171 -0.013372 -0.028485
26 28 -0.021750 -0.014944 -0.024193
27 28 -0.016991 -0.016269 -0.019578
28 28 -0.011214 -0.017251 -0.013856
29 28 -0.004177 -0.018011 -0.007643
30 28 0.002322 -0.018643 -0.002169
31 28 0.007391 -0.019217 0.002955
32 28 0.012193 -0.019825 0.008965
33 28 0.016721 -0.020473 0.015881
34 28 0.018208 -0.021023 0.023163
35 28 0.014219 -0.021346 0.031347
36 28 0.005847 -0.021511 0.040558
37 28 -0.002467 -0.021786 0.047329
38 28 -0.004975 -0.022473 0.045735
39 28 0.002060 -0.023683 0.034049
40 28 0.015920 -0.025124 0.018664
41 28 0.028398 -0.026254 0.007104
42 28 0.035729 -0.026806 -0.001746
43 28 0.042392 -0.026874 -0.012833
44 28 0.048284 -0.026258 -0.022637
45 28 0.045056 -0.024397 -0.025148
46 28 0.034164 -0.021137 -0.024040
47 28 0.025026 -0.016381 -0.022526
48 28 0.014491 -0.009336 -0.018012
49 28 0.000000 0.000000 0.000000

0 29 0.000000 0.000000 0.000000
1 29 0.113130 -0.094534 0.017896
2 29 0.118907 -0.090467 0.033026
3 29 0.121648 -0.082188 0.043522
4 29 0.121681 -0.071813 0.049066
5 29 0.119201 -0.060982 0.050866
6 29 0.115257 -0.050769 0.049843
7 29 0.109343 -0.041379 0.046267
8 29 0.101629 -0.032971 0.041251
9 29 0.093036 -0.025865 0.035123
10 29 0.083166 -0.019835 0.027953
11 29 0.072370 -0.014553 0.020481
12 29 0.061016 -0.010150 0.012601
13 29 0.048912 -0.006706 0.004584
14 29 0.037280 -0.003928 -0.002651
15 29 0.026281 -0.001534 -0.009675
16 29 0.014702 0.000382 -0.016682
17 29 0.003996 0.001544 -0.022206
18 29 -0.004135 0.002069 -0.026260
19 29 -0.011284 0.002422 -0.030040
20 29 -0.018223 0.002677 -0.032891
21 29 -0.023062 0.002418 -0.033855
22 29 -0.025471 0.001492 -0.033693
23 29 -0.026621 0.000254 -0.032735
24 29 -0.026039 -0.000935 -0.030202
25 29 -0.023360 -0.002000 -0.026543
26 29 -0.020271 -0.003042 -0.022969
27 29 -0.017396 -0.004250 -0.019023
28 29 -0.012922 -0.005803 -0.013618
29 29 -0.006260 -0.007636 -0.007433
30 29 0.000632 -0.009434 -0.001779
31 29 0.006655 -0.010944 0.003686
32 29 0.012683 -0.012148 0.010020
33 29 0.018348 -0.013074 0.017072
34 29 0.020772 -0.013645 0.024352
35 29 0.017687 -0.013810 0.032593
36 29 0.010167 -0.013739 0.042005
37 29 0.002220 -0.013815 0.049061
38 29 -0.000798 -0.014487 0.047694
39 29 0.005058 -0.016013 0.035932
40 29 0.017686 -0.018179 0.019947
41 29 0.029008 -0.020392 0.007396
42 29 0.034691 -0.022281 -0.002500
43 29 0.039107 -0.023876 -0.014737
44 29 0.043127 -0.024833 -0.026001
45 29 0.039046 -0.024257 -0.029931
46 29 0.028068 -0.021681 -0.030044
47 29 0.020037 -0.016889 -0.030154
48 29 0.012160 -0.009316 -0.027348
49 29 0.000000 0.000000 0.000000

0 30 0.000000 0.000000 0.000000
1 30 0.104065 -0.062890 0.011669
2 30 0.110266 -0.061398 0.022588
3 30 0.113015 -0.056371 0.030968
4 30 0.112963 -0.049408 0.036136
5 30 0.110800 -0.041695 0.038518
6 30 0.106715 -0.033841 0.038169
7 30 0.100210 -0.026329 0.035565
8 30 0.092450 -0.019416 0.031788
9 30 0.083604 -0.012910 0.026478
10 30 0.072703 -0.006792 0.019932
11 30 0.061414 -0.001440 0.013454
12 30 0.050519 0.003209 0.006598
13 30 0.038679 0.007515 -0.000800
14 30 0.026854 0.011230 -0.007542
15 30 0.016288 0.013972 -0.013700
16 30 0.006267 0.015999 -0.019564
17 30 -0.002882 0.017651 -0.024339
18 30 -0.010567 0.018801 -0.028186
19 30 -0.017577 0.019199 -0.031547
20 30 -0.023233 0.018838 -0.033376
21 30 -0.026036 0.017978 -0.033390
22 30 -0.027317 0.016966 -0.032984
23 30 -0.028738 0.015823 -0.032234
24 30 -0.028791 0.014172 -0.029807
25 30 -0.026042 0.011804 -0.025894
26 30 -0.021843 0.009029 -0.021705
27 30 -0.017170 0.006285 -0.017013
28 30 -0.011091 0.003729 -0.011182
29 30 -0.003852 0.001365 -0.005147
30 30 0.002588 -0.000787 0.000029
31 30 0.007847 -0.002773 0.005064
32 30 0.013379 -0.004708 0.011089
33 30 0.018921 -0.006538 0.017861
34 30 0.021645 -0.007986 0.024960
35 30 0.019455 -0.008825 0.033308
36 30 0.013310 -0.009118 0.043181
37 30 0.006622 -0.009227 0.050986
38 30 0.004215 -0.009681 0.050503
39 30 0.010189 -0.010919 0.039430
40 30 0.023015 -0.012916 0.023548
41 30 0.034563 -0.015169 0.010509
42 30 0.039585 -0.017344 -0.000152
43 30 0.042115 -0.019542 -0.013527
44 30 0.044143 -0.021387 -0.026619
45 30 0.038877 -0.021686 -0.032700
46 30 0.027301 -0.019615 -0.034947
47 30 0.019591 -0.014954 -0.037541
48 30 0.012903 -0.007696 -0.036664
49 30 0.000000 0.000000 0.000000

0 31 0.000000 0.000000 0.000000
1 31 0.091104 -0.033239 0.007210
2 31 0.098397 -0.035374 0.014610
3 31 0.101210 -0.034085 0.020865
4 31 0.100401 -0.029900 0.024936
5 31 0.096855 -0.023663 0.026952
6 31 0.091866 -0.016456 0.026973
7 31 0.085475 -0.008831 0.025069
8 31 0.078121 -0.001222 0.021910
9 31 0.070118 0.005748 0.017522
10 31 0.061353 0.011886 0.012357
11 31 0.052523 0.017336 0.006964
12 31 0.043153 0.022043 0.000870
13 31 0.032994 0.025783 -0.005271
14 31 0.023831 0.028580 -0.010501
15 31 0.015424 0.030815 -0.015728
16 31 0.006261 0.032613 -0.020997
17 31 -0.002005 0.033586 -0.024814
18 31 -0.007871 0.033662 -0.027409
19 31 -0.012875 0.033374 -0.029730
20 31 -0.017406 0.032970 -0.031026
21 31 -0.020072 0.032105 -0.030838
22 31 -0.021159 0.030547 -0.029965
23 31 -0.021235 0.028492 -0.028186
24 31 -0.019197 0.026233 -0.024734
25 31 -0.015224 0.023996 -0.020538
26 31 -0.011520 0.021871 -0.016766
27 31 -0.008393 0.019647 -0.012665
28 31 -0.003920 0.016970 -0.007336
29 31 0.002075 0.013791 -0.001702
30 31 0.007762 0.010406 0.003251
31 31 0.012787 0.007053 0.008221
32 31 0.018269 0.003775 0.014056
33 31 0.023469 0.000678 0.020290
34 31 0.025568 -0.001960 0.026668
35 31 0.022936 -0.003918 0.034461
36 31 0.016751 -0.005211 0.044161
37 31 0.010102 -0.006082 0.052266
38 31 0.007520 -0.006958 0.052566
39 31 0.013487 -0.008285 0.042469
40 31 0.027179 -0.010122 0.027237
41 31 0.040306 -0.012019 0.014363
42 31 0.046301 -0.013710 0.003626
43 31 0.048438 -0.015484 -0.010285
44 31 0.049729 -0.017129 -0.024956
45 31 0.044333 -0.017325 -0.033409
46 31 0.032750 -0.015071 -0.038267
47 31 0.024955 -0.010496 -0.043663
48 31 0.017445 -0.004520 -0.044360
49 31 0.000000 0.000000 0.000000

0 32 0.000000 0.000000 0.000000
1 32 0.068298 -0.006080 0.003808
2 32 0.076248 -0.007594 0.008357
3 32 0.081354 -0.006495 0.012485
4 32 0.083621 -0.003426 0.015443
5 32 0.083833 0.000863 0.017290
6 32 0.082046 0.005995 0.017382
7 32 0.077611 0.011568 0.015918
8 32 0.071954 0.016981 0.013711
9 32 0.065198 0.022194 0.010167
10 32 0.056487 0.027270 0.005618
11 32 0.047370 0.031687 0.001068
12 32 0.038395 0.035284 -0.003911
13 32 0.028829 0.038444 -0.009134
14 32 0.019565 0.041093 -0.013850
15 32 0.010968 0.042875 -0.018378
16 32 0.002853 0.043851 -0.022384
17 32 -0.003664 0.044325 -0.025123
18 32 -0.008803 0.044445 -0.027369
19 32 -0.013867 0.044094 -0.029345
20 32 -0.017480 0.043007 -0.029649
21 32 -0.018028 0.041263 -0.028299
22 32 -0.017235 0.039383 -0.026737
23 32 -0.016545 0.037596 -0.024752
24 32 -0.014500 0.035517 -0.021291
25 32 -0.010399 0.032811 -0.016920
26 32 -0.005542 0.029644 -0.012440
27 32 0.000013 0.026322 -0.007186
28 32 0.007285 0.023009 -0.000879
29 32 0.015190 0.019856 0.005131
30 32 0.021553 0.016974 0.010030
31 32 0.026491 0.014219 0.014786
32 32 0.031415 0.011328 0.020168
33 32 0.035530 0.008288 0.025579
34 32 0.036168 0.005363 0.030913
35 32 0.032085 0.002779 0.037687
36 32 0.024484 0.000562 0.046519
37 32 0.016051 -0.001400 0.054067
38 32 0.011223 -0.003365 0.054347
39 32 0.015302 -0.005655 0.044676
40 32 0.028662 -0.008210 0.029849
41 32 0.043168 -0.010402 0.017201
42 32 0.050888 -0.011814 0.006802
43 32 0.054048 -0.012827 -0.006948
44 32 0.056494 -0.013478 -0.022555
45 32 0.053152 -0.012551 -0.033027
46 32 0.043292 -0.009246 -0.040195
47 32 0.035542 -0.004594 -0.047714
48 32 0.025149 -0.000656 -0.048880
49 32 0.000000 0.000000 0.000000

0 33 0.000000 0.000000 0.000000
1 33 0.050410 0.022322 0.001376
2 33 0.060467 0.019931 0.003661
3 33 0.066965 0.019630 0.006072
4 33 0.070243 0.021126 0.007916
5 33 0.070885 0.023973 0.008977
6 33 0.069319 0.027437 0.008873
7 33 0.065867 0.031053 0.007818
8 33 0.061203 0.034647 0.005911
9 33 0.054851 0.037962 0.002789
10 33 0.047280 0.040714 -0.000678
11 33 0.039854 0.042975 -0.004249
12 33 0.031517 0.045024 -0.008724
13 33 0.022215 0.046656 -0.013118
14 33 0.014229 0.047546 -0.016586
15 33 0.007149 0.048056 -0.020150
16 33 -0.000328 0.048521 -0.023598
17 33 -0.006625 0.048509 -0.025757
18 33 -0.010860 0.047713 -0.027062
19 33 -0.014044 0.046512 -0.027841
20 33 -0.015813 0.045218 -0.027325
21 33 -0.015707 0.043702 -0.025825
22 33 -0.014861 0.041769 -0.024062
23 33 -0.012991 0.039327 -0.021137
24 33 -0.008354 0.036456 -0.016422
25 33 -0.001745 0.033565 -0.011270
26 33 0.004385 0.031040 -0.006591
27 33 0.010122 0.028747 -0.001437
28 33 0.017028 0.026268 0.004606
29 33 0.024516 0.023503 0.010387
30 33 0.031051 0.020654 0.015435
31 33 0.037093 0.017820 0.020716
32 33 0.043567 0.014994 0.026548
33 33 0.048888 0.012325 0.032000
34 33 0.050154 0.010040 0.037040
35 33 0.046252 0.008143 0.043313
36 33 0.038119 0.006407 0.051412
37 33 0.027774 0.004549 0.058106
38 33 0.019515 0.002217 0.057738
39 33 0.019708 -0.000940 0.047676
40 33 0.030441 -0.004731 0.032342
41 33 0.044371 -0.008130 0.019064
42 33 0.052690 -0.010200 0.008499
43 33 0.056785 -0.011044 -0.005059
44 33 0.061446 -0.010774 -0.021222
45 33 0.062196 -0.008388 -0.033158
46 33 0.055988 -0.003676 -0.041597
47 33 0.048543 0.000969 -0.049502
48 33 0.033752 0.002547 -0.049536
49 33 0.000000 0.000000 0.000000

0 34 0.000000 0.000000 0.000000
1 34 0.032532 0.050424 -0.000413
2 34 0.043748 0.047710 0.000222
3 34 0.052006 0.045376 0.001156
4 34 0.056563 0.043679 0.001874
5 34 0.058103 0.042557 0.002381
6 34 0.056794 0.042195 0.001901
7 34 0.052442 0.042759 0.000565
8 34 0.046567 0.043800 -0.001231
9 34 0.039541 0.045189 -0.003937
10 34 0.031383 0.047058 -0.007116
11 34 0.023147 0.048985 -0.010450
12 34 0.014908 0.050589 -0.014132
13 34 0.007112 0.051944 -0.017450
14 34 0.000459 0.053108 -0.020385
15 34 -0.006007 0.053914 -0.023502
16 34 -0.011875 0.054079 -0.025754
17 34 -0.015300 0.053584 -0.026582
18 34 -0.017343 0.052845 -0.027254
19 34 -0.019616 0.051988 -0.027693
20 34 -0.020396 0.050521 -0.026491
21 34 -0.018433 0.048251 -0.024024
22 34 -0.015383 0.045710 -0.021349
23 34 -0.011912 0.043281 -0.017930
24 34 -0.007006 0.040751 -0.013390
25 34 -0.001185 0.037854 -0.008697
26 34 0.004576 0.034557 -0.003962
27 34 0.011469 0.030877 0.001914
28 34 0.020516 0.026972 0.008729
29 34 0.029952 0.023269 0.014946
30 34 0.037890 0.020083 0.020259
31 34 0.045050 0.017305 0.025751
32 34 0.052402 0.014730 0.031594
33 34 0.058402 0.012474 0.036902
34 34 0.060621 0.010822 0.041948
35 34 0.058298 0.009826 0.048460
36 34 0.051768 0.009249 0.056765
37 34 0.041754 0.008682 0.063493
38 34 0.031737 0.007464 0.063120
39 34 0.028610 0.004814 0.052857
40 34 0.036000 0.000648 0.036572
41 34 0.047694 -0.003813 0.021626
42 34 0.054661 -0.007005 0.009670
43 34 0.058094 -0.008420 -0.004615
44 34 0.064300 -0.007944 -0.021762
45 34 0.069580 -0.004726 -0.034962
46 34 0.067622 0.000719 -0.043380
47 34 0.059988 0.004687 -0.049467
48 34 0.040204 0.004020 -0.046989
49 34 0.000000 0.000000 0.000000

0 35 0.000000 0.000000 0.000000
1 35 0.020736 0.068419 -0.001562
2 35 0.028296 0.063730 -0.002311
3 35 0.032534 0.059963 -0.002771
4 35 0.034072 0.057229 -0.003065
5 35 0.033858 0.055539 -0.003538
6 35 0.031671 0.054768 -0.004697
7 35 0.028306 0.054499 -0.005944
8 35 0.024695 0.054599 -0.007593
9 35 0.019653 0.055181 -0.010174
10 35 0.013910 0.055802 -0.012596
11 35 0.008932 0.056170 -0.014927
12 35 0.003416 0.056685 -0.017906
13 35 -0.002563 0.057236 -0.020554
14 35 -0.007299 0.057239 -0.022505
15 35 -0.011261 0.056827 -0.024398
16 35 -0.014798 0.056382 -0.025689
17 35 -0.017018 0.055713 -0.026084
18 35 -0.018311 0.054519 -0.026162
19 35 -0.018675 0.052809 -0.025312
20 35 -0.016743 0.050756 -0.022922
21 35 -0.013236 0.048633 -0.020150
22 35 -0.010052 0.046502 -0.017471
23 35 -0.006115 0.043962 -0.013528
24 35 0.000480 0.040756 -0.008072
25 35 0.008501 0.037318 -0.002535
26 35 0.016038 0.034207 0.002760
27 35 0.023635 0.031396 0.008655
28 35 0.031864 0.028587 0.014776
29 35 0.039322 0.025717 0.019991
30 35 0.045324 0.022799 0.024610
31 35 0.051343 0.019699 0.029733
32 35 0.058028 0.016419 0.035113
33 35 0.063451 0.013345 0.039802
34 35 0.065616 0.010960 0.044460
35 35 0.064359 0.009514 0.051035
36 35 0.059760 0.009046 0.059765
37 35 0.051485 0.009360 0.067292
38 35 0.042059 0.009678 0.068173
39 35 0.038220 0.008689 0.059083
40 35 0.044244 0.005650 0.042739
41 35 0.054514 0.001468 0.026095
42 35 0.059770 -0.002035 0.011891
43 35 0.061320 -0.003853 -0.004289
44 35 0.067506 -0.003628 -0.023415
45 35 0.075842 -0.000657 -0.038194
46 35 0.076472 0.004009 -0.045647
47 35 0.066793 0.006156 -0.048275
48 35 0.042302 0.003649 -0.042969
49 35 0.000000 0.000000 0.000000

0 36 0.000000 0.000000 0.000000
1 36 0.000450 0.080713 -0.002414
2 36 0.006134 0.076078 -0.004144
3 36 0.010130 0.071684 -0.005532
4 36 0.012090 0.068090 -0.006738
5 36 0.012404 0.065365 -0.007890
6 36 0.011176 0.063478 -0.009314
7 36 0.008760 0.062478 -0.010836
8 36 0.005528 0.062034 -0.012721
9 36 0.001469 0.061774 -0.014875
10 36 -0.002409 0.061587 -0.016755
11 36 -0.006231 0.061475 -0.018990
12 36 -0.010778 0.061215 -0.021412
13 36 -0.014381 0.060467 -0.022875
14 36 -0.016569 0.059442 -0.024085
15 36 -0.019232 0.058504 -0.025625
16 36 -0.021485 0.057261 -0.026109
17 36 -0.021375 0.055344 -0.025353
18 36 -0.020159 0.053262 -0.024494
19 36 -0.018843 0.051417 -0.023098
20 36 -0.016098 0.049408 -0.020440
21 36 -0.011803 0.046921 -0.017206
22 36 -0.006805 0.044191 -0.013496
23 36 -0.000372 0.041481 -0.008539
24 36 0.007609 0.038921 -0.002968
25 36 0.015169 0.036600 0.002019
26 36 0.021807 0.034305 0.007041
27 36 0.029518 0.031599 0.013196
28 36 0.038793 0.028446 0.019715
29 36 0.047596 0.025318 0.025327
30 36 0.054998 0.022542 0.030392
31 36 0.062073 0.019997 0.035679
32 36 0.068693 0.017515 0.040504
33 36 0.072720 0.015151 0.044018
34 36 0.072939 0.012990 0.047343
35 36 0.070108 0.011110 0.052710
36 36 0.064589 0.009834 0.060556
37 36 0.055908 0.009571 0.068079
38 36 0.046480 0.010054 0.070373
39 36 0.043067 0.010034 0.063568
40 36 0.050028 0.008379 0.048671
41 36 0.061513 0.005516 0.031472
42 36 0.067269 0.003064 0.015377
43 36 0.067991 0.001989 -0.002995
44 36 0.073584 0.002363 -0.024641
45 36 0.082821 0.004375 -0.041284
46 36 0.082779 0.006767 -0.047411
47 36 0.068323 0.006111 -0.046338
48 36 0.040024 0.002316 -0.039319
49 36 0.000000 0.000000 0.000000

0 37 0.000000 0.000000 0.000000
1 37 -0.016899 0.085105 -0.002860
2 37 -0.014189 0.082468 -0.005256
3 37 -0.011894 0.079944 -0.007473
4 37 -0.010047 0.077320 -0.009213
5 37 -0.008397 0.074454 -0.010827
6 37 -0.008118 0.071644 -0.012712
7 37 -0.008834 0.068737 -0.014280
8 37 -0.010024 0.065697 -0.015986
9 37 -0.012631 0.063050 -0.018073
10 37 -0.015948 0.060711 -0.019892
11 37 -0.019230 0.058368 -0.021724
12 37 -0.022755 0.056279 -0.023524
13 37 -0.025820 0.054556 -0.024794
14 37 -0.028348 0.052915 -0.025976
15 37 -0.030548 0.051149 -0.026765
16 37 -0.031014 0.049247 -0.026301
17 37 -0.029817 0.047413 -0.025410
18 37 -0.028713 0.045718 -0.024607
19 37 -0.026674 0.043711 -0.022503
20 37 -0.021754 0.041142 -0.018862
21 37 -0.015440 0.038559 -0.015150
22 37 -0.009498 0.036378 -0.011360
23 37 -0.002667 0.034167 -0.006391
24 37 0.005960 0.031475 -0.000648
25 37 0.015161 0.028522 0.005036
26 37 0.024697 0.025703 0.011238
27 37 0.035479 0.023177 0.018263
28 37 0.046449 0.021088 0.024806
29 37 0.055449 0.019539 0.030041
30 37 0.062750 0.018291 0.034965
31 37 0.070181 0.017010 0.040334
32 37 0.077387 0.015753 0.045170
33 37 0.081927 0.014795 0.048569
34 37 0.082498 0.014068 0.051555
35 37 0.079434 0.013225 0.055949
36 37 0.072441 0.012274 0.062112
37 37 0.061077 0.011673 0.068163
38 37 0.048745 0.011556 0.070499
39 37 0.043494 0.011186 0.065377
40 37 0.050641 0.009772 0.052274
41 37 0.064473 0.007829 0.035455
42 37 0.073389 0.006895 0.018489
43 37 0.076137 0.007548 -0.001171
44 37 0.082378 0.008857 -0.024552
45 37 0.091224 0.009836 -0.042483
46 37 0.087547 0.009284 -0.047263
47 37 0.066289 0.005715 -0.043685
48 37 0.035456 0.001250 -0.037004
49 37 0.000000 0.000000 0.000000

0 38 0.000000 0.000000 0.000000
1 38 -0.027675 0.088372 -0.002936
2 38 -0.025043 0.084809 -0.005660
3 38 -0.023606 0.080463 -0.008175
4 38 -0.023349 0.075883 -0.010380
5 38 -0.024530 0.071580 -0.012757
6 38 -0.027075 0.067673 -0.014996
7 38 -0.029599 0.064118 -0.016890
8 38 -0.032623 0.061196 -0.019250
9 38 -0.036278 0.058728 -0.021420
10 38 -0.038692 0.056240 -0.022888
11 38 -0.040587 0.054052 -0.024684
12 38 -0.042950 0.052301 -0.026345
13 38 -0.043997 0.050332 -0.026972
14 38 -0.043625 0.048129 -0.027353
15 38 -0.043121 0.046227 -0.027536
16 38 -0.041708 0.044429 -0.026748
17 38 -0.038940 0.042294 -0.025396
18 38 -0.035438 0.039938 -0.023562
19 38 -0.030523 0.037613 -0.020526
20 38 -0.024121 0.035404 -0.016881
21 38 -0.017848 0.033284 -0.013426
22 38 -0.011328 0.030969 -0.009108
23 38 -0.002505 0.028265 -0.003232
24 38 0.007829 0.025610 0.002789
25 38 0.017100 0.023547 0.008046
26 38 0.025459 0.021867 0.013555
27 38 0.034642 0.020011 0.019793
28 38 0.044214 0.017925 0.025690
29 38 0.052789 0.015885 0.030840
30 38 0.060956 0.013894 0.036155
31 38 0.069818 0.011907 0.041823
32 38 0.078315 0.010338 0.046754
33 38 0.084430 0.009779 0.050560
34 38 0.087556 0.010287 0.054388
35 38 0.087397 0.011363 0.059271
36 38 0.081923 0.012537 0.064819
37 38 0.069503 0.013617 0.069557
38 38 0.053852 0.014269 0.071121
39 38 0.044501 0.013805 0.066352
40 38 0.048889 0.011955 0.053893
41 38 0.063178 0.009928 0.036955
42 38 0.075653 0.009803 0.019437
43 38 0.082543 0.012044 -0.000291
44 38 0.091130 0.014468 -0.023486
45 38 0.099409 0.014534 -0.041061
46 38 0.091028 0.011331 -0.044467
47 38 0.063199 0.005774 -0.040249
48 38 0.031343 0.001242 -0.035753
49 38 0.000000 0.000000 0.000000

0 39 0.000000 0.000000 0.000000
1 39 -0.036442 0.080023 -0.002858
2 39 -0.038985 0.077088 -0.005729
3 39 -0.041264 0.073395 -0.008590
4 39 -0.043332 0.069305 -0.011265
5 39 -0.045280 0.065034 -0.013899
6 39 -0.047272 0.060999 -0.016333
7 39 -0.049168 0.057404 -0.018639
8 39 -0.051307 0.054191 -0.020984
9 39 -0.053085 0.051335 -0.022796
10 39 -0.054146 0.048925 -0.024442
11 39 -0.055554 0.046903 -0.026272
12 39 -0.056305 0.044848 -0.027177
13 39 -0.055204 0.042709 -0.027377
14 39 -0.054059 0.040906 -0.027914
15 39 -0.052972 0.039165 -0.027725
16 39 -0.049656 0.036903 -0.026087
17 39 -0.044837 0.034522 -0.024263
18 39 -0.040330 0.032572 -0.022346
19 39 -0.034957 0.030621 -0.019226
20 39 -0.027760 0.028231 -0.015274
21 39 -0.019896 0.025744 -0.011151
22 39 -0.011484 0.023513 -0.006256
23 39 -0.001914 0.021497 -0.000624
24 39 0.007644 0.019665 0.004672
25 39 0.016378 0.017899 0.009836
26 39 0.025900 0.015830 0.016025
27 39 0.037097 0.013459 0.022831
28 39 0.048026 0.011442 0.028799
29 39 0.057063 0.010271 0.033839
30 39 0.064990 0.009606 0.038793
31 39 0.072419 0.008808 0.043363
32 39 0.078197 0.007748 0.046655
33 39 0.081799 0.006829 0.049304
34 39 0.084569 0.006560 0.053129
35 39 0.086662 0.007361 0.058788
36 39 0.084690 0.009457 0.065121
37 39 0.075030 0.012503 0.070391
38 39 0.059796 0.015320 0.072463
39 39 0.048014 0.016363 0.068130
40 39 0.048597 0.015065 0.055346
41 39 0.060881 0.012996 0.036953
42 39 0.075147 0.012979 0.018036
43 39 0.085903 0.015851 -0.001257
44 39 0.096958 0.018632 -0.022276
45 39 0.104514 0.017606 -0.037517
46 39 0.092390 0.012545 -0.039525
47 39 0.060739 0.006439 -0.036205
48 39 0.029390 0.002283 -0.034511
49 39 0.000000 0.000000 0.000000

0 40 0.000000 0.000000 0.000000
1 40 -0.043644 0.063839 -0.002597
2 40 -0.049679 0.061335 -0.005512
3 40 -0.055168 0.059017 -0.008503
4 40 -0.059340 0.056752 -0.011311
5 40 -0.062547 0.054642 -0.014299
6 40 -0.065008 0.052568 -0.016954
7 40 -0.066031 0.050067 -0.019222
8 40 -0.066495 0.047390 -0.021525
9 40 -0.066671 0.044681 -0.023372
10 40 -0.066091 0.041632 -0.024844
11 40 -0.065250 0.038429 -0.026117
12 40 -0.063902 0.035384 -0.026733
13 40 -0.061982 0.032462 -0.027073
14 40 -0.060056 0.029559 -0.027178
15 40 -0.056993 0.026618 -0.026131
16 40 -0.052324 0.023846 -0.024457
17 40 -0.047838 0.021516 -0.023022
18 40 -0.043166 0.019255 -0.020672
19 40 -0.036063 0.016622 -0.016758
20 40 -0.027448 0.014124 -0.012693
21 40 -0.019520 0.012359 -0.008881
22 40 -0.011331 0.010857 -0.004106
23 40 -0.001377 0.008966 0.001629
24 40 0.009330 0.006991 0.007318
25 40 0.019894 0.005590 0.013155
26 40 0.030902 0.004851 0.019550
27 40 0.041712 0.004523 0.025487
28 40 0.050578 0.004469 0.030206
29 40 0.058007 0.004592 0.034790
30 40 0.066137 0.004786 0.040137
31 40 0.074602 0.005082 0.044991
32 40 0.080471 0.005456 0.047778
33 40 0.082614 0.005579 0.049208
34 40 0.083105 0.005261 0.051509
35 40 0.083389 0.005144 0.055854
36 40 0.081334 0.006460 0.061743
37 40 0.073705 0.009776 0.067932
38 40 0.061227 0.014059 0.072022
39 40 0.050422 0.017183 0.069603
40 40 0.049298 0.017724 0.057073
41 40 0.059512 0.016668 0.036734
42 40 0.074204 0.016876 0.015465
43 40 0.087112 0.019533 -0.003593
44 40 0.098738 0.021538 -0.021252
45 40 0.104505 0.018989 -0.032902
46 40 0.090602 0.012866 -0.033811
47 40 0.059173 0.007415 -0.032014
48 40 0.029526 0.003779 -0.032229
49 40 0.000000 0.000000 0.000000

0 41 0.000000 0.000000 0.000000
1 41 -0.052737 0.048092 -0.002327
2 41 -0.058618 0.047769 -0.005053
3 41 -0.062608 0.046229 -0.007742
4 41 -0.065360 0.043762 -0.010604
5 41 -0.068162 0.040835 -0.013565
6 41 -0.070370 0.037465 -0.015989
7 41 -0.072171 0.034106 -0.018579
8 41 -0.074630 0.031191 -0.021189
9 41 -0.076167 0.028260 -0.022930
10 41 -0.076514 0.025423 -0.024587
11 41 -0.077033 0.023184 -0.026235
12 41 -0.076555 0.021022 -0.026908
13 41 -0.074371 0.018589 -0.027064
14 41 -0.071628 0.016416 -0.027003
15 41 -0.068063 0.014538 -0.026095
16 41 -0.063269 0.012498 -0.024623
17 41 -0.057819 0.010301 -0.022751
18 41 -0.051127 0.008192 -0.019777
19 41 -0.043019 0.006289 -0.016191
20 41 -0.035172 0.004622 -0.012908
21 41 -0.027443 0.002960 -0.008955
22 41 -0.017636 0.001081 -0.003461
23 41 -0.006362 -0.000649 0.002165
24 41 0.003574 -0.001736 0.006838
25 41 0.012370 -0.002383 0.011770
26 41 0.022409 -0.003085 0.017808
27 41 0.033431 -0.003840 0.023724
28 41 0.043312 -0.004442 0.028644
29 41 0.052249 -0.004964 0.033577
30 41 0.062062 -0.005264 0.039264
31 41 0.072295 -0.004573 0.044566
32 41 0.080262 -0.002392 0.048115
33 41 0.084459 0.000530 0.050118
34 41 0.085475 0.002829 0.051722
35 41 0.083773 0.004126 0.053847
36 41 0.078568 0.005506 0.057338
37 41 0.069354 0.008292 0.062814
38 41 0.057890 0.012545 0.068506
39 41 0.048854 0.016794 0.068776
40 41 0.048151 0.019330 0.057766
41 41 0.058057 0.020113 0.036363
42 41 0.073551 0.021068 0.012856
43 41 0.087299 0.023144 -0.006060
44 41 0.096891 0.023550 -0.020040
45 41 0.099158 0.019210 -0.028094
46 41 0.085343 0.012603 -0.028717
47 41 0.057741 0.008289 -0.028170
48 41 0.030364 0.005018 -0.028449
49 41 0.000000 0.000000 0.000000

0 42 0.000000 0.000000 0.000000
1 42 -0.049426 0.026133 -0.001909
2 42 -0.058240 0.025874 -0.004290
3 42 -0.065713 0.025062 -0.006930
4 42 -0.071980 0.023788 -0.009866
5 42 -0.076916 0.022066 -0.012642
6 42 -0.080160 0.020056 -0.015265
7 42 -0.082713 0.018023 -0.018070
8 42 -0.084251 0.015822 -0.020211
9 42 -0.083982 0.013501 -0.021863
10 42 -0.083595 0.011524 -0.023813
11 42 -0.082894 0.009606 -0.024954
12 42 -0.080079 0.007366 -0.025069
13 42 -0.076743 0.005393 -0.025456
14 42 -0.073890 0.003806 -0.025441
15 42 -0.069325 0.001870 -0.024020
16 42 -0.063129 -0.000303 -0.022275
17 42 -0.057216 -0.002049 -0.020562
18 42 -0.050805 -0.003556 -0.017839
19 42 -0.042877 -0.005263 -0.014362
20 42 -0.034524 -0.007022 -0.010849
21 42 -0.025855 -0.008611 -0.006662
22 42 -0.015979 -0.009914 -0.001637
23 42 -0.005983 -0.010698 0.003077
24 42 0.002877 -0.011164 0.007411
25 42 0.012073 -0.012004 0.012646
26 42 0.023103 -0.013147 0.018800
27 42 0.034377 -0.013442 0.024393
28 42 0.043583 -0.012302 0.028789
29 42 0.050741 -0.010714 0.032629
30 42 0.057069 -0.009876 0.036267
31 42 0.063071 -0.009555 0.039587
32 42 0.069072 -0.008514 0.042946
33 42 0.075469 -0.006119 0.046698
34 42 0.080989 -0.002886 0.050063
35 42 0.082325 0.000390 0.052088
36 42 0.077051 0.003553 0.053774
37 42 0.066241 0.007095 0.057541
38 42 0.053809 0.011445 0.063229
39 42 0.044743 0.016235 0.065260
40 42 0.044230 0.020350 0.056196
41 42 0.054911 0.023088 0.035084
42 42 0.072257 0.025031 0.010586
43 42 0.086524 0.026396 -0.007625
44 42 0.092253 0.024927 -0.018073
45 42 0.089667 0.018966 -0.023527
46 42 0.077183 0.012226 -0.024992
47 42 0.055389 0.008781 -0.024928
48 42 0.030244 0.005533 -0.023432
49 42 0.000000 0.000000 0.000000

0 43 0.000000 0.000000 0.000000
1 43 -0.047922 0.002389 -0.001512
2 43 -0.057693 0.001868 -0.003597
3 43 -0.066184 0.001381 -0.005983
4 43 -0.073287 0.001072 -0.008666
5 43 -0.079006 0.001086 -0.011362
6 43 -0.083081 0.001178 -0.013983
7 43 -0.085718 0.001106 -0.016488
8 43 -0.086727 0.000814 -0.018498
9 43 -0.086416 0.000248 -0.020356
10 43 -0.085477 -0.000736 -0.021934
11 43 -0.083048 -0.002265 -0.022552
12 43 -0.079436 -0.003982 -0.022964
13 43 -0.076216 -0.005651 -0.023429
14 43 -0.072128 -0.007763 -0.022679
15 43 -0.066024 -0.010213 -0.021094
16 43 -0.060117 -0.012121 -0.019950
17 43 -0.054896 -0.013702 -0.018323
18 43 -0.047880 -0.015835 -0.015207
19 43 -0.039179 -0.018002 -0.011745
20 43 -0.031091 -0.019180 -0.008656
21 43 -0.023441 -0.019844 -0.005051
22 43 -0.014745 -0.020929 -0.000653
23 43 -0.005185 -0.022011 0.003974
24 43 0.004598 -0.022174 0.008833
25 43 0.014403 -0.021548 0.013827
26 43 0.023254 -0.020792 0.018130
27 43 0.030514 -0.019913 0.021802
28 43 0.037780 -0.018475 0.026134
29 43 0.046476 -0.016484 0.031181
30 43 0.054632 -0.014482 0.035019
31 43 0.059358 -0.012941 0.036688
32 43 0.061640 -0.011789 0.037994
33 43 0.065244 -0.010388 0.040945
34 43 0.070910 -0.007963 0.044833
35 43 0.074505 -0.004242 0.047571
36 43 0.071636 0.000333 0.049209
37 43 0.062153 0.005177 0.052179
38 43 0.049759 0.010227 0.057194
39 43 0.039768 0.015681 0.059661
40 43 0.038293 0.021132 0.052104
41 43 0.049496 0.025581 0.032345
42 43 0.069075 0.028364 0.008584
43 43 0.083979 0.028918 -0.007867
44 43 0.085409 0.025775 -0.015087
45 43 0.077766 0.018807 -0.019286
46 43 0.067188 0.012140 -0.022554
47 43 0.051362 0.008824 -0.022207
48 43 0.028136 0.005246 -0.017899
49 43 0.000000 0.000000 0.000000

0 44 0.000000 0.000000 0.000000
1 44 -0.048721 -0.021291 -0.001245
2 44 -0.058708 -0.018586 -0.002973
3 44 -0.065639 -0.016501 -0.004983
4 44 -0.070519 -0.015076 -0.007374
5 44 -0.073782 -0.014493 -0.009557
6 44 -0.075493 -0.014817 -0.011704
7 44 -0.076888 -0.015412 -0.013967
8 44 -0.077809 -0.016295 -0.015798
9 44 -0.077879 -0.017576 -0.017407
10 44 -0.077617 -0.018737 -0.018833
11 44 -0.076762 -0.019780 -0.019780
12 44 -0.075214 -0.020997 -0.020473
13 44 -0.072929 -0.022236 -0.020623
14 44 -0.069352 -0.023401 -0.020037
15 44 -0.065253 -0.024550 -0.019446
16 44 -0.061160 -0.025685 -0.018509
17 44 -0.055457 -0.026933 -0.016271
18 44 -0.048203 -0.028249 -0.013686
19 44 -0.041760 -0.029254 -0.011697
20 44 -0.035610 -0.029933 -0.008952
21 44 -0.027284 -0.030699 -0.004759
22 44 -0.017918 -0.031573 -0.000804
23 44 -0.010118 -0.032082 0.002317
24 44 -0.002679 -0.031928 0.006247
25 44 0.006564 -0.031230 0.011242
26 44 0.015936 -0.030374 0.015431
27 44 0.023235 -0.029799 0.018531
28 44 0.030450 -0.029413 0.022604
29 44 0.040317 -0.028185 0.028215
30 44 0.050773 -0.025064 0.032948
31 44 0.057238 -0.020460 0.034872
32 44 0.058982 -0.016065 0.035186
33 44 0.059618 -0.012936 0.036213
34 44 0.061684 -0.010353 0.038378
35 44 0.063570 -0.006913 0.040578
36 44 0.061962 -0.002196 0.042657
37 44 0.055319 0.003201 0.045887
38 44 0.044792 0.008906 0.050392
39 44 0.034374 0.015179 0.052451
40 44 0.031260 0.021866 0.045781
41 44 0.041997 0.027646 0.028062
42 44 0.063073 0.030848 0.006666
43 44 0.078524 0.030452 -0.006955
44 44 0.076485 0.026107 -0.011327
45 44 0.064934 0.018977 -0.015320
46 44 0.056386 0.012516 -0.020716
47 44 0.045448 0.008522 -0.019664
48 44 0.023999 0.004385 -0.012652
49 44 0.000000 0.000000 0.000000

0 45 0.000000 0.000000 0.000000
1 45 -0.038050 -0.041281 -0.000861
2 45 -0.046358 -0.039434 -0.002088
3 45 -0.053759 -0.037585 -0.003905
4 45 -0.060504 -0.035711 -0.005872
5 45 -0.065443 -0.034234 -0.007690
6 45 -0.069323 -0.032872 -0.009979
7 45 -0.072368 -0.031630 -0.011932
8 45 -0.073203 -0.031070 -0.013323
9 45 -0.073106 -0.030782 -0.015010
10 45 -0.072672 -0.030505 -0.016232
11 45 -0.070526 -0.030807 -0.016659
12 45 -0.067598 -0.031551 -0.017172
13 45 -0.064679 -0.032214 -0.017289
14 45 -0.060677 -0.032943 -0.016604
15 45 -0.056117 -0.034020 -0.015922
16 45 -0.051600 -0.035326 -0.014871
17 45 -0.045897 -0.036463 -0.012803
18 45 -0.039596 -0.037160 -0.010829
19 45 -0.034356 -0.037870 -0.009245
20 45 -0.028515 -0.039089 -0.006432
21 45 -0.020264 -0.040052 -0.002469
22 45 -0.012254 -0.039727 0.000498
23 45 -0.006949 -0.038864 0.002429
24 45 -0.001616 -0.038911 0.005631
25 45 0.006893 -0.039287 0.010513
26 45 0.016444 -0.038077 0.014790
27 45 0.022969 -0.035153 0.017129
28 45 0.026383 -0.032398 0.018757
29 45 0.029842 -0.030754 0.021190
30 45 0.035156 -0.028999 0.024391
31 45 0.041427 -0.025847 0.027481
32 45 0.047000 -0.021738 0.029879
33 45 0.050904 -0.017818 0.031424
34 45 0.052858 -0.014184 0.032299
35 45 0.053015 -0.009985 0.033225
36 45 0.051422 -0.004758 0.035226
37 45 0.047186 0.001200 0.038760
38 45 0.039099 0.007699 0.042756
39 45 0.028921 0.015013 0.043968
40 45 0.024075 0.022877 0.037791
41 45 0.033156 0.029527 0.022581
42 45 0.053960 0.032578 0.004743
43 45 0.069250 0.031033 -0.005409
44 45 0.065285 0.025967 -0.007437
45 45 0.051979 0.019438 -0.011609
46 45 0.045384 0.013275 -0.018611
47 45 0.037889 0.008047 -0.016880
48 45 0.018588 0.003294 -0.008267
49 45 0.000000 0.000000 0.000000

0 46 0.000000 0.000000 0.000000
1 46 -0.030665 -0.058290 -0.000556
2 46 -0.037750 -0.056540 -0.001531
3 46 -0.044134 -0.054508 -0.002974
4 46 -0.049287 -0.052393 -0.004257
5 46 -0.053075 -0.050058 -0.005894
6 46 -0.056691 -0.047372 -0.007794
7 46 -0.058654 -0.045165 -0.008929
8 46 -0.058953 -0.043240 -0.010249
9 46 -0.059656 -0.041264 -0.011895
10 46 -0.059110 -0.040256 -0.012423
11 46 -0.056497 -0.040003 -0.012654
12 46 -0.054556 -0.039540 -0.013529
13 46 -0.052758 -0.039693 -0.013587
14 46 -0.048789 -0.040835 -0.012588
15 46 -0.044359 -0.041657 -0.012016
16 46 -0.041202 -0.042150 -0.011617
17 46 -0.037426 -0.043391 -0.010186
18 46 -0.031920 -0.044770 -0.008116
19 46 -0.026342 -0.045259 -0.006324
20 46 -0.021712 -0.045537 -0.004675
21 46 -0.017089 -0.046230 -0.002587
22 46 -0.011423 -0.046424 0.000147
23 46 -0.004905 -0.045589 0.003163
24 46 0.001136 -0.044607 0.005723
25 46 0.005756 -0.043866 0.007684
26 46 0.009969 -0.042379 0.009985
27 46 0.015446 -0.039581 0.013165
28 46 0.021549 -0.036391 0.016118
29 46 0.025862 -0.033824 0.017655
30 46 0.028040 -0.031635 0.018546
31 46 0.030651 -0.028936 0.020422
32 46 0.035204 -0.025415 0.023135
33 46 0.039605 -0.021393 0.024849
34 46 0.041096 -0.017094 0.024852
35 46 0.040022 -0.012381 0.024801
36 46 0.038630 -0.007038 0.026683
37 46 0.036851 -0.000899 0.030446
38 46 0.031841 0.006328 0.034010
39 46 0.023190 0.014866 0.034464
40 46 0.017516 0.023966 0.028886
41 46 0.024138 0.031218 0.016621
42 46 0.042321 0.033740 0.002980
43 46 0.056017 0.030966 -0.003742
44 46 0.051688 0.025531 -0.004129
45 46 0.039097 0.020022 -0.008211
46 46 0.034325 0.014186 -0.015568
47 46 0.029152 0.007565 -0.013539
48 46 0.012937 0.002280 -0.004973
49 46 0.000000 0.000000 0.000000

0 47 0.000000 0.000000 0.000000
1 47 -0.023653 -0.072858 -0.000371
2 47 -0.030011 -0.068467 -0.001146
3 47 -0.034466 -0.063917 -0.001977
4 47 -0.036838 -0.059925 -0.002903
5 47 -0.038319 -0.056522 -0.004120
6 47 -0.038850 -0.053968 -0.004921
7 47 -0.038338 -0.052440 -0.005727
8 47 -0.038442 -0.051219 -0.006919
9 47 -0.038428 -0.050355 -0.007469
10 47 -0.037375 -0.050275 -0.007815
11 47 -0.037054 -0.050179 -0.008717
12 47 -0.036954 -0.049804 -0.009015
13 47 -0.035317 -0.050080 -0.008660
14 47 -0.033649 -0.050763 -0.008833
15 47 -0.032626 -0.050841 -0.008805
16 47 -0.030331 -0.050823 -0.007824
17 47 -0.027216 -0.051627 -0.007031
18 47 -0.024816 -0.052546 -0.006495
19 47 -0.021814 -0.052545 -0.005018
20 47 -0.017601 -0.052156 -0.003281
21 47 -0.014285 -0.052429 -0.002436
22 47 -0.011593 -0.053033 -0.001150
23 47 -0.006750 -0.052687 0.001696
24 47 -0.000806 -0.051052 0.004129
25 47 0.002346 -0.049214 0.004602
26 47 0.003589 -0.048155 0.005310
27 47 0.007941 -0.047355 0.008573
28 47 0.015940 -0.045355 0.012644
29 47 0.022234 -0.041484 0.014385
30 47 0.023716 -0.036500 0.014068
31 47 0.023538 -0.031518 0.014437
32 47 0.025345 -0.026882 0.016189
33 47 0.027914 -0.022300 0.017298
34 47 0.028086 -0.017628 0.016662
35 47 0.026115 -0.012999 0.016016
36 47 0.024863 -0.008233 0.017511
37 47 0.024718 -0.002536 0.020874
38 47 0.022458 0.005016 0.023784
39 47 0.016442 0.014592 0.023860
40 47 0.011496 0.024799 0.019496
41 47 0.015590 0.032501 0.010768
42 47 0.028996 0.034452 0.001596
43 47 0.039384 0.030633 -0.002258
44 47 0.035887 0.025043 -0.001845
45 47 0.026196 0.020539 -0.005178
46 47 0.023109 0.014980 -0.011307
47 47 0.019709 0.007191 -0.009525
48 47 0.007854 0.001538 -0.002693
49 47 0.000000 0.000000 0.000000

0 48 0.000000 0.000000 0.000000
1 48 -0.009709 -0.077206 -0.000150
2 48 -0.011566 -0.074464 -0.000474
3 48 -0.013576 -0.071544 -0.000745
4 48 -0.015944 -0.068303 -0.001427
5 48 -0.018800 -0.065030 -0.002096
6 48 -0.020539 -0.061992 -0.002373
7 48 -0.022030 -0.058857 -0.003295
8 48 -0.023833 -0.056193 -0.004054
9 48 -0.023514 -0.054369 -0.003841
10 48 -0.022544 -0.052574 -0.004415
11 48 -0.023069 -0.051222 -0.005301
12 48 -0.021791 -0.051075 -0.004566
13 48 -0.018624 -0.050986 -0.004062
14 48 -0.017988 -0.050551 -0.005080
15 48 -0.017923 -0.051150 -0.004815
16 48 -0.014300 -0.052390 -0.002954
17 48 -0.010955 -0.052605 -0.002769
18 48 -0.011443 -0.052513 -0.003767
19 48 -0.010895 -0.053556 -0.002574
20 48 -0.006272 -0.054562 -0.000131
21 48 -0.002774 -0.054000 0.000218
22 48 -0.003393 -0.052934 -0.000661
23 48 -0.003415 -0.052741 0.000347
24 48 0.000336 -0.052479 0.002779
25 48 0.004302 -0.050775 0.003951
26 48 0.005215 -0.048128 0.003740
27 48 0.004860 -0.045603 0.003971
28 48 0.005538 -0.043016 0.004829
29 48 0.006454 -0.039801 0.005166
30 48 0.006777 -0.036329 0.005222
31 48 0.008079 -0.033127 0.006324
32 48 0.011438 -0.029662 0.008333
33 48 0.014820 -0.025034 0.009499
34 48 0.015579 -0.019429 0.009021
35 48 0.014068 -0.013925 0.008234
36 48 0.012796 -0.008890 0.008789
37 48 0.012615 -0.003255 0.010618
38 48 0.011640 0.004452 0.012224
39 48 0.008507 0.014550 0.012189
40 48 0.005639 0.025329 0.009787
41 48 0.007563 0.033225 0.005238
42 48 0.014683 0.034793 0.000648
43 48 0.020312 0.030363 -0.001039
44 48 0.018400 0.024723 -0.000600
45 48 0.013162 0.020833 -0.002484
46 48 0.011650 0.015436 -0.005965
47 48 0.009919 0.006991 -0.004929
48 48 0.003629 0.001155 -0.001155
49 48 0.000000 0.000000 0.000000

0 49 0.000000 0.000000 0.000000
1 49 0.000000 0.000000 0.000000
2 49 0.000000 0.000000 0.000000
3 49 0.000000 0.000000 0.000000
4 49 0.000000 0.000000 0.000000
5 49 0.000000 0.000000 0.000000
6 49 0.000000 0.000000 0.000000
7 49 0.000000 0.000000 0.000000
8 49 0.000000 0.000000 0.000000
9 49 0.000000 0.000000 0.000000
10 49 0.000000 0.000000 0.000000
11 49 0.000000 0.000000 0.000000
12 49 0.000000 0.000000 0.000000
13 49 0.000000 0.000000 0.000000
14 49 0.000000 0.000000 0.000000
15 49 0.000000 0.000000 0.000000
16 49 0.000000 0.000000 0.000000
17 49 0.000000 0.000000 0.000000
18 49 0.000000 0.000000 0.000000
19 49 0.000000 0.000000 0.000000
20 49 0.000000 0.000000 0.000000
21 49 0.000000 0.000000 0.000000
22 49 0.000000 0.000000 0.000000
23 49 0.000000 0.000000 0.000000
24 49 0.000000 0.000000 0.000000
25 49 0.000000 0.000000 0.000000
26 49 0.000000 0.000000 0.000000
27 49 0.000000 0.000000 0.000000
28 49 0.000000 0.000000 0.000000
29 49 0.000000 0.000000 0.000000
30 49 0.000000 0.000000 0.000000
31 49 0.000000 0.000000 0.000000
32 49 0.000000 0.000000 0.000000
33 49 0.000000 0.000000 0.000000
34 49 0.000000 0.000000 0.000000
35 49 0.000000 0.000000 0.000000
36 49 0.000000 0.000000 0.000000
37 49 0.000000 0.000000 0.000000
38 49 0.000000 0.000000 0.000000
39 49 0.000000 0.000000 0.000000
40 49 0.000000 0.000000 0.000000
41 49 0.000000 0.000000 0.000000
42 49 0.000000 0.000000 0.000000
43 49 0.000000 0.000000 0.000000
44 49 0.000000 0.000000 0.000000
45 49 0.000000 0.000000 0.000000
46 49 0.000000 0.000000 0.000000
47 49 0.000000 0.000000 0.000000
48 49 0.000000 0.000000 0.000000
49 49 0.000000 0.000000 0.000000

