#:x y Ey Bx Bz
0 0 0.000000 0.000000 0.000000
1 0 0.000000 0.000000 0.000000
2 0 0.000000 0.000000 0.000000
3 0 0.000000 0.000000 0.000000
4 0 0.000000 0.000000 0.000000
5 0 0.000000 0.000000 0.000000
6 0 0.000000 0.000000 0.000000
7 0 0.000000 0.000000 0.000000
8 0 0.000000 0.000000 0.000000
9 0 0.000000 0.000000 0.000000
10 0 0.000000 0.000000 0.000000
11 0 0.000000 0.000000 0.000000
12 0 0.000000 0.000000 0.000000
13 0 0.000000 0.000000 0.000000
14 0 0.000000 0.000000 0.000000
15 0 0.000000 0.000000 0.000000
16 0 0.000000 0.000000 0.000000
17 0 0.000000 0.000000 0.000000
18 0 0.000000 0.000000 0.000000
19 0 0.000000 0.000000 0.000000
20 0 0.000000 0.000000 0.000000
21 0 0.000000 0.000000 0.000000
22 0 0.000000 0.000000 0.000000
23 0 0.000000 0.000000 0.000000
24 0 0.000000 0.000000 0.000000
25 0 0.000000 0.000000 0.000000
26 0 0.000000 0.000000 0.000000
27 0 0.000000 0.000000 0.000000
28 0 0.000000 0.000000 0.000000
29 0 0.000000 0.000000 0.000000
30 0 0.000000 0.000000 0.000000
31 0 0.000000 0.000000 0.000000
32 0 0.000000 0.000000 0.000000
33 0 0.000000 0.000000 0.000000
34 0 0.000000 0.000000 0.000000
35 0 0.000000 0.000000 0.000000
36 0 0.000000 0.000000 0.000000
37 0 0.000000 0.000000 0.000000
38 0 0.000000 0.000000 0.000000
39 0 0.000000 0.000000 0.000000
40 0 0.000000 0.000000 0.000000
41 0 0.000000 0.000000 0.000000
42 0 0.000000 0.000000 0.000000
43 0 0.000000 0.000000 0.000000
44 0 0.000000 0.000000 0.000000
45 0 0.000000 0.000000 0.000000
46 0 0.000000 0.000000 0.000000
47 0 0.000000 0.000000 0.000000
48 0 0.000000 0.000000 0.000000
49 0 0.000000 0.000000 0.000000

0 1 0.000000 0.000000 0.000000
1 1 0.001258 0.001470 -0.001470
2 1 0.002837 0.002824 -0.001354
3 1 0.005020 0.003909 -0.001085
4 1 0.007986 0.004512 -0.000603
5 1 0.011731 0.004351 0.000162
6 1 0.015927 0.003107 0.001243
7 1 0.019832 0.000517 0.002591
8 1 0.022213 -0.003477 0.003994
9 1 0.021549 -0.008509 0.005032
10 1 0.016463 -0.013633 0.005124
11 1 0.006549 -0.017311 0.003678
12 1 -0.006673 -0.017807 0.000496
13 1 -0.019528 -0.013975 -0.003832
14 1 -0.027036 -0.006181 -0.007794
15 1 -0.025512 0.003184 -0.009365
16 1 -0.015876 0.010638 -0.007454
17 1 -0.003648 0.013776 -0.003138
18 1 0.005276 0.012672 0.001103
19 1 0.008576 0.009252 0.003420
20 1 0.007634 0.005606 0.003647
21 1 0.005076 0.002889 0.002716
22 1 0.002742 0.001288 0.001601
23 1 0.001250 0.000503 0.000785
24 1 0.000492 0.000173 0.000329
25 1 0.000170 0.000053 0.000120
26 1 0.000052 0.000015 0.000039
27 1 0.000014 0.000004 0.000011
28 1 0.000003 0.000001 0.000003
29 1 0.000001 0.000000 0.000001
30 1 0.000000 0.000000 0.000000
31 1 0.000000 0.000000 0.000000
32 1 0.000000 0.000000 0.000000
33 1 0.000000 0.000000 0.000000
34 1 0.000000 0.000000 0.000000
35 1 0.000000 0.000000 0.000000
36 1 0.000000 0.000000 0.000000
37 1 0.000000 0.000000 0.000000
38 1 0.000000 0.000000 0.000000
39 1 0.000000 0.000000 0.000000
40 1 0.000000 0.000000 0.000000
41 1 0.000000 0.000000 0.000000
42 1 0.000000 0.000000 0.000000
43 1 0.000000 0.000000 0.000000
44 1 0.000000 0.000000 0.000000
45 1 0.000000 0.000000 0.000000
46 1 0.000000 0.000000 0.000000
47 1 0.000000 0.000000 0.000000
48 1 0.000000 0.000000 0.000000
49 1 0.000000 0.000000 0.000000

0 2 0.000000 0.000000 0.000000
1 2 -0.001190 -0.000619 -0.001103
2 2 -0.002163 -0.001116 -0.001173
3 2 -0.002645 -0.001351 -0.001286
4 2 -0.002301 -0.001177 -0.001371
5 2 -0.000704 -0.000442 -0.001322
6 2 0.002557 0.000926 -0.000964
7 2 0.007705 0.002853 -0.000117
8 2 0.014499 0.004974 0.001396
9 2 0.021747 0.006592 0.003547
10 2 0.027228 0.006761 0.005972
11 2 0.027657 0.004615 0.007807
12 2 0.020012 0.000088 0.007668
13 2 0.003721 -0.005572 0.004398
14 2 -0.017539 -0.009736 -0.002128
15 2 -0.034886 -0.009510 -0.009896
16 2 -0.038568 -0.004268 -0.014624
17 2 -0.026728 0.003138 -0.012989
18 2 -0.007798 0.008625 -0.006168
19 2 0.007252 0.010135 0.001251
20 2 0.013330 0.008440 0.005530
21 2 0.012203 0.005558 0.006110
22 2 0.008190 0.003034 0.004592
23 2 0.004433 0.001410 0.002707
24 2 0.002018 0.000568 0.001323
25 2 0.000792 0.000201 0.000552
26 2 0.000272 0.000063 0.000200
27 2 0.000083 0.000018 0.000064
28 2 0.000023 0.000004 0.000018
29 2 0.000006 0.000001 0.000005
30 2 0.000001 0.000000 0.000001
31 2 0.000000 0.000000 0.000000
32 2 0.000000 0.000000 0.000000
33 2 0.000000 0.000000 0.000000
34 2 0.000000 0.000000 0.000000
35 2 0.000000 0.000000 0.000000
36 2 0.000000 0.000000 0.000000
37 2 0.000000 0.000000 0.000000
38 2 0.000000 0.000000 0.000000
39 2 0.000000 0.000000 0.000000
40 2 0.000000 0.000000 0.000000
41 2 0.000000 0.000000 0.000000
42 2 0.000000 0.000000 0.000000
43 2 0.000000 0.000000 0.000000
44 2 0.000000 0.000000 0.000000
45 2 0.000000 0.000000 0.000000
46 2 0.000000 0.000000 0.000000
47 2 0.000000 0.000000 0.000000
48 2 0.000000 0.000000 0.000000
49 2 0.000000 0.000000 0.000000

0 3 0.000000 0.000000 0.000000
1 3 0.000226 -0.002384 0.001520
2 3 0.000030 -0.004866 0.001503
3 3 -0.001029 -0.007467 0.001411
4 3 -0.003266 -0.010061 0.001154
5 3 -0.006921 -0.012293 0.000591
6 3 -0.011711 -0.013523 -0.000386
7 3 -0.016883 -0.012898 -0.001772
8 3 -0.020676 -0.009473 -0.003388
9 3 -0.020683 -0.002794 -0.004581
10 3 -0.014616 0.006633 -0.004551
11 3 -0.001397 0.016601 -0.002248
12 3 0.015780 0.023258 0.002541
13 3 0.029590 0.022704 0.008210
14 3 0.030446 0.013212 0.011616
15 3 0.011908 -0.001708 0.008494
16 3 -0.018215 -0.013382 -0.002214
17 3 -0.039090 -0.014845 -0.013893
18 3 -0.036729 -0.007273 -0.017526
19 3 -0.017053 0.002243 -0.011275
20 3 0.003490 0.007829 -0.001273
21 3 0.014110 0.008450 0.005715
22 3 0.014684 0.006273 0.007572
23 3 0.010419 0.003663 0.006069
24 3 0.005813 0.001775 0.003693
25 3 0.002696 0.000735 0.001837
26 3 0.001070 0.000265 0.000774
27 3 0.000371 0.000084 0.000283
28 3 0.000114 0.000024 0.000091
29 3 0.000031 0.000006 0.000026
30 3 0.000008 0.000001 0.000007
31 3 0.000002 0.000000 0.000002
32 3 0.000000 0.000000 0.000000
33 3 0.000000 0.000000 0.000000
34 3 0.000000 0.000000 0.000000
35 3 0.000000 0.000000 0.000000
36 3 0.000000 0.000000 0.000000
37 3 0.000000 0.000000 0.000000
38 3 0.000000 0.000000 0.000000
39 3 0.000000 0.000000 0.000000
40 3 0.000000 0.000000 0.000000
41 3 0.000000 0.000000 0.000000
42 3 0.000000 0.000000 0.000000
43 3 0.000000 0.000000 0.000000
44 3 0.000000 0.000000 0.000000
45 3 0.000000 0.000000 0.000000
46 3 0.000000 0.000000 0.000000
47 3 0.000000 0.000000 0.000000
48 3 0.000000 0.000000 0.000000
49 3 0.000000 0.000000 0.000000

0 4 0.000000 0.000000 0.000000
1 4 0.004192 0.000968 0.000506
2 4 0.008383 0.001695 0.000816
3 4 0.012422 0.001867 0.001451
4 4 0.015847 0.001164 0.002304
5 4 0.017850 -0.000840 0.003326
6 4 0.016955 -0.004372 0.004104
7 4 0.011838 -0.009379 0.004269
8 4 0.000840 -0.015059 0.003051
9 4 -0.015316 -0.019504 -0.000134
10 4 -0.033902 -0.020119 -0.005150
11 4 -0.048030 -0.013876 -0.011135
12 4 -0.047676 -0.000128 -0.014642
13 4 -0.027672 0.017544 -0.012225
14 4 0.009182 0.031229 -0.002240
15 4 0.044403 0.030649 0.012782
16 4 0.048256 0.013148 0.021311
17 4 0.013871 -0.009178 0.012608
18 4 -0.027936 -0.020186 -0.006991
19 4 -0.042991 -0.015597 -0.019799
20 4 -0.027940 -0.003819 -0.017159
21 4 -0.003396 0.005296 -0.005524
22 4 0.012418 0.008230 0.004523
23 4 0.015768 0.006865 0.008287
24 4 0.012011 0.004242 0.007237
25 4 0.006947 0.002124 0.004579
26 4 0.003290 0.000898 0.002325
27 4 0.001324 0.000328 0.000992
28 4 0.000463 0.000105 0.000365
29 4 0.000143 0.000030 0.000118
30 4 0.000039 0.000008 0.000034
31 4 0.000010 0.000002 0.000009
32 4 0.000002 0.000000 0.000002
33 4 0.000000 0.000000 0.000000
34 4 0.000000 0.000000 0.000000
35 4 0.000000 0.000000 0.000000
36 4 0.000000 0.000000 0.000000
37 4 0.000000 0.000000 0.000000
38 4 0.000000 0.000000 0.000000
39 4 0.000000 0.000000 0.000000
40 4 0.000000 0.000000 0.000000
41 4 0.000000 0.000000 0.000000
42 4 0.000000 0.000000 0.000000
43 4 0.000000 0.000000 0.000000
44 4 0.000000 0.000000 0.000000
45 4 0.000000 0.000000 0.000000
46 4 0.000000 0.000000 0.000000
47 4 0.000000 0.000000 0.000000
48 4 0.000000 0.000000 0.000000
49 4 0.000000 0.000000 0.000000

0 5 0.000000 0.000000 0.000000
1 5 -0.001956 0.001369 -0.001701
2 5 -0.003395 0.003149 -0.001802
3 5 -0.003446 0.005725 -0.001934
4 5 -0.001630 0.009212 -0.001867
5 5 0.003223 0.013572 -0.001434
6 5 0.011189 0.017911 -0.000056
7 5 0.021864 0.021053 0.002150
8 5 0.033113 0.020621 0.005684
9 5 0.039150 0.014706 0.009011
10 5 0.035148 0.002481 0.010793
11 5 0.013780 -0.014088 0.008260
12 5 -0.022128 -0.027488 -0.001313
13 5 -0.057429 -0.029311 -0.014403
14 5 -0.072217 -0.013665 -0.025257
15 5 -0.042302 0.015294 -0.023221
16 5 0.023800 0.036120 -0.000285
17 5 0.067146 0.029330 0.026276
18 5 0.046407 0.002712 0.027989
19 5 -0.008925 -0.018306 0.004229
20 5 -0.042663 -0.019919 -0.018557
21 5 -0.036065 -0.008655 -0.021696
22 5 -0.010251 0.002598 -0.009893
23 5 0.009731 0.007488 0.002728
24 5 0.015856 0.007027 0.008449
25 5 0.012940 0.004572 0.008047
26 5 0.007730 0.002354 0.005274
27 5 0.003727 0.001013 0.002727
28 5 0.001516 0.000374 0.001175
29 5 0.000534 0.000121 0.000435
30 5 0.000165 0.000035 0.000141
31 5 0.000046 0.000009 0.000040
32 5 0.000011 0.000002 0.000010
33 5 0.000003 0.000000 0.000002
34 5 0.000001 0.000000 0.000001
35 5 0.000000 0.000000 0.000000
36 5 0.000000 0.000000 0.000000
37 5 0.000000 0.000000 0.000000
38 5 0.000000 0.000000 0.000000
39 5 0.000000 0.000000 0.000000
40 5 0.000000 0.000000 0.000000
41 5 0.000000 0.000000 0.000000
42 5 0.000000 0.000000 0.000000
43 5 0.000000 0.000000 0.000000
44 5 0.000000 0.000000 0.000000
45 5 0.000000 0.000000 0.000000
46 5 0.000000 0.000000 0.000000
47 5 0.000000 0.000000 0.000000
48 5 0.000000 0.000000 0.000000
49 5 0.000000 0.000000 0.000000

0 6 0.000000 0.000000 0.000000
1 6 -0.003607 -0.003309 0.001999
2 6 -0.007822 -0.006521 0.001698
3 6 -0.013614 -0.009287 0.000842
4 6 -0.020396 -0.011132 -0.000385
5 6 -0.028792 -0.011066 -0.002471
6 6 -0.035252 -0.007801 -0.004914
7 6 -0.038680 -0.000520 -0.007266
8 6 -0.032454 0.011599 -0.008686
9 6 -0.014217 0.025585 -0.006182
10 6 0.014909 0.037569 -0.000390
11 6 0.050031 0.039320 0.010782
12 6 0.066357 0.024198 0.020991
13 6 0.049741 -0.004086 0.020941
14 6 -0.002713 -0.034461 0.008076
15 6 -0.072859 -0.043876 -0.019789
16 6 -0.090794 -0.015926 -0.041456
17 6 -0.020803 0.025242 -0.023561
18 6 0.060980 0.037711 0.019667
19 6 0.066789 0.015274 0.037733
20 6 0.009918 -0.012082 0.015546
21 6 -0.037400 -0.020302 -0.014796
22 6 -0.039639 -0.011454 -0.023904
23 6 -0.014909 0.000361 -0.013083
24 6 0.007315 0.006467 0.001118
25 6 0.015381 0.006780 0.008317
26 6 0.013239 0.004605 0.008491
27 6 0.008090 0.002426 0.005707
28 6 0.003948 0.001058 0.002986
29 6 0.001617 0.000394 0.001294
30 6 0.000572 0.000129 0.000480
31 6 0.000177 0.000037 0.000156
32 6 0.000049 0.000010 0.000045
33 6 0.000012 0.000002 0.000012
34 6 0.000003 0.000000 0.000003
35 6 0.000001 0.000000 0.000001
36 6 0.000000 0.000000 0.000000
37 6 0.000000 0.000000 0.000000
38 6 0.000000 0.000000 0.000000
39 6 0.000000 0.000000 0.000000
40 6 0.000000 0.000000 0.000000
41 6 0.000000 0.000000 0.000000
42 6 0.000000 0.000000 0.000000
43 6 0.000000 0.000000 0.000000
44 6 0.000000 0.000000 0.000000
45 6 0.000000 0.000000 0.000000
46 6 0.000000 0.000000 0.000000
47 6 0.000000 0.000000 0.000000
48 6 0.000000 0.000000 0.000000
49 6 0.000000 0.000000 0.000000

0 7 0.000000 0.000000 0.000000
1 7 0.005646 0.001469 0.001251
2 7 0.011177 0.002383 0.001627
3 7 0.015678 0.001665 0.002719
4 7 0.018308 -0.000823 0.003460
5 7 0.017364 -0.006457 0.004842
6 7 0.009163 -0.014184 0.004104
7 7 -0.005003 -0.023467 0.002703
8 7 -0.030236 -0.030607 -0.002791
9 7 -0.053290 -0.029878 -0.010559
10 7 -0.069871 -0.018569 -0.017526
11 7 -0.060778 0.007263 -0.022074
12 7 -0.012695 0.035802 -0.010813
13 7 0.044847 0.050186 0.009879
14 7 0.089293 0.038636 0.030117
15 7 0.073857 -0.005245 0.038121
16 7 -0.027107 -0.048505 0.005391
17 7 -0.106340 -0.041207 -0.044857
18 7 -0.060082 0.006368 -0.044264
19 7 0.041772 0.035735 0.007204
20 7 0.072038 0.022403 0.040252
21 7 0.021441 -0.005837 0.022907
22 7 -0.031472 -0.018227 -0.011065
23 7 -0.039388 -0.012079 -0.024177
24 7 -0.016564 -0.000912 -0.014494
25 7 0.005986 0.005512 0.000279
26 7 0.014751 0.006267 0.008164
27 7 0.013022 0.004380 0.008624
28 7 0.008032 0.002340 0.005854
29 7 0.003934 0.001028 0.003072
30 7 0.001614 0.000385 0.001332
31 7 0.000571 0.000126 0.000494
32 7 0.000177 0.000036 0.000160
33 7 0.000049 0.000009 0.000046
34 7 0.000012 0.000002 0.000012
35 7 0.000003 0.000000 0.000003
36 7 0.000001 0.000000 0.000001
37 7 0.000000 0.000000 0.000000
38 7 0.000000 0.000000 0.000000
39 7 0.000000 0.000000 0.000000
40 7 0.000000 0.000000 0.000000
41 7 0.000000 0.000000 0.000000
42 7 0.000000 0.000000 0.000000
43 7 0.000000 0.000000 0.000000
44 7 0.000000 0.000000 0.000000
45 7 0.000000 0.000000 0.000000
46 7 0.000000 0.000000 0.000000
47 7 0.000000 0.000000 0.000000
48 7 0.000000 0.000000 0.000000
49 7 0.000000 0.000000 0.000000

0 8 0.000000 0.000000 0.000000
1 8 -0.001750 0.003777 -0.003656
2 8 -0.003069 0.008008 -0.003710
3 8 -0.000167 0.013350 -0.003524
4 8 0.004271 0.018978 -0.002693
5 8 0.016320 0.025212 -0.001203
6 8 0.029791 0.027892 0.003064
7 8 0.045426 0.026884 0.006544
8 8 0.055636 0.015447 0.013693
9 8 0.043567 -0.003887 0.013386
10 8 0.017280 -0.027640 0.009544
11 8 -0.039063 -0.046605 -0.004927
12 8 -0.082449 -0.039152 -0.027883
13 8 -0.075119 -0.009330 -0.031452
14 8 -0.028344 0.031144 -0.019245
15 8 0.064300 0.058148 0.014204
16 8 0.114197 0.029810 0.053922
17 8 0.022412 -0.031553 0.032352
18 8 -0.094659 -0.048313 -0.036755
19 8 -0.075987 -0.007652 -0.053829
20 8 0.026667 0.028548 -0.002001
21 8 0.067728 0.022987 0.038588
22 8 0.023569 -0.002338 0.024843
23 8 -0.028085 -0.015486 -0.009447
24 8 -0.036924 -0.011084 -0.023460
25 8 -0.015482 -0.001154 -0.014161
26 8 0.005966 0.004821 0.000436
27 8 0.014198 0.005632 0.008159
28 8 0.012425 0.003969 0.008516
29 8 0.007615 0.002127 0.005734
30 8 0.003709 0.000936 0.002988
31 8 0.001514 0.000351 0.001288
32 8 0.000533 0.000115 0.000475
33 8 0.000165 0.000033 0.000153
34 8 0.000045 0.000009 0.000044
35 8 0.000011 0.000002 0.000011
36 8 0.000003 0.000000 0.000003
37 8 0.000001 0.000000 0.000001
38 8 0.000000 0.000000 0.000000
39 8 0.000000 0.000000 0.000000
40 8 0.000000 0.000000 0.000000
41 8 0.000000 0.000000 0.000000
42 8 0.000000 0.000000 0.000000
43 8 0.000000 0.000000 0.000000
44 8 0.000000 0.000000 0.000000
45 8 0.000000 0.000000 0.000000
46 8 0.000000 0.000000 0.000000
47 8 0.000000 0.000000 0.000000
48 8 0.000000 0.000000 0.000000
49 8 0.000000 0.000000 0.000000

0 9 0.000000 0.000000 0.000000
1 9 -0.006171 -0.004328 0.001023
2 9 -0.012430 -0.008546 0.000772
3 9 -0.021888 -0.011202 -0.001449
4 9 -0.028903 -0.012180 -0.002602
5 9 -0.040144 -0.008980 -0.006813
6 9 -0.038361 -0.000012 -0.008598
7 9 -0.035005 0.013185 -0.009779
8 9 -0.006407 0.032268 -0.007432
9 9 0.030052 0.042272 0.005796
10 9 0.062207 0.042131 0.014942
11 9 0.081236 0.018424 0.030048
12 9 0.028864 -0.021775 0.020994
13 9 -0.038486 -0.043604 -0.011089
14 9 -0.078404 -0.041166 -0.031039
15 9 -0.076651 -0.004386 -0.041104
16 9 0.024569 0.047587 -0.008031
17 9 0.114621 0.043666 0.054631
18 9 0.041503 -0.014723 0.045047
19 9 -0.080621 -0.042245 -0.030041
20 9 -0.071344 -0.011339 -0.053437
21 9 0.023425 0.022198 -0.003161
22 9 0.060334 0.019498 0.036374
23 9 0.018399 -0.001841 0.022223
24 9 -0.027754 -0.013112 -0.010420
25 9 -0.033345 -0.009214 -0.022348
26 9 -0.012399 -0.000642 -0.012426
27 9 0.006989 0.004396 0.001475
28 9 0.013737 0.004963 0.008303
29 9 0.011547 0.003448 0.008210
30 9 0.006924 0.001831 0.005386
31 9 0.003322 0.000800 0.002758
32 9 0.001340 0.000298 0.001173
33 9 0.000467 0.000097 0.000428
34 9 0.000144 0.000028 0.000137
35 9 0.000039 0.000007 0.000039
36 9 0.000010 0.000002 0.000010
37 9 0.000002 0.000000 0.000002
38 9 0.000000 0.000000 0.000000
39 9 0.000000 0.000000 0.000000
40 9 0.000000 0.000000 0.000000
41 9 0.000000 0.000000 0.000000
42 9 0.000000 0.000000 0.000000
43 9 0.000000 0.000000 0.000000
44 9 0.000000 0.000000 0.000000
45 9 0.000000 0.000000 0.000000
46 9 0.000000 0.000000 0.000000
47 9 0.000000 0.000000 0.000000
48 9 0.000000 0.000000 0.000000
49 9 0.000000 0.000000 0.000000

0 10 0.000000 0.000000 0.000000
1 10 0.006340 0.000388 0.001869
2 10 0.012947 0.000340 0.002072
3 10 0.015603 -0.003318 0.004101
4 10 0.015588 -0.007891 0.003374
5 10 0.008176 -0.018193 0.005736
6 10 -0.011818 -0.026719 -0.000429
7 10 -0.031345 -0.034303 -0.002866
8 10 -0.065016 -0.031501 -0.015954
9 10 -0.060943 -0.011072 -0.021925
10 10 -0.040512 0.014465 -0.017026
11 10 0.020180 0.045156 -0.004448
12 10 0.087998 0.043489 0.033135
13 10 0.062864 0.008190 0.037680
14 10 -0.000289 -0.023703 0.008838
15 10 -0.066540 -0.042001 -0.023157
16 10 -0.087757 -0.018954 -0.051322
17 10 0.016094 0.033838 -0.016172
18 10 0.106397 0.038640 0.054869
19 10 0.031842 -0.009785 0.042809
20 10 -0.076377 -0.033398 -0.031680
21 10 -0.056248 -0.007742 -0.047771
22 10 0.029194 0.018597 0.002653
23 10 0.052112 0.014591 0.034616
24 10 0.009045 -0.003116 0.016517
25 10 -0.029070 -0.011213 -0.013133
26 10 -0.028899 -0.007010 -0.020817
27 10 -0.008080 0.000243 -0.009656
28 10 0.008556 0.004120 0.003077
29 10 0.013238 0.004290 0.008479
30 10 0.010446 0.002882 0.007719
31 10 0.006048 0.001499 0.004861
32 10 0.002833 0.000645 0.002423
33 10 0.001122 0.000238 0.001010
34 10 0.000386 0.000077 0.000363
35 10 0.000117 0.000022 0.000114
36 10 0.000032 0.000006 0.000032
37 10 0.000008 0.000001 0.000008
38 10 0.000002 0.000000 0.000002
39 10 0.000000 0.000000 0.000000
40 10 0.000000 0.000000 0.000000
41 10 0.000000 0.000000 0.000000
42 10 0.000000 0.000000 0.000000
43 10 0.000000 0.000000 0.000000
44 10 0.000000 0.000000 0.000000
45 10 0.000000 0.000000 0.000000
46 10 0.000000 0.000000 0.000000
47 10 0.000000 0.000000 0.000000
48 10 0.000000 0.000000 0.000000
49 10 0.000000 0.000000 0.000000

0 11 0.000000 0.000000 0.000000
1 11 0.001564 0.005383 -0.004783
2 11 0.002442 0.010852 -0.004719
3 11 0.012239 0.017544 -0.003121
4 11 0.019051 0.021910 -0.000990
5 11 0.039123 0.026000 0.003129
6 11 0.047872 0.018907 0.010663
7 11 0.052082 0.007504 0.012442
8 11 0.031539 -0.018684 0.016968
9 11 -0.025550 -0.038949 -0.002474
10 11 -0.065504 -0.041088 -0.018972
11 11 -0.091548 -0.020292 -0.037383
12 11 -0.025626 0.028346 -0.029067
13 11 0.076237 0.046791 0.024262
14 11 0.087393 0.020632 0.047628
15 11 0.021827 -0.016391 0.027116
16 11 -0.077523 -0.039437 -0.024033
17 11 -0.090933 -0.015310 -0.061069
18 11 0.033004 0.031058 -0.009560
19 11 0.100910 0.028773 0.060005
20 11 0.008848 -0.012642 0.031380
21 11 -0.076196 -0.025879 -0.038560
22 11 -0.036056 -0.001801 -0.038514
23 11 0.037486 0.016374 0.011858
24 11 0.042043 0.009537 0.031967
25 11 -0.002012 -0.004821 0.008848
26 11 -0.030124 -0.009453 -0.016220
27 11 -0.023446 -0.004767 -0.018506
28 11 -0.003190 0.001175 -0.006193
29 11 0.010138 0.003861 0.004857
30 11 0.012537 0.003618 0.008520
31 11 0.009166 0.002315 0.007043
32 11 0.005074 0.001168 0.004213
33 11 0.002303 0.000492 0.002028
34 11 0.000891 0.000178 0.000823
35 11 0.000300 0.000057 0.000290
36 11 0.000090 0.000016 0.000090
37 11 0.000024 0.000004 0.000025
38 11 0.000006 0.000001 0.000006
39 11 0.000001 0.000000 0.000001
40 11 0.000000 0.000000 0.000000
41 11 0.000000 0.000000 0.000000
42 11 0.000000 0.000000 0.000000
43 11 0.000000 0.000000 0.000000
44 11 0.000000 0.000000 0.000000
45 11 0.000000 0.000000 0.000000
46 11 0.000000 0.000000 0.000000
47 11 0.000000 0.000000 0.000000
48 11 0.000000 0.000000 0.000000
49 11 0.000000 0.000000 0.000000

0 12 0.000000 0.000000 0.000000
1 12 -0.009242 -0.003847 -0.001248
2 12 -0.018124 -0.007041 -0.001700
3 12 -0.028838 -0.006694 -0.005428
4 12 -0.032799 -0.002583 -0.006463
5 12 -0.034920 0.008143 -0.011611
6 12 -0.011335 0.025228 -0.008173
7 12 0.018489 0.038941 -0.002113
8 12 0.070313 0.045437 0.014581
9 12 0.087154 0.021238 0.033142
10 12 0.048321 -0.016138 0.026394
11 12 -0.035019 -0.049151 0.000840
12 12 -0.113999 -0.045107 -0.046296
13 12 -0.071065 0.008417 -0.049635
14 12 0.047104 0.047855 0.005959
15 12 0.110657 0.033242 0.054842
16 12 0.040338 -0.015473 0.044552
17 12 -0.094046 -0.041660 -0.032200
18 12 -0.083979 -0.008687 -0.067321
19 12 0.056099 0.031543 0.006194
20 12 0.086950 0.018814 0.062521
21 12 -0.018550 -0.016106 0.013368
22 12 -0.070607 -0.018556 -0.044092
23 12 -0.012594 0.003689 -0.025095
24 12 0.042932 0.013844 0.020900
25 12 0.029024 0.004757 0.026746
26 12 -0.012735 -0.006085 0.000245
27 12 -0.029396 -0.007554 -0.018373
28 12 -0.016989 -0.002663 -0.015134
29 12 0.001648 0.001934 -0.002406
30 12 0.011299 0.003525 0.006449
31 12 0.011525 0.002953 0.008290
32 12 0.007763 0.001783 0.006202
33 12 0.004082 0.000865 0.003500
34 12 0.001784 0.000354 0.001617
35 12 0.000670 0.000125 0.000636
36 12 0.000221 0.000039 0.000218
37 12 0.000065 0.000011 0.000066
38 12 0.000017 0.000003 0.000018
39 12 0.000004 0.000001 0.000004
40 12 0.000001 0.000000 0.000001
41 12 0.000000 0.000000 0.000000
42 12 0.000000 0.000000 0.000000
43 12 0.000000 0.000000 0.000000
44 12 0.000000 0.000000 0.000000
45 12 0.000000 0.000000 0.000000
46 12 0.000000 0.000000 0.000000
47 12 0.000000 0.000000 0.000000
48 12 0.000000 0.000000 0.000000
49 12 0.000000 0.000000 0.000000

0 13 0.000000 0.000000 0.000000
1 13 0.005555 -0.003144 0.003744
2 13 0.009410 -0.007435 0.004367
3 13 0.005710 -0.015607 0.004887
4 13 -0.005570 -0.024871 0.003594
5 13 -0.031336 -0.035139 -0.000920
6 13 -0.062079 -0.035831 -0.012198
7 13 -0.082410 -0.020568 -0.023340
8 13 -0.062486 0.012787 -0.029139
9 13 0.011571 0.049970 -0.007410
10 13 0.092063 0.055456 0.028674
11 13 0.106394 0.019287 0.053677
12 13 0.007681 -0.034550 0.023338
13 13 -0.094283 -0.052307 -0.040464
14 13 -0.086895 -0.013209 -0.056773
15 13 0.022969 0.037631 -0.008708
16 13 0.111804 0.037314 0.058933
17 13 0.027989 -0.013777 0.045768
18 13 -0.103618 -0.036712 -0.046400
19 13 -0.051375 -0.000098 -0.058434
20 13 0.076566 0.028131 0.028121
21 13 0.057430 0.007847 0.054753
22 13 -0.043869 -0.017108 -0.008726
23 13 -0.055054 -0.010607 -0.043198
24 13 0.010832 0.007507 -0.008320
25 13 0.042069 0.010382 0.026653
26 13 0.013590 0.000621 0.018357
27 13 -0.021144 -0.006480 -0.007939
28 13 -0.026087 -0.005472 -0.018624
29 13 -0.009912 -0.000857 -0.010748
30 13 0.005850 0.002396 0.001266
31 13 0.011757 0.003081 0.007560
32 13 0.010186 0.002313 0.007723
33 13 0.006315 0.001311 0.005238
34 13 0.003141 0.000608 0.002779
35 13 0.001317 0.000241 0.001227
36 13 0.000478 0.000083 0.000466
37 13 0.000153 0.000025 0.000155
38 13 0.000044 0.000007 0.000046
39 13 0.000011 0.000002 0.000012
40 13 0.000003 0.000000 0.000003
41 13 0.000001 0.000000 0.000001
42 13 0.000000 0.000000 0.000000
43 13 0.000000 0.000000 0.000000
44 13 0.000000 0.000000 0.000000
45 13 0.000000 0.000000 0.000000
46 13 0.000000 0.000000 0.000000
47 13 0.000000 0.000000 0.000000
48 13 0.000000 0.000000 0.000000
49 13 0.000000 0.000000 0.000000

0 14 0.000000 0.000000 0.000000
1 14 0.007081 0.008748 -0.006115
2 14 0.018501 0.017045 -0.004701
3 14 0.032872 0.023304 -0.000631
4 14 0.053631 0.023789 0.005364
5 14 0.065195 0.012791 0.015232
6 14 0.055134 -0.011687 0.018429
7 14 0.004736 -0.043471 0.012510
8 14 -0.074926 -0.057353 -0.019241
9 14 -0.107067 -0.034625 -0.044949
10 14 -0.059381 0.017931 -0.039980
11 14 0.066602 0.055462 0.013280
12 14 0.111727 0.032880 0.065663
13 14 0.010833 -0.017039 0.029847
14 14 -0.083936 -0.037196 -0.038094
15 14 -0.071250 -0.011735 -0.056142
16 14 0.046704 0.028715 0.000715
17 14 0.101925 0.024014 0.067233
18 14 -0.020282 -0.018619 0.022554
19 14 -0.102746 -0.024379 -0.063123
20 14 -0.000657 0.010349 -0.032195
21 14 0.083485 0.020885 0.048044
22 14 0.017119 -0.002401 0.034820
23 14 -0.057953 -0.014955 -0.028408
24 14 -0.030306 -0.003008 -0.033443
25 14 0.028837 0.008946 0.008451
26 14 0.033543 0.006256 0.026743
27 14 -0.002090 -0.002415 0.007678
28 14 -0.025556 -0.005919 -0.014132
29 14 -0.020227 -0.003361 -0.016541
30 14 -0.002934 0.000518 -0.005766
31 14 0.008935 0.002527 0.004370
32 14 0.011409 0.002550 0.008013
33 14 0.008595 0.001725 0.006838
34 14 0.004911 0.000915 0.004223
35 14 0.002305 0.000405 0.002102
36 14 0.000924 0.000154 0.000884
37 14 0.000324 0.000052 0.000323
38 14 0.000101 0.000015 0.000104
39 14 0.000028 0.000004 0.000030
40 14 0.000007 0.000001 0.000008
41 14 0.000002 0.000000 0.000002
42 14 0.000000 0.000000 0.000000
43 14 0.000000 0.000000 0.000000
44 14 0.000000 0.000000 0.000000
45 14 0.000000 0.000000 0.000000
46 14 0.000000 0.000000 0.000000
47 14 0.000000 0.000000 0.000000
48 14 0.000000 0.000000 0.000000
49 14 0.000000 0.000000 0.000000

0 15 0.000000 0.000000 0.000000
1 15 -0.014620 -0.002771 -0.004760
2 15 -0.029388 -0.002161 -0.007595
3 15 -0.035959 0.004459 -0.010125
4 15 -0.033240 0.020312 -0.014641
5 15 0.003168 0.042050 -0.008818
6 15 0.054320 0.055519 0.006972
7 15 0.107815 0.043843 0.034266
8 15 0.078550 -0.003709 0.044242
9 15 -0.024716 -0.046852 0.004622
10 15 -0.112607 -0.049198 -0.047171
11 15 -0.080749 0.000434 -0.061549
12 15 0.068888 0.046167 0.010905
13 15 0.113032 0.024736 0.071457
14 15 -0.001425 -0.022319 0.027915
15 15 -0.106341 -0.030919 -0.050078
16 15 -0.053762 0.003764 -0.057559
17 15 0.090035 0.030816 0.029137
18 15 0.076082 0.007543 0.070268
19 15 -0.070931 -0.024055 -0.015032
20 15 -0.075834 -0.010607 -0.066060
21 15 0.047093 0.016543 0.004066
22 15 0.065752 0.011238 0.053399
23 15 -0.022536 -0.008808 0.006652
24 15 -0.053865 -0.009952 -0.037829
25 15 -0.001825 0.002732 -0.016061
26 15 0.036510 0.007912 0.020621
27 15 0.018710 0.002204 0.020513
28 15 -0.015028 -0.004031 -0.003203
29 15 -0.025139 -0.004594 -0.017044
30 15 -0.012634 -0.001467 -0.012352
31 15 0.003106 0.001386 -0.000856
32 15 0.010627 0.002362 0.006542
33 15 0.010330 0.001984 0.007779
34 15 0.006889 0.001217 0.005727
35 15 0.003636 0.000604 0.003236
36 15 0.001609 0.000254 0.001510
37 15 0.000615 0.000093 0.000604
38 15 0.000207 0.000030 0.000212
39 15 0.000062 0.000009 0.000066
40 15 0.000017 0.000002 0.000018
41 15 0.000004 0.000001 0.000005
42 15 0.000001 0.000000 0.000001
43 15 0.000000 0.000000 0.000000
44 15 0.000000 0.000000 0.000000
45 15 0.000000 0.000000 0.000000
46 15 0.000000 0.000000 0.000000
47 15 0.000000 0.000000 0.000000
48 15 0.000000 0.000000 0.000000
49 15 0.000000 0.000000 0.000000

0 16 0.000000 0.000000 0.000000
1 16 0.003670 -0.008236 0.006400
2 16 -0.000291 -0.019422 0.006544
3 16 -0.016829 -0.032180 0.003948
4 16 -0.052775 -0.042731 -0.004634
5 16 -0.090289 -0.035223 -0.023607
6 16 -0.089184 -0.001632 -0.036849
7 16 -0.011355 0.044851 -0.022916
8 16 0.101372 0.062860 0.032086
9 16 0.118821 0.022306 0.065829
10 16 0.001584 -0.035302 0.028016
11 16 -0.124069 -0.048175 -0.055047
12 16 -0.074820 -0.000673 -0.066525
13 16 0.070270 0.042632 0.019323
14 16 0.100993 0.023381 0.070057
15 16 -0.017487 -0.023982 0.018268
16 16 -0.109846 -0.028216 -0.063842
17 16 -0.008159 0.012236 -0.040074
18 16 0.107725 0.026100 0.059194
19 16 0.015606 -0.005441 0.045912
20 16 -0.093991 -0.020291 -0.050230
21 16 -0.020627 0.002038 -0.042848
22 16 0.071488 0.015242 0.036464
23 16 0.026140 0.001439 0.038112
24 16 -0.047614 -0.010063 -0.020061
25 16 -0.032479 -0.003746 -0.032786
26 16 0.021782 0.005587 0.003621
27 16 0.031994 0.005137 0.024523
28 16 0.001447 -0.000954 0.009635
29 16 -0.022586 -0.004237 -0.011738
30 16 -0.020286 -0.002895 -0.016195
31 16 -0.004637 -0.000013 -0.006886
32 16 0.007511 0.001756 0.003268
33 16 0.010915 0.001992 0.007604
34 16 0.008731 0.001441 0.006965
35 16 0.005223 0.000807 0.004520
36 16 0.002554 0.000375 0.002348
37 16 0.001065 0.000150 0.001028
38 16 0.000388 0.000052 0.000390
39 16 0.000125 0.000016 0.000131
40 16 0.000036 0.000005 0.000039
41 16 0.000010 0.000001 0.000011
42 16 0.000002 0.000000 0.000003
43 16 0.000001 0.000000 0.000001
44 16 0.000000 0.000000 0.000000
45 16 0.000000 0.000000 0.000000
46 16 0.000000 0.000000 0.000000
47 16 0.000000 0.000000 0.000000
48 16 0.000000 0.000000 0.000000
49 16 0.000000 0.000000 0.000000

0 17 0.000000 0.000000 0.000000
1 17 0.018458 0.012735 -0.007069
2 17 0.040613 0.021877 -0.001806
3 17 0.067343 0.020500 0.008632
4 17 0.074081 -0.000358 0.023413
5 17 0.029270 -0.038342 0.021880
6 17 -0.071994 -0.065472 -0.009940
7 17 -0.140752 -0.042891 -0.061064
8 17 -0.065539 0.019380 -0.052731
9 17 0.080695 0.060598 0.021121
10 17 0.131324 0.032167 0.079895
11 17 -0.009381 -0.027451 0.029701
12 17 -0.118501 -0.035840 -0.067986
13 17 -0.027118 0.003192 -0.048727
14 17 0.087736 0.026704 0.040399
15 17 0.058548 0.008286 0.060383
16 17 -0.072108 -0.020160 -0.016924
17 17 -0.080812 -0.010434 -0.070137
18 17 0.064644 0.018198 0.007386
19 17 0.082774 0.011072 0.071462
20 17 -0.054394 -0.014082 -0.003157
21 17 -0.073161 -0.009574 -0.062030
22 17 0.037168 0.009856 -0.001389
23 17 0.060134 0.008576 0.048461
24 17 -0.017725 -0.005141 0.008407
25 17 -0.048458 -0.007096 -0.033858
26 17 -0.002929 0.001364 -0.015690
27 17 0.032770 0.005501 0.018343
28 17 0.017750 0.001868 0.019377
29 17 -0.013304 -0.002682 -0.002382
30 17 -0.023570 -0.003386 -0.015951
31 17 -0.012527 -0.001259 -0.012143
32 17 0.002355 0.000884 -0.001305
33 17 0.009935 0.001725 0.006082
34 17 0.010038 0.001524 0.007603
35 17 0.006889 0.000972 0.005774
36 17 0.003735 0.000500 0.003354
37 17 0.001697 0.000218 0.001608
38 17 0.000667 0.000082 0.000661
39 17 0.000231 0.000028 0.000238
40 17 0.000072 0.000008 0.000076
41 17 0.000020 0.000002 0.000022
42 17 0.000005 0.000001 0.000006
43 17 0.000001 0.000000 0.000001
44 17 0.000000 0.000000 0.000000
45 17 0.000000 0.000000 0.000000
46 17 0.000000 0.000000 0.000000
47 17 0.000000 0.000000 0.000000
48 17 0.000000 0.000000 0.000000
49 17 0.000000 0.000000 0.000000

0 18 0.000000 0.000000 0.000000
1 18 -0.022215 0.004085 -0.014846
2 18 -0.033788 0.016087 -0.018239
3 18 -0.018722 0.040948 -0.021576
4 18 0.051671 0.066761 -0.003747
5 18 0.129256 0.060010 0.037593
6 18 0.121281 0.006155 0.064168
7 18 -0.026773 -0.055561 0.014404
8 18 -0.140277 -0.053147 -0.070188
9 18 -0.067764 0.003991 -0.065263
10 18 0.094200 0.043961 0.029799
11 18 0.103659 0.017363 0.084440
12 18 -0.061427 -0.028247 -0.000552
13 18 -0.110933 -0.017397 -0.077853
14 18 0.022149 0.020345 -0.020314
15 18 0.111220 0.020584 0.065982
16 18 0.007649 -0.010916 0.040707
17 18 -0.110752 -0.020229 -0.059083
18 18 -0.015974 0.005945 -0.047879
19 18 0.102522 0.017872 0.055909
20 18 0.013964 -0.002743 0.044892
21 18 -0.086265 -0.013455 -0.047565
22 18 -0.015094 0.001185 -0.038094
23 18 0.065055 0.010021 0.035031
24 18 0.019762 0.000884 0.033116
25 18 -0.044342 -0.006668 -0.020160
26 18 -0.026967 -0.002385 -0.029079
27 18 0.021634 0.003824 0.004994
28 18 0.028515 0.003454 0.022752
29 18 -0.000197 -0.000706 0.007989
30 18 -0.021574 -0.002960 -0.011644
31 18 -0.018740 -0.002040 -0.015272
32 18 -0.004007 -0.000024 -0.006296
33 18 0.007296 0.001244 0.003297
34 18 0.010458 0.001438 0.007389
35 18 0.008400 0.001060 0.006782
36 18 0.005073 0.000605 0.004439
37 18 0.002513 0.000287 0.002334
38 18 0.001063 0.000117 0.001037
39 18 0.000394 0.000042 0.000401
40 18 0.000130 0.000013 0.000137
41 18 0.000038 0.000004 0.000042
42 18 0.000010 0.000001 0.000012
43 18 0.000003 0.000000 0.000003
44 18 0.000001 0.000000 0.000001
45 18 0.000000 0.000000 0.000000
46 18 0.000000 0.000000 0.000000
47 18 0.000000 0.000000 0.000000
48 18 0.000000 0.000000 0.000000
49 18 0.000000 0.000000 0.000000

0 19 0.000000 0.000000 0.000000
1 19 -0.009785 -0.020649 0.010247
2 19 -0.042099 -0.042274 0.005701
3 19 -0.106525 -0.048744 -0.018120
4 19 -0.134532 -0.013413 -0.053157
5 19 -0.039338 0.049998 -0.041335
6 19 0.123475 0.075097 0.040664
7 19 0.135396 0.027347 0.091765
8 19 -0.033264 -0.037274 0.017135
9 19 -0.142463 -0.036020 -0.081020
10 19 -0.023683 0.015509 -0.054123
11 19 0.125973 0.034727 0.063331
12 19 0.047013 0.001572 0.065620
13 19 -0.090754 -0.026027 -0.040353
14 19 -0.060033 -0.009633 -0.063324
15 19 0.068046 0.018551 0.019984
16 19 0.073716 0.011533 0.068439
17 19 -0.066754 -0.013692 -0.010178
18 19 -0.078167 -0.008729 -0.071797
19 19 0.067332 0.012187 0.011293
20 19 0.069869 0.007013 0.067778
21 19 -0.059404 -0.009438 -0.011068
22 19 -0.058623 -0.005372 -0.056395
23 19 0.042818 0.006809 0.006821
24 19 0.048750 0.004863 0.044121
25 19 -0.023953 -0.003816 0.001340
26 19 -0.041865 -0.004251 -0.032119
27 19 0.003297 0.001348 -0.010326
28 19 0.030949 0.003584 0.019139
29 19 0.013028 0.000945 0.016371
30 19 -0.014909 -0.001948 -0.004475
31 19 -0.021954 -0.002235 -0.015552
32 19 -0.010459 -0.000750 -0.010728
33 19 0.003252 0.000666 -0.000380
34 19 0.009777 0.001199 0.006224
35 19 0.009515 0.001046 0.007346
36 19 0.006448 0.000667 0.005484
37 19 0.003484 0.000345 0.003168
38 19 0.001586 0.000152 0.001520
39 19 0.000627 0.000058 0.000628
40 19 0.000219 0.000020 0.000228
41 19 0.000069 0.000006 0.000074
42 19 0.000019 0.000002 0.000022
43 19 0.000005 0.000000 0.000006
44 19 0.000001 0.000000 0.000001
45 19 0.000000 0.000000 0.000000
46 19 0.000000 0.000000 0.000000
47 19 0.000000 0.000000 0.000000
48 19 0.000000 0.000000 0.000000
49 19 0.000000 0.000000 0.000000

0 20 0.000000 0.000000 0.000000
1 20 0.051277 0.019206 -0.007003
2 20 0.102141 0.011890 0.019480
3 20 0.070963 -0.036550 0.043206
4 20 -0.076966 -0.079035 -0.005071
5 20 -0.180448 -0.053268 -0.086140
6 20 -0.059786 0.024413 -0.069580
7 20 0.135148 0.056971 0.056822
8 20 0.105248 0.014242 0.093596
9 20 -0.076437 -0.032809 -0.012129
10 20 -0.116381 -0.020628 -0.090060
11 20 0.053976 0.019537 -0.006765
12 20 0.108440 0.015915 0.085033
13 20 -0.041746 -0.011242 0.014358
14 20 -0.103640 -0.009506 -0.071204
15 20 0.018973 0.009698 -0.024837
16 20 0.107394 0.011089 0.065914
17 20 -0.006884 -0.006828 0.035833
18 20 -0.107440 -0.011306 -0.065036
19 20 0.008283 0.005271 -0.034384
20 20 0.096044 0.010129 0.062412
21 20 -0.010697 -0.003463 0.028379
22 20 -0.078861 -0.007606 -0.052408
23 20 0.005593 0.002224 -0.023298
24 20 0.060328 0.005838 0.039321
25 20 0.003912 -0.000563 0.022281
26 20 -0.044012 -0.004137 -0.024962
27 20 -0.016145 -0.000753 -0.022742
28 20 0.025189 0.002665 0.010190
29 20 0.023181 0.001843 0.020777
30 20 -0.005264 -0.000796 0.003752
31 20 -0.021637 -0.001928 -0.013011
32 20 -0.015925 -0.001154 -0.013801
33 20 -0.001678 0.000128 -0.004404
34 20 0.007968 0.000862 0.004185
35 20 0.010037 0.000929 0.007331
36 20 0.007719 0.000668 0.006359
37 20 0.004559 0.000377 0.004052
38 20 0.002230 0.000178 0.002099
39 20 0.000937 0.000073 0.000925
40 20 0.000346 0.000026 0.000356
41 20 0.000114 0.000008 0.000122
42 20 0.000034 0.000002 0.000037
43 20 0.000009 0.000001 0.000010
44 20 0.000002 0.000000 0.000003
45 20 0.000001 0.000000 0.000001
46 20 0.000000 0.000000 0.000000
47 20 0.000000 0.000000 0.000000
48 20 0.000000 0.000000 0.000000
49 20 0.000000 0.000000 0.000000

0 21 0.000000 0.000000 0.000000
1 21 -0.034312 0.039768 -0.057026
2 21 0.038612 0.089240 -0.040165
3 21 0.184700 0.088213 0.050468
4 21 0.158322 0.010685 0.102043
5 21 -0.068770 -0.058079 0.003320
6 21 -0.172784 -0.041443 -0.110348
7 21 0.001530 0.021148 -0.044756
8 21 0.141666 0.034197 0.086527
9 21 0.022205 -0.003643 0.062047
10 21 -0.130260 -0.020024 -0.065689
11 21 -0.033406 0.003145 -0.064006
12 21 0.112343 0.020161 0.057124
13 21 0.041974 0.002594 0.061962
14 21 -0.086938 -0.016956 -0.039275
15 21 -0.052345 -0.005626 -0.060689
16 21 0.080617 0.012904 0.029699
17 21 0.056190 0.005448 0.066145
18 21 -0.086640 -0.009491 -0.029986
19 21 -0.049546 -0.002978 -0.064041
20 21 0.084702 0.007999 0.033883
21 21 0.038431 0.001920 0.055806
22 21 -0.072261 -0.006055 -0.030799
23 21 -0.031998 -0.001379 -0.044865
24 21 0.053487 0.004470 0.022525
25 21 0.030042 0.001649 0.036385
26 21 -0.034466 -0.002784 -0.010944
27 21 -0.031549 -0.001844 -0.029256
28 21 0.013518 0.001362 -0.001282
29 21 0.028386 0.001942 0.020599
30 21 0.005258 0.000117 0.011265
31 21 -0.018052 -0.001331 -0.008288
32 21 -0.019611 -0.001209 -0.015066
33 21 -0.006849 -0.000259 -0.008203
34 21 0.005183 0.000504 0.001493
35 21 0.009851 0.000732 0.006689
36 21 0.008750 0.000600 0.006955
37 21 0.005664 0.000370 0.004914
38 21 0.002974 0.000188 0.002747
39 21 0.001328 0.000081 0.001290
40 21 0.000517 0.000031 0.000525
41 21 0.000179 0.000010 0.000189
42 21 0.000056 0.000003 0.000061
43 21 0.000016 0.000001 0.000018
44 21 0.000004 0.000000 0.000005
45 21 0.000001 0.000000 0.000001
46 21 0.000000 0.000000 0.000000
47 21 0.000000 0.000000 0.000000
48 21 0.000000 0.000000 0.000000
49 21 0.000000 0.000000 0.000000

0 22 0.000000 0.000000 0.000000
1 22 -0.131314 -0.048328 -0.001835
2 22 -0.226903 -0.008588 -0.094490
3 22 -0.038084 0.073707 -0.061044
4 22 0.192730 0.082653 0.098373
5 22 0.109645 0.012643 0.118748
6 22 -0.131563 -0.032942 -0.043959
7 22 -0.102660 -0.009294 -0.103267
8 22 0.097894 0.022217 0.026989
9 22 0.106010 0.011973 0.096183
10 22 -0.076382 -0.015041 -0.008182
11 22 -0.098974 -0.009906 -0.088513
12 22 0.072835 0.008390 0.009679
13 22 0.084738 0.004598 0.079827
14 22 -0.062480 -0.004641 -0.004253
15 22 -0.087847 -0.001457 -0.070792
16 22 0.050277 0.005718 -0.004068
17 22 0.094698 0.003355 0.073393
18 22 -0.049735 -0.005362 0.007297
19 22 -0.089606 -0.004001 -0.072821
20 22 0.051389 0.004625 -0.001592
21 22 0.074496 0.003693 0.065992
22 22 -0.046357 -0.003322 -0.001645
23 22 -0.059833 -0.002781 -0.053459
24 22 0.033113 0.002315 0.000332
25 22 0.048164 0.002325 0.041063
26 22 -0.017201 -0.001190 0.005473
27 22 -0.040008 -0.001886 -0.029143
28 22 -0.000865 0.000267 -0.012449
29 22 0.028246 0.001473 0.016419
30 22 0.014762 0.000588 0.016776
31 22 -0.012030 -0.000690 -0.002349
32 22 -0.021134 -0.000980 -0.014463
33 22 -0.011645 -0.000432 -0.011304
34 22 0.001708 0.000200 -0.001546
35 22 0.008944 0.000493 0.005463
36 22 0.009434 0.000470 0.007197
37 22 0.006722 0.000318 0.005682
38 22 0.003787 0.000173 0.003431
39 22 0.001791 0.000080 0.001713
40 22 0.000735 0.000032 0.000735
41 22 0.000266 0.000011 0.000277
42 22 0.000086 0.000004 0.000093
43 22 0.000025 0.000001 0.000028
44 22 0.000007 0.000000 0.000008
45 22 0.000002 0.000000 0.000002
46 22 0.000000 0.000000 0.000000
47 22 0.000000 0.000000 0.000000
48 22 0.000000 0.000000 0.000000
49 22 0.000000 0.000000 0.000000

0 23 0.000000 0.000000 0.000000
1 23 0.137265 -0.054196 0.078624
2 23 -0.176290 -0.099800 -0.029769
3 23 -0.236251 -0.036078 -0.162530
4 23 0.054697 0.033173 -0.017040
5 23 0.178568 0.029671 0.138867
6 23 -0.034589 -0.008829 0.042783
7 23 -0.148903 -0.015993 -0.101884
8 23 0.021221 0.005656 -0.034771
9 23 0.130731 0.010000 0.090216
10 23 -0.018798 -0.002181 0.040477
11 23 -0.125210 -0.005855 -0.080320
12 23 0.013474 0.004121 -0.034659
13 23 0.106492 0.009784 0.071784
14 23 0.000153 -0.000926 0.035899
15 23 -0.094254 -0.009156 -0.057488
16 23 -0.008082 -0.000991 -0.039858
17 23 0.098114 0.006304 0.057214
18 23 0.002413 0.000621 0.041867
19 23 -0.099911 -0.004010 -0.060216
20 23 0.007104 0.000512 -0.034312
21 23 0.089171 0.003047 0.058835
22 23 -0.011241 -0.000693 0.026266
23 23 -0.072770 -0.002248 -0.049209
24 23 0.006337 0.000535 -0.021040
25 23 0.055656 0.001739 0.036849
26 23 0.002952 -0.000092 0.020377
27 23 -0.040933 -0.001232 -0.023441
28 23 -0.014940 -0.000281 -0.021229
29 23 0.023529 0.000783 0.009533
30 23 0.021941 0.000594 0.019662
31 23 -0.004661 -0.000205 0.003809
32 23 -0.020513 -0.000592 -0.012256
33 23 -0.015586 -0.000386 -0.013408
34 23 -0.002112 0.000011 -0.004612
35 23 0.007389 0.000257 0.003769
36 23 0.009711 0.000295 0.007061
37 23 0.007661 0.000220 0.006300
38 23 0.004629 0.000129 0.004110
39 23 0.002315 0.000063 0.002178
40 23 0.000996 0.000026 0.000982
41 23 0.000377 0.000010 0.000387
42 23 0.000127 0.000003 0.000136
43 23 0.000039 0.000001 0.000043
44 23 0.000011 0.000000 0.000012
45 23 0.000003 0.000000 0.000003
46 23 0.000001 0.000000 0.000001
47 23 0.000000 0.000000 0.000000
48 23 0.000000 0.000000 0.000000
49 23 0.000000 0.000000 0.000000

0 24 0.000000 0.000000 0.000000
1 24 0.560894 0.206734 0.685876
2 24 0.103626 0.014167 0.225509
3 24 -0.222632 -0.019787 -0.116584
4 24 -0.054197 0.000521 -0.095538
5 24 0.173842 0.011810 0.102804
6 24 0.042923 0.002317 0.094907
7 24 -0.146418 -0.003155 -0.073549
8 24 -0.040461 0.000800 -0.072750
9 24 0.124497 0.005790 0.063324
10 24 0.046889 0.001624 0.074548
11 24 -0.114686 -0.003948 -0.053466
12 24 -0.034482 -0.001066 -0.065277
13 24 0.106534 -0.000940 0.053054
14 24 0.032332 -0.002587 0.058815
15 24 -0.097019 0.000960 -0.042154
16 24 -0.044339 0.003228 -0.059361
17 24 0.094565 0.001116 0.038087
18 24 0.045740 -0.001368 0.063491
19 24 -0.094642 -0.001572 -0.039547
20 24 -0.035247 0.000245 -0.057533
21 24 0.086645 0.001255 0.041411
22 24 0.024136 0.000092 0.047511
23 24 -0.071697 -0.000843 -0.035968
24 24 -0.020519 -0.000117 -0.037587
25 24 0.053168 0.000593 0.026276
26 24 0.021932 0.000177 0.031334
27 24 -0.035465 -0.000373 -0.014114
28 24 -0.026542 -0.000221 -0.026579
29 24 0.015653 0.000190 0.001428
30 24 0.026193 0.000250 0.019920
31 24 0.002987 0.000007 0.009372
32 24 -0.018079 -0.000179 -0.008899
33 24 -0.018391 -0.000160 -0.014412
34 24 -0.005937 -0.000034 -0.007433
35 24 0.005331 0.000067 0.001768
36 24 0.009567 0.000099 0.006566
37 24 0.008424 0.000082 0.006727
38 24 0.005457 0.000051 0.004747
39 24 0.002881 0.000026 0.002665
40 24 0.001297 0.000012 0.001261
41 24 0.000511 0.000004 0.000518
42 24 0.000179 0.000002 0.000188
43 24 0.000057 0.000000 0.000062
44 24 0.000016 0.000000 0.000018
45 24 0.000004 0.000000 0.000005
46 24 0.000001 0.000000 0.000001
47 24 0.000000 0.000000 0.000000
48 24 0.000000 0.000000 0.000000
49 24 0.000000 0.000000 0.000000

0 25 0.000000 0.000000 0.000000
1 25 0.288042 -0.272734 0.004992
2 25 0.061512 -0.047340 0.091569
3 25 -0.226628 0.014070 -0.112743
4 25 -0.105154 0.004865 -0.120020
5 25 0.155463 -0.010285 0.072346
6 25 0.093448 -0.004493 0.115298
7 25 -0.122610 0.003006 -0.043180
8 25 -0.082227 0.000646 -0.091582
9 25 0.105014 -0.005071 0.036050
10 25 0.081290 -0.004265 0.089264
11 25 -0.099664 0.002355 -0.027771
12 25 -0.075325 0.001286 -0.080249
13 25 0.080262 -0.000238 0.026374
14 25 0.065495 0.003284 0.070133
15 25 -0.062587 0.001731 -0.014731
16 25 -0.068860 -0.002807 -0.065359
17 25 0.062940 -0.002694 0.010193
18 25 0.072699 0.000444 0.070118
19 25 -0.070671 0.001943 -0.012970
20 25 -0.065755 0.000464 -0.067932
21 25 0.070089 -0.001206 0.018703
22 25 0.052566 -0.000530 0.059337
23 25 -0.059888 0.000746 -0.018077
24 25 -0.042844 0.000392 -0.047469
25 25 0.043204 -0.000504 0.012434
26 25 0.037089 -0.000349 0.037427
27 25 -0.025629 0.000282 -0.003266
28 25 -0.034559 0.000313 -0.028395
29 25 0.006186 -0.000099 -0.006600
30 25 0.027534 -0.000271 0.017984
31 25 0.010065 -0.000079 0.013821
32 25 -0.014334 0.000146 -0.004911
33 25 -0.019981 0.000179 -0.014383
34 25 -0.009485 0.000069 -0.009814
35 25 0.002947 -0.000045 -0.000371
36 25 0.009038 -0.000095 0.005768
37 25 0.008979 -0.000088 0.006948
38 25 0.006236 -0.000059 0.005311
39 25 0.003465 -0.000032 0.003154
40 25 0.001627 -0.000015 0.001560
41 25 0.000665 -0.000006 0.000666
42 25 0.000241 -0.000002 0.000251
43 25 0.000079 -0.000001 0.000085
44 25 0.000023 -0.000000 0.000026
45 25 0.000006 -0.000000 0.000007
46 25 0.000002 -0.000000 0.000002
47 25 0.000000 -0.000000 0.000000
48 25 0.000000 -0.000000 0.000000
49 25 0.000000 0.000000 0.000000

0 26 0.000000 0.000000 0.000000
1 26 0.087749 -0.094746 0.042129
2 26 -0.066108 0.015321 0.026809
3 26 -0.238723 0.066134 -0.105928
4 26 -0.099251 0.019895 -0.098076
5 26 0.149469 -0.027048 0.067166
6 26 0.112763 -0.017463 0.118116
7 26 -0.113127 0.011192 -0.028623
8 26 -0.106675 0.010138 -0.098604
9 26 0.080730 -0.007555 0.016295
10 26 0.101857 -0.005091 0.091544
11 26 -0.069749 0.006651 -0.003322
12 26 -0.096142 0.005985 -0.084451
13 26 0.066727 -0.003939 0.005181
14 26 0.092328 -0.008366 0.077514
15 26 -0.049742 -0.000570 0.003090
16 26 -0.095287 0.005789 -0.070463
17 26 0.039039 0.000414 -0.010792
18 26 0.096287 -0.003723 0.072304
19 26 -0.042886 0.000959 0.011022
20 26 -0.088151 0.002641 -0.070597
21 26 0.046324 -0.001754 -0.004071
22 26 0.072925 -0.002208 0.063295
23 26 -0.041612 0.001495 0.000710
24 26 -0.058833 0.001689 -0.051072
25 26 0.028792 -0.001064 -0.002023
26 26 0.047361 -0.001396 0.038982
27 26 -0.013573 0.000487 0.007395
28 26 -0.038818 0.001094 -0.027217
29 26 -0.003511 -0.000005 -0.013649
30 26 0.026413 -0.000798 0.014508
31 26 0.016031 -0.000422 0.016938
32 26 -0.009828 0.000311 -0.000765
33 26 -0.020440 0.000560 -0.013503
34 26 -0.012564 0.000302 -0.011655
35 26 0.000419 -0.000064 -0.002492
36 26 0.008192 -0.000262 0.004748
37 26 0.009318 -0.000275 0.006972
38 26 0.006935 -0.000197 0.005782
39 26 0.004047 -0.000112 0.003623
40 26 0.001977 -0.000054 0.001870
41 26 0.000836 -0.000022 0.000827
42 26 0.000313 -0.000008 0.000322
43 26 0.000105 -0.000003 0.000112
44 26 0.000032 -0.000001 0.000035
45 26 0.000009 -0.000000 0.000010
46 26 0.000002 -0.000000 0.000003
47 26 0.000001 -0.000000 0.000001
48 26 0.000000 -0.000000 0.000000
49 26 0.000000 0.000000 0.000000

0 27 0.000000 0.000000 0.000000
1 27 -0.026690 0.003771 0.020809
2 27 -0.134884 0.074990 -0.013639
3 27 -0.191138 0.088096 -0.084511
4 27 -0.029091 0.012935 -0.050810
5 27 0.170456 -0.048768 0.079126
6 27 0.109447 -0.028838 0.105527
7 27 -0.109321 0.018712 -0.030995
8 27 -0.111206 0.017245 -0.098428
9 27 0.073316 -0.011565 0.007625
10 27 0.118492 -0.016753 0.092506
11 27 -0.052804 0.003745 0.010502
12 27 -0.110750 0.009669 -0.085097
13 27 0.043422 -0.007099 -0.010625
14 27 0.090800 -0.008058 0.073353
15 27 -0.030586 0.007492 0.015954
16 27 -0.089733 0.008449 -0.062311
17 27 0.019083 -0.004954 -0.024254
18 27 0.098265 -0.008256 0.064156
19 27 -0.018928 0.002463 0.028138
20 27 -0.097309 0.006324 -0.065405
21 27 0.022526 -0.001923 -0.022719
22 27 0.084302 -0.004828 0.060880
23 27 -0.021514 0.001390 0.017399
24 27 -0.068316 0.003480 -0.049717
25 27 0.012856 -0.000918 -0.015150
26 27 0.052890 -0.002673 0.037024
27 27 -0.001123 0.000167 0.016741
28 27 -0.039801 0.001907 -0.023908
29 27 -0.012464 0.000450 -0.019254
30 27 0.023495 -0.001203 0.010177
31 27 0.020643 -0.000945 0.018756
32 27 -0.005063 0.000289 0.003174
33 27 -0.019967 0.000921 -0.012013
34 27 -0.015075 0.000631 -0.012940
35 27 -0.002090 0.000015 -0.004473
36 27 0.007119 -0.000388 0.003597
37 27 0.009453 -0.000466 0.006825
38 27 0.007535 -0.000358 0.006150
39 27 0.004605 -0.000214 0.004056
40 27 0.002333 -0.000106 0.002176
41 27 0.001018 -0.000046 0.000995
42 27 0.000391 -0.000017 0.000398
43 27 0.000134 -0.000006 0.000142
44 27 0.000042 -0.000002 0.000045
45 27 0.000012 -0.000001 0.000013
46 27 0.000003 -0.000000 0.000004
47 27 0.000001 -0.000000 0.000001
48 27 0.000000 -0.000000 0.000000
49 27 0.000000 0.000000 0.000000

0 28 0.000000 0.000000 0.000000
1 28 -0.051161 0.036534 -0.010388
2 28 -0.102345 0.075277 -0.030743
3 28 -0.079364 0.052636 -0.050619
4 28 0.070867 -0.029315 -0.001267
5 28 0.180260 -0.075584 0.085485
6 28 0.072396 -0.032432 0.074577
7 28 -0.126747 0.027297 -0.046971
8 28 -0.111659 0.024702 -0.095455
9 28 0.074235 -0.016261 0.011683
10 28 0.113675 -0.022598 0.089809
11 28 -0.048315 0.008971 0.013192
12 28 -0.116815 0.017809 -0.082345
13 28 0.028927 -0.002478 -0.021172
14 28 0.106263 -0.011313 0.072713
15 28 -0.005129 -0.001158 0.030076
16 28 -0.096995 0.006826 -0.058465
17 28 -0.009513 -0.000153 -0.039039
18 28 0.098808 -0.007672 0.055839
19 28 0.008107 0.000533 0.043371
20 28 -0.098963 0.007724 -0.056920
21 28 -0.001277 -0.000900 -0.038062
22 28 0.088363 -0.006918 0.054543
23 28 -0.001825 0.000493 0.031151
24 28 -0.072232 0.005219 -0.045082
25 28 -0.002604 -0.000133 -0.026033
26 28 0.054513 -0.003904 0.032789
27 28 0.010460 -0.000614 0.024254
28 28 -0.038328 0.002590 -0.019377
29 28 -0.020118 0.001185 -0.023316
30 28 0.019492 -0.001417 0.005587
31 28 0.023909 -0.001563 0.019473
32 28 -0.000433 0.000085 0.006666
33 28 -0.018819 0.001220 -0.010167
34 28 -0.017002 0.001022 -0.013720
35 28 -0.004452 0.000183 -0.006231
36 28 0.005917 -0.000464 0.002402
37 28 0.009417 -0.000652 0.006547
38 28 0.008028 -0.000535 0.006416
39 28 0.005122 -0.000334 0.004441
40 28 0.002682 -0.000172 0.002469
41 28 0.001203 -0.000076 0.001162
42 28 0.000474 -0.000030 0.000477
43 28 0.000166 -0.000010 0.000174
44 28 0.000053 -0.000003 0.000057
45 28 0.000015 -0.000001 0.000017
46 28 0.000004 -0.000000 0.000005
47 28 0.000001 -0.000000 0.000001
48 28 0.000000 -0.000000 0.000000
49 28 0.000000 0.000000 0.000000

0 29 0.000000 0.000000 0.000000
1 29 -0.020916 0.023008 -0.023164
2 29 -0.019748 0.027905 -0.025403
3 29 0.033017 -0.011340 -0.015971
4 29 0.129228 -0.072321 0.029667
5 29 0.139008 -0.078258 0.069543
6 29 0.000262 -0.012157 0.030048
7 29 -0.152083 0.048086 -0.067385
8 29 -0.088664 0.030951 -0.081338
9 29 0.091285 -0.021813 0.027268
10 29 0.112799 -0.026485 0.086593
11 29 -0.042918 0.008350 0.010754
12 29 -0.116578 0.020750 -0.081045
13 29 0.028769 -0.005906 -0.023665
14 29 0.109407 -0.021966 0.073306
15 29 -0.010755 -0.000531 0.030919
16 29 -0.102606 0.017907 -0.058530
17 29 -0.013703 0.003309 -0.041936
18 29 0.101620 -0.014132 0.051615
19 29 0.023279 -0.003423 0.050802
20 29 -0.099608 0.010957 -0.049886
21 29 -0.020067 0.001802 -0.048444
22 29 0.088950 -0.009064 0.047481
23 29 0.015337 -0.001351 0.041476
24 29 -0.072573 0.006757 -0.039109
25 29 -0.016323 0.001221 -0.034424
26 29 0.053481 -0.004929 0.027515
27 29 0.020481 -0.001748 0.029884
28 29 -0.035325 0.003062 -0.014430
29 29 -0.026283 0.002100 -0.025997
30 29 0.015044 -0.001422 0.001187
31 29 0.026007 -0.002207 0.019375
32 29 0.003791 -0.000268 0.009596
33 29 -0.017263 0.001436 -0.008195
34 29 -0.018397 0.001442 -0.014089
35 29 -0.006576 0.000424 -0.007723
36 29 0.004681 -0.000488 0.001240
37 29 0.009254 -0.000824 0.006183
38 29 0.008418 -0.000721 0.006591
39 29 0.005586 -0.000468 0.004770
40 29 0.003013 -0.000249 0.002738
41 29 0.001385 -0.000113 0.001322
42 29 0.000557 -0.000045 0.000555
43 29 0.000199 -0.000016 0.000206
44 29 0.000064 -0.000005 0.000069
45 29 0.000019 -0.000001 0.000021
46 29 0.000005 -0.000000 0.000006
47 29 0.000001 -0.000000 0.000001
48 29 0.000000 -0.000000 0.000000
49 29 0.000000 0.000000 0.000000

0 30 0.000000 0.000000 0.000000
1 30 0.014319 -0.004360 -0.014621
2 30 0.041272 -0.021553 -0.008443
3 30 0.082535 -0.055767 0.007690
4 30 0.109265 -0.078636 0.033294
5 30 0.052679 -0.047007 0.035958
6 30 -0.077240 0.024831 -0.014041
7 30 -0.149046 0.062379 -0.074464
8 30 -0.038742 0.020193 -0.051835
9 30 0.117148 -0.036507 0.047978
10 30 0.100540 -0.034469 0.080252
11 30 -0.062750 0.011200 -0.003771
12 30 -0.119385 0.027142 -0.082255
13 30 0.028256 -0.005983 -0.019610
14 30 0.103339 -0.020175 0.071371
15 30 -0.004775 0.004061 0.030715
16 30 -0.089318 0.016511 -0.052610
17 30 -0.018949 -0.000863 -0.042343
18 30 0.091007 -0.015943 0.043630
19 30 0.032343 -0.003039 0.053566
20 30 -0.094000 0.013497 -0.041845
21 30 -0.033036 0.003462 -0.054317
22 30 0.086354 -0.011125 0.040264
23 30 0.028713 -0.003345 0.048419
24 30 -0.070751 0.008122 -0.032993
25 30 -0.027570 0.002890 -0.040442
26 30 0.051005 -0.005730 0.022173
27 30 0.028663 -0.003098 0.033853
28 30 -0.031653 0.003316 -0.009682
29 30 -0.031026 0.003106 -0.027596
30 30 0.010665 -0.001243 -0.002729
31 30 0.027207 -0.002830 0.018769
32 30 0.007450 -0.000731 0.011941
33 30 -0.015549 0.001568 -0.006284
34 30 -0.019350 0.001867 -0.014161
35 30 -0.008410 0.000717 -0.008938
36 30 0.003493 -0.000467 0.000173
37 30 0.009011 -0.000980 0.005781
38 30 0.008715 -0.000911 0.006689
39 30 0.005988 -0.000614 0.005040
40 30 0.003313 -0.000336 0.002974
41 30 0.001555 -0.000156 0.001468
42 30 0.000637 -0.000063 0.000628
43 30 0.000232 -0.000023 0.000237
44 30 0.000076 -0.000007 0.000080
45 30 0.000023 -0.000002 0.000025
46 30 0.000006 -0.000001 0.000007
47 30 0.000002 -0.000000 0.000002
48 30 0.000000 -0.000000 0.000000
49 30 0.000000 0.000000 0.000000

0 31 0.000000 0.000000 0.000000
1 31 0.021503 -0.017844 0.000359
2 31 0.042471 -0.037032 0.005354
3 31 0.050259 -0.051170 0.013576
4 31 0.028298 -0.040203 0.016981
5 31 -0.045454 0.006801 0.000271
6 31 -0.122167 0.059465 -0.040721
7 31 -0.108643 0.058325 -0.058963
8 31 0.022539 -0.001482 -0.014090
9 31 0.133326 -0.050160 0.065478
10 31 0.063277 -0.029044 0.062458
11 31 -0.088033 0.025573 -0.025730
12 31 -0.106591 0.032419 -0.077775
13 31 0.043279 -0.007988 -0.008731
14 31 0.113210 -0.026128 0.074495
15 31 -0.003039 -0.003521 0.029730
16 31 -0.098998 0.016914 -0.056136
17 31 -0.028720 0.005753 -0.045256
18 31 0.091490 -0.014796 0.042188
19 31 0.043362 -0.006690 0.057193
20 31 -0.090600 0.013643 -0.036909
21 31 -0.044072 0.005903 -0.058770
22 31 0.083270 -0.012200 0.034490
23 31 0.039170 -0.005485 0.053232
24 31 -0.068205 0.009120 -0.027705
25 31 -0.036385 0.004687 -0.044644
26 31 0.048124 -0.006313 0.017458
27 31 0.035064 -0.004544 0.036553
28 31 -0.028019 0.003396 -0.005559
29 31 -0.034566 0.004139 -0.028465
30 31 0.006733 -0.000931 -0.005996
31 31 0.027809 -0.003411 0.017940
32 31 0.010480 -0.001261 0.013742
33 31 -0.013889 0.001631 -0.004575
34 31 -0.019972 0.002282 -0.014052
35 31 -0.009932 0.001044 -0.009887
36 31 0.002424 -0.000411 -0.000752
37 31 0.008738 -0.001119 0.005384
38 31 0.008932 -0.001101 0.006731
39 31 0.006323 -0.000766 0.005250
40 31 0.003574 -0.000428 0.003171
41 31 0.001706 -0.000203 0.001594
42 31 0.000709 -0.000084 0.000692
43 31 0.000261 -0.000031 0.000265
44 31 0.000087 -0.000010 0.000091
45 31 0.000026 -0.000003 0.000028
46 31 0.000007 -0.000001 0.000008
47 31 0.000002 -0.000000 0.000002
48 31 0.000001 -0.000000 0.000000
49 31 0.000000 0.000000 0.000000

0 32 0.000000 0.000000 0.000000
1 32 0.004569 -0.010229 0.006287
2 32 0.003980 -0.015933 0.006864
3 32 -0.013999 -0.008934 0.005020
4 32 -0.046696 0.015554 -0.003114
5 32 -0.092675 0.051807 -0.021232
6 32 -0.097013 0.065851 -0.039423
7 32 -0.028143 0.030280 -0.026096
8 32 0.089078 -0.032540 0.022494
9 32 0.128985 -0.058628 0.069409
10 32 0.015718 -0.015066 0.032906
11 32 -0.103587 0.034852 -0.045385
12 32 -0.084519 0.028697 -0.067908
13 32 0.065684 -0.017812 0.007804
14 32 0.108073 -0.033827 0.076524
15 32 -0.029718 0.002626 0.016527
16 32 -0.105126 0.028672 -0.062990
17 32 -0.012091 0.006269 -0.036909
18 32 0.097964 -0.022398 0.046813
19 32 0.040352 -0.009977 0.054398
20 32 -0.092720 0.017063 -0.037157
21 32 -0.048694 0.008973 -0.059985
22 32 0.082718 -0.013899 0.031893
23 32 0.046064 -0.007911 0.056064
24 32 -0.066608 0.010102 -0.024242
25 32 -0.042836 0.006577 -0.047483
26 32 0.045796 -0.006793 0.013926
27 32 0.039889 -0.006020 0.038391
28 32 -0.024991 0.003381 -0.002343
29 32 -0.037185 0.005167 -0.028942
30 32 0.003510 -0.000547 -0.008542
31 32 0.028101 -0.003953 0.017131
32 32 0.012872 -0.001819 0.015073
33 32 -0.012451 0.001650 -0.003170
34 32 -0.020374 0.002684 -0.013869
35 32 -0.011137 0.001385 -0.010597
36 32 0.001530 -0.000335 -0.001503
37 32 0.008480 -0.001245 0.005032
38 32 0.009088 -0.001288 0.006735
39 32 0.006590 -0.000920 0.005404
40 32 0.003788 -0.000524 0.003325
41 32 0.001833 -0.000252 0.001696
42 32 0.000771 -0.000106 0.000745
43 32 0.000287 -0.000039 0.000288
44 32 0.000096 -0.000013 0.000100
45 32 0.000029 -0.000004 0.000031
46 32 0.000008 -0.000001 0.000009
47 32 0.000002 -0.000000 0.000002
48 32 0.000001 -0.000000 0.000001
49 32 0.000000 0.000000 0.000000

0 33 0.000000 0.000000 0.000000
1 33 -0.011099 0.003932 0.001441
2 33 -0.024696 0.011513 -0.000598
3 33 -0.043636 0.025744 -0.005615
4 33 -0.058839 0.042533 -0.013364
5 33 -0.059465 0.051128 -0.020631
6 33 -0.017493 0.030115 -0.017543
7 33 0.058002 -0.018041 0.008286
8 33 0.118793 -0.061565 0.042573
9 33 0.081686 -0.051001 0.050864
10 33 -0.045273 0.007433 -0.002876
11 33 -0.119197 0.045875 -0.059966
12 33 -0.053720 0.024895 -0.050742
13 33 0.088619 -0.026336 0.028994
14 33 0.090535 -0.030246 0.071956
15 33 -0.046455 0.013199 0.000640
16 33 -0.090225 0.027278 -0.061987
17 33 0.002957 -0.002446 -0.025792
18 33 0.090470 -0.024660 0.047016
19 33 0.031552 -0.006719 0.047980
20 33 -0.090860 0.020145 -0.037406
21 33 -0.047223 0.009490 -0.058135
22 33 0.082707 -0.016124 0.031224
23 33 0.048919 -0.009658 0.056929
24 33 -0.066327 0.011366 -0.022732
25 33 -0.046858 0.008324 -0.049196
26 33 0.044641 -0.007358 0.011882
27 33 0.043311 -0.007462 0.039676
28 33 -0.022986 0.003382 -0.000210
29 33 -0.039141 0.006180 -0.029302
30 33 0.001172 -0.000161 -0.010339
31 33 0.028326 -0.004479 0.016531
32 33 0.014646 -0.002371 0.016012
33 33 -0.011367 0.001658 -0.002135
34 33 -0.020656 0.003074 -0.013700
35 33 -0.012035 0.001724 -0.011095
36 33 0.000851 -0.000253 -0.002058
37 33 0.008277 -0.001365 0.004754
38 33 0.009200 -0.001471 0.006719
39 33 0.006790 -0.001073 0.005506
40 33 0.003950 -0.000620 0.003432
41 33 0.001930 -0.000301 0.001768
42 33 0.000818 -0.000127 0.000783
43 33 0.000307 -0.000048 0.000305
44 33 0.000103 -0.000016 0.000106
45 33 0.000031 -0.000005 0.000033
46 33 0.000009 -0.000001 0.000010
47 33 0.000002 -0.000000 0.000003
48 33 0.000001 -0.000000 0.000001
49 33 0.000000 0.000000 0.000000

0 34 0.000000 0.000000 0.000000
1 34 -0.011262 0.009301 -0.005640
2 34 -0.020256 0.018655 -0.007233
3 34 -0.024985 0.025903 -0.009074
4 34 -0.017088 0.026432 -0.010852
5 34 0.008547 0.012092 -0.006166
6 34 0.052141 -0.018887 0.005042
7 34 0.092478 -0.052447 0.026747
8 34 0.081645 -0.057590 0.035558
9 34 0.003815 -0.016252 0.016947
10 34 -0.097760 0.039638 -0.033374
11 34 -0.103452 0.054096 -0.059639
12 34 0.004963 0.010038 -0.019779
13 34 0.112657 -0.038670 0.049235
14 34 0.072256 -0.028105 0.061007
15 34 -0.062618 0.015455 -0.015522
16 34 -0.089637 0.025765 -0.063544
17 34 0.010333 -0.001362 -0.017301
18 34 0.092149 -0.022959 0.051109
19 34 0.027550 -0.006834 0.043639
20 34 -0.091909 0.020640 -0.040398
21 34 -0.044975 0.009990 -0.056213
22 34 0.084364 -0.017688 0.032916
23 34 0.049231 -0.010876 0.056875
24 34 -0.067696 0.012740 -0.023298
25 34 -0.048749 0.009798 -0.050148
26 34 0.045033 -0.008109 0.011489
27 34 0.045492 -0.008810 0.040644
28 34 -0.022293 0.003508 0.000731
29 34 -0.040634 0.007180 -0.029743
30 34 -0.000154 0.000157 -0.011379
31 34 0.028672 -0.005018 0.016275
32 34 0.015824 -0.002891 0.016621
33 34 -0.010732 0.001692 -0.001515
34 34 -0.020897 0.003460 -0.013610
35 34 -0.012633 0.002046 -0.011406
36 34 0.000419 -0.000184 -0.002405
37 34 0.008156 -0.001487 0.004572
38 34 0.009279 -0.001650 0.006697
39 34 0.006923 -0.001220 0.005557
40 34 0.004056 -0.000711 0.003492
41 34 0.001993 -0.000348 0.001809
42 34 0.000848 -0.000148 0.000805
43 34 0.000319 -0.000056 0.000315
44 34 0.000108 -0.000019 0.000110
45 34 0.000033 -0.000006 0.000035
46 34 0.000009 -0.000002 0.000010
47 34 0.000002 -0.000000 0.000003
48 34 0.000001 -0.000000 0.000001
49 34 0.000000 0.000000 0.000000

0 35 0.000000 0.000000 0.000000
1 35 -0.000260 0.003931 -0.007319
2 35 0.003860 0.005479 -0.006983
3 35 0.011515 0.002489 -0.005138
4 35 0.030274 -0.008127 -0.001816
5 35 0.050956 -0.026071 0.006651
6 35 0.069035 -0.044172 0.014423
7 35 0.061358 -0.048394 0.022902
8 35 0.009253 -0.021176 0.010505
9 35 -0.060092 0.025168 -0.013830
10 35 -0.105692 0.058035 -0.045926
11 35 -0.043768 0.037526 -0.037991
12 35 0.065185 -0.019012 0.015075
13 35 0.113691 -0.048313 0.056997
14 35 0.032841 -0.019532 0.040306
15 35 -0.095717 0.029190 -0.037268
16 35 -0.081462 0.033924 -0.062874
17 35 0.043681 -0.005558 0.002187
18 35 0.100856 -0.030606 0.059794
19 35 0.009541 -0.006580 0.032532
20 35 -0.099874 0.025484 -0.048570
21 35 -0.036004 0.010934 -0.051051
22 35 0.090425 -0.020555 0.038537
23 35 0.045969 -0.011948 0.055295
24 35 -0.071668 0.014673 -0.026534
25 35 -0.048357 0.011045 -0.050310
26 35 0.047378 -0.009215 0.012992
27 35 0.046453 -0.010042 0.041379
28 35 -0.023143 0.003878 0.000368
29 35 -0.041760 0.008174 -0.030370
30 35 -0.000361 0.000335 -0.011636
31 35 0.029257 -0.005605 0.016449
32 35 0.016411 -0.003349 0.016935
33 35 -0.010613 0.001788 -0.001341
34 35 -0.021147 0.003851 -0.013641
35 35 -0.012936 0.002336 -0.011544
36 35 0.000255 -0.000144 -0.002535
37 35 0.008139 -0.001620 0.004500
38 35 0.009336 -0.001824 0.006677
39 35 0.006988 -0.001358 0.005562
40 35 0.004103 -0.000795 0.003502
41 35 0.002018 -0.000391 0.001818
42 35 0.000860 -0.000166 0.000810
43 35 0.000324 -0.000063 0.000317
44 35 0.000110 -0.000021 0.000111
45 35 0.000034 -0.000006 0.000035
46 35 0.000009 -0.000002 0.000010
47 35 0.000002 -0.000000 0.000003
48 35 0.000001 -0.000000 0.000001
49 35 0.000000 0.000000 0.000000

0 36 0.000000 0.000000 0.000000
1 36 0.008471 -0.004511 -0.002756
2 36 0.019178 -0.010909 -0.001409
3 36 0.028174 -0.018647 0.001069
4 36 0.039638 -0.029046 0.004832
5 36 0.039316 -0.035441 0.008910
6 36 0.029107 -0.033728 0.009094
7 36 -0.007186 -0.014013 0.004723
8 36 -0.055123 0.020536 -0.013623
9 36 -0.085530 0.049251 -0.028676
10 36 -0.068384 0.048890 -0.036445
11 36 0.023603 0.004109 -0.005596
12 36 0.093393 -0.040088 0.037482
13 36 0.084172 -0.041411 0.048619
14 36 -0.020539 0.003752 0.011313
15 36 -0.109778 0.046762 -0.054566
16 36 -0.037314 0.027147 -0.046110
17 36 0.080767 -0.023053 0.027358
18 36 0.085714 -0.032769 0.058076
19 36 -0.019648 0.004373 0.013653
20 36 -0.098834 0.031511 -0.053826
21 36 -0.016633 0.007594 -0.039907
22 36 0.096632 -0.024857 0.045702
23 36 0.037084 -0.011363 0.050693
24 36 -0.077409 0.017632 -0.032002
25 36 -0.044778 0.011714 -0.049054
26 36 0.051746 -0.010913 0.016472
27 36 0.045922 -0.011060 0.041711
28 36 -0.025684 0.004630 -0.001403
29 36 -0.042469 0.009152 -0.031170
30 36 0.000656 0.000289 -0.011052
31 36 0.030118 -0.006270 0.017084
32 36 0.016374 -0.003712 0.016946
33 36 -0.011053 0.001984 -0.001632
34 36 -0.021422 0.004255 -0.013805
35 36 -0.012937 0.002579 -0.011510
36 36 0.000371 -0.000150 -0.002444
37 36 0.008234 -0.001770 0.004543
38 36 0.009371 -0.001994 0.006661
39 36 0.006986 -0.001483 0.005521
40 36 0.004089 -0.000868 0.003464
41 36 0.002007 -0.000426 0.001793
42 36 0.000853 -0.000181 0.000797
43 36 0.000321 -0.000068 0.000311
44 36 0.000108 -0.000023 0.000109
45 36 0.000033 -0.000007 0.000034
46 36 0.000009 -0.000002 0.000010
47 36 0.000002 -0.000001 0.000003
48 36 0.000001 -0.000000 0.000001
49 36 0.000000 0.000000 0.000000

0 37 0.000000 0.000000 0.000000
1 37 0.005705 -0.006844 0.002394
2 37 0.010490 -0.013384 0.002990
3 37 0.010770 -0.017862 0.003748
4 37 0.006496 -0.019272 0.003949
5 37 -0.009005 -0.012690 0.002392
6 37 -0.031469 0.001611 -0.003165
7 37 -0.060779 0.025073 -0.011481
8 37 -0.076025 0.043810 -0.022771
9 37 -0.059598 0.044532 -0.023317
10 37 -0.003343 0.015923 -0.011266
11 37 0.072075 -0.029473 0.021403
12 37 0.088885 -0.047936 0.041988
13 37 0.033365 -0.024339 0.026866
14 37 -0.066995 0.026725 -0.018810
15 37 -0.094539 0.047538 -0.057531
16 37 0.008745 0.007562 -0.020627
17 37 0.090212 -0.031149 0.042453
18 37 0.059400 -0.021148 0.047085
19 37 -0.037449 0.016068 -0.002490
20 37 -0.087149 0.031750 -0.053670
21 37 0.005173 0.001853 -0.026451
22 37 0.100071 -0.027410 0.052312
23 37 0.024326 -0.008400 0.043592
24 37 -0.082950 0.021086 -0.038589
25 37 -0.037446 0.011383 -0.045878
26 37 0.057749 -0.013204 0.021754
27 37 0.043500 -0.011657 0.041329
28 37 -0.029890 0.005883 -0.004621
29 37 -0.042542 0.010065 -0.031995
30 37 0.002993 -0.000070 -0.009542
31 37 0.031203 -0.007030 0.018152
32 37 0.015644 -0.003939 0.016604
33 37 -0.012066 0.002316 -0.002401
34 37 -0.021701 0.004672 -0.014087
35 37 -0.012616 0.002757 -0.011293
36 37 0.000774 -0.000219 -0.002129
37 37 0.008436 -0.001945 0.004697
38 37 0.009382 -0.002157 0.006646
39 37 0.006913 -0.001591 0.005432
40 37 0.004014 -0.000925 0.003378
41 37 0.001957 -0.000452 0.001736
42 37 0.000828 -0.000191 0.000767
43 37 0.000310 -0.000072 0.000298
44 37 0.000104 -0.000024 0.000104
45 37 0.000032 -0.000007 0.000033
46 37 0.000009 -0.000002 0.000009
47 37 0.000002 -0.000001 0.000002
48 37 0.000001 -0.000000 0.000001
49 37 0.000000 0.000000 0.000000

0 38 0.000000 0.000000 0.000000
1 38 -0.003096 -0.001337 0.002589
2 38 -0.007333 -0.001313 0.002009
3 38 -0.015328 0.001215 0.001165
4 38 -0.025936 0.007667 -0.001648
5 38 -0.039607 0.017701 -0.004542
6 38 -0.051179 0.029557 -0.010528
7 38 -0.051656 0.036961 -0.013023
8 38 -0.034715 0.031447 -0.014208
9 38 0.008977 0.007817 -0.002972
10 38 0.056637 -0.028498 0.013797
11 38 0.083212 -0.053545 0.031367
12 38 0.045514 -0.043214 0.028295
13 38 -0.036761 -0.000654 -0.004591
14 38 -0.099564 0.041401 -0.040792
15 38 -0.069155 0.036233 -0.046854
16 38 0.039472 -0.008195 0.003144
17 38 0.090073 -0.031485 0.049449
18 38 0.037467 -0.012696 0.034458
19 38 -0.054605 0.022412 -0.018228
20 38 -0.076814 0.031904 -0.053223
21 38 0.029596 -0.002190 -0.010821
22 38 0.103777 -0.028368 0.059511
23 38 0.008814 -0.003716 0.034090
24 38 -0.087296 0.024978 -0.045827
25 38 -0.025640 0.010115 -0.040116
26 38 0.065111 -0.015921 0.028751
27 38 0.038804 -0.011588 0.039845
28 38 -0.035544 0.007725 -0.009256
29 38 -0.041586 0.010821 -0.032562
30 38 0.006723 -0.000828 -0.007000
31 38 0.032353 -0.007872 0.019554
32 38 0.014115 -0.003972 0.015816
33 38 -0.013631 0.002813 -0.003645
34 38 -0.021921 0.005094 -0.014440
35 38 -0.011941 0.002848 -0.010864
36 38 0.001457 -0.000364 -0.001595
37 38 0.008730 -0.002147 0.004947
38 38 0.009356 -0.002312 0.006621
39 38 0.006767 -0.001679 0.005294
40 38 0.003878 -0.000966 0.003244
41 38 0.001872 -0.000467 0.001649
42 38 0.000785 -0.000197 0.000722
43 38 0.000292 -0.000073 0.000278
44 38 0.000097 -0.000024 0.000096
45 38 0.000029 -0.000007 0.000030
46 38 0.000008 -0.000002 0.000009
47 38 0.000002 -0.000001 0.000002
48 38 0.000001 -0.000000 0.000001
49 38 0.000000 0.000000 0.000000

0 39 0.000000 0.000000 0.000000
1 39 -0.006496 0.004600 -0.001391
2 39 -0.011781 0.009540 -0.002084
3 39 -0.019067 0.015423 -0.003119
4 39 -0.021448 0.021103 -0.005207
5 39 -0.022933 0.025066 -0.005771
6 39 -0.013759 0.024384 -0.007531
7 39 0.005372 0.013904 -0.002448
8 39 0.032095 -0.005306 0.001613
9 39 0.065340 -0.032848 0.015832
10 39 0.069211 -0.050589 0.022007
11 39 0.046628 -0.046402 0.021865
12 39 -0.024963 -0.013023 0.002455
13 39 -0.090404 0.029944 -0.031103
14 39 -0.092693 0.043659 -0.041947
15 39 -0.025001 0.014291 -0.023568
16 39 0.071430 -0.030019 0.025729
17 39 0.079643 -0.040543 0.049854
18 39 -0.007772 -0.007383 0.011819
19 39 -0.086128 0.032523 -0.039719
20 39 -0.060477 0.032316 -0.048574
21 39 0.060884 -0.009654 0.009866
22 39 0.102386 -0.029178 0.064199
23 39 -0.012474 0.004125 0.019780
24 39 -0.088154 0.029987 -0.052468
25 39 -0.007431 0.007824 -0.030284
26 39 0.073463 -0.018818 0.037243
27 39 0.031428 -0.010426 0.036715
28 39 -0.042051 0.010267 -0.015080
29 39 -0.038949 0.011289 -0.032375
30 39 0.011888 -0.002062 -0.003310
31 39 0.033305 -0.008746 0.021112
32 39 0.011661 -0.003740 0.014457
33 39 -0.015677 0.003496 -0.005331
34 39 -0.021978 0.005498 -0.014785
35 39 -0.010876 0.002825 -0.010187
36 39 0.002403 -0.000598 -0.000852
37 39 0.009086 -0.002375 0.005269
38 39 0.009276 -0.002452 0.006573
39 39 0.006543 -0.001742 0.005102
40 39 0.003685 -0.000986 0.003066
41 39 0.001754 -0.000471 0.001535
42 39 0.000727 -0.000196 0.000664
43 39 0.000267 -0.000072 0.000253
44 39 0.000088 -0.000024 0.000087
45 39 0.000027 -0.000007 0.000027
46 39 0.000007 -0.000002 0.000008
47 39 0.000002 -0.000001 0.000002
48 39 0.000001 -0.000000 0.000000
49 39 0.000000 0.000000 0.000000

0 40 0.000000 0.000000 0.000000
1 40 -0.002874 0.004261 -0.004353
2 40 -0.002914 0.007470 -0.004236
3 40 -0.004057 0.010478 -0.004670
4 40 0.003746 0.009619 -0.003871
5 40 0.009898 0.006685 -0.002540
6 40 0.028545 -0.002779 0.000098
7 40 0.042778 -0.015622 0.006569
8 40 0.057613 -0.029127 0.009774
9 40 0.058401 -0.037827 0.017883
10 40 0.028329 -0.027110 0.010516
11 40 -0.010056 -0.003208 0.002479
12 40 -0.068604 0.032887 -0.019322
13 40 -0.075045 0.048908 -0.034035
14 40 -0.028054 0.026324 -0.018905
15 40 0.042268 -0.018134 0.007352
16 40 0.094429 -0.054671 0.042980
17 40 0.034228 -0.041464 0.035004
18 40 -0.074308 0.009460 -0.021622
19 40 -0.103660 0.039428 -0.054015
20 40 -0.028124 0.017984 -0.032261
21 40 0.082415 -0.025253 0.028830
22 40 0.080261 -0.027169 0.057815
23 40 -0.041057 0.016105 -0.000523
24 40 -0.081839 0.034720 -0.055946
25 40 0.017659 0.003938 -0.015647
26 40 0.081245 -0.021074 0.046077
27 40 0.021290 -0.007361 0.031409
28 40 -0.048018 0.013640 -0.021385
29 40 -0.033620 0.011312 -0.030668
30 40 0.018479 -0.003789 0.001623
31 40 0.033710 -0.009530 0.022570
32 40 0.008193 -0.003150 0.012406
33 40 -0.018055 0.004366 -0.007379
34 40 -0.021725 0.005847 -0.015006
35 40 -0.009385 0.002661 -0.009222
36 40 0.003574 -0.000925 0.000079
37 40 0.009461 -0.002622 0.005630
38 40 0.009122 -0.002570 0.006483
39 40 0.006241 -0.001775 0.004853
40 40 0.003439 -0.000985 0.002848
41 40 0.001609 -0.000463 0.001400
42 40 0.000657 -0.000190 0.000596
43 40 0.000239 -0.000069 0.000225
44 40 0.000078 -0.000023 0.000076
45 40 0.000023 -0.000007 0.000023
46 40 0.000006 -0.000002 0.000006
47 40 0.000002 -0.000000 0.000002
48 40 0.000000 -0.000000 0.000000
49 40 0.000000 0.000000 0.000000

0 41 0.000000 0.000000 0.000000
1 41 0.002040 -0.000914 -0.002864
2 41 0.006042 -0.003062 -0.002080
3 41 0.008830 -0.005358 -0.002146
4 41 0.017370 -0.011166 0.000376
5 41 0.020432 -0.016010 0.001074
6 41 0.030583 -0.024276 0.004635
7 41 0.025753 -0.026726 0.006172
8 41 0.022126 -0.025650 0.005731
9 41 -0.002110 -0.012402 0.004478
10 41 -0.032021 0.012237 -0.008109
11 41 -0.052307 0.035995 -0.013602
12 41 -0.063123 0.054115 -0.025732
13 41 -0.012173 0.037428 -0.016060
14 41 0.046811 -0.000598 0.009723
15 41 0.092325 -0.037221 0.029910
16 41 0.084343 -0.048822 0.044148
17 41 -0.021964 -0.010083 0.008305
18 41 -0.098863 0.032451 -0.042449
19 41 -0.071276 0.027438 -0.043131
20 41 0.010214 -0.012316 -0.007614
21 41 0.076037 -0.042073 0.036479
22 41 0.033303 -0.021870 0.038043
23 41 -0.074946 0.026466 -0.024594
24 41 -0.070386 0.034537 -0.055861
25 41 0.043984 -0.002236 0.001226
26 41 0.084581 -0.021457 0.052581
27 41 0.008652 -0.001552 0.023494
28 41 -0.051254 0.017892 -0.026967
29 41 -0.024293 0.010812 -0.026468
30 41 0.026482 -0.005848 0.007863
31 41 0.033268 -0.009984 0.023660
32 41 0.003761 -0.002088 0.009614
33 41 -0.020495 0.005404 -0.009622
34 41 -0.020977 0.006084 -0.014952
35 41 -0.007447 0.002328 -0.007934
36 41 0.004914 -0.001343 0.001158
37 41 0.009802 -0.002877 0.005986
38 41 0.008873 -0.002656 0.006330
39 41 0.005859 -0.001774 0.004548
40 41 0.003148 -0.000961 0.002595
41 41 0.001443 -0.000443 0.001248
42 41 0.000579 -0.000179 0.000522
43 41 0.000207 -0.000064 0.000194
44 41 0.000067 -0.000021 0.000065
45 41 0.000020 -0.000006 0.000020
46 41 0.000005 -0.000002 0.000005
47 41 0.000001 -0.000000 0.000001
48 41 0.000000 -0.000000 0.000000
49 41 0.000000 0.000000 0.000000

0 42 0.000000 0.000000 0.000000
1 42 0.004851 -0.004101 0.000828
2 42 0.009546 -0.008597 0.001617
3 42 0.012818 -0.012823 0.001523
4 42 0.015580 -0.017773 0.003618
5 42 0.012218 -0.019960 0.002648
6 42 0.008491 -0.021759 0.004404
7 42 -0.009343 -0.015354 0.000733
8 42 -0.023433 -0.007010 -0.001888
9 42 -0.051509 0.010904 -0.008588
10 42 -0.062243 0.025796 -0.017020
11 42 -0.060193 0.033162 -0.016911
12 42 -0.034130 0.027102 -0.017509
13 42 0.027739 -0.002637 0.003489
14 42 0.061996 -0.025679 0.020969
15 42 0.074895 -0.033305 0.028434
16 42 0.030298 -0.010654 0.023093
17 42 -0.054571 0.036817 -0.017905
18 42 -0.057970 0.047085 -0.037337
19 42 0.000272 0.010384 -0.011948
20 42 0.051315 -0.031779 0.018251
21 42 0.063386 -0.047270 0.038806
22 42 -0.015749 -0.016473 0.015792
23 42 -0.107194 0.027521 -0.046939
24 42 -0.060448 0.024260 -0.053511
25 42 0.060273 -0.012618 0.015231
26 42 0.075772 -0.020349 0.052193
27 42 -0.008019 0.006694 0.011637
28 42 -0.050298 0.022677 -0.030969
29 42 -0.010020 0.009858 -0.019041
30 42 0.035828 -0.007783 0.015350
31 42 0.031926 -0.009684 0.024203
32 42 -0.001255 -0.000402 0.006234
33 42 -0.022528 0.006576 -0.011749
34 42 -0.019498 0.006150 -0.014428
35 42 -0.005056 0.001809 -0.006300
36 42 0.006343 -0.001837 0.002332
37 42 0.010051 -0.003119 0.006291
38 42 0.008509 -0.002700 0.006096
39 42 0.005401 -0.001737 0.004187
40 42 0.002820 -0.000915 0.002316
41 42 0.001264 -0.000413 0.001087
42 42 0.000498 -0.000163 0.000446
43 42 0.000175 -0.000058 0.000162
44 42 0.000056 -0.000018 0.000053
45 42 0.000016 -0.000005 0.000016
46 42 0.000004 -0.000001 0.000004
47 42 0.000001 -0.000000 0.000001
48 42 0.000000 -0.000000 0.000000
49 42 0.000000 0.000000 0.000000

0 43 0.000000 0.000000 0.000000
1 43 0.002649 -0.001675 0.001533
2 43 0.004050 -0.002806 0.001809
3 43 0.004939 -0.003381 0.001443
4 43 0.002476 -0.002319 0.002003
5 43 -0.002214 0.000772 0.000229
6 43 -0.009684 0.005653 0.000269
7 43 -0.021501 0.014042 -0.004089
8 43 -0.027715 0.020007 -0.005035
9 43 -0.036722 0.026612 -0.009578
10 43 -0.024543 0.020610 -0.008871
11 43 -0.010032 0.007353 -0.004063
12 43 0.019886 -0.017382 0.002013
13 43 0.044878 -0.043599 0.017332
14 43 0.031202 -0.045963 0.016482
15 43 0.003858 -0.028811 0.008702
16 43 -0.055086 0.014365 -0.011163
17 43 -0.083803 0.052614 -0.039181
18 43 -0.022032 0.041313 -0.025355
19 43 0.050448 0.005827 0.011889
20 43 0.089897 -0.022911 0.036781
21 43 0.072308 -0.030664 0.044144
22 43 -0.035100 -0.002462 0.003417
23 43 -0.113022 0.024762 -0.055874
24 43 -0.042105 0.004260 -0.042358
25 43 0.061614 -0.029749 0.025095
26 43 0.045739 -0.020966 0.040310
27 43 -0.034084 0.014414 -0.006984
28 43 -0.047340 0.026191 -0.034290
29 43 0.007710 0.008208 -0.009114
30 43 0.045590 -0.008946 0.023334
31 43 0.029859 -0.008018 0.024055
32 43 -0.005981 0.002137 0.002716
33 43 -0.023376 0.007876 -0.013234
34 43 -0.016955 0.006014 -0.013172
35 43 -0.002202 0.001119 -0.004294
36 43 0.007782 -0.002373 0.003544
37 43 0.010156 -0.003323 0.006500
38 43 0.008022 -0.002691 0.005773
39 43 0.004880 -0.001661 0.003778
40 43 0.002470 -0.000849 0.002020
41 43 0.001079 -0.000374 0.000923
42 43 0.000416 -0.000145 0.000370
43 43 0.000144 -0.000050 0.000132
44 43 0.000045 -0.000016 0.000043
45 43 0.000013 -0.000005 0.000013
46 43 0.000003 -0.000001 0.000003
47 43 0.000001 -0.000000 0.000001
48 43 0.000000 -0.000000 0.000000
49 43 0.000000 0.000000 0.000000

0 44 0.000000 0.000000 0.000000
1 44 -0.004454 0.001602 -0.000599
2 44 -0.009796 0.004071 -0.000940
3 44 -0.014171 0.007042 -0.001705
4 44 -0.020400 0.012176 -0.002639
5 44 -0.023667 0.017712 -0.004368
6 44 -0.026702 0.024603 -0.005128
7 44 -0.023553 0.030004 -0.007127
8 44 -0.013157 0.031367 -0.005155
9 44 0.003707 0.027774 -0.004183
10 44 0.033699 0.012804 0.003663
11 44 0.056316 -0.005086 0.010925
12 44 0.077196 -0.027962 0.018904
13 44 0.065834 -0.039293 0.023665
14 44 0.021184 -0.031256 0.011180
15 44 -0.033302 -0.012401 -0.004685
16 44 -0.093112 0.016946 -0.028721
17 44 -0.089790 0.024348 -0.040840
18 44 -0.022559 0.002459 -0.015820
19 44 0.036882 -0.013345 0.013196
20 44 0.075634 -0.016095 0.031642
21 44 0.054096 -0.000966 0.032533
22 44 -0.037257 0.032502 -0.008569
23 44 -0.066736 0.035228 -0.043015
24 44 0.016037 -0.012644 -0.008669
25 44 0.065242 -0.047306 0.039013
26 44 -0.000224 -0.023995 0.020173
27 44 -0.070964 0.016711 -0.031725
28 44 -0.048163 0.023978 -0.038906
29 44 0.022208 0.004098 -0.000244
30 44 0.051781 -0.009231 0.029087
31 44 0.026485 -0.004511 0.022481
32 44 -0.009312 0.005757 -0.000384
33 44 -0.021962 0.009368 -0.013366
34 44 -0.012865 0.005734 -0.010823
35 44 0.001197 0.000337 -0.001847
36 44 0.009199 -0.002883 0.004767
37 44 0.010101 -0.003453 0.006596
38 44 0.007423 -0.002619 0.005365
39 44 0.004315 -0.001548 0.003336
40 44 0.002111 -0.000766 0.001719
41 44 0.000897 -0.000328 0.000764
42 44 0.000338 -0.000124 0.000299
43 44 0.000115 -0.000042 0.000105
44 44 0.000035 -0.000013 0.000033
45 44 0.000010 -0.000004 0.000010
46 44 0.000003 -0.000001 0.000003
47 44 0.000001 -0.000000 0.000001
48 44 0.000000 -0.000000 0.000000
49 44 0.000000 0.000000 0.000000

0 45 0.000000 0.000000 0.000000
1 45 -0.005128 0.001701 -0.001409
2 45 -0.010510 0.003623 -0.001793
3 45 -0.014613 0.005033 -0.002241
4 45 -0.018986 0.006792 -0.003152
5 45 -0.019584 0.006833 -0.003756
6 45 -0.019189 0.006457 -0.004145
7 45 -0.011893 0.002662 -0.003962
8 45 -0.001750 -0.002861 -0.001711
9 45 0.013706 -0.010840 0.000423
10 45 0.030504 -0.019271 0.006095
11 45 0.038661 -0.021357 0.008487
12 45 0.040957 -0.017607 0.010979
13 45 0.020418 0.001014 0.007316
14 45 -0.005193 0.024226 -0.003102
15 45 -0.025934 0.040377 -0.009938
16 45 -0.034009 0.040319 -0.016701
17 45 -0.000708 0.006163 -0.007348
18 45 0.032147 -0.037154 0.014051
19 45 0.028928 -0.054606 0.018760
20 45 0.004886 -0.041139 0.010424
21 45 -0.049179 0.007640 -0.011939
22 45 -0.083392 0.059776 -0.042435
23 45 -0.008231 0.049619 -0.026962
24 45 0.103182 -0.012659 0.037054
25 45 0.090601 -0.044198 0.060712
26 45 -0.029382 -0.017832 0.006900
27 45 -0.097233 0.013687 -0.049096
28 45 -0.051291 0.011776 -0.041555
29 45 0.024297 -0.005823 0.003280
30 45 0.046158 -0.010238 0.027588
31 45 0.018501 0.000187 0.017115
32 45 -0.011312 0.010244 -0.003281
33 45 -0.017531 0.011106 -0.011698
34 45 -0.006701 0.005505 -0.007042
35 45 0.005376 -0.000342 0.001189
36 45 0.010704 -0.003242 0.006066
37 45 0.009962 -0.003454 0.006628
38 45 0.006770 -0.002468 0.004914
39 45 0.003742 -0.001399 0.002889
40 45 0.001763 -0.000670 0.001431
41 45 0.000728 -0.000279 0.000616
42 45 0.000267 -0.000103 0.000235
43 45 0.000089 -0.000034 0.000080
44 45 0.000027 -0.000010 0.000025
45 45 0.000007 -0.000003 0.000007
46 45 0.000002 -0.000001 0.000002
47 45 0.000000 -0.000000 0.000000
48 45 0.000000 -0.000000 0.000000
49 45 0.000000 0.000000 0.000000

0 46 0.000000 0.000000 0.000000
1 46 0.003131 0.001634 -0.002018
2 46 0.006616 0.002769 -0.001851
3 46 0.011275 0.002530 -0.001181
4 46 0.016512 0.000749 -0.000496
5 46 0.023552 -0.003982 0.001095
6 46 0.029524 -0.010829 0.002622
7 46 0.035783 -0.021139 0.004889
8 46 0.035899 -0.031585 0.006706
9 46 0.030744 -0.041487 0.007234
10 46 0.013525 -0.045017 0.006265
11 46 -0.014573 -0.038316 0.000155
12 46 -0.047472 -0.020296 -0.007501
13 46 -0.079987 0.010280 -0.019151
14 46 -0.085087 0.038894 -0.026595
15 46 -0.057643 0.056005 -0.022901
16 46 0.005558 0.049306 -0.008387
17 46 0.087192 0.013575 0.021723
18 46 0.120910 -0.024031 0.045085
19 46 0.082725 -0.044016 0.039390
20 46 -0.011466 -0.038035 0.009252
21 46 -0.122660 0.000287 -0.039448
22 46 -0.137618 0.033495 -0.068801
23 46 -0.006602 0.018385 -0.026884
24 46 0.120750 -0.014903 0.048059
25 46 0.094722 -0.012821 0.061146
26 46 -0.021048 0.013035 0.005041
27 46 -0.074015 0.016993 -0.039484
28 46 -0.034439 -0.005313 -0.028437
29 46 0.016565 -0.021619 0.004469
30 46 0.022878 -0.014588 0.016185
31 46 0.000168 0.003349 0.004709
32 46 -0.015182 0.014035 -0.008004
33 46 -0.011278 0.012695 -0.009115
34 46 0.001384 0.005527 -0.002039
35 46 0.010585 -0.000613 0.004913
36 46 0.012613 -0.003245 0.007633
37 46 0.009983 -0.003233 0.006764
38 46 0.006210 -0.002209 0.004529
39 46 0.003234 -0.001210 0.002495
40 46 0.001459 -0.000562 0.001179
41 46 0.000581 -0.000229 0.000489
42 46 0.000208 -0.000083 0.000181
43 46 0.000067 -0.000027 0.000060
44 46 0.000020 -0.000008 0.000018
45 46 0.000005 -0.000002 0.000005
46 46 0.000001 -0.000001 0.000001
47 46 0.000000 -0.000000 0.000000
48 46 0.000000 -0.000000 0.000000
49 46 0.000000 0.000000 0.000000

0 47 0.000000 0.000000 0.000000
1 47 0.003594 -0.000497 -0.002147
2 47 0.007655 -0.001134 -0.001911
3 47 0.012516 -0.001993 -0.001254
4 47 0.018253 -0.003096 -0.000440
5 47 0.024806 -0.004446 0.001037
6 47 0.030785 -0.005484 0.002465
7 47 0.035653 -0.006255 0.004409
8 47 0.035508 -0.005136 0.005564
9 47 0.030212 -0.002807 0.005936
10 47 0.015213 0.002522 0.004380
11 47 -0.006447 0.008364 -0.000068
12 47 -0.032071 0.013180 -0.005737
13 47 -0.054323 0.013777 -0.013245
14 47 -0.058626 0.004885 -0.016683
15 47 -0.043828 -0.009169 -0.014336
16 47 -0.006617 -0.024818 -0.005377
17 47 0.036977 -0.030001 0.010579
18 47 0.055131 -0.011621 0.019962
19 47 0.043694 0.018316 0.017090
20 47 0.004527 0.041464 0.004941
21 47 -0.043240 0.039757 -0.015502
22 47 -0.043049 -0.002725 -0.023326
23 47 0.007959 -0.053946 -0.001867
24 47 0.032605 -0.050309 0.018952
25 47 0.000604 0.008399 0.007644
26 47 -0.027076 0.050938 -0.014344
27 47 -0.007810 0.033917 -0.011870
28 47 0.023739 -0.010828 0.008392
29 47 0.022367 -0.032655 0.016096
30 47 -0.006618 -0.020725 0.002992
31 47 -0.028634 0.001901 -0.013375
32 47 -0.025955 0.014005 -0.017039
33 47 -0.007744 0.012616 -0.008508
34 47 0.009157 0.005530 0.002515
35 47 0.016386 -0.000262 0.008865
36 47 0.015253 -0.002651 0.009616
37 47 0.010589 -0.002645 0.007283
38 47 0.006030 -0.001780 0.004419
39 47 0.002940 -0.000957 0.002268
40 47 0.001259 -0.000437 0.001014
41 47 0.000481 -0.000174 0.000402
42 47 0.000166 -0.000062 0.000143
43 47 0.000052 -0.000020 0.000046
44 47 0.000015 -0.000006 0.000014
45 47 0.000004 -0.000002 0.000004
46 47 0.000001 -0.000000 0.000001
47 47 0.000000 -0.000000 0.000000
48 47 0.000000 -0.000000 0.000000
49 47 0.000000 0.000000 0.000000

0 48 0.000000 0.000000 0.000000
1 48 -0.000887 -0.004535 0.001669
2 48 -0.002287 -0.008825 0.001567
3 48 -0.005040 -0.012374 0.001323
4 48 -0.009244 -0.014735 0.000773
5 48 -0.015753 -0.014897 -0.000111
6 48 -0.023887 -0.011928 -0.001701
7 48 -0.033335 -0.004843 -0.003649
8 48 -0.042002 0.007169 -0.006419
9 48 -0.046481 0.022804 -0.008640
10 48 -0.043853 0.040521 -0.010337
11 48 -0.028229 0.053913 -0.009128
12 48 -0.000967 0.057567 -0.004266
13 48 0.036752 0.044319 0.004453
14 48 0.072100 0.011938 0.016559
15 48 0.085881 -0.030166 0.024808
16 48 0.066293 -0.067750 0.024765
17 48 0.004486 -0.076210 0.010320
18 48 -0.072685 -0.041874 -0.018005
19 48 -0.113560 0.018328 -0.040824
20 48 -0.087239 0.072679 -0.041577
21 48 0.011902 0.078612 -0.011882
22 48 0.122912 0.014843 0.040405
23 48 0.123825 -0.062521 0.065295
24 48 -0.006503 -0.069474 0.020977
25 48 -0.121299 -0.006962 -0.048468
26 48 -0.094722 0.045360 -0.061131
27 48 0.019815 0.038614 -0.008977
28 48 0.085899 -0.000235 0.040931
29 48 0.055000 -0.023729 0.039864
30 48 -0.013933 -0.018639 0.003699
31 48 -0.051395 -0.002161 -0.025449
32 48 -0.042231 0.008114 -0.027849
33 48 -0.012199 0.008538 -0.012574
34 48 0.011775 0.004250 0.003422
35 48 0.020524 0.000356 0.011314
36 48 0.018252 -0.001401 0.011600
37 48 0.012126 -0.001548 0.008363
38 48 0.006631 -0.001074 0.004856
39 48 0.003116 -0.000584 0.002396
40 48 0.001289 -0.000268 0.001034
41 48 0.000477 -0.000107 0.000397
42 48 0.000160 -0.000038 0.000137
43 48 0.000049 -0.000012 0.000043
44 48 0.000014 -0.000004 0.000012
45 48 0.000004 -0.000001 0.000003
46 48 0.000001 -0.000000 0.000001
47 48 0.000000 -0.000000 0.000000
48 48 0.000000 -0.000000 0.000000
49 48 0.000000 0.000000 0.000000

0 49 0.000000 0.000000 0.000000
1 49 0.000000 0.000000 0.000000
2 49 0.000000 0.000000 0.000000
3 49 0.000000 0.000000 0.000000
4 49 0.000000 0.000000 0.000000
5 49 0.000000 0.000000 0.000000
6 49 0.000000 0.000000 0.000000
7 49 0.000000 0.000000 0.000000
8 49 0.000000 0.000000 0.000000
9 49 0.000000 0.000000 0.000000
10 49 0.000000 0.000000 0.000000
11 49 0.000000 0.000000 0.000000
12 49 0.000000 0.000000 0.000000
13 49 0.000000 0.000000 0.000000
14 49 0.000000 0.000000 0.000000
15 49 0.000000 0.000000 0.000000
16 49 0.000000 0.000000 0.000000
17 49 0.000000 0.000000 0.000000
18 49 0.000000 0.000000 0.000000
19 49 0.000000 0.000000 0.000000
20 49 0.000000 0.000000 0.000000
21 49 0.000000 0.000000 0.000000
22 49 0.000000 0.000000 0.000000
23 49 0.000000 0.000000 0.000000
24 49 0.000000 0.000000 0.000000
25 49 0.000000 0.000000 0.000000
26 49 0.000000 0.000000 0.000000
27 49 0.000000 0.000000 0.000000
28 49 0.000000 0.000000 0.000000
29 49 0.000000 0.000000 0.000000
30 49 0.000000 0.000000 0.000000
31 49 0.000000 0.000000 0.000000
32 49 0.000000 0.000000 0.000000
33 49 0.000000 0.000000 0.000000
34 49 0.000000 0.000000 0.000000
35 49 0.000000 0.000000 0.000000
36 49 0.000000 0.000000 0.000000
37 49 0.000000 0.000000 0.000000
38 49 0.000000 0.000000 0.000000
39 49 0.000000 0.000000 0.000000
40 49 0.000000 0.000000 0.000000
41 49 0.000000 0.000000 0.000000
42 49 0.000000 0.000000 0.000000
43 49 0.000000 0.000000 0.000000
44 49 0.000000 0.000000 0.000000
45 49 0.000000 0.000000 0.000000
46 49 0.000000 0.000000 0.000000
47 49 0.000000 0.000000 0.000000
48 49 0.000000 0.000000 0.000000
49 49 0.000000 0.000000 0.000000

