#:x y Ey Bx Bz
0 0 -0.051590 -0.273816 -0.006028
1 0 -0.013381 -0.270244 -0.001434
2 0 0.056416 -0.256510 0.011122
3 0 0.162907 -0.236119 0.051750
4 0 0.287956 -0.191546 0.097465
5 0 0.404319 -0.141516 0.160503
6 0 0.509425 -0.068175 0.210003
7 0 0.507006 0.005653 0.212177
8 0 0.448733 0.061695 0.193025
9 0 0.275863 0.123448 0.086636
10 0 -0.015334 0.128959 -0.059382
11 0 -0.229926 0.082220 -0.154916
12 0 -0.376609 0.052960 -0.240059
13 0 -0.492801 0.024092 -0.285646
14 0 -0.422732 -0.028776 -0.192606
15 0 -0.138693 -0.063947 -0.003051
16 0 0.146795 -0.053014 0.140142
17 0 0.260421 -0.020367 0.171889
18 0 0.216338 0.002006 0.134929
19 0 0.110457 0.006159 0.097449

0 1 -0.045801 -0.413043 -0.009600
1 1 -0.029164 -0.407943 -0.015167
2 1 0.013733 -0.389597 -0.009269
3 1 0.068391 -0.353119 0.007176
4 1 0.153625 -0.286075 0.047435
5 1 0.233165 -0.192067 0.087162
6 1 0.300458 -0.079850 0.136176
7 1 0.335846 0.038003 0.156135
8 1 0.278488 0.126218 0.131272
9 1 0.182183 0.180072 0.081125
10 1 0.036624 0.187021 -0.012644
11 1 -0.165903 0.155573 -0.125656
12 1 -0.341126 0.108490 -0.211191
13 1 -0.414096 0.028972 -0.232777
14 1 -0.333341 -0.068319 -0.157435
15 1 -0.117321 -0.115996 -0.013984
16 1 0.106151 -0.089494 0.107495
17 1 0.213886 -0.033512 0.149516
18 1 0.193122 0.003573 0.130776
19 1 0.104892 0.010430 0.103608

0 2 -0.086338 -0.345997 -0.014700
1 2 -0.097972 -0.350028 -0.033512
2 2 -0.108002 -0.350747 -0.045747
3 2 -0.115781 -0.331535 -0.059868
4 2 -0.098458 -0.284872 -0.046572
5 2 -0.049540 -0.197947 -0.025055
6 2 0.005240 -0.086296 0.018323
7 2 0.091927 0.037993 0.067920
8 2 0.115080 0.150444 0.077417
9 2 0.097423 0.217284 0.074177
10 2 0.032975 0.232779 0.018804
11 2 -0.120359 0.196923 -0.078573
12 2 -0.232219 0.112003 -0.131674
13 2 -0.237157 -0.004186 -0.135486
14 2 -0.192000 -0.105643 -0.109758
15 2 -0.102171 -0.139483 -0.040486
16 2 0.030439 -0.100950 0.051513
17 2 0.135692 -0.037684 0.112431
18 2 0.154176 0.003730 0.123919
19 2 0.095035 0.011778 0.114039

0 3 -0.039312 -0.116055 -0.010669
1 3 -0.078590 -0.135912 -0.032794
2 3 -0.148689 -0.165007 -0.064959
3 3 -0.228715 -0.185339 -0.106530
4 3 -0.296378 -0.178382 -0.133497
5 3 -0.314737 -0.132244 -0.136707
6 3 -0.285937 -0.050721 -0.105966
7 3 -0.195992 0.054040 -0.044531
8 3 -0.097576 0.149844 0.010577
9 3 -0.010334 0.215168 0.058682
10 3 0.026959 0.230981 0.054660
11 3 -0.016062 0.170095 0.006347
12 3 -0.035925 0.056391 -0.015484
13 3 -0.024643 -0.051957 -0.034029
14 3 -0.068275 -0.118742 -0.075918
15 3 -0.113044 -0.129740 -0.079019
16 3 -0.061186 -0.091328 -0.011753
17 3 0.048062 -0.035810 0.071017
18 3 0.109203 0.001972 0.115870
19 3 0.082356 0.010424 0.125816

0 4 0.067666 0.192229 0.009188
1 4 0.008691 0.157545 -0.003699
2 4 -0.104575 0.098333 -0.044627
3 4 -0.251013 0.035997 -0.113488
4 4 -0.399922 -0.008999 -0.179635
5 4 -0.492535 -0.014653 -0.218229
6 4 -0.515362 0.014500 -0.210727
7 4 -0.425769 0.073014 -0.140335
8 4 -0.276367 0.130272 -0.054746
9 4 -0.101151 0.153205 0.042869
10 4 0.082737 0.136866 0.115546
11 4 0.176191 0.074599 0.120051
12 4 0.184229 -0.009828 0.092864
13 4 0.132351 -0.072079 0.032757
14 4 -0.006895 -0.100061 -0.064920
15 4 -0.143920 -0.099318 -0.117432
16 4 -0.144160 -0.072058 -0.067270
17 4 -0.030408 -0.031567 0.033234
18 4 0.065509 -0.000974 0.107419
19 4 0.067984 0.007529 0.136240

0 5 0.155240 0.467762 0.043873
1 5 0.100731 0.424090 0.055513
2 5 -0.022889 0.341556 0.017708
3 5 -0.197173 0.239950 -0.068492
4 5 -0.402767 0.141388 -0.173980
5 5 -0.549127 0.069060 -0.247383
6 5 -0.607743 0.031937 -0.269240
7 5 -0.519272 0.023137 -0.197593
8 5 -0.303924 0.031313 -0.077679
9 5 -0.052435 0.034312 0.059207
10 5 0.201698 0.020489 0.177814
11 5 0.340228 -0.010152 0.204478
12 5 0.318642 -0.042519 0.155115
13 5 0.198321 -0.059448 0.060739
14 5 0.005284 -0.065115 -0.065664
15 5 -0.173369 -0.065188 -0.144692
16 5 -0.203506 -0.052289 -0.107761
17 5 -0.091278 -0.026719 0.002642
18 5 0.026882 -0.003717 0.098916
19 5 0.053000 0.004411 0.143769

0 6 0.224350 0.525824 0.087545
1 6 0.213929 0.488016 0.138047
2 6 0.142221 0.404452 0.119314
3 6 -0.004531 0.288353 0.030070
4 6 -0.213136 0.163713 -0.101652
5 6 -0.395154 0.056145 -0.210260
6 6 -0.488674 -0.020600 -0.260441
7 6 -0.433367 -0.060958 -0.205769
8 6 -0.232463 -0.073292 -0.080678
9 6 0.025897 -0.071213 0.073029
10 6 0.283806 -0.057807 0.208455
11 6 0.407005 -0.043473 0.236844
12 6 0.348026 -0.036302 0.172044
13 6 0.198773 -0.032606 0.066406
14 6 -0.000019 -0.033502 -0.065591
15 6 -0.187543 -0.038244 -0.157591
16 6 -0.237646 -0.035708 -0.133331
17 6 -0.134302 -0.021287 -0.020360
18 6 -0.005132 -0.005093 0.090788
19 6 0.038684 0.001971 0.148180

0 7 0.212201 0.331022 0.125352
1 7 0.297436 0.327261 0.221611
2 7 0.334332 0.273138 0.235413
3 7 0.261540 0.180683 0.154710
4 7 0.073493 0.073105 0.005917
5 7 -0.132779 -0.023485 -0.133516
6 7 -0.281627 -0.092076 -0.220083
7 7 -0.293238 -0.126389 -0.193436
8 7 -0.149725 -0.125461 -0.082756
9 7 0.051318 -0.102881 0.059623
10 7 0.265519 -0.070442 0.194121
11 7 0.377344 -0.039222 0.229674
12 7 0.320928 -0.019554 0.168348
13 7 0.181001 -0.011734 0.067302
14 7 -0.002204 -0.013448 -0.060850
15 7 -0.187660 -0.020233 -0.160127
16 7 -0.253621 -0.022276 -0.147751
17 7 -0.162666 -0.014972 -0.036555
18 7 -0.029764 -0.004686 0.083725
19 7 0.026445 0.000547 0.150150

0 8 -0.012274 -0.026714 0.129113
1 8 0.253077 0.053387 0.275734
2 8 0.447401 0.049389 0.327868
3 8 0.468347 0.007521 0.262289
4 8 0.309059 -0.046293 0.102506
5 8 0.073063 -0.093775 -0.064924
6 8 -0.135856 -0.123160 -0.185769
7 8 -0.227355 -0.129502 -0.194365
8 8 -0.153734 -0.115005 -0.105336
9 8 0.004387 -0.087152 0.027184
10 8 0.198570 -0.053805 0.162902
11 8 0.317693 -0.025371 0.210005
12 8 0.283560 -0.009117 0.160529
13 8 0.166470 -0.003379 0.069016
14 8 0.001137 -0.004456 -0.054064
15 8 -0.181447 -0.008750 -0.158084
16 8 -0.259550 -0.010764 -0.155056
17 8 -0.179730 -0.007762 -0.046841
18 8 -0.046495 -0.002766 0.078492
19 8 0.017539 0.000019 0.150697

0 9 -0.583599 -0.150713 0.049012
1 9 0.060222 -0.150685 0.279732
2 9 0.426391 -0.150099 0.369737
3 9 0.524282 -0.147982 0.316103
4 9 0.384998 -0.143105 0.149988
5 9 0.131702 -0.134282 -0.035539
6 9 -0.115304 -0.120768 -0.179427
7 9 -0.249093 -0.102686 -0.208861
8 9 -0.208417 -0.081302 -0.133189
9 9 -0.068522 -0.058954 -0.006163
10 9 0.127389 -0.038495 0.134467
11 9 0.267508 -0.022306 0.193751
12 9 0.257790 -0.011353 0.154791
13 9 0.158348 -0.005048 0.070092
14 9 0.003948 -0.001959 -0.049770
15 9 -0.176758 -0.000664 -0.156069
16 9 -0.261248 -0.000197 -0.158058
17 9 -0.187745 -0.000052 -0.051837
18 9 -0.054957 -0.000012 0.075708
19 9 0.012858 -0.000002 0.150716

0 10 -0.596451 -0.199697 0.048984
1 10 0.042712 -0.282520 0.279145
2 10 0.400066 -0.283037 0.367620
3 10 0.486029 -0.245678 0.311226
4 10 0.333356 -0.193862 0.141164
5 10 0.067435 -0.142985 -0.049053
6 10 -0.188867 -0.102144 -0.197510
7 10 -0.326215 -0.074615 -0.230244
8 10 -0.281898 -0.058426 -0.155537
9 10 -0.131394 -0.048760 -0.026623
10 10 0.079804 -0.042661 0.118278
11 10 0.236097 -0.035582 0.182798
12 10 0.239877 -0.024723 0.148487
13 10 0.149555 -0.013004 0.067003
14 10 0.000230 -0.002443 -0.051065
15 10 -0.178117 0.006220 -0.156536
16 10 -0.261679 0.009954 -0.158204
17 10 -0.187864 0.007534 -0.051877
18 10 -0.054986 0.002710 0.075698
19 10 0.012852 -0.000031 0.150713

0 11 0.029860 -0.354843 0.131806
1 11 0.282193 -0.358697 0.279663
2 11 0.451339 -0.319507 0.330262
3 11 0.436890 -0.248512 0.259409
4 11 0.235355 -0.167324 0.090287
5 11 -0.044659 -0.099255 -0.089894
6 11 -0.292748 -0.057194 -0.225039
7 11 -0.411182 -0.042180 -0.246433
8 11 -0.345960 -0.049874 -0.165203
9 11 -0.174862 -0.063148 -0.032722
10 11 0.051024 -0.070348 0.111200
11 11 0.211904 -0.065735 0.171940
12 11 0.218175 -0.048227 0.136767
13 11 0.131803 -0.025883 0.056442
14 11 -0.014634 -0.004465 -0.059728
15 11 -0.187624 0.012895 -0.160270
16 11 -0.261645 0.019677 -0.155784
17 11 -0.180348 0.014171 -0.047052
18 11 -0.046655 0.004470 0.078438
19 11 0.017504 -0.000596 0.150682

0 12 0.455052 -0.315744 0.135660
1 12 0.524290 -0.285366 0.240472
2 12 0.529011 -0.217577 0.259267
3 12 0.407956 -0.127073 0.178221
4 12 0.156624 -0.039295 0.022219
5 12 -0.124746 0.019785 -0.131956
6 12 -0.354297 0.038302 -0.240053
7 12 -0.442501 0.015805 -0.238739
8 12 -0.359003 -0.030431 -0.151929
9 12 -0.189391 -0.075826 -0.025523
10 12 0.029469 -0.107185 0.106588
11 12 0.179613 -0.109815 0.154431
12 12 0.180322 -0.082488 0.114424
13 12 0.096405 -0.044359 0.035023
14 12 -0.045338 -0.008391 -0.077088
15 12 -0.206396 0.018946 -0.167052
16 12 -0.260603 0.028119 -0.150278
17 12 -0.164915 0.018718 -0.037351
18 12 -0.030394 0.004339 0.083505
19 12 0.026296 -0.002156 0.150087

0 13 0.673893 -0.153022 0.105282
1 13 0.655372 -0.108649 0.172683
2 13 0.565576 -0.026528 0.168763
3 13 0.387312 0.070003 0.090443
4 13 0.129504 0.154072 -0.036861
5 13 -0.123280 0.197035 -0.150473
6 13 -0.310256 0.185726 -0.217555
7 13 -0.367708 0.125349 -0.192503
8 13 -0.287547 0.031340 -0.106534
9 13 -0.139329 -0.062962 0.005836
10 13 0.041815 -0.128930 0.109218
11 13 0.142053 -0.146011 0.127103
12 13 0.116235 -0.116994 0.076295
13 13 0.033479 -0.067443 -0.000944
14 13 -0.097325 -0.016277 -0.104425
15 13 -0.235400 0.022181 -0.176226
16 13 -0.257542 0.033258 -0.140877
17 13 -0.141370 0.019569 -0.022972
18 13 -0.007295 0.001415 0.089999
19 13 0.038134 -0.005023 0.147931

0 14 0.595035 0.015372 0.060909
1 14 0.548211 0.060693 0.090563
2 14 0.437626 0.139718 0.072232
3 14 0.276533 0.227578 0.006374
4 14 0.076948 0.298791 -0.079824
5 14 -0.081107 0.323712 -0.139164
6 14 -0.179745 0.298094 -0.157178
7 14 -0.169478 0.218315 -0.098494
8 14 -0.074259 0.107352 -0.012233
9 14 0.024811 -0.001072 0.071804
10 14 0.116350 -0.093341 0.126299
11 14 0.121734 -0.140802 0.098087
12 14 0.040581 -0.131257 0.026744
13 14 -0.055447 -0.085577 -0.052110
14 14 -0.174655 -0.026645 -0.142884
15 14 -0.276209 0.019881 -0.187303
16 14 -0.252024 0.031664 -0.127188
17 14 -0.110513 0.014492 -0.004818
18 14 0.020399 -0.005115 0.096438
19 14 0.051211 -0.009290 0.142908

0 15 0.245552 0.100117 0.015588
1 15 0.205874 0.134814 0.011537
2 15 0.130285 0.193218 -0.015628
3 15 0.036716 0.256045 -0.064838
4 15 -0.049224 0.301854 -0.104745
5 15 -0.078122 0.314148 -0.113546
6 15 -0.050842 0.287601 -0.077400
7 15 0.059417 0.225390 0.012470
8 15 0.177818 0.145133 0.096191
9 15 0.258693 0.056933 0.164073
10 15 0.284319 -0.024830 0.173760
11 15 0.172668 -0.074860 0.088541
12 15 -0.006786 -0.090577 -0.018936
13 15 -0.150851 -0.074976 -0.111042
14 15 -0.270493 -0.030999 -0.189410
15 15 -0.326534 0.011193 -0.199085
16 15 -0.244326 0.019806 -0.110016
17 15 -0.075405 0.001147 0.014789
18 15 0.048636 -0.015826 0.100613
19 15 0.062908 -0.014808 0.133618

0 16 -0.189097 0.130507 -0.019109
1 16 -0.208268 0.147425 -0.046866
2 16 -0.237684 0.174358 -0.078456
3 16 -0.254671 0.196922 -0.110647
4 16 -0.239074 0.206400 -0.117040
5 16 -0.154303 0.190543 -0.086998
6 16 -0.015327 0.157635 -0.015189
7 16 0.181633 0.112323 0.092728
8 16 0.360554 0.069239 0.184391
9 16 0.471000 0.042628 0.245836
10 16 0.461158 0.033014 0.223790
11 16 0.273245 0.027363 0.104259
12 16 0.015607 0.004840 -0.034537
13 16 -0.202335 -0.017641 -0.155019
14 16 -0.354165 -0.012573 -0.231602
15 16 -0.373954 0.002101 -0.207699
16 16 -0.233985 -0.002888 -0.091357
17 16 -0.041740 -0.021577 0.031762
18 16 0.071275 -0.030671 0.099595
19 16 0.069846 -0.021172 0.118810

0 17 -0.475770 0.081757 -0.036027
1 17 -0.474656 0.081978 -0.073799
2 17 -0.458075 0.076173 -0.101020
3 17 -0.417351 0.065122 -0.120124
4 17 -0.328821 0.040352 -0.101183
5 17 -0.178503 0.008591 -0.054090
6 17 0.004352 -0.019311 0.030123
7 17 0.231699 -0.044430 0.135812
8 17 0.404616 -0.033717 0.211002
9 17 0.501086 -0.006007 0.255450
10 17 0.498722 0.033889 0.229442
11 17 0.345327 0.088773 0.126782
12 17 0.097386 0.108183 -0.012057
13 17 -0.175700 0.079326 -0.160087
14 17 -0.379616 0.038880 -0.246276
15 17 -0.388772 0.002126 -0.202710
16 17 -0.214790 -0.031398 -0.072668
17 17 -0.016164 -0.051085 0.040856
18 17 0.080831 -0.048142 0.090096
19 17 0.068329 -0.027688 0.097638

0 18 -0.521775 -0.027261 -0.036247
1 18 -0.508567 -0.040038 -0.067994
2 18 -0.468051 -0.067133 -0.089969
3 18 -0.406384 -0.100353 -0.095354
4 18 -0.288945 -0.141667 -0.069422
5 18 -0.149016 -0.169865 -0.026188
6 18 0.033368 -0.184091 0.055242
7 18 0.212211 -0.170618 0.125100
8 18 0.334497 -0.118890 0.183292
9 18 0.424900 -0.058471 0.215553
10 18 0.400442 0.020361 0.174557
11 18 0.285117 0.113274 0.107372
12 18 0.135088 0.171773 0.016801
13 18 -0.095019 0.167166 -0.119641
14 18 -0.311580 0.104560 -0.209522
15 18 -0.333621 0.014868 -0.169186
16 18 -0.174105 -0.055813 -0.052980
17 18 -0.002602 -0.079784 0.037913
18 18 0.071273 -0.064632 0.069641
19 18 0.055567 -0.033301 0.069950

0 19 -0.367491 -0.091656 -0.023471
1 19 -0.355305 -0.115126 -0.040898
2 19 -0.327005 -0.156024 -0.056749
3 19 -0.280402 -0.212774 -0.054041
4 19 -0.197629 -0.266814 -0.041225
5 19 -0.109009 -0.308039 -0.011962
6 19 0.029422 -0.320001 0.041769
7 19 0.132065 -0.278232 0.073373
8 19 0.225500 -0.204860 0.122872
9 19 0.292258 -0.081987 0.136721
10 19 0.213531 0.054734 0.081644
11 19 0.122586 0.136378 0.048873
12 19 0.085717 0.185251 0.021408
13 19 -0.023694 0.206659 -0.057034
14 19 -0.168333 0.149625 -0.119831
15 19 -0.195034 0.029794 -0.098505
16 19 -0.100707 -0.068711 -0.029009
17 19 0.000980 -0.097720 0.022760
18 19 0.041999 -0.074959 0.038311
19 19 0.031461 -0.036648 0.036648

