#:x y Ey Bx Bz
0 0 0.000000 0.000000 0.000000
1 0 0.000000 0.000000 0.000000
2 0 0.000000 0.000000 0.000000
3 0 0.000000 0.000000 0.000000
4 0 0.000000 0.000000 0.000000
5 0 0.000000 0.000000 0.000000
6 0 0.000000 0.000000 0.000000
7 0 0.000000 0.000000 0.000000
8 0 0.000000 0.000000 0.000000
9 0 0.000000 0.000000 0.000000
10 0 0.000000 0.000000 0.000000
11 0 0.000000 0.000000 0.000000
12 0 0.000000 0.000000 0.000000
13 0 0.000000 0.000000 0.000000
14 0 0.000000 0.000000 0.000000
15 0 0.000000 0.000000 0.000000
16 0 0.000000 0.000000 0.000000
17 0 0.000000 0.000000 0.000000
18 0 0.000000 0.000000 0.000000
19 0 0.000000 0.000000 0.000000
20 0 0.000000 0.000000 0.000000
21 0 0.000000 0.000000 0.000000
22 0 0.000000 0.000000 0.000000
23 0 0.000000 0.000000 0.000000
24 0 0.000000 0.000000 0.000000
25 0 0.000000 0.000000 0.000000
26 0 0.000000 0.000000 0.000000
27 0 0.000000 0.000000 0.000000
28 0 0.000000 0.000000 0.000000
29 0 0.000000 0.000000 0.000000
30 0 0.000000 0.000000 0.000000
31 0 0.000000 0.000000 0.000000
32 0 0.000000 0.000000 0.000000
33 0 0.000000 0.000000 0.000000
34 0 0.000000 0.000000 0.000000
35 0 0.000000 0.000000 0.000000
36 0 0.000000 0.000000 0.000000
37 0 0.000000 0.000000 0.000000
38 0 0.000000 0.000000 0.000000
39 0 0.000000 0.000000 0.000000
40 0 0.000000 0.000000 0.000000
41 0 0.000000 0.000000 0.000000
42 0 0.000000 0.000000 0.000000
43 0 0.000000 0.000000 0.000000
44 0 0.000000 0.000000 0.000000
45 0 0.000000 0.000000 0.000000
46 0 0.000000 0.000000 0.000000
47 0 0.000000 0.000000 0.000000
48 0 0.000000 0.000000 0.000000
49 0 0.000000 0.000000 0.000000

0 1 0.000000 0.000000 0.000000
1 1 0.002908 -0.001777 0.001777
2 1 0.005414 -0.003718 0.001941
3 1 0.007054 -0.005936 0.002217
4 1 0.007208 -0.008434 0.002498
5 1 0.005187 -0.011025 0.002591
6 1 0.000272 -0.013276 0.002251
7 1 -0.007930 -0.014421 0.001145
8 1 -0.019035 -0.013478 -0.000943
9 1 -0.031423 -0.009408 -0.004070
10 1 -0.041592 -0.001682 -0.007726
11 1 -0.044841 0.009056 -0.010738
12 1 -0.036253 0.020396 -0.011341
13 1 -0.013886 0.027994 -0.007598
14 1 0.017564 0.027146 0.000848
15 1 0.046437 0.015442 0.011704
16 1 0.056894 -0.004272 0.019714
17 1 0.039325 -0.022723 0.018451
18 1 0.003145 -0.029392 0.006669
19 1 -0.027746 -0.021344 -0.008048
20 1 -0.036270 -0.005562 -0.015782
21 1 -0.024873 0.007933 -0.013495
22 1 -0.007646 0.013821 -0.005888
23 1 0.004169 0.012984 0.000837
24 1 0.008030 0.009098 0.003885
25 1 0.006893 0.005190 0.003908
26 1 0.004307 0.002509 0.002682
27 1 0.002181 0.001052 0.001457
28 1 0.000936 0.000388 0.000663
29 1 0.000349 0.000128 0.000261
30 1 0.000115 0.000038 0.000090
31 1 0.000034 0.000010 0.000028
32 1 0.000009 0.000002 0.000008
33 1 0.000002 0.000001 0.000002
34 1 0.000000 0.000000 0.000000
35 1 0.000000 0.000000 0.000000
36 1 0.000000 0.000000 0.000000
37 1 0.000000 0.000000 0.000000
38 1 0.000000 0.000000 0.000000
39 1 0.000000 0.000000 0.000000
40 1 0.000000 0.000000 0.000000
41 1 0.000000 0.000000 0.000000
42 1 0.000000 0.000000 0.000000
43 1 0.000000 0.000000 0.000000
44 1 0.000000 0.000000 0.000000
45 1 0.000000 0.000000 0.000000
46 1 0.000000 0.000000 0.000000
47 1 0.000000 0.000000 0.000000
48 1 0.000000 0.000000 0.000000
49 1 0.000000 0.000000 0.000000

0 2 0.000000 0.000000 0.000000
1 2 0.001634 0.001643 -0.000447
2 2 0.003471 0.003398 -0.000315
3 2 0.005625 0.005326 -0.000039
4 2 0.008169 0.007367 0.000427
5 2 0.010816 0.009287 0.001075
6 2 0.013140 0.010632 0.001888
7 2 0.014001 0.010712 0.002706
8 2 0.012166 0.008823 0.003167
9 2 0.006048 0.004398 0.002833
10 2 -0.005120 -0.002246 0.000952
11 2 -0.019876 -0.009712 -0.002623
12 2 -0.034271 -0.015227 -0.007543
13 2 -0.040082 -0.015423 -0.011876
14 2 -0.029380 -0.008829 -0.012036
15 2 -0.000376 0.002562 -0.005461
16 2 0.038274 0.012276 0.007909
17 2 0.062849 0.012236 0.022006
18 2 0.049827 0.001546 0.024594
19 2 0.005114 -0.010390 0.010066
20 2 -0.037013 -0.013441 -0.011026
21 2 -0.048930 -0.006718 -0.022497
22 2 -0.032593 0.002889 -0.018940
23 2 -0.008249 0.008873 -0.007511
24 2 0.007923 0.009682 0.002304
25 2 0.012605 0.007368 0.006449
26 2 0.010352 0.004441 0.006126
27 2 0.006320 0.002235 0.004089
28 2 0.003149 0.000966 0.002181
29 2 0.001335 0.000366 0.000978
30 2 0.000493 0.000123 0.000380
31 2 0.000161 0.000037 0.000130
32 2 0.000047 0.000010 0.000039
33 2 0.000012 0.000002 0.000011
34 2 0.000003 0.000001 0.000003
35 2 0.000001 0.000000 0.000001
36 2 0.000000 0.000000 0.000000
37 2 0.000000 0.000000 0.000000
38 2 0.000000 0.000000 0.000000
39 2 0.000000 0.000000 0.000000
40 2 0.000000 0.000000 0.000000
41 2 0.000000 0.000000 0.000000
42 2 0.000000 0.000000 0.000000
43 2 0.000000 0.000000 0.000000
44 2 0.000000 0.000000 0.000000
45 2 0.000000 0.000000 0.000000
46 2 0.000000 0.000000 0.000000
47 2 0.000000 0.000000 0.000000
48 2 0.000000 0.000000 0.000000
49 2 0.000000 0.000000 0.000000

0 3 0.000000 0.000000 0.000000
1 3 -0.004810 -0.000244 -0.000530
2 3 -0.009557 -0.000063 -0.000863
3 3 -0.014059 0.000939 -0.001472
4 3 -0.017792 0.003228 -0.002371
5 3 -0.019825 0.007057 -0.003283
6 3 -0.018953 0.012563 -0.004082
7 3 -0.013397 0.019183 -0.004086
8 3 -0.002552 0.025634 -0.002917
9 3 0.013946 0.029617 0.000074
10 3 0.032339 0.027911 0.004891
11 3 0.046800 0.018132 0.010107
12 3 0.049010 -0.000398 0.013866
13 3 0.031076 -0.023210 0.012098
14 3 -0.002820 -0.040624 0.003237
15 3 -0.038369 -0.042265 -0.009621
16 3 -0.052132 -0.022249 -0.019837
17 3 -0.023349 0.010585 -0.015744
18 3 0.029277 0.032449 0.005335
19 3 0.053260 0.027566 0.023892
20 3 0.025312 0.005674 0.019292
21 3 -0.022066 -0.011338 -0.003102
22 3 -0.045337 -0.012879 -0.020667
23 3 -0.034852 -0.004428 -0.020830
24 3 -0.010299 0.003984 -0.009342
25 3 0.007999 0.007444 0.002053
26 3 0.013963 0.006707 0.007313
27 3 0.011798 0.004399 0.007203
28 3 0.007311 0.002328 0.004887
29 3 0.003675 0.001040 0.002629
30 3 0.001567 0.000403 0.001185
31 3 0.000581 0.000137 0.000461
32 3 0.000190 0.000042 0.000158
33 3 0.000056 0.000011 0.000048
34 3 0.000015 0.000003 0.000013
35 3 0.000004 0.000001 0.000003
36 3 0.000001 0.000000 0.000001
37 3 0.000000 0.000000 0.000000
38 3 0.000000 0.000000 0.000000
39 3 0.000000 0.000000 0.000000
40 3 0.000000 0.000000 0.000000
41 3 0.000000 0.000000 0.000000
42 3 0.000000 0.000000 0.000000
43 3 0.000000 0.000000 0.000000
44 3 0.000000 0.000000 0.000000
45 3 0.000000 0.000000 0.000000
46 3 0.000000 0.000000 0.000000
47 3 0.000000 0.000000 0.000000
48 3 0.000000 0.000000 0.000000
49 3 0.000000 0.000000 0.000000

0 4 0.000000 0.000000 0.000000
1 4 -0.000009 -0.001341 0.001773
2 4 -0.000728 -0.002985 0.001730
3 4 -0.002524 -0.005125 0.001568
4 4 -0.006455 -0.007894 0.001145
5 4 -0.012376 -0.010940 0.000169
6 4 -0.020847 -0.013816 -0.001380
7 4 -0.030246 -0.015027 -0.003986
8 4 -0.038010 -0.013403 -0.006710
9 4 -0.040331 -0.007093 -0.009536
10 4 -0.030160 0.003871 -0.009751
11 4 -0.006548 0.017027 -0.005941
12 4 0.030636 0.027448 0.003003
13 4 0.067576 0.026354 0.016779
14 4 0.079935 0.009936 0.026434
15 4 0.054813 -0.017227 0.024651
16 4 -0.009813 -0.041124 0.006813
17 4 -0.078471 -0.038755 -0.023870
18 4 -0.082492 -0.004316 -0.039630
19 4 -0.012834 0.032317 -0.017537
20 4 0.051833 0.037971 0.019228
21 4 0.048064 0.014812 0.029533
22 4 -0.001479 -0.009478 0.008277
23 4 -0.037586 -0.016385 -0.016019
24 4 -0.035887 -0.008971 -0.021667
25 4 -0.013223 0.000892 -0.011470
26 4 0.006461 0.006049 0.000963
27 4 0.013871 0.006325 0.007359
28 4 0.012277 0.004403 0.007707
29 4 0.007773 0.002404 0.005356
30 4 0.003955 0.001094 0.002917
31 4 0.001698 0.000429 0.001324
32 4 0.000633 0.000147 0.000517
33 4 0.000208 0.000045 0.000177
34 4 0.000061 0.000012 0.000054
35 4 0.000016 0.000003 0.000015
36 4 0.000004 0.000001 0.000004
37 4 0.000001 0.000000 0.000001
38 4 0.000000 0.000000 0.000000
39 4 0.000000 0.000000 0.000000
40 4 0.000000 0.000000 0.000000
41 4 0.000000 0.000000 0.000000
42 4 0.000000 0.000000 0.000000
43 4 0.000000 0.000000 0.000000
44 4 0.000000 0.000000 0.000000
45 4 0.000000 0.000000 0.000000
46 4 0.000000 0.000000 0.000000
47 4 0.000000 0.000000 0.000000
48 4 0.000000 0.000000 0.000000
49 4 0.000000 0.000000 0.000000

0 5 0.000000 0.000000 0.000000
1 5 0.003898 0.003680 -0.001905
2 5 0.008495 0.007039 -0.001485
3 5 0.013805 0.009785 -0.000819
4 5 0.020619 0.011109 0.000608
5 5 0.026958 0.010259 0.002202
6 5 0.033139 0.006129 0.004444
7 5 0.033707 -0.002248 0.006271
8 5 0.028325 -0.014138 0.006732
9 5 0.011527 -0.028499 0.005290
10 5 -0.014726 -0.039241 -0.001043
11 5 -0.041224 -0.041274 -0.008631
12 5 -0.059680 -0.028420 -0.017288
13 5 -0.045403 -0.000101 -0.018928
14 5 0.000432 0.029622 -0.005761
15 5 0.054270 0.045133 0.014165
16 5 0.087807 0.031246 0.033625
17 5 0.048593 -0.011223 0.032331
18 5 -0.053858 -0.042290 -0.007759
19 5 -0.105433 -0.025609 -0.048150
20 5 -0.045306 0.016798 -0.036112
21 5 0.042515 0.035840 0.011244
22 5 0.059503 0.019252 0.034774
23 5 0.012608 -0.006171 0.016625
24 5 -0.030877 -0.016289 -0.011889
25 5 -0.035527 -0.010561 -0.021731
26 5 -0.014929 -0.000701 -0.012833
27 5 0.005160 0.005075 0.000101
28 5 0.013375 0.005885 0.007215
29 5 0.012224 0.004248 0.007893
30 5 0.007842 0.002362 0.005567
31 5 0.004016 0.001087 0.003050
32 5 0.001731 0.000429 0.001388
33 5 0.000646 0.000148 0.000543
34 5 0.000213 0.000046 0.000186
35 5 0.000062 0.000013 0.000057
36 5 0.000017 0.000003 0.000016
37 5 0.000004 0.000001 0.000004
38 5 0.000001 0.000000 0.000001
39 5 0.000000 0.000000 0.000000
40 5 0.000000 0.000000 0.000000
41 5 0.000000 0.000000 0.000000
42 5 0.000000 0.000000 0.000000
43 5 0.000000 0.000000 0.000000
44 5 0.000000 0.000000 0.000000
45 5 0.000000 0.000000 0.000000
46 5 0.000000 0.000000 0.000000
47 5 0.000000 0.000000 0.000000
48 5 0.000000 0.000000 0.000000
49 5 0.000000 0.000000 0.000000

0 6 0.000000 0.000000 0.000000
1 6 -0.004799 -0.000307 -0.002377
2 6 -0.008870 0.000090 -0.002802
3 6 -0.012108 0.001366 -0.003158
4 6 -0.012612 0.004721 -0.004110
5 6 -0.009316 0.009432 -0.003777
6 6 -0.001010 0.016372 -0.003731
7 6 0.015587 0.022852 -0.000323
8 6 0.034255 0.027037 0.003624
9 6 0.057754 0.024942 0.010744
10 6 0.066381 0.011748 0.017402
11 6 0.056660 -0.009214 0.017630
12 6 0.020304 -0.035389 0.012579
13 6 -0.041984 -0.049576 -0.007597
14 6 -0.079601 -0.037011 -0.027492
15 6 -0.074506 -0.002987 -0.030626
16 6 -0.019142 0.041017 -0.017086
17 6 0.074102 0.059453 0.021738
18 6 0.093866 0.021324 0.050860
19 6 -0.009420 -0.032883 0.016372
20 6 -0.098650 -0.037823 -0.043197
21 6 -0.060599 0.001497 -0.045641
22 6 0.031712 0.028970 0.003904
23 6 0.059952 0.019856 0.035118
24 6 0.017720 -0.003375 0.020039
25 6 -0.026846 -0.014508 -0.009668
26 6 -0.033795 -0.010257 -0.021203
27 6 -0.014667 -0.001206 -0.012968
28 6 0.004816 0.004409 -0.000042
29 6 0.012901 0.005367 0.007165
30 6 0.011830 0.003935 0.007875
31 6 0.007586 0.002204 0.005547
32 6 0.003878 0.001018 0.003032
33 6 0.001667 0.000402 0.001375
34 6 0.000621 0.000139 0.000536
35 6 0.000204 0.000043 0.000183
36 6 0.000060 0.000012 0.000056
37 6 0.000016 0.000003 0.000015
38 6 0.000004 0.000001 0.000004
39 6 0.000001 0.000000 0.000001
40 6 0.000000 0.000000 0.000000
41 6 0.000000 0.000000 0.000000
42 6 0.000000 0.000000 0.000000
43 6 0.000000 0.000000 0.000000
44 6 0.000000 0.000000 0.000000
45 6 0.000000 0.000000 0.000000
46 6 0.000000 0.000000 0.000000
47 6 0.000000 0.000000 0.000000
48 6 0.000000 0.000000 0.000000
49 6 0.000000 0.000000 0.000000

0 7 0.000000 0.000000 0.000000
1 7 0.000831 -0.004088 0.002671
2 7 -0.000283 -0.008586 0.002510
3 7 -0.001762 -0.013408 0.002312
4 7 -0.008917 -0.018833 0.001417
5 7 -0.016093 -0.022810 -0.000459
6 7 -0.029333 -0.025493 -0.002710
7 7 -0.038930 -0.021517 -0.007618
8 7 -0.042971 -0.012603 -0.009023
9 7 -0.036351 0.005676 -0.012234
10 7 -0.003634 0.026059 -0.004707
11 7 0.030372 0.039569 0.006066
12 7 0.070218 0.039748 0.019671
13 7 0.072765 0.012636 0.031973
14 7 0.014970 -0.021989 0.014655
15 7 -0.045307 -0.040915 -0.012719
16 7 -0.091264 -0.034345 -0.034729
17 7 -0.072830 0.010990 -0.042245
18 7 0.042177 0.055778 0.002119
19 7 0.106417 0.036815 0.055992
20 7 0.017649 -0.020405 0.031869
21 7 -0.084271 -0.037759 -0.035897
22 7 -0.060020 -0.005547 -0.046770
23 7 0.026751 0.022644 0.001279
24 7 0.055121 0.017602 0.033528
25 7 0.015785 -0.002381 0.019228
26 7 -0.025585 -0.012545 -0.009649
27 7 -0.031146 -0.008963 -0.020375
28 7 -0.012665 -0.000960 -0.011942
29 7 0.005431 0.004006 0.000581
30 7 0.012547 0.004820 0.007276
31 7 0.011193 0.003514 0.007702
32 7 0.007070 0.001960 0.005328
33 7 0.003575 0.000901 0.002875
34 7 0.001524 0.000355 0.001291
35 7 0.000564 0.000123 0.000499
36 7 0.000184 0.000038 0.000169
37 7 0.000054 0.000010 0.000051
38 7 0.000014 0.000003 0.000014
39 7 0.000003 0.000001 0.000003
40 7 0.000001 0.000000 0.000001
41 7 0.000000 0.000000 0.000000
42 7 0.000000 0.000000 0.000000
43 7 0.000000 0.000000 0.000000
44 7 0.000000 0.000000 0.000000
45 7 0.000000 0.000000 0.000000
46 7 0.000000 0.000000 0.000000
47 7 0.000000 0.000000 0.000000
48 7 0.000000 0.000000 0.000000
49 7 0.000000 0.000000 0.000000

0 8 0.000000 0.000000 0.000000
1 8 0.006318 0.003314 -0.000809
2 8 0.013642 0.005791 0.000256
3 8 0.020006 0.007673 0.000726
4 8 0.028839 0.006653 0.003867
5 8 0.030851 0.002973 0.004656
6 8 0.034373 -0.005038 0.007949
7 8 0.018982 -0.017696 0.006959
8 8 0.002188 -0.029094 0.003183
9 8 -0.033090 -0.039601 -0.003051
10 8 -0.062118 -0.032554 -0.018298
11 8 -0.061794 -0.013127 -0.020163
12 8 -0.041983 0.018410 -0.019835
13 8 0.030517 0.047740 0.002133
14 8 0.075083 0.039919 0.034035
15 8 0.046870 0.010197 0.029059
16 8 -0.005110 -0.022304 0.006963
17 8 -0.077721 -0.041067 -0.027169
18 8 -0.086190 -0.009321 -0.052628
19 8 0.028808 0.041407 -0.007584
20 8 0.101429 0.035255 0.055774
21 8 0.018784 -0.014073 0.033815
22 8 -0.075621 -0.031845 -0.033848
23 8 -0.049647 -0.005227 -0.042693
24 8 0.028628 0.018588 0.004038
25 8 0.048526 0.013920 0.031763
26 8 0.009503 -0.002938 0.015483
27 8 -0.026147 -0.010879 -0.011321
28 8 -0.027800 -0.007233 -0.019285
29 8 -0.009428 -0.000284 -0.009987
30 8 0.006689 0.003779 0.001790
31 8 0.012239 0.004267 0.007484
32 8 0.010360 0.003035 0.007386
33 8 0.006361 0.001666 0.004943
34 8 0.003155 0.000758 0.002610
35 8 0.001326 0.000296 0.001153
36 8 0.000484 0.000101 0.000440
37 8 0.000157 0.000031 0.000148
38 8 0.000045 0.000008 0.000044
39 8 0.000012 0.000002 0.000012
40 8 0.000003 0.000000 0.000003
41 8 0.000001 0.000000 0.000001
42 8 0.000000 0.000000 0.000000
43 8 0.000000 0.000000 0.000000
44 8 0.000000 0.000000 0.000000
45 8 0.000000 0.000000 0.000000
46 8 0.000000 0.000000 0.000000
47 8 0.000000 0.000000 0.000000
48 8 0.000000 0.000000 0.000000
49 8 0.000000 0.000000 0.000000

0 9 0.000000 0.000000 0.000000
1 9 -0.004765 0.000736 -0.002809
2 9 -0.007315 0.002987 -0.003460
3 9 -0.009846 0.005601 -0.003161
4 9 -0.005909 0.012314 -0.004612
5 9 0.002035 0.018091 -0.001524
6 9 0.015950 0.026928 -0.001592
7 9 0.039244 0.029212 0.007753
8 9 0.048672 0.024971 0.010783
9 9 0.059032 0.009950 0.019026
10 9 0.021656 -0.017799 0.015257
11 9 -0.025619 -0.034068 -0.003958
12 9 -0.072005 -0.038274 -0.019591
13 9 -0.088675 -0.009853 -0.040788
14 9 -0.006985 0.033987 -0.018718
15 9 0.067153 0.041766 0.026922
16 9 0.067589 0.020753 0.038372
17 9 0.013172 -0.013746 0.021852
18 9 -0.079115 -0.038148 -0.026532
19 9 -0.082685 -0.011144 -0.057588
20 9 0.038216 0.033696 -0.003590
21 9 0.093491 0.026902 0.057138
22 9 0.004125 -0.014110 0.026044
23 9 -0.071886 -0.025211 -0.036786
24 9 -0.034132 -0.001446 -0.035382
25 9 0.033898 0.016087 0.010250
26 9 0.040534 0.009813 0.029561
27 9 0.001021 -0.004189 0.009811
28 9 -0.027136 -0.009396 -0.013747
29 9 -0.023673 -0.005356 -0.017702
30 9 -0.005456 0.000551 -0.007340
31 9 0.008184 0.003613 0.003311
32 9 0.011836 0.003713 0.007662
33 9 0.009357 0.002534 0.006921
34 9 0.005528 0.001357 0.004429
35 9 0.002670 0.000606 0.002270
36 9 0.001099 0.000233 0.000981
37 9 0.000395 0.000079 0.000368
38 9 0.000126 0.000024 0.000122
39 9 0.000036 0.000007 0.000036
40 9 0.000009 0.000002 0.000010
41 9 0.000002 0.000000 0.000002
42 9 0.000000 0.000000 0.000001
43 9 0.000000 0.000000 0.000000
44 9 0.000000 0.000000 0.000000
45 9 0.000000 0.000000 0.000000
46 9 0.000000 0.000000 0.000000
47 9 0.000000 0.000000 0.000000
48 9 0.000000 0.000000 0.000000
49 9 0.000000 0.000000 0.000000

0 10 0.000000 0.000000 0.000000
1 10 -0.002705 -0.004741 0.002885
2 10 -0.009026 -0.009720 0.002029
3 10 -0.013526 -0.013819 0.001445
4 10 -0.027623 -0.017700 -0.001519
5 10 -0.034440 -0.016037 -0.004776
6 10 -0.047898 -0.011812 -0.008599
7 10 -0.041522 0.004928 -0.013646
8 10 -0.021014 0.021840 -0.008014
9 10 0.017165 0.041853 -0.003059
10 10 0.070867 0.043608 0.020977
11 10 0.071659 0.018781 0.030324
12 10 0.036078 -0.014852 0.023319
13 10 -0.052560 -0.046760 -0.005546
14 10 -0.112716 -0.031430 -0.050385
15 10 -0.047261 0.019239 -0.038575
16 10 0.054904 0.043821 0.013703
17 10 0.095417 0.026853 0.049703
18 10 0.023475 -0.016073 0.034853
19 10 -0.092884 -0.038258 -0.034689
20 10 -0.072921 -0.005613 -0.060415
21 10 0.055905 0.031530 0.008939
22 10 0.080709 0.017787 0.057660
23 10 -0.016546 -0.016099 0.012302
24 10 -0.066521 -0.018702 -0.040329
25 10 -0.015559 0.002928 -0.024985
26 10 0.038503 0.013827 0.017335
27 10 0.030443 0.005729 0.025811
28 10 -0.008000 -0.005385 0.002999
29 10 -0.027255 -0.007863 -0.015918
30 10 -0.018671 -0.003494 -0.015351
31 10 -0.001221 0.001336 -0.004247
32 10 0.009533 0.003414 0.004853
33 10 0.011214 0.003152 0.007678
34 10 0.008212 0.002044 0.006303
35 10 0.004633 0.001058 0.003827
36 10 0.002165 0.000461 0.001892
37 10 0.000869 0.000174 0.000795
38 10 0.000306 0.000058 0.000292
39 10 0.000096 0.000017 0.000095
40 10 0.000027 0.000005 0.000028
41 10 0.000007 0.000001 0.000007
42 10 0.000002 0.000000 0.000002
43 10 0.000000 0.000000 0.000000
44 10 0.000000 0.000000 0.000000
45 10 0.000000 0.000000 0.000000
46 10 0.000000 0.000000 0.000000
47 10 0.000000 0.000000 0.000000
48 10 0.000000 0.000000 0.000000
49 10 0.000000 0.000000 0.000000

0 11 0.000000 0.000000 0.000000
1 11 0.007981 0.002683 0.000743
2 11 0.016021 0.003743 0.002233
3 11 0.021862 0.003150 0.002938
4 11 0.025982 -0.002249 0.006698
5 11 0.018210 -0.011550 0.005889
6 11 0.004136 -0.024114 0.006656
7 11 -0.032743 -0.036465 -0.002570
8 11 -0.063320 -0.034793 -0.013788
9 11 -0.085838 -0.019131 -0.026357
10 11 -0.054775 0.019424 -0.028319
11 11 0.022387 0.050328 -0.000738
12 11 0.088695 0.049938 0.030825
13 11 0.089783 0.013296 0.048823
14 11 -0.010842 -0.038932 0.013875
15 11 -0.101096 -0.046293 -0.044306
16 11 -0.077680 -0.001260 -0.051762
17 11 0.036116 0.041463 -0.001123
18 11 0.108638 0.032115 0.058589
19 11 0.017706 -0.017724 0.038421
20 11 -0.101532 -0.035590 -0.046541
21 11 -0.048165 0.001476 -0.053893
22 11 0.071643 0.028392 0.025784
23 11 0.057563 0.008428 0.051716
24 11 -0.037052 -0.016928 -0.004978
25 11 -0.054846 -0.011862 -0.040243
26 11 0.003937 0.006458 -0.011798
27 11 0.039335 0.011026 0.022855
28 11 0.018185 0.001965 0.019749
29 11 -0.016018 -0.006058 -0.004043
30 11 -0.025608 -0.006162 -0.016965
31 11 -0.012923 -0.001777 -0.012122
32 11 0.002809 0.001935 -0.001009
33 11 0.010434 0.003128 0.006149
34 11 0.010305 0.002592 0.007439
35 11 0.006971 0.001586 0.005550
36 11 0.003738 0.000789 0.003182
37 11 0.001682 0.000334 0.001510
38 11 0.000656 0.000123 0.000615
39 11 0.000225 0.000040 0.000220
40 11 0.000069 0.000012 0.000070
41 11 0.000019 0.000003 0.000020
42 11 0.000005 0.000001 0.000005
43 11 0.000001 0.000000 0.000001
44 11 0.000000 0.000000 0.000000
45 11 0.000000 0.000000 0.000000
46 11 0.000000 0.000000 0.000000
47 11 0.000000 0.000000 0.000000
48 11 0.000000 0.000000 0.000000
49 11 0.000000 0.000000 0.000000

0 12 0.000000 0.000000 0.000000
1 12 -0.003048 0.004758 -0.005611
2 12 -0.003134 0.010928 -0.005544
3 12 0.000641 0.018034 -0.005337
4 12 0.013647 0.027063 -0.003155
5 12 0.032641 0.033005 0.001502
6 12 0.057524 0.032764 0.009711
7 12 0.069271 0.018238 0.019333
8 12 0.052842 -0.010543 0.021108
9 12 -0.006461 -0.041213 0.008817
10 12 -0.079302 -0.052430 -0.023316
11 12 -0.102682 -0.024252 -0.044348
12 12 -0.041386 0.025985 -0.032674
13 12 0.071703 0.053616 0.020975
14 12 0.095346 0.029502 0.058113
15 12 0.007356 -0.019279 0.022526
16 12 -0.079851 -0.040158 -0.035567
17 12 -0.073008 -0.010195 -0.053844
18 12 0.044142 0.033242 0.000647
19 12 0.100525 0.025212 0.064638
20 12 -0.015655 -0.020150 0.022669
21 12 -0.098973 -0.026095 -0.058621
22 12 -0.008176 0.009595 -0.033868
23 12 0.078138 0.022208 0.041919
24 12 0.025178 -0.000593 0.036746
25 12 -0.051004 -0.015481 -0.021797
26 12 -0.035942 -0.005044 -0.033992
27 12 0.020838 0.008364 0.002367
28 12 0.034611 0.007597 0.024746
29 12 0.004845 -0.001126 0.011520
30 12 -0.021579 -0.005993 -0.010180
31 12 -0.021843 -0.004335 -0.016317
32 12 -0.006838 -0.000326 -0.008164
33 12 0.006197 0.002275 0.002023
34 12 0.010707 0.002744 0.006996
35 12 0.009116 0.002050 0.006910
36 12 0.005699 0.001179 0.004700
37 12 0.002895 0.000561 0.002538
38 12 0.001251 0.000230 0.001152
39 12 0.000472 0.000083 0.000453
40 12 0.000158 0.000026 0.000157
41 12 0.000047 0.000008 0.000049
42 12 0.000013 0.000002 0.000014
43 12 0.000003 0.000000 0.000004
44 12 0.000001 0.000000 0.000001
45 12 0.000000 0.000000 0.000000
46 12 0.000000 0.000000 0.000000
47 12 0.000000 0.000000 0.000000
48 12 0.000000 0.000000 0.000000
49 12 0.000000 0.000000 0.000000

0 13 0.000000 0.000000 0.000000
1 13 -0.009303 -0.006594 0.001592
2 13 -0.019235 -0.012363 0.000242
3 13 -0.034320 -0.015786 -0.002669
4 13 -0.046247 -0.013737 -0.007805
5 13 -0.055796 -0.003373 -0.012661
6 13 -0.042029 0.017988 -0.016626
7 13 -0.001783 0.042054 -0.007082
8 13 0.057929 0.055995 0.010452
9 13 0.101088 0.037910 0.038763
10 13 0.058290 -0.006875 0.036038
11 13 -0.032323 -0.045547 -0.001000
12 13 -0.110081 -0.042788 -0.047692
13 13 -0.060789 0.007907 -0.052338
14 13 0.072291 0.042249 0.019043
15 13 0.091052 0.021135 0.061238
16 13 -0.005907 -0.017531 0.020540
17 13 -0.092309 -0.029394 -0.043350
18 13 -0.051101 0.000415 -0.052591
19 13 0.079254 0.030350 0.023426
20 13 0.076400 0.010203 0.066051
21 13 -0.059138 -0.023736 -0.008018
22 13 -0.078464 -0.013385 -0.062378
23 13 0.033755 0.015637 -0.004366
24 13 0.067700 0.013738 0.049237
25 13 -0.009377 -0.007261 0.014439
26 13 -0.052506 -0.011648 -0.032617
27 13 -0.012423 0.000735 -0.021371
28 13 0.031208 0.008293 0.014433
29 13 0.024295 0.003922 0.021845
30 13 -0.007600 -0.003209 0.002236
31 13 -0.023620 -0.005199 -0.014275
32 13 -0.016210 -0.002537 -0.013827
33 13 -0.001025 0.000757 -0.003878
34 13 0.008599 0.002342 0.004509
35 13 0.010304 0.002286 0.007284
36 13 0.007720 0.001550 0.006120
37 13 0.004469 0.000837 0.003812
38 13 0.002148 0.000380 0.001937
39 13 0.000888 0.000150 0.000839
40 13 0.000323 0.000052 0.000318
41 13 0.000105 0.000016 0.000107
42 13 0.000031 0.000005 0.000032
43 13 0.000008 0.000001 0.000009
44 13 0.000002 0.000000 0.000002
45 13 0.000000 0.000000 0.000001
46 13 0.000000 0.000000 0.000000
47 13 0.000000 0.000000 0.000000
48 13 0.000000 0.000000 0.000000
49 13 0.000000 0.000000 0.000000

0 14 0.000000 0.000000 0.000000
1 14 0.011388 0.000695 0.002758
2 14 0.020006 -0.000842 0.003766
3 14 0.025000 -0.007752 0.007257
4 14 0.014620 -0.020091 0.006919
5 14 -0.008622 -0.035999 0.005157
6 14 -0.056850 -0.046049 -0.009330
7 14 -0.088153 -0.034250 -0.026930
8 14 -0.081483 0.000621 -0.036362
9 14 0.004685 0.045962 -0.015209
10 14 0.097920 0.053666 0.036893
11 14 0.094479 0.015323 0.055466
12 14 -0.011590 -0.035152 0.018336
13 14 -0.119135 -0.043496 -0.053853
14 14 -0.062707 0.007168 -0.058237
15 14 0.075608 0.042383 0.022270
16 14 0.096849 0.016928 0.065388
17 14 -0.019819 -0.025529 0.016387
18 14 -0.108292 -0.026639 -0.059723
19 14 -0.015464 0.012426 -0.041709
20 14 0.102811 0.027494 0.051554
21 14 0.029654 -0.003522 0.050105
22 14 -0.085890 -0.022178 -0.039857
23 14 -0.036145 -0.001082 -0.047906
24 14 0.061467 0.016265 0.025101
25 14 0.038956 0.004559 0.041560
26 14 -0.036189 -0.010006 -0.009425
27 14 -0.039753 -0.006261 -0.033133
28 14 0.010234 0.004485 -0.005038
29 14 0.032425 0.006469 0.021243
30 14 0.010307 0.000614 0.014469
31 14 -0.016926 -0.004119 -0.006338
32 14 -0.021825 -0.003876 -0.015552
33 14 -0.009479 -0.000963 -0.009828
34 14 0.003875 0.001424 0.000197
35 14 0.009839 0.002173 0.006194
36 14 0.009309 0.001799 0.007010
37 14 0.006233 0.001114 0.005148
38 14 0.003349 0.000564 0.002951
39 14 0.001522 0.000244 0.001411
40 14 0.000602 0.000093 0.000583
41 14 0.000211 0.000031 0.000212
42 14 0.000066 0.000009 0.000069
43 14 0.000019 0.000003 0.000020
44 14 0.000005 0.000001 0.000005
45 14 0.000001 0.000000 0.000001
46 14 0.000000 0.000000 0.000000
47 14 0.000000 0.000000 0.000000
48 14 0.000000 0.000000 0.000000
49 14 0.000000 0.000000 0.000000

0 15 0.000000 0.000000 0.000000
1 15 0.001551 0.009409 -0.008928
2 15 0.007417 0.019398 -0.007947
3 15 0.024085 0.030256 -0.004599
4 15 0.049211 0.035797 0.003454
5 15 0.076475 0.029460 0.016143
6 15 0.074245 0.001912 0.027863
7 15 0.017445 -0.037162 0.018404
8 15 -0.077543 -0.057692 -0.017166
9 15 -0.122827 -0.032947 -0.057188
10 15 -0.043792 0.025911 -0.040611
11 15 0.086389 0.055848 0.026218
12 15 0.115050 0.024323 0.071074
13 15 -0.013840 -0.029507 0.021486
14 15 -0.108222 -0.038721 -0.060309
15 15 -0.038674 0.002994 -0.047108
16 15 0.074474 0.033887 0.030246
17 15 0.072490 0.012819 0.060788
18 15 -0.053765 -0.024302 -0.004907
19 15 -0.090681 -0.016341 -0.068236
20 15 0.042577 0.018656 -0.007097
21 15 0.090522 0.016239 0.067154
22 15 -0.031229 -0.012899 0.012390
23 15 -0.079406 -0.013766 -0.056988
24 15 0.015337 0.007935 -0.016122
25 15 0.063106 0.011560 0.042437
26 15 0.001084 -0.002911 0.020075
27 15 -0.046335 -0.008770 -0.026562
28 15 -0.016822 -0.000929 -0.022877
29 15 0.025675 0.005736 0.010140
30 15 0.024541 0.003644 0.020985
31 15 -0.004003 -0.001753 0.004506
32 15 -0.021469 -0.003943 -0.012382
33 15 -0.016773 -0.002345 -0.013896
34 15 -0.002718 0.000224 -0.005042
35 15 0.007365 0.001693 0.003532
36 15 0.009944 0.001840 0.006969
37 15 0.007899 0.001331 0.006273
38 15 0.004783 0.000757 0.004101
39 15 0.002392 0.000360 0.002173
40 15 0.001028 0.000148 0.000978
41 15 0.000388 0.000054 0.000385
42 15 0.000131 0.000018 0.000134
43 15 0.000040 0.000005 0.000042
44 15 0.000011 0.000001 0.000012
45 15 0.000003 0.000000 0.000003
46 15 0.000001 0.000000 0.000001
47 15 0.000000 0.000000 0.000000
48 15 0.000000 0.000000 0.000000
49 15 0.000000 0.000000 0.000000

0 16 0.000000 0.000000 0.000000
1 16 -0.016763 -0.007301 -0.001938
2 16 -0.036182 -0.011362 -0.005059
3 16 -0.051866 -0.007442 -0.011853
4 16 -0.056099 0.009638 -0.018651
5 16 -0.020504 0.039154 -0.018826
6 16 0.054479 0.061955 0.005509
7 16 0.120962 0.050650 0.041069
8 16 0.093776 -0.003267 0.055748
9 16 -0.041640 -0.053068 0.001670
10 16 -0.124273 -0.047015 -0.062471
11 16 -0.060511 0.008249 -0.055083
12 16 0.088090 0.046030 0.027562
13 16 0.095957 0.016854 0.076439
14 16 -0.052716 -0.025165 0.000587
15 16 -0.097373 -0.018687 -0.067496
16 16 0.010857 0.012843 -0.023913
17 16 0.097474 0.021042 0.052986
18 16 0.023695 -0.004603 0.045990
19 16 -0.098121 -0.021404 -0.044052
20 16 -0.038826 0.000935 -0.056087
21 16 0.090129 0.019765 0.038734
22 16 0.039987 0.001728 0.054777
23 16 -0.073868 -0.015243 -0.030381
24 16 -0.038909 -0.002916 -0.047398
25 16 0.052176 0.010944 0.019023
26 16 0.037765 0.004314 0.039110
27 16 -0.030371 -0.006555 -0.006209
28 16 -0.036952 -0.004931 -0.030403
29 16 0.007624 0.002759 -0.006050
30 16 0.029623 0.004790 0.019181
31 16 0.010595 0.000803 0.014202
32 16 -0.015043 -0.002884 -0.005202
33 16 -0.020772 -0.003007 -0.014712
34 16 -0.009791 -0.000933 -0.009928
35 16 0.003028 0.000948 -0.000366
36 16 0.009228 0.001641 0.005760
37 16 0.009117 0.001431 0.006892
38 16 0.006297 0.000921 0.005235
39 16 0.003479 0.000484 0.003089
40 16 0.001624 0.000217 0.001518
41 16 0.000660 0.000085 0.000644
42 16 0.000238 0.000030 0.000241
43 16 0.000077 0.000009 0.000081
44 16 0.000023 0.000003 0.000024
45 16 0.000006 0.000001 0.000007
46 16 0.000001 0.000000 0.000002
47 16 0.000000 0.000000 0.000000
48 16 0.000000 0.000000 0.000000
49 16 0.000000 0.000000 0.000000

0 17 0.000000 0.000000 0.000000
1 17 0.012688 -0.005243 0.006658
2 17 0.018190 -0.015830 0.009412
3 17 0.001453 -0.033801 0.009255
4 17 -0.043793 -0.052333 0.000727
5 17 -0.108804 -0.050431 -0.027847
6 17 -0.113327 -0.009525 -0.050393
7 17 -0.018764 0.046604 -0.028356
8 17 0.115498 0.066262 0.041527
9 17 0.111675 0.018634 0.076381
10 17 -0.035295 -0.036663 0.009352
11 17 -0.124113 -0.035041 -0.069457
12 17 -0.027589 0.012841 -0.050040
13 17 0.113134 0.036766 0.050941
14 17 0.061739 0.000780 0.066307
15 17 -0.081153 -0.030770 -0.027014
16 17 -0.081950 -0.009305 -0.067024
17 17 0.050368 0.023275 0.003082
18 17 0.094158 0.014942 0.069078
19 17 -0.038406 -0.015856 0.011108
20 17 -0.095774 -0.014374 -0.069428
21 17 0.034521 0.011965 -0.013396
22 17 0.085958 0.012492 0.064278
23 17 -0.027991 -0.008215 0.013098
24 17 -0.071765 -0.009804 -0.052801
25 17 0.015323 0.005161 -0.014159
26 17 0.056373 0.008003 0.039149
27 17 -0.000957 -0.001908 0.017329
28 17 -0.042117 -0.006062 -0.024932
29 17 -0.013926 -0.000662 -0.020365
30 17 0.024168 0.004035 0.010084
31 17 0.022084 0.002607 0.019435
32 17 -0.004417 -0.001237 0.003770
33 17 -0.020328 -0.002865 -0.011938
34 17 -0.015767 -0.001756 -0.013232
35 17 -0.002542 0.000118 -0.004804
36 17 0.007024 0.001235 0.003403
37 17 0.009561 0.001383 0.006766
38 17 0.007682 0.001023 0.006159
39 17 0.004714 0.000594 0.004081
40 17 0.002394 0.000289 0.002194
41 17 0.001046 0.000122 0.001004
42 17 0.000402 0.000045 0.000402
43 17 0.000138 0.000015 0.000143
44 17 0.000043 0.000005 0.000046
45 17 0.000012 0.000001 0.000013
46 17 0.000003 0.000000 0.000004
47 17 0.000001 0.000000 0.000001
48 17 0.000000 0.000000 0.000000
49 17 0.000000 0.000000 0.000000

0 18 0.000000 0.000000 0.000000
1 18 0.014287 0.018722 -0.014602
2 18 0.041210 0.035460 -0.008426
3 18 0.082448 0.040358 0.007704
4 18 0.109158 0.016829 0.033304
5 18 0.052560 -0.033979 0.035964
6 18 -0.077364 -0.069427 -0.014040
7 18 -0.149166 -0.042229 -0.074467
8 18 -0.038854 0.024288 -0.051842
9 18 0.117049 0.053463 0.047969
10 18 0.100458 0.011967 0.080242
11 18 -0.062815 -0.035946 -0.003780
12 18 -0.119434 -0.023028 -0.082263
13 18 0.028222 0.019386 -0.019617
14 18 0.103316 0.024606 0.071366
15 18 -0.004789 -0.004541 0.030711
16 18 -0.089326 -0.018793 -0.052612
17 18 -0.018953 0.000169 -0.042344
18 18 0.091004 0.016860 0.043629
19 18 0.032342 0.000916 0.053566
20 18 -0.094000 -0.015194 -0.041845
21 18 -0.033036 -0.000333 -0.054317
22 18 0.086354 0.013394 0.040264
23 18 0.028713 0.000863 0.048419
24 18 -0.070751 -0.010191 -0.032993
25 18 -0.027570 -0.001326 -0.040442
26 18 0.051005 0.007440 0.022173
27 18 0.028663 0.002382 0.033853
28 18 -0.031653 -0.004636 -0.009682
29 18 -0.031026 -0.003043 -0.027596
30 18 0.010665 0.002151 -0.002729
31 18 0.027207 0.003234 0.018769
32 18 0.007450 0.000364 0.011941
33 18 -0.015549 -0.002109 -0.006284
34 18 -0.019350 -0.002093 -0.014161
35 18 -0.008410 -0.000605 -0.008938
36 18 0.003493 0.000712 0.000173
37 18 0.009011 0.001190 0.005781
38 18 0.008715 0.001036 0.006689
39 18 0.005988 0.000670 0.005040
40 18 0.003313 0.000355 0.002974
41 18 0.001555 0.000161 0.001468
42 18 0.000637 0.000064 0.000628
43 18 0.000232 0.000023 0.000237
44 18 0.000076 0.000007 0.000080
45 18 0.000023 0.000002 0.000025
46 18 0.000006 0.000001 0.000007
47 18 0.000002 0.000000 0.000002
48 18 0.000000 0.000000 0.000000
49 18 0.000000 0.000000 0.000000

0 19 0.000000 0.000000 0.000000
1 19 -0.036149 -0.004694 -0.012765
2 19 -0.065386 0.004109 -0.022614
3 19 -0.055003 0.036880 -0.033314
4 19 0.042902 0.075562 -0.010720
5 19 0.151195 0.067977 0.054869
6 19 0.115944 0.003316 0.076605
7 19 -0.063837 -0.056004 -0.000787
8 19 -0.152609 -0.038636 -0.091272
9 19 -0.011157 0.021864 -0.043711
10 19 0.122244 0.039797 0.065628
11 19 0.050907 0.002382 0.066289
12 19 -0.104476 -0.027241 -0.041317
13 19 -0.063998 -0.003442 -0.072947
14 19 0.092467 0.021625 0.031280
15 19 0.071607 0.003422 0.070535
16 19 -0.069113 -0.017442 -0.014840
17 19 -0.083686 -0.005984 -0.067876
18 19 0.052902 0.014625 0.001028
19 19 0.089756 0.008970 0.070953
20 19 -0.050577 -0.011119 0.003512
21 19 -0.084420 -0.008242 -0.069386
22 19 0.048823 0.008933 -0.000788
23 19 0.071427 0.006970 0.061909
24 19 -0.040918 -0.006371 0.000242
25 19 -0.058839 -0.005421 -0.050028
26 19 0.026531 0.004260 -0.003222
27 19 0.047787 0.004647 0.037933
28 19 -0.010677 -0.001998 0.009026
29 19 -0.038595 -0.003793 -0.025926
30 19 -0.006221 0.000126 -0.014986
31 19 0.025026 0.002800 0.012787
32 19 0.017601 0.001453 0.017239
33 19 -0.007607 -0.001084 0.000853
34 19 -0.019852 -0.001954 -0.012530
35 19 -0.013592 -0.001077 -0.012003
36 19 -0.000944 0.000188 -0.003472
37 19 0.007406 0.000893 0.003972
38 19 0.009200 0.000954 0.006687
39 19 0.007167 0.000694 0.005845
40 19 0.004332 0.000401 0.003802
41 19 0.002184 0.000195 0.002026
42 19 0.000951 0.000083 0.000924
43 19 0.000366 0.000031 0.000370
44 19 0.000126 0.000010 0.000132
45 19 0.000039 0.000003 0.000042
46 19 0.000011 0.000001 0.000012
47 19 0.000003 0.000000 0.000003
48 19 0.000001 0.000000 0.000001
49 19 0.000000 0.000000 0.000000

0 20 0.000000 0.000000 0.000000
1 20 0.009806 -0.022216 0.016681
2 20 -0.028396 -0.054923 0.015939
3 20 -0.129830 -0.066993 -0.023320
4 20 -0.166174 -0.019588 -0.077707
5 20 -0.018398 0.055235 -0.041612
6 20 0.155461 0.069415 0.069475
7 20 0.104984 0.010321 0.094263
8 20 -0.093979 -0.040017 -0.023180
9 20 -0.114468 -0.019109 -0.092910
10 20 0.056359 0.023683 -0.003844
11 20 0.120358 0.017978 0.086261
12 20 -0.033543 -0.014818 0.022556
13 20 -0.113982 -0.018050 -0.077811
14 20 0.016472 0.008149 -0.026211
15 20 0.093869 0.018223 0.064632
16 20 0.000023 -0.001015 0.032542
17 20 -0.088743 -0.013883 -0.052094
18 20 -0.010837 0.000240 -0.040413
19 20 0.095454 0.011640 0.052182
20 20 0.009972 -0.000937 0.044156
21 20 -0.096189 -0.009646 -0.053909
22 20 -0.004541 0.001835 -0.038917
23 20 0.085111 0.008110 0.051113
24 20 0.002053 -0.001348 0.032169
25 20 -0.069028 -0.006122 -0.041670
26 20 -0.006211 0.000664 -0.027081
27 20 0.051571 0.004648 0.029698
28 20 0.013249 0.000443 0.024924
29 20 -0.035455 -0.003160 -0.016739
30 20 -0.021661 -0.001298 -0.023323
31 20 0.016713 0.001765 0.003474
32 20 0.023914 0.001854 0.018636
33 20 0.001750 -0.000138 0.007886
34 20 -0.017280 -0.001484 -0.008734
35 20 -0.017285 -0.001242 -0.013498
36 20 -0.005715 -0.000233 -0.007010
37 20 0.004853 0.000553 0.001517
38 20 0.009012 0.000791 0.006090
39 20 0.008116 0.000657 0.006386
40 20 0.005383 0.000415 0.004610
41 20 0.002915 0.000217 0.002654
42 20 0.001349 0.000097 0.001290
43 20 0.000548 0.000039 0.000546
44 20 0.000198 0.000014 0.000205
45 20 0.000065 0.000004 0.000069
46 20 0.000019 0.000001 0.000021
47 20 0.000005 0.000000 0.000006
48 20 0.000002 0.000000 0.000001
49 20 0.000000 0.000000 0.000000

0 21 0.000000 0.000000 0.000000
1 21 0.073969 0.043179 -0.028459
2 21 0.159847 0.033866 0.032893
3 21 0.098057 -0.036573 0.067406
4 21 -0.116555 -0.082183 -0.024828
5 21 -0.181509 -0.039789 -0.113560
6 21 0.009691 0.033429 -0.038516
7 21 0.159846 0.041119 0.096670
8 21 0.021236 -0.007166 0.064897
9 21 -0.132351 -0.026570 -0.069407
10 21 -0.044000 0.001054 -0.065633
11 21 0.109470 0.023092 0.051423
12 21 0.051411 0.004603 0.071826
13 21 -0.104413 -0.013794 -0.043326
14 21 -0.046008 -0.000159 -0.065937
15 21 0.094171 0.010192 0.038801
16 21 0.052639 -0.000947 0.062451
17 21 -0.080626 -0.009362 -0.025925
18 21 -0.064472 -0.000816 -0.064540
19 21 0.076816 0.009262 0.020846
20 21 0.064422 0.002735 0.067779
21 21 -0.077437 -0.007684 -0.022257
22 21 -0.054381 -0.002481 -0.062449
23 21 0.071247 0.006265 0.024436
24 21 0.042861 0.002137 0.052909
25 21 -0.058294 -0.004551 -0.020766
26 21 -0.036471 -0.001758 -0.042438
27 21 0.040997 0.003215 0.013168
28 21 0.033352 0.001845 0.033959
29 21 -0.023645 -0.001848 -0.003306
30 21 -0.032143 -0.001835 -0.026094
31 21 0.004721 0.000658 -0.006693
32 21 0.025487 0.001659 0.016194
33 21 0.010732 0.000491 0.013486
34 21 -0.012224 -0.000887 -0.003551
35 21 -0.019017 -0.001127 -0.013256
36 21 -0.010231 -0.000478 -0.009973
37 21 0.001596 0.000240 -0.001315
38 21 0.008117 0.000578 0.004921
39 21 0.008725 0.000560 0.006583
40 21 0.006386 0.000389 0.005328
41 21 0.003717 0.000218 0.003318
42 21 0.001825 0.000104 0.001717
43 21 0.000780 0.000043 0.000767
44 21 0.000296 0.000016 0.000302
45 21 0.000101 0.000005 0.000107
46 21 0.000031 0.000002 0.000034
47 21 0.000009 0.000000 0.000010
48 21 0.000003 0.000000 0.000003
49 21 0.000000 0.000000 0.000000

0 22 0.000000 0.000000 0.000000
1 22 -0.095233 0.057341 -0.100594
2 22 0.051770 0.118977 -0.045919
3 22 0.234924 0.093536 0.105205
4 22 0.108805 -0.000627 0.112257
5 22 -0.144977 -0.047646 -0.053551
6 22 -0.121044 -0.011936 -0.112465
7 22 0.102358 0.028825 0.025877
8 22 0.112502 0.016143 0.105301
9 22 -0.077588 -0.014221 -0.008325
10 22 -0.103569 -0.008897 -0.088628
11 22 0.066522 0.010131 0.001701
12 22 0.104789 0.007046 0.086523
13 22 -0.057348 -0.008751 0.003635
14 22 -0.092947 -0.009514 -0.076855
15 22 0.040988 0.005781 -0.004529
16 22 0.081656 0.010431 0.066107
17 22 -0.028927 -0.002060 0.013219
18 22 -0.086137 -0.007487 -0.062345
19 22 0.029450 0.002057 -0.016956
20 22 0.090510 0.005490 0.066826
21 22 -0.036566 -0.002578 0.014182
22 22 -0.084014 -0.004027 -0.065612
23 22 0.038637 0.002786 -0.007502
24 22 0.069950 0.003228 0.058144
25 22 -0.033035 -0.002136 0.004829
26 22 -0.056745 -0.002459 -0.046480
27 22 0.020811 0.001433 -0.006218
28 22 0.045423 0.002043 0.034878
29 22 -0.006935 -0.000584 0.010720
30 22 -0.036078 -0.001603 -0.023376
31 22 -0.008175 -0.000127 -0.015542
32 22 0.022561 0.001120 0.010794
33 22 0.017931 0.000714 0.016843
34 22 -0.005616 -0.000355 0.002110
35 22 -0.018691 -0.000825 -0.011427
36 22 -0.013996 -0.000526 -0.012030
37 22 -0.002045 0.000013 -0.004220
38 22 0.006566 0.000355 0.003275
39 22 0.008920 0.000417 0.006399
40 22 0.007267 0.000320 0.005892
41 22 0.004549 0.000193 0.003979
42 22 0.002367 0.000098 0.002191
43 22 0.001063 0.000043 0.001030
44 22 0.000422 0.000017 0.000425
45 22 0.000150 0.000006 0.000156
46 22 0.000048 0.000002 0.000052
47 22 0.000014 0.000001 0.000016
48 22 0.000005 0.000000 0.000004
49 22 0.000000 0.000000 0.000000

0 23 0.000000 0.000000 0.000000
1 23 -0.254569 -0.067425 -0.014122
2 23 -0.271632 0.006229 -0.148974
3 23 0.067482 0.072933 0.001871
4 23 0.204010 0.048003 0.162410
5 23 -0.024033 -0.008897 0.054105
6 23 -0.163826 -0.019535 -0.106614
7 23 0.016314 0.006386 -0.044724
8 23 0.143043 0.012191 0.097467
9 23 -0.010296 -0.003620 0.045505
10 23 -0.124395 -0.010296 -0.076756
11 23 -0.004157 0.001800 -0.044413
12 23 0.115745 0.009284 0.071385
13 23 -0.001791 -0.000150 0.045497
14 23 -0.109990 -0.002911 -0.066975
15 23 0.003563 0.003459 -0.037686
16 23 0.100891 0.001840 0.059593
17 23 0.009568 -0.003913 0.041089
18 23 -0.098099 -0.003224 -0.051592
19 23 -0.016466 0.002356 -0.045654
20 23 0.098689 0.003908 0.053062
21 23 0.009821 -0.000953 0.044459
22 23 -0.093520 -0.003246 -0.053830
23 23 -0.001351 0.000617 -0.035895
24 23 0.080076 0.002544 0.049954
25 23 -0.001491 -0.000370 0.028340
26 23 -0.064268 -0.001850 -0.040258
27 23 -0.003155 0.000173 -0.023752
28 23 0.048214 0.001395 0.028734
29 23 0.010714 0.000154 0.022433
30 23 -0.033644 -0.000949 -0.016444
31 23 -0.019633 -0.000412 -0.021660
32 23 0.016171 0.000525 0.003710
33 23 0.022520 0.000580 0.017715
34 23 0.001529 -0.000022 0.007420
35 23 -0.016523 -0.000454 -0.008380
36 23 -0.016680 -0.000400 -0.013023
37 23 -0.005732 -0.000091 -0.006919
38 23 0.004485 0.000162 0.001299
39 23 0.008675 0.000248 0.005842
40 23 0.007961 0.000213 0.006258
41 23 0.005369 0.000138 0.004597
42 23 0.002957 0.000074 0.002691
43 23 0.001393 0.000034 0.001331
44 23 0.000576 0.000014 0.000574
45 23 0.000213 0.000005 0.000220
46 23 0.000071 0.000002 0.000076
47 23 0.000022 0.000001 0.000024
48 23 0.000008 0.000000 0.000006
49 23 0.000000 0.000000 0.000000

0 24 0.000000 0.000000 0.000000
1 24 0.114239 -0.068084 0.266494
2 24 -0.291273 -0.055433 -0.158213
3 24 -0.084604 -0.003322 -0.118063
4 24 0.188241 0.015927 0.115856
5 24 0.061790 0.003112 0.112529
6 24 -0.154659 -0.005580 -0.069963
7 24 -0.057577 -0.000387 -0.085946
8 24 0.130113 0.006350 0.065384
9 24 0.049693 0.002452 0.080071
10 24 -0.114068 -0.001567 -0.049917
11 24 -0.050601 0.001330 -0.071358
12 24 0.110115 0.001840 0.046895
13 24 0.049583 -0.000124 0.070968
14 24 -0.095253 -0.003561 -0.041897
15 24 -0.041976 -0.004115 -0.059843
16 24 0.076631 0.001811 0.034201
17 24 0.044301 0.004410 0.056754
18 24 -0.073879 -0.000037 -0.025612
19 24 -0.050902 -0.002137 -0.059881
20 24 0.080749 0.000191 0.027704
21 24 0.047548 0.000736 0.061687
22 24 -0.082879 -0.000618 -0.031807
23 24 -0.037485 -0.000253 -0.054695
24 24 0.074348 0.000740 0.032676
25 24 0.028558 0.000182 0.045212
26 24 -0.059960 -0.000594 -0.026926
27 24 -0.025757 -0.000166 -0.036402
28 24 0.042804 0.000434 0.017859
29 24 0.026162 0.000205 0.030162
30 24 -0.026216 -0.000260 -0.007107
31 24 -0.028139 -0.000225 -0.024497
32 24 0.007710 0.000103 -0.003779
33 24 0.024274 0.000217 0.016330
34 24 0.008321 0.000056 0.011781
35 24 -0.012944 -0.000123 -0.004591
36 24 -0.018144 -0.000150 -0.012965
37 24 -0.009170 -0.000062 -0.009196
38 24 0.002043 0.000033 -0.000839
39 24 0.008013 0.000078 0.004959
40 24 0.008429 0.000076 0.006404
41 24 0.006136 0.000053 0.005138
42 24 0.003573 0.000030 0.003197
43 24 0.001762 0.000015 0.001660
44 24 0.000758 0.000006 0.000745
45 24 0.000290 0.000002 0.000296
46 24 0.000100 0.000001 0.000105
47 24 0.000032 0.000000 0.000034
48 24 0.000011 0.000000 0.000009
49 24 0.000000 0.000000 0.000000

0 25 0.000000 0.000000 0.000000
1 25 -0.063085 0.010759 0.071269
2 25 -0.299013 0.051726 -0.118078
3 25 -0.129226 0.013565 -0.121236
4 25 0.169560 -0.013013 0.087866
5 25 0.110532 -0.006053 0.130859
6 25 -0.125730 0.005120 -0.037846
7 25 -0.099149 0.002899 -0.103141
8 25 0.111403 -0.004641 0.035387
9 25 0.089314 -0.003880 0.095393
10 25 -0.088274 0.001383 -0.022428
11 25 -0.085088 -0.000964 -0.081705
12 25 0.077738 -0.002946 0.016734
13 25 0.080812 -0.001184 0.081312
14 25 -0.079852 0.001848 -0.015962
15 25 -0.076421 0.004622 -0.073272
16 25 0.067250 0.001286 0.013817
17 25 0.078278 -0.003641 0.068146
18 25 -0.054668 -0.001853 -0.003763
19 25 -0.082178 0.001452 -0.067781
20 25 0.055411 0.000478 0.002348
21 25 0.077783 -0.000647 0.069452
22 25 -0.060184 0.000401 -0.006770
23 25 -0.065968 0.000469 -0.063842
24 25 0.057225 -0.000620 0.011398
25 25 0.052672 -0.000431 0.054181
26 25 -0.046856 0.000495 -0.010148
27 25 -0.043715 0.000356 -0.043104
28 25 0.031529 -0.000342 0.004844
29 25 0.037555 -0.000324 0.033474
30 25 -0.015685 0.000169 0.002875
31 25 -0.033074 0.000280 -0.024224
32 25 -0.001448 -0.000020 -0.010648
33 25 0.023442 -0.000217 0.013214
34 25 0.014122 -0.000111 0.014865
35 25 -0.008475 0.000086 -0.000534
36 25 -0.018418 0.000156 -0.011995
37 25 -0.012139 0.000090 -0.010925
38 25 -0.000577 -0.000011 -0.002981
39 25 0.006994 -0.000070 0.003825
40 25 0.008653 -0.000079 0.006329
41 25 0.006814 -0.000059 0.005578
42 25 0.004190 -0.000036 0.003685
43 25 0.002158 -0.000018 0.002004
44 25 0.000964 -0.000008 0.000936
45 25 0.000381 -0.000003 0.000385
46 25 0.000136 -0.000001 0.000141
47 25 0.000045 -0.000000 0.000047
48 25 0.000016 -0.000000 0.000013
49 25 0.000000 0.000000 0.000000

0 26 0.000000 0.000000 0.000000
1 26 -0.120515 0.077390 0.006497
2 26 -0.232789 0.095968 -0.089471
3 26 -0.066004 0.014896 -0.074121
4 26 0.182626 -0.044567 0.087572
5 26 0.124479 -0.026355 0.124452
6 26 -0.115333 0.011994 -0.028942
7 26 -0.121496 0.011205 -0.107669
8 26 0.086025 -0.010403 0.014884
9 26 0.107045 -0.008818 0.098226
10 26 -0.068231 0.005784 -0.001513
11 26 -0.108052 0.008580 -0.085137
12 26 0.055102 -0.002157 -0.005094
13 26 0.104026 -0.005234 0.083773
14 26 -0.049881 0.004012 0.006925
15 26 -0.085168 0.002390 -0.072336
16 26 0.041161 -0.006735 -0.005793
17 26 0.079159 -0.003831 0.063038
18 26 -0.030748 0.004862 0.014132
19 26 -0.087866 0.004331 -0.061748
20 26 0.028973 -0.002726 -0.018113
21 26 0.091179 -0.003721 0.065973
22 26 -0.033820 0.001637 0.015465
23 26 -0.083025 0.002663 -0.063711
24 26 0.034727 -0.001358 -0.009219
25 26 0.068625 -0.002006 0.055740
26 26 -0.028917 0.000978 0.006773
27 26 -0.055609 0.001487 -0.044241
28 26 0.017099 -0.000623 -0.008094
29 26 0.044284 -0.001200 0.032845
30 26 -0.003911 0.000183 0.012140
31 26 -0.034550 0.000905 -0.021468
32 26 -0.010200 0.000182 -0.016250
33 26 0.020571 -0.000587 0.009005
34 26 0.018579 -0.000462 0.016605
35 26 -0.003625 0.000130 0.003394
36 26 -0.017662 0.000456 -0.010333
37 26 -0.014511 0.000338 -0.012062
38 26 -0.003205 0.000037 -0.004994
39 26 0.005703 -0.000179 0.002527
40 26 0.008640 -0.000238 0.006056
41 26 0.007382 -0.000194 0.005901
42 26 0.004787 -0.000122 0.004139
43 26 0.002569 -0.000064 0.002353
44 26 0.001188 -0.000029 0.001140
45 26 0.000485 -0.000012 0.000484
46 26 0.000177 -0.000004 0.000183
47 26 0.000060 -0.000001 0.000062
48 26 0.000023 -0.000001 0.000018
49 26 0.000000 0.000000 0.000000

0 27 0.000000 0.000000 0.000000
1 27 -0.082492 0.064360 -0.033760
2 27 -0.101050 0.059517 -0.062174
3 27 0.046409 -0.026008 -0.021953
4 27 0.200524 -0.078026 0.089864
5 27 0.097523 -0.036568 0.094623
6 27 -0.124350 0.024430 -0.041978
7 27 -0.125500 0.023001 -0.105007
8 27 0.080036 -0.012316 0.008697
9 27 0.122366 -0.017850 0.099557
10 27 -0.051483 0.006570 0.009122
11 27 -0.109949 0.011969 -0.082572
12 27 0.036150 -0.007448 -0.018308
13 27 0.110892 -0.012124 0.078665
14 27 -0.028357 0.001255 0.024327
15 27 -0.104862 0.007313 -0.071337
16 27 0.013142 0.001413 -0.025158
17 27 0.093748 -0.004034 0.060884
18 27 0.000904 -0.000742 0.032823
19 27 -0.093447 0.003742 -0.054808
20 27 -0.002547 -0.000767 -0.036973
21 27 0.095745 -0.004746 0.057511
22 27 -0.004953 0.001026 0.034692
23 27 -0.090174 0.004462 -0.057305
24 27 0.010300 -0.001091 -0.027216
25 27 0.076508 -0.003769 0.051638
26 27 -0.009361 0.000701 0.021811
27 27 -0.061485 0.002829 -0.041030
28 27 0.001848 -0.000316 -0.019491
29 27 0.046670 -0.002157 0.029249
30 27 0.007621 -0.000236 0.019858
31 27 -0.033157 0.001474 -0.017050
32 27 -0.017815 0.000663 -0.020309
33 27 0.016326 -0.000800 0.004314
34 27 0.021603 -0.000921 0.017124
35 27 0.001178 0.000001 0.006912
36 27 -0.016111 0.000700 -0.008224
37 27 -0.016245 0.000647 -0.012639
38 27 -0.005700 0.000174 -0.006782
39 27 0.004236 -0.000236 0.001156
40 27 0.008419 -0.000389 0.005621
41 27 0.007828 -0.000344 0.006108
42 27 0.005345 -0.000229 0.004542
43 27 0.002982 -0.000125 0.002693
44 27 0.001424 -0.000059 0.001350
45 27 0.000597 -0.000024 0.000590
46 27 0.000224 -0.000009 0.000229
47 27 0.000078 -0.000003 0.000080
48 27 0.000030 -0.000001 0.000024
49 27 0.000000 0.000000 0.000000

0 28 0.000000 0.000000 0.000000
1 28 -0.012850 0.018316 -0.035577
2 28 0.022961 -0.010271 -0.029876
3 28 0.124598 -0.076052 0.014336
4 28 0.171450 -0.092652 0.075642
5 28 0.029010 -0.024779 0.047351
6 28 -0.147520 0.041037 -0.063420
7 28 -0.110904 0.029778 -0.093518
8 28 0.090628 -0.021407 0.018774
9 28 0.121463 -0.027894 0.097578
10 28 -0.050494 0.006914 0.009083
11 28 -0.118244 0.017509 -0.081473
12 28 0.017606 -0.003078 -0.026941
13 28 0.114407 -0.014236 0.074875
14 28 -0.013550 0.003133 0.034807
15 28 -0.105175 0.014891 -0.067793
16 28 0.009488 -0.001799 -0.032070
17 28 0.095542 -0.014382 0.057346
18 28 0.008249 -0.001634 0.038643
19 28 -0.094286 0.010766 -0.048337
20 28 -0.020326 0.001925 -0.046312
21 28 0.095683 -0.008545 0.048323
22 28 0.018229 -0.001293 0.047580
23 28 -0.091105 0.006768 -0.048323
24 28 -0.012053 0.000420 -0.040962
25 28 0.078285 -0.005516 0.044332
26 28 0.009269 -0.000393 0.033862
27 28 -0.062482 0.004086 -0.035084
28 28 -0.012533 0.000548 -0.028620
29 28 0.045612 -0.002986 0.023819
30 28 0.017937 -0.001019 0.025701
31 28 -0.029711 0.001864 -0.011778
32 28 -0.023939 0.001337 -0.022850
33 28 0.011357 -0.000815 -0.000363
34 28 0.023301 -0.001413 0.016667
35 28 0.005625 -0.000280 0.009863
36 28 -0.014031 0.000859 -0.005904
37 28 -0.017374 0.000984 -0.012737
38 28 -0.007963 0.000386 -0.008293
39 28 0.002692 -0.000237 -0.000209
40 28 0.008030 -0.000523 0.005070
41 28 0.008152 -0.000503 0.006207
42 28 0.005849 -0.000351 0.004887
43 28 0.003383 -0.000200 0.003014
44 28 0.001664 -0.000097 0.001559
45 28 0.000716 -0.000041 0.000700
46 28 0.000275 -0.000016 0.000278
47 28 0.000097 -0.000005 0.000099
48 28 0.000039 -0.000002 0.000030
49 28 0.000000 0.000000 0.000000

0 29 0.000000 0.000000 0.000000
1 29 0.028021 -0.018367 -0.014640
2 29 0.070891 -0.053343 -0.002062
3 29 0.111057 -0.085820 0.026486
4 29 0.077157 -0.062536 0.042988
5 29 -0.062957 0.014678 -0.001376
6 29 -0.163744 0.063519 -0.076955
7 29 -0.070468 0.029328 -0.066650
8 29 0.109888 -0.030932 0.038728
9 29 0.112937 -0.031114 0.091593
10 29 -0.059945 0.012138 0.000222
11 29 -0.117531 0.026662 -0.082447
12 29 0.024184 -0.003561 -0.023887
13 29 0.119509 -0.022101 0.074055
14 29 -0.001431 -0.000513 0.038810
15 29 -0.103809 0.013033 -0.063014
16 29 -0.010562 -0.001921 -0.040049
17 29 0.084648 -0.010472 0.048687
18 29 0.024743 0.000667 0.044963
19 29 -0.081466 0.010113 -0.037277
20 29 -0.036230 0.001322 -0.052313
21 29 0.086444 -0.010091 0.036534
22 29 0.036477 -0.002600 0.055579
23 29 -0.085929 0.008562 -0.037618
24 29 -0.030582 0.002184 -0.050394
25 29 0.075451 -0.007004 0.035451
26 29 0.025391 -0.001991 0.042653
27 29 -0.060003 0.005099 -0.027825
28 29 -0.025024 0.001822 -0.035333
29 29 0.042214 -0.003574 0.017586
30 29 0.026548 -0.002057 0.029719
31 29 -0.025055 0.002022 -0.006326
32 29 -0.028522 0.002114 -0.024097
33 29 0.006212 -0.000629 -0.004679
34 29 0.023911 -0.001878 0.015527
35 29 0.009528 -0.000679 0.012200
36 29 -0.011675 0.000920 -0.003572
37 29 -0.017984 0.001320 -0.012469
38 29 -0.009936 0.000657 -0.009512
39 29 0.001157 -0.000183 -0.001500
40 29 0.007525 -0.000633 0.004453
41 29 0.008365 -0.000664 0.006213
42 29 0.006291 -0.000486 0.005170
43 29 0.003761 -0.000286 0.003307
44 29 0.001900 -0.000143 0.001759
45 29 0.000837 -0.000062 0.000809
46 29 0.000328 -0.000024 0.000328
47 29 0.000118 -0.000009 0.000119
48 29 0.000048 -0.000003 0.000036
49 29 0.000000 0.000000 0.000000

0 30 0.000000 0.000000 0.000000
1 30 0.024354 -0.024236 0.003992
2 30 0.042816 -0.045126 0.010254
3 30 0.032193 -0.044158 0.017485
4 30 -0.028452 -0.001390 0.006999
5 30 -0.120873 0.058270 -0.033013
6 30 -0.128870 0.068824 -0.067351
7 30 0.002029 0.009136 -0.025617
8 30 0.137394 -0.047756 0.059549
9 30 0.093866 -0.035233 0.078459
10 30 -0.080621 0.018225 -0.018659
11 30 -0.108647 0.028678 -0.081383
12 30 0.032009 -0.009204 -0.014348
13 30 0.113549 -0.026176 0.071961
14 30 -0.003478 -0.000484 0.037307
15 30 -0.113282 0.020779 -0.063802
16 30 -0.016079 0.006475 -0.044394
17 30 0.097224 -0.014405 0.050525
18 30 0.037120 -0.008181 0.050720
19 30 -0.083581 0.010330 -0.034546
20 30 -0.051159 0.006735 -0.057766
21 30 0.081151 -0.010043 0.028778
22 30 0.052259 -0.005877 0.061407
23 30 -0.079572 0.009169 -0.028183
24 30 -0.045874 0.004577 -0.056872
25 30 0.070321 -0.007874 0.026696
26 30 0.038681 -0.003942 0.048733
27 30 -0.055551 0.005743 -0.020432
28 30 -0.035278 0.003348 -0.039934
29 30 0.037557 -0.003877 0.011364
30 30 0.033362 -0.003233 0.032208
31 30 -0.019932 0.001946 -0.001185
32 30 -0.031730 0.002919 -0.024376
33 30 0.001301 -0.000273 -0.008435
34 30 0.023729 -0.002283 0.013998
35 30 0.012808 -0.001160 0.013953
36 30 -0.009264 0.000887 -0.001379
37 30 -0.018190 0.001638 -0.011958
38 30 -0.011595 0.000968 -0.010451
39 30 -0.000296 -0.000081 -0.002670
40 30 0.006957 -0.000718 0.003817
41 30 0.008485 -0.000823 0.006149
42 30 0.006666 -0.000630 0.005393
43 30 0.004107 -0.000382 0.003565
44 30 0.002124 -0.000195 0.001945
45 30 0.000954 -0.000087 0.000913
46 30 0.000381 -0.000034 0.000378
47 30 0.000140 -0.000013 0.000139
48 30 0.000058 -0.000005 0.000043
49 30 0.000000 0.000000 0.000000

0 31 0.000000 0.000000 0.000000
1 31 -0.000632 -0.008111 0.007231
2 31 -0.010217 -0.007814 0.006265
3 31 -0.039873 0.011286 0.000510
4 31 -0.082640 0.046399 -0.015984
5 31 -0.106482 0.069461 -0.037591
6 31 -0.047415 0.039939 -0.036230
7 31 0.075917 -0.026841 0.014982
8 31 0.139687 -0.062627 0.068262
9 31 0.042231 -0.025511 0.050049
10 31 -0.110488 0.033265 -0.042537
11 31 -0.096930 0.033127 -0.075639
12 31 0.048196 -0.009740 0.000388
13 31 0.114414 -0.027887 0.073800
14 31 -0.009348 0.002033 0.030792
15 31 -0.109214 0.025603 -0.065412
16 31 -0.003796 0.001141 -0.039373
17 31 0.095808 -0.022967 0.051972
18 31 0.026968 -0.006388 0.046162
19 31 -0.082584 0.017284 -0.034078
20 31 -0.050348 0.008863 -0.055829
21 31 0.077798 -0.013407 0.024586
22 31 0.059728 -0.009013 0.062791
23 31 -0.074354 0.010559 -0.021389
24 31 -0.056498 0.007323 -0.060376
25 31 0.065044 -0.008607 0.019388
26 31 0.048897 -0.006138 0.052592
27 31 -0.050576 0.006111 -0.013834
28 31 -0.043312 0.005015 -0.042893
29 31 0.032602 -0.003933 0.005745
30 31 0.038546 -0.004464 0.033579
31 31 -0.014938 0.001679 0.003330
32 31 -0.033848 0.003704 -0.024041
33 31 -0.003102 0.000211 -0.011548
34 31 0.023060 -0.002615 0.012338
35 31 0.015466 -0.001685 0.015208
36 31 -0.006977 0.000778 0.000572
37 31 -0.018121 0.001926 -0.011321
38 31 -0.012947 0.001302 -0.011146
39 31 -0.001609 0.000058 -0.003687
40 31 0.006378 -0.000780 0.003204
41 31 0.008535 -0.000976 0.006040
42 31 0.006977 -0.000779 0.005559
43 31 0.004412 -0.000486 0.003784
44 31 0.002328 -0.000254 0.002110
45 31 0.001064 -0.000115 0.001008
46 31 0.000431 -0.000046 0.000423
47 31 0.000161 -0.000017 0.000158
48 31 0.000067 -0.000007 0.000049
49 31 0.000000 0.000000 0.000000

0 32 0.000000 0.000000 0.000000
1 32 -0.016572 0.008585 -0.001227
2 32 -0.035349 0.021436 -0.004669
3 32 -0.054498 0.038795 -0.010918
4 32 -0.061590 0.051474 -0.020111
5 32 -0.032772 0.039011 -0.020359
6 32 0.041013 -0.007657 -0.001375
7 32 0.117147 -0.056876 0.039535
8 32 0.099640 -0.056515 0.055147
9 32 -0.021847 0.001434 0.011591
10 32 -0.125107 0.049188 -0.059748
11 32 -0.062285 0.031009 -0.060172
12 32 0.084081 -0.021368 0.023740
13 32 0.109539 -0.034743 0.073932
14 32 -0.025872 0.004601 0.016201
15 32 -0.108216 0.026645 -0.067483
16 32 -0.003760 0.001022 -0.034833
17 32 0.090604 -0.018479 0.051552
18 32 0.030491 -0.003574 0.045025
19 32 -0.073453 0.015392 -0.031134
20 32 -0.051820 0.007640 -0.054524
21 32 0.070634 -0.013655 0.020252
22 32 0.064103 -0.010002 0.062752
23 32 -0.068487 0.011392 -0.015966
24 32 -0.063338 0.009408 -0.061963
25 32 0.060152 -0.009193 0.013679
26 32 0.056260 -0.008230 0.054859
27 32 -0.046009 0.006329 -0.008498
28 32 -0.049352 0.006697 -0.044714
29 32 0.028079 -0.003832 0.001092
30 32 0.042398 -0.005693 0.034251
31 32 -0.010511 0.001285 0.007049
32 32 -0.035207 0.004450 -0.023424
33 32 -0.006834 0.000772 -0.014020
34 32 0.022189 -0.002882 0.010760
35 32 0.017558 -0.002227 0.016072
36 32 -0.004947 0.000616 0.002218
37 32 -0.017900 0.002187 -0.010663
38 32 -0.014018 0.001645 -0.011639
39 32 -0.002741 0.000223 -0.004532
40 32 0.005834 -0.000823 0.002652
41 32 0.008539 -0.001123 0.005908
42 32 0.007226 -0.000929 0.005677
43 32 0.004672 -0.000593 0.003961
44 32 0.002507 -0.000316 0.002249
45 32 0.001162 -0.000145 0.001091
46 32 0.000477 -0.000059 0.000464
47 32 0.000180 -0.000022 0.000175
48 32 0.000076 -0.000009 0.000055
49 32 0.000000 0.000000 0.000000

0 33 0.000000 0.000000 0.000000
1 33 -0.010881 0.010791 -0.008703
2 33 -0.017458 0.020104 -0.010228
3 33 -0.015609 0.023807 -0.010791
4 33 0.004421 0.014906 -0.009791
5 33 0.044795 -0.013157 0.001941
6 33 0.089565 -0.049079 0.019790
7 33 0.098831 -0.063956 0.039185
8 33 0.024826 -0.028717 0.023410
9 33 -0.079019 0.030450 -0.023279
10 33 -0.118213 0.054849 -0.063495
11 33 -0.011250 0.015202 -0.033090
12 33 0.107531 -0.036605 0.046274
13 33 0.081348 -0.030943 0.063178
14 33 -0.051953 0.015855 -0.003516
15 33 -0.107856 0.034561 -0.069719
16 33 0.013469 0.004102 -0.025266
17 33 0.107686 -0.023559 0.060340
18 33 0.028772 -0.009737 0.043226
19 33 -0.082732 0.017303 -0.037385
20 33 -0.053133 0.012879 -0.054426
21 33 0.073262 -0.013385 0.022025
22 33 0.068441 -0.012838 0.063512
23 33 -0.066191 0.011656 -0.013943
24 33 -0.068183 0.011772 -0.063108
25 33 0.057160 -0.009512 0.010266
26 33 0.061572 -0.010261 0.056386
27 33 -0.042653 0.006464 -0.004769
28 33 -0.053808 0.008344 -0.045926
29 33 0.024537 -0.003667 -0.002383
30 33 0.045264 -0.006894 0.034614
31 33 -0.006956 0.000840 0.009897
32 33 -0.036126 0.005161 -0.022806
33 33 -0.009815 0.001363 -0.015897
34 33 0.021356 -0.003108 0.009426
35 33 0.019162 -0.002768 0.016657
36 33 -0.003269 0.000426 0.003525
37 33 -0.017640 0.002426 -0.010072
38 33 -0.014841 0.001988 -0.011977
39 33 -0.003666 0.000398 -0.005198
40 33 0.005367 -0.000854 0.002190
41 33 0.008521 -0.001264 0.005777
42 33 0.007420 -0.001079 0.005755
43 33 0.004882 -0.000702 0.004096
44 33 0.002655 -0.000379 0.002359
45 33 0.001244 -0.000177 0.001157
46 33 0.000515 -0.000073 0.000497
47 33 0.000196 -0.000028 0.000189
48 33 0.000083 -0.000012 0.000060
49 33 0.000000 0.000000 0.000000

0 34 0.000000 0.000000 0.000000
1 34 0.003992 0.000786 -0.007313
2 34 0.012261 -0.001827 -0.006299
3 34 0.025618 -0.010144 -0.002844
4 34 0.046784 -0.026809 0.002868
5 34 0.064580 -0.046104 0.013161
6 34 0.063841 -0.055036 0.019768
7 34 0.021856 -0.034989 0.017284
8 34 -0.058057 0.014116 -0.010893
9 34 -0.111321 0.054232 -0.042626
10 34 -0.080380 0.047257 -0.048681
11 34 0.044076 -0.008331 0.001105
12 34 0.112432 -0.044462 0.058650
13 34 0.046051 -0.020387 0.044339
14 34 -0.075518 0.027023 -0.024266
15 34 -0.091836 0.036057 -0.067573
16 34 0.045786 -0.006678 -0.006795
17 34 0.108076 -0.031861 0.066680
18 34 0.002545 -0.002580 0.029728
19 34 -0.088046 0.027769 -0.045433
20 34 -0.036042 0.013636 -0.046214
21 34 0.081055 -0.017934 0.028316
22 34 0.065163 -0.014492 0.061034
23 34 -0.067907 0.014158 -0.015667
24 34 -0.068835 0.014245 -0.062797
25 34 0.057424 -0.010354 0.009797
26 34 0.064855 -0.012238 0.057387
27 34 -0.041217 0.006798 -0.002960
28 34 -0.056930 0.009968 -0.046865
29 34 0.022426 -0.003568 -0.004515
30 34 0.047451 -0.008075 0.034976
31 34 -0.004489 0.000424 0.011842
32 34 -0.036880 0.005861 -0.022409
33 34 -0.012007 0.001939 -0.017238
34 34 0.020758 -0.003327 0.008458
35 34 0.020360 -0.003294 0.017063
36 34 -0.002010 0.000239 0.004478
37 34 -0.017434 0.002657 -0.009616
38 34 -0.015452 0.002322 -0.012202
39 34 -0.004362 0.000572 -0.005683
40 34 0.005008 -0.000882 0.001838
41 34 0.008501 -0.001401 0.005664
42 34 0.007563 -0.001225 0.005799
43 34 0.005040 -0.000810 0.004188
44 34 0.002767 -0.000442 0.002437
45 34 0.001307 -0.000208 0.001205
46 34 0.000545 -0.000087 0.000521
47 34 0.000208 -0.000033 0.000200
48 34 0.000089 -0.000014 0.000064
49 34 0.000000 0.000000 0.000000

0 35 0.000000 0.000000 0.000000
1 35 0.010424 -0.007576 -0.000536
2 35 0.020855 -0.016343 0.000815
3 35 0.030228 -0.026028 0.004169
4 35 0.033708 -0.034527 0.007133
5 35 0.025003 -0.034797 0.009872
6 35 -0.005551 -0.019890 0.005009
7 35 -0.052660 0.013407 -0.007616
8 35 -0.095410 0.047477 -0.028981
9 35 -0.084311 0.053310 -0.037806
10 35 -0.006996 0.014999 -0.016559
11 35 0.090188 -0.039333 0.030547
12 35 0.096324 -0.050898 0.056543
13 35 -0.005385 -0.010272 0.016990
14 35 -0.102949 0.035529 -0.045753
15 35 -0.070683 0.029422 -0.058201
16 35 0.063619 -0.017096 0.012198
17 35 0.090527 -0.027046 0.064172
18 35 -0.015137 0.008480 0.015308
19 35 -0.078937 0.028744 -0.047579
20 35 -0.019579 0.008802 -0.036672
21 35 0.082742 -0.019049 0.032747
22 35 0.059048 -0.011801 0.056965
23 35 -0.068420 0.017402 -0.018256
24 35 -0.064994 0.015660 -0.060869
25 35 0.060408 -0.011586 0.011791
26 35 0.066232 -0.013668 0.057983
27 35 -0.041725 0.007599 -0.003013
28 35 -0.058717 0.011519 -0.047643
29 35 0.022068 -0.003672 -0.005195
30 35 0.049167 -0.009238 0.035537
31 35 -0.003267 0.000126 0.012866
32 35 -0.037670 0.006583 -0.022388
33 35 -0.013383 0.002458 -0.018088
34 35 0.020540 -0.003577 0.007941
35 35 0.021217 -0.003799 0.017365
36 35 -0.001217 0.000082 0.005071
37 35 -0.017353 0.002895 -0.009344
38 35 -0.015879 0.002644 -0.012347
39 35 -0.004819 0.000731 -0.005988
40 35 0.004782 -0.000918 0.001612
41 35 0.008497 -0.001536 0.005584
42 35 0.007660 -0.001367 0.005817
43 35 0.005146 -0.000912 0.004238
44 35 0.002841 -0.000502 0.002481
45 35 0.001348 -0.000238 0.001233
46 35 0.000564 -0.000099 0.000535
47 35 0.000217 -0.000038 0.000206
48 35 0.000093 -0.000016 0.000066
49 35 0.000000 0.000000 0.000000

0 36 0.000000 0.000000 0.000000
1 36 0.004850 -0.006248 0.003627
2 36 0.007330 -0.011155 0.003636
3 36 0.005489 -0.013475 0.004615
4 36 -0.005292 -0.009488 0.002451
5 36 -0.023239 0.002020 0.000104
6 36 -0.051222 0.022583 -0.009443
7 36 -0.067267 0.042023 -0.017634
8 36 -0.063152 0.046106 -0.024513
9 36 -0.008131 0.019316 -0.013236
10 36 0.061941 -0.028671 0.015966
11 36 0.099120 -0.059551 0.041990
12 36 0.044331 -0.041596 0.037360
13 36 -0.070352 0.012380 -0.016645
14 36 -0.114055 0.043565 -0.057425
15 36 -0.038108 0.016965 -0.038054
16 36 0.079714 -0.027762 0.030064
17 36 0.077033 -0.028496 0.059525
18 36 -0.036259 0.007977 -0.000033
19 36 -0.086482 0.027913 -0.054755
20 36 -0.010711 0.009232 -0.029863
21 36 0.088838 -0.018209 0.039724
22 36 0.053916 -0.009911 0.053406
23 36 -0.071058 0.020612 -0.023285
24 36 -0.058433 0.017430 -0.058372
25 36 0.067046 -0.012478 0.016619
26 36 0.066690 -0.014341 0.058681
27 36 -0.043911 0.009045 -0.004808
28 36 -0.058978 0.013030 -0.048229
29 36 0.023789 -0.004051 -0.004272
30 36 0.050561 -0.010364 0.036431
31 36 -0.003393 0.000043 0.012946
32 36 -0.038602 0.007364 -0.022828
33 36 -0.013901 0.002877 -0.018458
34 36 0.020804 -0.003898 0.007932
35 36 0.021771 -0.004276 0.017607
36 36 -0.000929 -0.000014 0.005297
37 36 -0.017445 0.003156 -0.009288
38 36 -0.016140 0.002947 -0.012433
39 36 -0.005026 0.000860 -0.006113
40 36 0.004707 -0.000970 0.001522
41 36 0.008517 -0.001674 0.005545
42 36 0.007716 -0.001502 0.005812
43 36 0.005196 -0.001008 0.004247
44 36 0.002874 -0.000556 0.002490
45 36 0.001365 -0.000264 0.001239
46 36 0.000572 -0.000111 0.000539
47 36 0.000220 -0.000042 0.000207
48 36 0.000095 -0.000018 0.000066
49 36 0.000000 0.000000 0.000000

0 37 0.000000 0.000000 0.000000
1 37 -0.004749 0.001108 0.001549
2 37 -0.010535 0.003720 0.000528
3 37 -0.019656 0.009208 -0.000506
4 37 -0.030235 0.018327 -0.004511
5 37 -0.040171 0.029129 -0.007109
6 37 -0.044019 0.038462 -0.013179
7 37 -0.027467 0.035440 -0.011404
8 37 0.005138 0.016931 -0.006827
9 37 0.061411 -0.019868 0.012558
10 37 0.087091 -0.048507 0.030590
11 37 0.067621 -0.046658 0.032705
12 37 -0.018797 -0.006153 0.007814
13 37 -0.099081 0.040240 -0.040101
14 37 -0.077022 0.038642 -0.047086
15 37 0.016066 -0.006353 -0.008249
16 37 0.097753 -0.046132 0.046278
17 37 0.045226 -0.033827 0.047757
18 37 -0.082758 0.013936 -0.025138
19 37 -0.096120 0.031779 -0.062554
20 37 0.010535 0.002434 -0.015673
21 37 0.093283 -0.025799 0.048048
22 37 0.034639 -0.008502 0.043092
23 37 -0.080606 0.026394 -0.033186
24 37 -0.047389 0.019514 -0.054017
25 37 0.078082 -0.013719 0.024755
26 37 0.065838 -0.013976 0.059009
27 37 -0.047504 0.011723 -0.008387
28 37 -0.056895 0.014705 -0.048198
29 37 0.028153 -0.004714 -0.001406
30 37 0.051765 -0.011377 0.037739
31 37 -0.004894 0.000300 0.012059
32 37 -0.039644 0.008240 -0.023726
33 37 -0.013473 0.003150 -0.018308
34 37 0.021609 -0.004329 0.008469
35 37 0.022019 -0.004713 0.017798
36 37 -0.001173 -0.000020 0.005143
37 37 -0.017731 0.003456 -0.009460
38 37 -0.016236 0.003227 -0.012465
39 37 -0.004974 0.000948 -0.006056
40 37 0.004790 -0.001048 0.001571
41 37 0.008568 -0.001816 0.005551
42 37 0.007730 -0.001629 0.005786
43 37 0.005191 -0.001092 0.004214
44 37 0.002865 -0.000603 0.002465
45 37 0.001358 -0.000286 0.001224
46 37 0.000568 -0.000120 0.000531
47 37 0.000218 -0.000046 0.000204
48 37 0.000094 -0.000020 0.000065
49 37 0.000000 0.000000 0.000000

0 38 0.000000 0.000000 0.000000
1 38 -0.008213 0.005593 -0.003094
2 38 -0.015348 0.011243 -0.003965
3 38 -0.022007 0.017577 -0.005016
4 38 -0.023454 0.022201 -0.007019
5 38 -0.019410 0.024002 -0.006923
6 38 -0.003638 0.018072 -0.006480
7 38 0.023378 0.002489 0.000869
8 38 0.053508 -0.019821 0.008962
9 38 0.076334 -0.040599 0.022082
10 38 0.057306 -0.037945 0.022801
11 38 0.007920 -0.010375 0.009029
12 38 -0.063682 0.034109 -0.019388
13 38 -0.079106 0.052916 -0.042850
14 38 -0.011498 0.022546 -0.021129
15 38 0.072028 -0.025840 0.021521
16 38 0.099855 -0.049699 0.053800
17 38 -0.000658 -0.017060 0.025623
18 38 -0.107602 0.029454 -0.046055
19 38 -0.069023 0.022677 -0.053105
20 38 0.036849 -0.019533 0.005206
21 38 0.075389 -0.035727 0.047692
22 38 -0.002713 -0.004532 0.023626
23 38 -0.093646 0.030374 -0.045043
24 38 -0.034251 0.017427 -0.047713
25 38 0.087776 -0.016314 0.033402
26 38 0.060687 -0.011843 0.056987
27 38 -0.052101 0.016190 -0.013752
28 38 -0.051174 0.016676 -0.046806
29 38 0.035828 -0.005539 0.003800
30 38 0.052956 -0.012023 0.039500
31 38 -0.007581 0.001113 0.010255
32 38 -0.040527 0.009266 -0.024928
33 38 -0.011921 0.003234 -0.017510
34 38 0.022983 -0.004893 0.009580
35 38 0.021923 -0.005090 0.017912
36 38 -0.001975 0.000098 0.004593
37 38 -0.018205 0.003806 -0.009856
38 38 -0.016152 0.003474 -0.012432
39 38 -0.004655 0.000979 -0.005814
40 38 0.005032 -0.001161 0.001759
41 38 0.008645 -0.001963 0.005597
42 38 0.007699 -0.001746 0.005738
43 38 0.005129 -0.001164 0.004140
44 38 0.002813 -0.000639 0.002405
45 38 0.001327 -0.000302 0.001188
46 38 0.000553 -0.000126 0.000513
47 38 0.000211 -0.000048 0.000196
48 38 0.000090 -0.000021 0.000062
49 38 0.000000 0.000000 0.000000

0 39 0.000000 0.000000 0.000000
1 39 -0.001804 0.002723 -0.004174
2 39 -0.002244 0.004479 -0.004294
3 39 0.000106 0.004498 -0.003703
4 39 0.006442 0.000923 -0.003154
5 39 0.017761 -0.006598 -0.000210
6 39 0.031778 -0.019267 0.003034
7 39 0.045195 -0.033026 0.009225
8 39 0.046331 -0.042694 0.012603
9 39 0.028906 -0.037909 0.012731
10 39 -0.015395 -0.012989 0.001687
11 39 -0.062939 0.022961 -0.017044
12 39 -0.086930 0.050983 -0.033090
13 39 -0.045950 0.041394 -0.030176
14 39 0.039435 0.001821 0.004923
15 39 0.097337 -0.032553 0.039189
16 39 0.075030 -0.028962 0.044644
17 39 -0.030942 0.016355 0.000409
18 39 -0.083532 0.040747 -0.049059
19 39 -0.015052 0.008438 -0.028511
20 39 0.060366 -0.032769 0.025238
21 39 0.055262 -0.036395 0.043610
22 39 -0.035507 -0.002554 0.005405
23 39 -0.105719 0.025536 -0.054946
24 39 -0.026832 0.007821 -0.041877
25 39 0.087181 -0.021767 0.038585
26 39 0.045856 -0.009188 0.049825
27 39 -0.059582 0.021523 -0.021905
28 39 -0.042099 0.018634 -0.044102
29 39 0.046745 -0.006261 0.011294
30 39 0.054262 -0.011806 0.041619
31 39 -0.010902 0.002834 0.007723
32 39 -0.040594 0.010544 -0.026050
33 39 -0.008893 0.003121 -0.015808
34 39 0.024960 -0.005580 0.011301
35 39 0.021429 -0.005361 0.017904
36 39 -0.003334 0.000375 0.003637
37 39 -0.018822 0.004211 -0.010447
38 39 -0.015853 0.003675 -0.012306
39 39 -0.004062 0.000941 -0.005380
40 39 0.005423 -0.001314 0.002077
41 39 0.008739 -0.002115 0.005675
42 39 0.007620 -0.001850 0.005661
43 39 0.005010 -0.001220 0.004024
44 39 0.002721 -0.000664 0.002313
45 39 0.001273 -0.000312 0.001132
46 39 0.000527 -0.000129 0.000486
47 39 0.000200 -0.000049 0.000184
48 39 0.000085 -0.000021 0.000058
49 39 0.000000 0.000000 0.000000

0 40 0.000000 0.000000 0.000000
1 40 0.006395 -0.002368 -0.001445
2 40 0.013235 -0.005454 -0.001120
3 40 0.021162 -0.010401 0.000773
4 40 0.028468 -0.016670 0.001848
5 40 0.035787 -0.024717 0.005573
6 40 0.035266 -0.030941 0.006455
7 40 0.029284 -0.033238 0.008839
8 40 0.004121 -0.025519 0.004657
9 40 -0.027229 -0.006966 -0.002337
10 40 -0.067022 0.018357 -0.014776
11 40 -0.083054 0.037387 -0.026565
12 40 -0.060937 0.032981 -0.023885
13 40 -0.001287 0.002226 -0.007617
14 40 0.064196 -0.034038 0.024109
15 40 0.068766 -0.042927 0.036497
16 40 0.008074 -0.009408 0.015587
17 40 -0.068292 0.038525 -0.026330
18 40 -0.062318 0.046097 -0.046112
19 40 0.030741 0.009197 -0.005308
20 40 0.093335 -0.024647 0.043999
21 40 0.060699 -0.024991 0.044974
22 40 -0.044793 0.003369 -0.004801
23 40 -0.102504 0.019693 -0.057227
24 40 -0.015019 -0.006729 -0.031232
25 40 0.077286 -0.032625 0.041678
26 40 0.016009 -0.009947 0.035412
27 40 -0.075689 0.024533 -0.035297
28 40 -0.033890 0.018816 -0.041881
29 40 0.058097 -0.007228 0.019569
30 40 0.054626 -0.010316 0.043204
31 40 -0.014312 0.005893 0.004548
32 40 -0.038804 0.012275 -0.026494
33 40 -0.003774 0.002900 -0.012773
34 40 0.027674 -0.006295 0.013725
35 40 0.020539 -0.005434 0.017749
36 40 -0.005185 0.000857 0.002299
37 40 -0.019486 0.004673 -0.011165
38 40 -0.015281 0.003813 -0.012040
39 40 -0.003190 0.000820 -0.004745
40 40 0.005945 -0.001511 0.002511
41 40 0.008833 -0.002271 0.005772
42 40 0.007484 -0.001937 0.005552
43 40 0.004833 -0.001257 0.003866
44 40 0.002590 -0.000677 0.002190
45 40 0.001199 -0.000314 0.001060
46 40 0.000491 -0.000129 0.000450
47 40 0.000185 -0.000049 0.000169
48 40 0.000078 -0.000021 0.000053
49 40 0.000000 0.000000 0.000000

0 41 0.000000 0.000000 0.000000
1 41 0.004998 -0.003481 0.000757
2 41 0.010125 -0.006839 0.000869
3 41 0.012995 -0.009810 0.002159
4 41 0.014569 -0.011290 0.001867
5 41 0.011656 -0.010839 0.003658
6 41 0.002450 -0.005076 0.000796
7 41 -0.009586 0.004290 0.000669
8 41 -0.031109 0.020898 -0.006917
9 41 -0.039939 0.034984 -0.010153
10 41 -0.046200 0.043811 -0.015645
11 41 -0.016931 0.032851 -0.012399
12 41 0.025179 0.001545 0.002998
13 41 0.067276 -0.036370 0.018369
14 41 0.077670 -0.060356 0.034998
15 41 0.013573 -0.043533 0.018761
16 41 -0.067201 0.001045 -0.016853
17 41 -0.111795 0.035771 -0.045782
18 41 -0.064569 0.031147 -0.042684
19 41 0.048603 -0.002882 0.010110
20 41 0.099055 -0.021944 0.050543
21 41 0.046144 -0.004135 0.033692
22 41 -0.045683 0.028589 -0.016426
23 41 -0.063147 0.028405 -0.045502
24 41 0.030037 -0.016133 -0.004190
25 41 0.076647 -0.043448 0.050532
26 41 -0.020779 -0.013651 0.017870
27 41 -0.099988 0.021758 -0.052367
28 41 -0.031969 0.013167 -0.041650
29 41 0.062647 -0.010752 0.025090
30 41 0.049422 -0.008211 0.041357
31 41 -0.018831 0.010288 -0.000164
32 41 -0.034450 0.014592 -0.025899
33 41 0.004114 0.002776 -0.007963
34 41 0.031401 -0.006796 0.017008
35 41 0.019423 -0.005126 0.017506
36 41 -0.007312 0.001622 0.000696
37 41 -0.020005 0.005194 -0.011876
38 41 -0.014347 0.003871 -0.011558
39 41 -0.002034 0.000608 -0.003900
40 41 0.006571 -0.001750 0.003041
41 41 0.008904 -0.002423 0.005867
42 41 0.007283 -0.002003 0.005401
43 41 0.004600 -0.001274 0.003667
44 41 0.002424 -0.000675 0.002039
45 41 0.001106 -0.000309 0.000972
46 41 0.000448 -0.000126 0.000408
47 41 0.000167 -0.000047 0.000152
48 41 0.000069 -0.000020 0.000047
49 41 0.000000 0.000000 0.000000

0 42 0.000000 0.000000 0.000000
1 42 -0.003034 -0.001623 0.001381
2 42 -0.005554 -0.002876 0.001096
3 42 -0.012183 -0.001953 0.000663
4 42 -0.017298 0.000460 -0.000860
5 42 -0.028399 0.006637 -0.001937
6 42 -0.036355 0.015353 -0.006079
7 42 -0.044356 0.025481 -0.007052
8 42 -0.045643 0.035631 -0.012762
9 42 -0.029035 0.036412 -0.009168
10 42 -0.005990 0.030148 -0.008129
11 42 0.044267 0.006385 0.005511
12 42 0.075393 -0.018401 0.019362
13 42 0.091390 -0.035273 0.026820
14 42 0.059160 -0.029945 0.027591
15 42 -0.020187 0.003881 -0.002246
16 42 -0.068805 0.029900 -0.026718
17 42 -0.076417 0.028068 -0.035032
18 42 -0.014243 -0.007036 -0.017024
19 42 0.061928 -0.048475 0.028915
20 42 0.039220 -0.042957 0.034934
21 42 -0.040582 0.008176 -0.006858
22 42 -0.076981 0.051342 -0.041227
23 42 -0.016898 0.040401 -0.031068
24 42 0.094522 -0.011827 0.029402
25 42 0.097306 -0.036205 0.065588
26 42 -0.035909 -0.007503 0.008653
27 42 -0.109263 0.016471 -0.060499
28 42 -0.030162 -0.000556 -0.038226
29 42 0.054489 -0.020162 0.025773
30 42 0.030921 -0.008108 0.031948
31 42 -0.028895 0.014415 -0.009036
32 42 -0.029098 0.016854 -0.025214
33 42 0.014392 0.002827 -0.001649
34 42 0.036215 -0.006713 0.021090
35 42 0.018455 -0.004129 0.017317
36 42 -0.009232 0.002809 -0.000895
37 42 -0.020018 0.005801 -0.012330
38 42 -0.012890 0.003844 -0.010731
39 42 -0.000577 0.000305 -0.002823
40 42 0.007270 -0.002022 0.003647
41 42 0.008929 -0.002564 0.005943
42 42 0.007012 -0.002041 0.005202
43 42 0.004314 -0.001267 0.003429
44 42 0.002228 -0.000659 0.001866
45 42 0.001000 -0.000297 0.000875
46 42 0.000399 -0.000119 0.000361
47 42 0.000147 -0.000044 0.000133
48 42 0.000060 -0.000018 0.000041
49 42 0.000000 0.000000 0.000000

0 43 0.000000 0.000000 0.000000
1 43 -0.004365 0.001667 0.000320
2 43 -0.007786 0.003097 0.000170
3 43 -0.014373 0.006027 -0.000941
4 43 -0.017224 0.007819 -0.001630
5 43 -0.024891 0.011442 -0.003339
6 43 -0.024004 0.011723 -0.004769
7 43 -0.025521 0.011088 -0.004816
8 43 -0.014821 0.004380 -0.005796
9 43 -0.000273 -0.008168 0.000058
10 43 0.016039 -0.022467 0.001561
11 43 0.036339 -0.038981 0.011973
12 43 0.026325 -0.037299 0.011456
13 43 0.011849 -0.021431 0.007752
14 43 -0.031991 0.016215 -0.003608
15 43 -0.061062 0.055820 -0.025982
16 43 -0.032864 0.061071 -0.022245
17 43 0.018660 0.033716 -0.006155
18 43 0.095319 -0.021958 0.026216
19 43 0.103995 -0.062103 0.053825
20 43 -0.005993 -0.041780 0.019153
21 43 -0.107746 0.005406 -0.038084
22 43 -0.113655 0.029434 -0.057976
23 43 -0.020875 0.015849 -0.029500
24 43 0.098296 -0.012344 0.035311
25 43 0.095385 -0.009750 0.062438
26 43 -0.024430 0.020351 0.005195
27 43 -0.074049 0.022058 -0.047536
28 43 -0.002674 -0.013656 -0.018332
29 43 0.044528 -0.033236 0.028422
30 43 -0.001339 -0.012310 0.015736
31 43 -0.049453 0.014755 -0.024138
32 43 -0.027857 0.016663 -0.027082
33 43 0.023620 0.002255 0.004061
34 43 0.040729 -0.005913 0.024894
35 43 0.017748 -0.002114 0.017070
36 43 -0.010259 0.004623 -0.002094
37 43 -0.018938 0.006579 -0.012130
38 43 -0.010628 0.003769 -0.009347
39 43 0.001252 -0.000060 -0.001457
40 43 0.008035 -0.002304 0.004322
41 43 0.008896 -0.002678 0.005985
42 43 0.006671 -0.002047 0.004954
43 43 0.003982 -0.001236 0.003158
44 43 0.002010 -0.000629 0.001676
45 43 0.000886 -0.000279 0.000770
46 43 0.000348 -0.000110 0.000313
47 43 0.000126 -0.000040 0.000113
48 43 0.000051 -0.000016 0.000035
49 43 0.000000 0.000000 0.000000

0 44 0.000000 0.000000 0.000000
1 44 -0.000892 0.004312 -0.003118
2 44 -0.000498 0.008017 -0.002851
3 44 -0.000187 0.011804 -0.003410
4 44 0.004669 0.013076 -0.002333
5 44 0.008672 0.013841 -0.002571
6 44 0.021152 0.008902 -0.000008
7 44 0.029639 0.002469 0.001920
8 44 0.046467 -0.011292 0.005824
9 44 0.051641 -0.024955 0.010811
10 44 0.051881 -0.038205 0.011549
11 44 0.033874 -0.044272 0.013980
12 44 -0.009288 -0.033076 0.002262
13 44 -0.050209 -0.014194 -0.008235
14 44 -0.098304 0.016749 -0.025783
15 44 -0.093970 0.032867 -0.036285
16 44 -0.040299 0.024576 -0.019594
17 44 0.029726 0.006075 0.002042
18 44 0.104658 -0.018347 0.035305
19 44 0.089071 -0.012276 0.046019
20 44 0.000612 0.021830 0.007044
21 44 -0.048646 0.028666 -0.024569
22 44 -0.051577 -0.000373 -0.027754
23 44 -0.014495 -0.035823 -0.012606
24 44 0.036179 -0.044344 0.019998
25 44 0.012708 -0.003229 0.021905
26 44 -0.048766 0.047415 -0.021486
27 44 -0.021068 0.040795 -0.030991
28 44 0.061390 -0.010667 0.018854
29 44 0.058947 -0.036375 0.044690
30 44 -0.027028 -0.015844 0.004378
31 44 -0.073940 0.009700 -0.040060
32 44 -0.034386 0.010644 -0.032345
33 44 0.025306 -0.001224 0.005634
34 44 0.040551 -0.005261 0.025509
35 44 0.015893 0.000805 0.015600
36 44 -0.010114 0.007171 -0.002858
37 44 -0.016129 0.007656 -0.010879
38 44 -0.007140 0.003757 -0.007110
39 44 0.003628 -0.000404 0.000328
40 44 0.008922 -0.002544 0.005106
41 44 0.008827 -0.002741 0.006010
42 44 0.006276 -0.002011 0.004670
43 44 0.003618 -0.001179 0.002863
44 44 0.001779 -0.000586 0.001478
45 44 0.000767 -0.000255 0.000664
46 44 0.000296 -0.000099 0.000265
47 44 0.000105 -0.000035 0.000094
48 44 0.000042 -0.000014 0.000028
49 44 0.000000 0.000000 0.000000

0 45 0.000000 0.000000 0.000000
1 45 -0.000543 0.000303 -0.003243
2 45 -0.000440 0.000316 -0.002943
3 45 0.000947 -0.000016 -0.003140
4 45 0.004577 -0.001399 -0.001921
5 45 0.009411 -0.002905 -0.001865
6 45 0.018266 -0.006259 0.000850
7 45 0.024485 -0.007723 0.001688
8 45 0.034694 -0.010452 0.005187
9 45 0.033651 -0.006863 0.006188
10 45 0.032680 -0.001580 0.006218
11 45 0.016383 0.011079 0.004922
12 45 -0.003050 0.025152 -0.003178
13 45 -0.017097 0.031021 -0.005919
14 45 -0.029437 0.027582 -0.012725
15 45 -0.008678 -0.001719 -0.007851
16 45 0.009114 -0.037008 0.004961
17 45 0.016240 -0.058251 0.009280
18 45 0.008656 -0.051533 0.013601
19 45 -0.044594 0.003399 -0.005796
20 45 -0.063147 0.060308 -0.032173
21 45 -0.004938 0.064376 -0.018786
22 45 0.057852 0.024206 0.013002
23 45 0.088257 -0.033590 0.037773
24 45 0.048006 -0.064199 0.040472
25 45 -0.073259 -0.027116 -0.010484
26 45 -0.132291 0.032833 -0.069140
27 45 -0.025735 0.038953 -0.042652
28 45 0.105674 0.000830 0.040486
29 45 0.091315 -0.018405 0.064414
30 45 -0.020604 -0.005283 0.008451
31 45 -0.077006 0.005973 -0.041932
32 45 -0.039086 -0.000750 -0.033533
33 45 0.016742 -0.009731 0.002677
34 45 0.029757 -0.006855 0.019584
35 45 0.008954 0.003397 0.010280
36 45 -0.010179 0.010000 -0.004260
37 45 -0.011626 0.009023 -0.008699
38 45 -0.002108 0.003961 -0.003846
39 45 0.006829 -0.000574 0.002709
40 45 0.010107 -0.002645 0.006117
41 45 0.008825 -0.002706 0.006090
42 45 0.005886 -0.001917 0.004392
43 45 0.003253 -0.001093 0.002571
44 45 0.001550 -0.000531 0.001283
45 45 0.000652 -0.000226 0.000561
46 45 0.000246 -0.000086 0.000219
47 45 0.000086 -0.000030 0.000077
48 45 0.000034 -0.000012 0.000023
49 45 0.000000 0.000000 0.000000

0 46 0.000000 0.000000 0.000000
1 46 0.003528 -0.004329 0.001194
2 46 0.006337 -0.008781 0.001489
3 46 0.009020 -0.013879 0.001681
4 46 0.009347 -0.018970 0.002444
5 46 0.008140 -0.024029 0.002226
6 46 0.002956 -0.027777 0.002827
7 46 -0.006949 -0.028125 0.000791
8 46 -0.019915 -0.024664 -0.000316
9 46 -0.039617 -0.012760 -0.005508
10 46 -0.053405 0.003202 -0.009549
11 46 -0.066398 0.026324 -0.014941
12 46 -0.056623 0.044838 -0.017806
13 46 -0.027794 0.053544 -0.011816
14 46 0.020423 0.045922 -0.002635
15 46 0.082309 0.014838 0.019081
16 46 0.106159 -0.018370 0.034610
17 46 0.087662 -0.044743 0.034228
18 46 0.012265 -0.047501 0.017876
19 46 -0.096810 -0.016449 -0.026198
20 46 -0.130944 0.011357 -0.056268
21 46 -0.074260 0.021807 -0.040878
22 46 0.026546 0.024518 -0.002267
23 46 0.130798 0.007978 0.048232
24 46 0.120525 -0.012638 0.069138
25 46 -0.035653 -0.007112 0.008243
26 46 -0.140674 0.003761 -0.068207
27 46 -0.060582 -0.007137 -0.053065
28 46 0.066328 -0.015518 0.022585
29 46 0.074420 0.002227 0.049540
30 46 -0.001217 0.021904 0.011158
31 46 -0.040912 0.014690 -0.023438
32 46 -0.019115 -0.008883 -0.017544
33 46 0.009010 -0.020506 0.003134
34 46 0.008508 -0.011877 0.008353
35 46 -0.007075 0.003495 -0.000933
36 46 -0.014007 0.011625 -0.008563
37 46 -0.007236 0.010131 -0.006916
38 46 0.003985 0.004383 -0.000001
39 46 0.010980 -0.000400 0.005705
40 46 0.011857 -0.002460 0.007521
41 46 0.009108 -0.002492 0.006378
42 46 0.005632 -0.001732 0.004220
43 46 0.002955 -0.000968 0.002333
44 46 0.001354 -0.000461 0.001117
45 46 0.000552 -0.000193 0.000473
46 46 0.000203 -0.000072 0.000179
47 46 0.000069 -0.000025 0.000061
48 46 0.000027 -0.000010 0.000018
49 46 0.000000 0.000000 0.000000

0 47 0.000000 0.000000 0.000000
1 47 0.004736 -0.000598 0.001086
2 47 0.008829 -0.000990 0.001319
3 47 0.012698 -0.001564 0.001718
4 47 0.014279 -0.001440 0.002255
5 47 0.014585 -0.001458 0.002485
6 47 0.010544 -0.000296 0.002703
7 47 0.003318 0.000988 0.001488
8 47 -0.008531 0.002976 0.000289
9 47 -0.024122 0.004958 -0.003549
10 47 -0.038009 0.004633 -0.006467
11 47 -0.050691 0.003183 -0.010892
12 47 -0.048596 -0.004255 -0.012323
13 47 -0.036467 -0.011993 -0.009843
14 47 -0.008759 -0.019634 -0.004637
15 47 0.025964 -0.020235 0.007305
16 47 0.044775 -0.004673 0.014277
17 47 0.050419 0.016740 0.016514
18 47 0.026625 0.038199 0.011496
19 47 -0.012524 0.039533 -0.005716
20 47 -0.026838 0.003770 -0.013678
21 47 -0.030031 -0.037785 -0.010660
22 47 -0.021753 -0.052189 -0.008024
23 47 0.012970 -0.029129 0.004323
24 47 0.026422 0.027972 0.014091
25 47 -0.001151 0.066986 0.000464
26 47 -0.010056 0.030491 -0.010707
27 47 0.012975 -0.041790 0.003197
28 47 0.011616 -0.057370 0.012783
29 47 -0.020682 -0.005769 -0.003679
30 47 -0.029105 0.039359 -0.018842
31 47 0.002666 0.031237 -0.007377
32 47 0.030603 -0.004618 0.013952
33 47 0.021236 -0.024219 0.017109
34 47 -0.009816 -0.016748 0.000982
35 47 -0.029215 0.000305 -0.014869
36 47 -0.024482 0.010084 -0.016956
37 47 -0.006582 0.009643 -0.007829
38 47 0.009024 0.004547 0.002850
39 47 0.015448 0.000117 0.008736
40 47 0.014285 -0.001858 0.009321
41 47 0.009965 -0.001990 0.007060
42 47 0.005743 -0.001396 0.004320
43 47 0.002851 -0.000778 0.002251
44 47 0.001248 -0.000368 0.001027
45 47 0.000490 -0.000152 0.000418
46 47 0.000174 -0.000057 0.000153
47 47 0.000058 -0.000019 0.000051
48 47 0.000021 -0.000007 0.000015
49 47 0.000000 0.000000 0.000000

0 48 0.000000 0.000000 0.000000
1 48 -0.005006 0.001237 -0.001099
2 48 -0.010154 0.003196 -0.001458
3 48 -0.014890 0.006049 -0.001909
4 48 -0.019665 0.010900 -0.002911
5 48 -0.022407 0.016974 -0.003650
6 48 -0.023940 0.025241 -0.004756
7 48 -0.019993 0.033198 -0.005023
8 48 -0.012447 0.040405 -0.004549
9 48 0.003543 0.042641 -0.002666
10 48 0.023640 0.037091 0.001860
11 48 0.046554 0.021912 0.006824
12 48 0.065618 -0.005080 0.014249
13 48 0.066737 -0.034708 0.017360
14 48 0.049412 -0.061181 0.016294
15 48 0.002281 -0.067494 0.006673
16 48 -0.054711 -0.044088 -0.012890
17 48 -0.092816 -0.000057 -0.028646
18 48 -0.093485 0.052738 -0.036540
19 48 -0.026421 0.076512 -0.021660
20 48 0.068064 0.047987 0.017710
21 48 0.113577 -0.007807 0.045772
22 48 0.086753 -0.062071 0.044584
23 48 -0.020611 -0.074139 0.009446
24 48 -0.141270 -0.009768 -0.052971
25 48 -0.115740 0.069147 -0.072936
26 48 0.056731 0.061687 -0.001466
27 48 0.152485 -0.015921 0.076200
28 48 0.052202 -0.057091 0.054225
29 48 -0.090974 -0.023729 -0.030581
30 48 -0.099965 0.023569 -0.064456
31 48 -0.000401 0.029849 -0.020011
32 48 0.070308 0.004944 0.033269
33 48 0.051786 -0.014503 0.038431
34 48 -0.007897 -0.013730 0.006419
35 48 -0.043637 -0.002797 -0.021923
36 48 -0.038020 0.005118 -0.025817
37 48 -0.012206 0.006159 -0.012449
38 48 0.009603 0.003398 0.002491
39 48 0.018269 0.000542 0.010307
40 48 0.016831 -0.000896 0.010992
41 48 0.011516 -0.001128 0.008156
42 48 0.006484 -0.000832 0.004868
43 48 0.003142 -0.000475 0.002472
44 48 0.001343 -0.000228 0.001100
45 48 0.000515 -0.000095 0.000437
46 48 0.000179 -0.000035 0.000157
47 48 0.000058 -0.000012 0.000051
48 48 0.000021 -0.000005 0.000014
49 48 0.000000 0.000000 0.000000

0 49 0.000000 0.000000 0.000000
1 49 0.000000 0.000000 0.000000
2 49 0.000000 0.000000 0.000000
3 49 0.000000 0.000000 0.000000
4 49 0.000000 0.000000 0.000000
5 49 0.000000 0.000000 0.000000
6 49 0.000000 0.000000 0.000000
7 49 0.000000 0.000000 0.000000
8 49 0.000000 0.000000 0.000000
9 49 0.000000 0.000000 0.000000
10 49 0.000000 0.000000 0.000000
11 49 0.000000 0.000000 0.000000
12 49 0.000000 0.000000 0.000000
13 49 0.000000 0.000000 0.000000
14 49 0.000000 0.000000 0.000000
15 49 0.000000 0.000000 0.000000
16 49 0.000000 0.000000 0.000000
17 49 0.000000 0.000000 0.000000
18 49 0.000000 0.000000 0.000000
19 49 0.000000 0.000000 0.000000
20 49 0.000000 0.000000 0.000000
21 49 0.000000 0.000000 0.000000
22 49 0.000000 0.000000 0.000000
23 49 0.000000 0.000000 0.000000
24 49 0.000000 0.000000 0.000000
25 49 0.000000 0.000000 0.000000
26 49 0.000000 0.000000 0.000000
27 49 0.000000 0.000000 0.000000
28 49 0.000000 0.000000 0.000000
29 49 0.000000 0.000000 0.000000
30 49 0.000000 0.000000 0.000000
31 49 0.000000 0.000000 0.000000
32 49 0.000000 0.000000 0.000000
33 49 0.000000 0.000000 0.000000
34 49 0.000000 0.000000 0.000000
35 49 0.000000 0.000000 0.000000
36 49 0.000000 0.000000 0.000000
37 49 0.000000 0.000000 0.000000
38 49 0.000000 0.000000 0.000000
39 49 0.000000 0.000000 0.000000
40 49 0.000000 0.000000 0.000000
41 49 0.000000 0.000000 0.000000
42 49 0.000000 0.000000 0.000000
43 49 0.000000 0.000000 0.000000
44 49 0.000000 0.000000 0.000000
45 49 0.000000 0.000000 0.000000
46 49 0.000000 0.000000 0.000000
47 49 0.000000 0.000000 0.000000
48 49 0.000000 0.000000 0.000000
49 49 0.000000 0.000000 0.000000

