#:x y Ey Bx Bz
0 0 0.000000 0.000000 0.000000
1 0 0.000000 0.000000 0.000000
2 0 0.000000 0.000000 0.000000
3 0 0.000000 0.000000 0.000000
4 0 0.000000 0.000000 0.000000
5 0 0.000000 0.000000 0.000000
6 0 0.000000 0.000000 0.000000
7 0 0.000000 0.000000 0.000000
8 0 0.000000 0.000000 0.000000
9 0 0.000000 0.000000 0.000000
10 0 0.000000 0.000000 0.000000
11 0 0.000000 0.000000 0.000000
12 0 0.000000 0.000000 0.000000
13 0 0.000000 0.000000 0.000000
14 0 0.000000 0.000000 0.000000
15 0 0.000000 0.000000 0.000000
16 0 0.000000 0.000000 0.000000
17 0 0.000000 0.000000 0.000000
18 0 0.000000 0.000000 0.000000
19 0 0.000000 0.000000 0.000000
20 0 0.000000 0.000000 0.000000
21 0 0.000000 0.000000 0.000000
22 0 0.000000 0.000000 0.000000
23 0 0.000000 0.000000 0.000000
24 0 0.000000 0.000000 0.000000
25 0 0.000000 0.000000 0.000000
26 0 0.000000 0.000000 0.000000
27 0 0.000000 0.000000 0.000000
28 0 0.000000 0.000000 0.000000
29 0 0.000000 0.000000 0.000000
30 0 0.000000 0.000000 0.000000
31 0 0.000000 0.000000 0.000000
32 0 0.000000 0.000000 0.000000
33 0 0.000000 0.000000 0.000000
34 0 0.000000 0.000000 0.000000
35 0 0.000000 0.000000 0.000000
36 0 0.000000 0.000000 0.000000
37 0 0.000000 0.000000 0.000000
38 0 0.000000 0.000000 0.000000
39 0 0.000000 0.000000 0.000000
40 0 0.000000 0.000000 0.000000
41 0 0.000000 0.000000 0.000000
42 0 0.000000 0.000000 0.000000
43 0 0.000000 0.000000 0.000000
44 0 0.000000 0.000000 0.000000
45 0 0.000000 0.000000 0.000000
46 0 0.000000 0.000000 0.000000
47 0 0.000000 0.000000 0.000000
48 0 0.000000 0.000000 0.000000
49 0 0.000000 0.000000 0.000000

0 1 0.000000 0.000000 0.000000
1 1 0.002601 0.002870 0.000114
2 1 0.003756 0.003887 0.000312
3 1 0.005052 0.004934 0.000599
4 1 0.006389 0.005925 0.000964
5 1 0.007653 0.006782 0.001382
6 1 0.008731 0.007444 0.001815
7 1 0.009524 0.007869 0.002218
8 1 0.009962 0.008036 0.002548
9 1 0.010006 0.007940 0.002766
10 1 0.009659 0.007595 0.002848
11 1 0.008956 0.007029 0.002786
12 1 0.007970 0.006282 0.002589
13 1 0.006800 0.005410 0.002287
14 1 0.005554 0.004480 0.001920
15 1 0.004340 0.003559 0.001532
16 1 0.003243 0.002708 0.001162
17 1 0.002316 0.001972 0.000839
18 1 0.001583 0.001374 0.000578
19 1 0.001035 0.000916 0.000380
20 1 0.000648 0.000585 0.000238
21 1 0.000390 0.000358 0.000143
22 1 0.000225 0.000210 0.000083
23 1 0.000125 0.000119 0.000046
24 1 0.000067 0.000065 0.000025
25 1 0.000035 0.000034 0.000013
26 1 0.000017 0.000017 0.000006
27 1 0.000008 0.000008 0.000003
28 1 0.000004 0.000004 0.000001
29 1 0.000002 0.000002 0.000001
30 1 0.000001 0.000001 0.000000
31 1 0.000000 0.000000 0.000000
32 1 0.000000 0.000000 0.000000
33 1 0.000000 0.000000 0.000000
34 1 0.000000 0.000000 0.000000
35 1 0.000000 0.000000 0.000000
36 1 0.000000 0.000000 0.000000
37 1 0.000000 0.000000 0.000000
38 1 0.000000 0.000000 0.000000
39 1 0.000000 0.000000 0.000000
40 1 0.000000 0.000000 0.000000
41 1 0.000000 0.000000 0.000000
42 1 0.000000 0.000000 0.000000
43 1 0.000000 0.000000 0.000000
44 1 0.000000 0.000000 0.000000
45 1 0.000000 0.000000 0.000000
46 1 0.000000 0.000000 0.000000
47 1 0.000000 0.000000 0.000000
48 1 0.000000 0.000000 0.000000
49 1 0.000000 0.000000 0.000000

0 2 0.000000 0.000000 0.000000
1 2 0.006235 0.008334 0.000265
2 2 0.008431 0.010730 0.000684
3 2 0.010725 0.013045 0.001248
4 2 0.012950 0.015111 0.001930
5 2 0.014944 0.016803 0.002680
6 2 0.016572 0.018035 0.003440
7 2 0.017727 0.018766 0.004146
8 2 0.018341 0.018984 0.004736
9 2 0.018379 0.018703 0.005157
10 2 0.017843 0.017951 0.005368
11 2 0.016770 0.016771 0.005348
12 2 0.015233 0.015221 0.005096
13 2 0.013343 0.013381 0.004639
14 2 0.011241 0.011357 0.004027
15 2 0.009087 0.009275 0.003331
16 2 0.007037 0.007270 0.002622
17 2 0.005213 0.005458 0.001965
18 2 0.003694 0.003920 0.001403
19 2 0.002503 0.002694 0.000955
20 2 0.001624 0.001771 0.000620
21 2 0.001009 0.001115 0.000385
22 2 0.000601 0.000673 0.000229
23 2 0.000344 0.000390 0.000131
24 2 0.000190 0.000217 0.000072
25 2 0.000101 0.000117 0.000038
26 2 0.000052 0.000060 0.000019
27 2 0.000026 0.000030 0.000010
28 2 0.000012 0.000015 0.000005
29 2 0.000006 0.000007 0.000002
30 2 0.000003 0.000003 0.000001
31 2 0.000001 0.000001 0.000000
32 2 0.000000 0.000001 0.000000
33 2 0.000000 0.000000 0.000000
34 2 0.000000 0.000000 0.000000
35 2 0.000000 0.000000 0.000000
36 2 0.000000 0.000000 0.000000
37 2 0.000000 0.000000 0.000000
38 2 0.000000 0.000000 0.000000
39 2 0.000000 0.000000 0.000000
40 2 0.000000 0.000000 0.000000
41 2 0.000000 0.000000 0.000000
42 2 0.000000 0.000000 0.000000
43 2 0.000000 0.000000 0.000000
44 2 0.000000 0.000000 0.000000
45 2 0.000000 0.000000 0.000000
46 2 0.000000 0.000000 0.000000
47 2 0.000000 0.000000 0.000000
48 2 0.000000 0.000000 0.000000
49 2 0.000000 0.000000 0.000000

0 3 0.000000 0.000000 0.000000
1 3 0.015400 0.018621 0.000639
2 3 0.019509 0.022502 0.001551
3 3 0.023452 0.025894 0.002692
4 3 0.026991 0.028635 0.003991
5 3 0.029953 0.030648 0.005362
6 3 0.032226 0.031932 0.006715
7 3 0.033750 0.032524 0.007968
8 3 0.034501 0.032484 0.009041
9 3 0.034474 0.031867 0.009868
10 3 0.033679 0.030719 0.010389
11 3 0.032135 0.029075 0.010559
12 3 0.029877 0.026956 0.010344
13 3 0.026973 0.024391 0.009740
14 3 0.023548 0.021437 0.008787
15 3 0.019800 0.018210 0.007572
16 3 0.015978 0.014883 0.006217
17 3 0.012344 0.011663 0.004858
18 3 0.009114 0.008742 0.003611
19 3 0.006429 0.006260 0.002554
20 3 0.004332 0.004282 0.001722
21 3 0.002792 0.002800 0.001107
22 3 0.001722 0.001751 0.000681
23 3 0.001018 0.001049 0.000401
24 3 0.000578 0.000603 0.000226
25 3 0.000316 0.000333 0.000123
26 3 0.000166 0.000177 0.000064
27 3 0.000084 0.000091 0.000032
28 3 0.000041 0.000045 0.000016
29 3 0.000020 0.000022 0.000007
30 3 0.000009 0.000010 0.000003
31 3 0.000004 0.000005 0.000002
32 3 0.000002 0.000002 0.000001
33 3 0.000001 0.000001 0.000000
34 3 0.000000 0.000000 0.000000
35 3 0.000000 0.000000 0.000000
36 3 0.000000 0.000000 0.000000
37 3 0.000000 0.000000 0.000000
38 3 0.000000 0.000000 0.000000
39 3 0.000000 0.000000 0.000000
40 3 0.000000 0.000000 0.000000
41 3 0.000000 0.000000 0.000000
42 3 0.000000 0.000000 0.000000
43 3 0.000000 0.000000 0.000000
44 3 0.000000 0.000000 0.000000
45 3 0.000000 0.000000 0.000000
46 3 0.000000 0.000000 0.000000
47 3 0.000000 0.000000 0.000000
48 3 0.000000 0.000000 0.000000
49 3 0.000000 0.000000 0.000000

0 4 0.000000 0.000000 0.000000
1 4 0.031829 0.033469 0.001294
2 4 0.037649 0.037644 0.002954
3 4 0.042635 0.040687 0.004864
4 4 0.046638 0.042644 0.006900
5 4 0.049642 0.043665 0.008949
6 4 0.051708 0.043937 0.010919
7 4 0.052934 0.043644 0.012736
8 4 0.053411 0.042934 0.014340
9 4 0.053201 0.041901 0.015677
10 4 0.052325 0.040593 0.016691
11 4 0.050765 0.039009 0.017322
12 4 0.048454 0.037107 0.017492
13 4 0.045304 0.034796 0.017121
14 4 0.041256 0.031969 0.016155
15 4 0.036361 0.028568 0.014613
16 4 0.030837 0.024652 0.012614
17 4 0.025050 0.020418 0.010358
18 4 0.019432 0.016163 0.008078
19 4 0.014372 0.012199 0.005982
20 4 0.010131 0.008770 0.004209
21 4 0.006810 0.006006 0.002818
22 4 0.004370 0.003922 0.001798
23 4 0.002681 0.002446 0.001096
24 4 0.001575 0.001459 0.000639
25 4 0.000888 0.000834 0.000358
26 4 0.000481 0.000458 0.000192
27 4 0.000251 0.000242 0.000099
28 4 0.000126 0.000123 0.000050
29 4 0.000061 0.000061 0.000024
30 4 0.000029 0.000029 0.000011
31 4 0.000013 0.000013 0.000005
32 4 0.000006 0.000006 0.000002
33 4 0.000003 0.000003 0.000001
34 4 0.000001 0.000001 0.000000
35 4 0.000000 0.000000 0.000000
36 4 0.000000 0.000000 0.000000
37 4 0.000000 0.000000 0.000000
38 4 0.000000 0.000000 0.000000
39 4 0.000000 0.000000 0.000000
40 4 0.000000 0.000000 0.000000
41 4 0.000000 0.000000 0.000000
42 4 0.000000 0.000000 0.000000
43 4 0.000000 0.000000 0.000000
44 4 0.000000 0.000000 0.000000
45 4 0.000000 0.000000 0.000000
46 4 0.000000 0.000000 0.000000
47 4 0.000000 0.000000 0.000000
48 4 0.000000 0.000000 0.000000
49 4 0.000000 0.000000 0.000000

0 5 0.000000 0.000000 0.000000
1 5 0.052583 0.047197 0.002114
2 5 0.057631 0.048998 0.004514
3 5 0.061046 0.049376 0.007018
4 5 0.063083 0.048759 0.009490
5 5 0.064084 0.047552 0.011846
6 5 0.064387 0.046080 0.014046
7 5 0.064273 0.044570 0.016080
8 5 0.063945 0.043162 0.017949
9 5 0.063504 0.041920 0.019644
10 5 0.062961 0.040842 0.021148
11 5 0.062259 0.039892 0.022427
12 5 0.061266 0.039014 0.023410
13 5 0.059731 0.038091 0.023956
14 5 0.057289 0.036896 0.023857
15 5 0.053567 0.035114 0.022916
16 5 0.048384 0.032469 0.021059
17 5 0.041893 0.028875 0.018401
18 5 0.034584 0.024513 0.015234
19 5 0.027138 0.019773 0.011933
20 5 0.020219 0.015125 0.008847
21 5 0.014306 0.010969 0.006215
22 5 0.009624 0.007550 0.004146
23 5 0.006167 0.004941 0.002632
24 5 0.003771 0.003080 0.001594
25 5 0.002206 0.001834 0.000923
26 5 0.001237 0.001045 0.000512
27 5 0.000666 0.000571 0.000273
28 5 0.000345 0.000300 0.000140
29 5 0.000172 0.000152 0.000069
30 5 0.000083 0.000074 0.000033
31 5 0.000039 0.000035 0.000015
32 5 0.000018 0.000016 0.000007
33 5 0.000008 0.000007 0.000003
34 5 0.000003 0.000003 0.000001
35 5 0.000001 0.000001 0.000001
36 5 0.000001 0.000001 0.000000
37 5 0.000000 0.000000 0.000000
38 5 0.000000 0.000000 0.000000
39 5 0.000000 0.000000 0.000000
40 5 0.000000 0.000000 0.000000
41 5 0.000000 0.000000 0.000000
42 5 0.000000 0.000000 0.000000
43 5 0.000000 0.000000 0.000000
44 5 0.000000 0.000000 0.000000
45 5 0.000000 0.000000 0.000000
46 5 0.000000 0.000000 0.000000
47 5 0.000000 0.000000 0.000000
48 5 0.000000 0.000000 0.000000
49 5 0.000000 0.000000 0.000000

0 6 0.000000 0.000000 0.000000
1 6 0.066857 0.050601 0.002713
2 6 0.067232 0.048250 0.005395
3 6 0.066080 0.045278 0.007897
4 6 0.064130 0.042240 0.010167
5 6 0.061969 0.039482 0.012222
6 6 0.060004 0.037171 0.014106
7 6 0.058470 0.035344 0.015874
8 6 0.057490 0.033977 0.017589
9 6 0.057099 0.033031 0.019292
10 6 0.057237 0.032435 0.020985
11 6 0.057807 0.032103 0.022673
12 6 0.058740 0.032010 0.024383
13 6 0.059932 0.032218 0.026089
14 6 0.061038 0.032724 0.027588
15 6 0.061361 0.033279 0.028474
16 6 0.060035 0.033362 0.028283
17 6 0.056417 0.032393 0.026727
18 6 0.050437 0.030029 0.023853
19 6 0.042658 0.026341 0.020040
20 6 0.034054 0.021773 0.015842
21 6 0.025662 0.016944 0.011799
22 6 0.018280 0.012429 0.008298
23 6 0.012336 0.008613 0.005526
24 6 0.007907 0.005655 0.003495
25 6 0.004827 0.003528 0.002106
26 6 0.002814 0.002097 0.001212
27 6 0.001570 0.001192 0.000668
28 6 0.000841 0.000649 0.000353
29 6 0.000433 0.000339 0.000180
30 6 0.000215 0.000171 0.000088
31 6 0.000103 0.000083 0.000042
32 6 0.000048 0.000039 0.000019
33 6 0.000022 0.000018 0.000009
34 6 0.000009 0.000008 0.000004
35 6 0.000004 0.000003 0.000002
36 6 0.000002 0.000001 0.000001
37 6 0.000001 0.000001 0.000000
38 6 0.000000 0.000000 0.000000
39 6 0.000000 0.000000 0.000000
40 6 0.000000 0.000000 0.000000
41 6 0.000000 0.000000 0.000000
42 6 0.000000 0.000000 0.000000
43 6 0.000000 0.000000 0.000000
44 6 0.000000 0.000000 0.000000
45 6 0.000000 0.000000 0.000000
46 6 0.000000 0.000000 0.000000
47 6 0.000000 0.000000 0.000000
48 6 0.000000 0.000000 0.000000
49 6 0.000000 0.000000 0.000000

0 7 0.000000 0.000000 0.000000
1 7 0.062948 0.041273 0.002706
2 7 0.057800 0.036909 0.005041
3 7 0.052778 0.033280 0.007023
4 7 0.048485 0.030503 0.008731
5 7 0.045191 0.028509 0.010270
6 7 0.042955 0.027173 0.011734
7 7 0.041675 0.026332 0.013169
8 7 0.041202 0.025812 0.014623
9 7 0.041449 0.025516 0.016157
10 7 0.042313 0.025401 0.017766
11 7 0.043600 0.025346 0.019382
12 7 0.045208 0.025191 0.021031
13 7 0.047354 0.024997 0.022921
14 7 0.050394 0.025138 0.025254
15 7 0.054247 0.025993 0.027886
16 7 0.058014 0.027506 0.030199
17 7 0.060203 0.029042 0.031346
18 7 0.059459 0.029690 0.030689
19 7 0.055247 0.028753 0.028110
20 7 0.048059 0.026088 0.024035
21 7 0.039118 0.022096 0.019206
22 7 0.029851 0.017484 0.014385
23 7 0.021421 0.012963 0.010134
24 7 0.014506 0.009038 0.006742
25 7 0.009303 0.005950 0.004250
26 7 0.005670 0.003712 0.002549
27 7 0.003294 0.002203 0.001458
28 7 0.001830 0.001248 0.000798
29 7 0.000975 0.000676 0.000419
30 7 0.000499 0.000352 0.000212
31 7 0.000246 0.000176 0.000103
32 7 0.000117 0.000085 0.000049
33 7 0.000054 0.000040 0.000022
34 7 0.000024 0.000018 0.000010
35 7 0.000010 0.000008 0.000004
36 7 0.000004 0.000003 0.000002
37 7 0.000002 0.000001 0.000001
38 7 0.000001 0.000001 0.000000
39 7 0.000000 0.000000 0.000000
40 7 0.000000 0.000000 0.000000
41 7 0.000000 0.000000 0.000000
42 7 0.000000 0.000000 0.000000
43 7 0.000000 0.000000 0.000000
44 7 0.000000 0.000000 0.000000
45 7 0.000000 0.000000 0.000000
46 7 0.000000 0.000000 0.000000
47 7 0.000000 0.000000 0.000000
48 7 0.000000 0.000000 0.000000
49 7 0.000000 0.000000 0.000000

0 8 0.000000 0.000000 0.000000
1 8 0.044321 0.029675 0.002225
2 8 0.038419 0.026878 0.004028
3 8 0.034213 0.024952 0.005565
4 8 0.031543 0.023664 0.006953
5 8 0.030103 0.022817 0.008282
6 8 0.029655 0.022325 0.009655
7 8 0.029994 0.022188 0.011095
8 8 0.030826 0.022307 0.012553
9 8 0.031986 0.022537 0.014076
10 8 0.033535 0.022917 0.015758
11 8 0.035346 0.023492 0.017461
12 8 0.036903 0.023946 0.018864
13 8 0.037915 0.023755 0.019939
14 8 0.039028 0.022844 0.021217
15 8 0.041520 0.021893 0.023394
16 8 0.046098 0.021838 0.026602
17 8 0.051959 0.023044 0.030089
18 8 0.057021 0.024949 0.032579
19 8 0.059066 0.026413 0.032984
20 8 0.056894 0.026420 0.030936
21 8 0.050755 0.024578 0.026855
22 8 0.042003 0.021185 0.021644
23 8 0.032373 0.016952 0.016270
24 8 0.023350 0.012647 0.011464
25 8 0.015838 0.008841 0.007607
26 8 0.010147 0.005820 0.004776
27 8 0.006167 0.003623 0.002848
28 8 0.003568 0.002143 0.001619
29 8 0.001972 0.001208 0.000880
30 8 0.001045 0.000651 0.000459
31 8 0.000532 0.000337 0.000230
32 8 0.000261 0.000168 0.000111
33 8 0.000123 0.000080 0.000052
34 8 0.000056 0.000037 0.000023
35 8 0.000025 0.000017 0.000010
36 8 0.000011 0.000007 0.000004
37 8 0.000005 0.000003 0.000002
38 8 0.000002 0.000001 0.000001
39 8 0.000001 0.000001 0.000000
40 8 0.000000 0.000000 0.000000
41 8 0.000000 0.000000 0.000000
42 8 0.000000 0.000000 0.000000
43 8 0.000000 0.000000 0.000000
44 8 0.000000 0.000000 0.000000
45 8 0.000000 0.000000 0.000000
46 8 0.000000 0.000000 0.000000
47 8 0.000000 0.000000 0.000000
48 8 0.000000 0.000000 0.000000
49 8 0.000000 0.000000 0.000000

0 9 0.000000 0.000000 0.000000
1 9 0.028643 0.023318 0.001777
2 9 0.025438 0.020707 0.003222
3 9 0.023285 0.018160 0.004451
4 9 0.021931 0.015903 0.005576
5 9 0.021209 0.014150 0.006627
6 9 0.021069 0.012954 0.007728
7 9 0.021740 0.012474 0.009074
8 9 0.023213 0.012818 0.010598
9 9 0.025090 0.013679 0.012158
10 9 0.027380 0.014766 0.013987
11 9 0.030560 0.016341 0.016366
12 9 0.034337 0.018662 0.018877
13 9 0.037200 0.021096 0.020580
14 9 0.037949 0.022410 0.021130
15 9 0.037367 0.022029 0.021390
16 9 0.037862 0.020721 0.022742
17 9 0.041348 0.019923 0.025807
18 9 0.047509 0.020506 0.029829
19 9 0.053921 0.022152 0.033163
20 9 0.057637 0.023709 0.034297
21 9 0.056832 0.024023 0.032618
22 9 0.051481 0.022571 0.028528
23 9 0.042977 0.019568 0.023050
24 9 0.033253 0.015692 0.017309
25 9 0.023993 0.011699 0.012152
26 9 0.016238 0.008155 0.008021
27 9 0.010362 0.005344 0.005003
28 9 0.006265 0.003309 0.002961
29 9 0.003603 0.001945 0.001670
30 9 0.001978 0.001089 0.000901
31 9 0.001040 0.000583 0.000466
32 9 0.000526 0.000299 0.000232
33 9 0.000256 0.000148 0.000111
34 9 0.000120 0.000070 0.000051
35 9 0.000055 0.000032 0.000023
36 9 0.000024 0.000014 0.000010
37 9 0.000010 0.000006 0.000004
38 9 0.000004 0.000003 0.000002
39 9 0.000002 0.000001 0.000001
40 9 0.000001 0.000000 0.000000
41 9 0.000000 0.000000 0.000000
42 9 0.000000 0.000000 0.000000
43 9 0.000000 0.000000 0.000000
44 9 0.000000 0.000000 0.000000
45 9 0.000000 0.000000 0.000000
46 9 0.000000 0.000000 0.000000
47 9 0.000000 0.000000 0.000000
48 9 0.000000 0.000000 0.000000
49 9 0.000000 0.000000 0.000000

0 10 0.000000 0.000000 0.000000
1 10 0.017895 0.011776 0.001270
2 10 0.012967 0.006104 0.002029
3 10 0.008327 0.001356 0.002348
4 10 0.004494 -0.002117 0.002519
5 10 0.001965 -0.004059 0.002708
6 10 0.000610 -0.004718 0.002904
7 10 0.000525 -0.004521 0.003489
8 10 0.002248 -0.003327 0.004795
9 10 0.005318 -0.001164 0.006382
10 10 0.008626 0.001116 0.007915
11 10 0.012573 0.003035 0.010144
12 10 0.018731 0.005461 0.013859
13 10 0.026865 0.009351 0.018279
14 10 0.034000 0.014051 0.021496
15 10 0.037309 0.017674 0.022532
16 10 0.037199 0.019015 0.022444
17 10 0.036962 0.018641 0.023267
18 10 0.039680 0.018163 0.026116
19 10 0.045651 0.018723 0.030296
20 10 0.052396 0.020212 0.033926
21 10 0.056608 0.021605 0.035243
22 10 0.056172 0.021831 0.033531
23 10 0.050977 0.020417 0.029234
24 10 0.042486 0.017589 0.023487
25 10 0.032734 0.013998 0.017506
26 10 0.023478 0.010348 0.012185
27 10 0.015776 0.007148 0.007969
28 10 0.009988 0.004641 0.004922
29 10 0.005987 0.002846 0.002885
30 10 0.003413 0.001657 0.001611
31 10 0.001858 0.000919 0.000860
32 10 0.000968 0.000487 0.000440
33 10 0.000485 0.000248 0.000217
34 10 0.000234 0.000121 0.000103
35 10 0.000109 0.000057 0.000047
36 10 0.000049 0.000026 0.000021
37 10 0.000021 0.000012 0.000009
38 10 0.000009 0.000005 0.000004
39 10 0.000004 0.000002 0.000002
40 10 0.000002 0.000001 0.000001
41 10 0.000001 0.000000 0.000000
42 10 0.000000 0.000000 0.000000
43 10 0.000000 0.000000 0.000000
44 10 0.000000 0.000000 0.000000
45 10 0.000000 0.000000 0.000000
46 10 0.000000 0.000000 0.000000
47 10 0.000000 0.000000 0.000000
48 10 0.000000 0.000000 0.000000
49 10 0.000000 0.000000 0.000000

0 11 0.000000 0.000000 0.000000
1 11 -0.005819 -0.009546 0.000099
2 11 -0.014408 -0.014861 -0.000484
3 11 -0.020717 -0.017801 -0.001514
4 11 -0.024847 -0.018968 -0.002652
5 11 -0.026482 -0.018685 -0.003276
6 11 -0.025962 -0.017006 -0.003580
7 11 -0.024621 -0.014825 -0.003796
8 11 -0.022117 -0.012644 -0.003034
9 11 -0.017346 -0.009654 -0.001014
10 11 -0.011839 -0.005815 0.000880
11 11 -0.007890 -0.002736 0.002001
12 11 -0.004136 -0.001216 0.004037
13 11 0.003135 0.000280 0.008693
14 11 0.014453 0.003596 0.014965
15 11 0.025677 0.008432 0.019998
16 11 0.032423 0.012749 0.022200
17 11 0.034494 0.015050 0.022698
18 11 0.035493 0.015662 0.023885
19 11 0.038966 0.015985 0.027054
20 11 0.045381 0.017004 0.031434
21 11 0.052212 0.018570 0.035012
22 11 0.056154 0.019771 0.036012
23 11 0.055244 0.019737 0.033840
24 11 0.049597 0.018177 0.029106
25 11 0.040846 0.015407 0.023057
26 11 0.031084 0.012066 0.016945
27 11 0.022017 0.008782 0.011632
28 11 0.014611 0.005977 0.007504
29 11 0.009138 0.003826 0.004574
30 11 0.005413 0.002315 0.002647
31 11 0.003050 0.001330 0.001460
32 11 0.001642 0.000728 0.000770
33 11 0.000846 0.000382 0.000390
34 11 0.000419 0.000192 0.000190
35 11 0.000200 0.000093 0.000089
36 11 0.000092 0.000043 0.000041
37 11 0.000041 0.000020 0.000018
38 11 0.000018 0.000009 0.000008
39 11 0.000007 0.000004 0.000003
40 11 0.000003 0.000002 0.000001
41 11 0.000001 0.000001 0.000001
42 11 0.000000 0.000000 0.000000
43 11 0.000000 0.000000 0.000000
44 11 0.000000 0.000000 0.000000
45 11 0.000000 0.000000 0.000000
46 11 0.000000 0.000000 0.000000
47 11 0.000000 0.000000 0.000000
48 11 0.000000 0.000000 0.000000
49 11 0.000000 0.000000 0.000000

0 12 0.000000 0.000000 0.000000
1 12 -0.036323 -0.025393 -0.001445
2 12 -0.041843 -0.027990 -0.003411
3 12 -0.044188 -0.029047 -0.005303
4 12 -0.044666 -0.028870 -0.007333
5 12 -0.044076 -0.028211 -0.008779
6 12 -0.041257 -0.026469 -0.008954
7 12 -0.037393 -0.023357 -0.009072
8 12 -0.034500 -0.020371 -0.009276
9 12 -0.030352 -0.017705 -0.007568
10 12 -0.022696 -0.013571 -0.003953
11 12 -0.014910 -0.007941 -0.001264
12 12 -0.011115 -0.003320 -0.000528
13 12 -0.009140 -0.001093 0.000938
14 12 -0.003302 0.000304 0.005648
15 12 0.007757 0.002939 0.012459
16 12 0.019533 0.006799 0.018091
17 12 0.027261 0.010270 0.020901
18 12 0.030753 0.012255 0.022203
19 12 0.033534 0.013151 0.024357
20 12 0.038669 0.014042 0.028320
21 12 0.046017 0.015482 0.032969
22 12 0.052785 0.017087 0.036208
23 12 0.055893 0.018009 0.036474
24 12 0.053892 0.017615 0.033508
25 12 0.047379 0.015841 0.028185
26 12 0.038230 0.013110 0.021858
27 12 0.028532 0.010035 0.015745
28 12 0.019842 0.007150 0.010607
29 12 0.012943 0.004770 0.006723
30 12 0.007964 0.002997 0.004030
31 12 0.004646 0.001783 0.002296
32 12 0.002580 0.001008 0.001248
33 12 0.001370 0.000544 0.000649
34 12 0.000697 0.000281 0.000324
35 12 0.000341 0.000139 0.000156
36 12 0.000161 0.000067 0.000072
37 12 0.000073 0.000031 0.000032
38 12 0.000032 0.000014 0.000014
39 12 0.000014 0.000006 0.000006
40 12 0.000006 0.000002 0.000002
41 12 0.000002 0.000001 0.000001
42 12 0.000001 0.000000 0.000000
43 12 0.000000 0.000000 0.000000
44 12 0.000000 0.000000 0.000000
45 12 0.000000 0.000000 0.000000
46 12 0.000000 0.000000 0.000000
47 12 0.000000 0.000000 0.000000
48 12 0.000000 0.000000 0.000000
49 12 0.000000 0.000000 0.000000

0 13 0.000000 0.000000 0.000000
1 13 -0.054262 -0.038626 -0.002827
2 13 -0.057757 -0.042594 -0.006326
3 13 -0.060076 -0.045096 -0.009439
4 13 -0.060504 -0.045295 -0.012227
5 13 -0.061017 -0.044003 -0.015318
6 13 -0.060446 -0.042225 -0.016745
7 13 -0.056110 -0.038638 -0.016277
8 13 -0.051372 -0.033524 -0.016546
9 13 -0.048765 -0.029399 -0.016883
10 13 -0.043419 -0.026159 -0.013922
11 13 -0.032262 -0.021279 -0.008274
12 13 -0.020672 -0.014538 -0.004008
13 13 -0.014147 -0.008398 -0.002210
14 13 -0.010307 -0.004230 0.000222
15 13 -0.003409 -0.000977 0.005571
16 13 0.007425 0.002626 0.012282
17 13 0.017908 0.006310 0.017365
18 13 0.024550 0.009033 0.020001
19 13 0.028307 0.010504 0.021954
20 13 0.032622 0.011440 0.025237
21 13 0.039446 0.012664 0.030048
22 13 0.047523 0.014290 0.034741
23 13 0.053712 0.015724 0.037240
24 13 0.055380 0.016219 0.036397
25 13 0.051838 0.015403 0.032425
26 13 0.044268 0.013427 0.026489
27 13 0.034760 0.010782 0.019995
28 13 0.025298 0.008024 0.014048
29 13 0.017190 0.005570 0.009249
30 13 0.010975 0.003628 0.005739
31 13 0.006621 0.002230 0.003374
32 13 0.003792 0.001300 0.001887
33 13 0.002070 0.000721 0.001008
34 13 0.001081 0.000382 0.000516
35 13 0.000542 0.000194 0.000254
36 13 0.000262 0.000095 0.000120
37 13 0.000122 0.000045 0.000055
38 13 0.000055 0.000020 0.000024
39 13 0.000024 0.000009 0.000011
40 13 0.000010 0.000004 0.000004
41 13 0.000004 0.000002 0.000002
42 13 0.000002 0.000001 0.000001
43 13 0.000001 0.000000 0.000000
44 13 0.000000 0.000000 0.000000
45 13 0.000000 0.000000 0.000000
46 13 0.000000 0.000000 0.000000
47 13 0.000000 0.000000 0.000000
48 13 0.000000 0.000000 0.000000
49 13 0.000000 0.000000 0.000000

0 14 0.000000 0.000000 0.000000
1 14 -0.075837 -0.059024 -0.004728
2 14 -0.081234 -0.061292 -0.010103
3 14 -0.085190 -0.060935 -0.015526
4 14 -0.085648 -0.058561 -0.019131
5 14 -0.083469 -0.053864 -0.022628
6 14 -0.082575 -0.049102 -0.026132
7 14 -0.079310 -0.044922 -0.026377
8 14 -0.071319 -0.039234 -0.024716
9 14 -0.064948 -0.032675 -0.024821
10 14 -0.062213 -0.027834 -0.024815
11 14 -0.056311 -0.024443 -0.020946
12 14 -0.044397 -0.020393 -0.014605
13 14 -0.031973 -0.015415 -0.009565
14 14 -0.023057 -0.010716 -0.005908
15 14 -0.014918 -0.006594 -0.000902
16 14 -0.004054 -0.002397 0.006156
17 14 0.008138 0.001937 0.012923
18 14 0.017674 0.005564 0.017270
19 14 0.023266 0.007847 0.019729
20 14 0.027465 0.009115 0.022506
21 14 0.033414 0.010231 0.026948
22 14 0.041629 0.011701 0.032314
23 14 0.049737 0.013294 0.036536
24 14 0.054544 0.014345 0.037796
25 14 0.054174 0.014310 0.035544
26 14 0.048834 0.013086 0.030508
27 14 0.040252 0.010988 0.024077
28 14 0.030596 0.008519 0.017609
29 14 0.021618 0.006138 0.012021
30 14 0.014298 0.004136 0.007708
31 14 0.008906 0.002622 0.004669
32 14 0.005252 0.001572 0.002684
33 14 0.002945 0.000896 0.001471
34 14 0.001577 0.000486 0.000771
35 14 0.000809 0.000253 0.000388
36 14 0.000399 0.000126 0.000188
37 14 0.000189 0.000061 0.000088
38 14 0.000087 0.000028 0.000039
39 14 0.000039 0.000013 0.000017
40 14 0.000017 0.000005 0.000007
41 14 0.000007 0.000002 0.000003
42 14 0.000003 0.000001 0.000001
43 14 0.000001 0.000000 0.000000
44 14 0.000000 0.000000 0.000000
45 14 0.000000 0.000000 0.000000
46 14 0.000000 0.000000 0.000000
47 14 0.000000 0.000000 0.000000
48 14 0.000000 0.000000 0.000000
49 14 0.000000 0.000000 0.000000

0 15 0.000000 0.000000 0.000000
1 15 -0.099737 -0.070171 -0.007173
2 15 -0.100088 -0.069150 -0.013823
3 15 -0.098644 -0.066149 -0.020782
4 15 -0.097172 -0.062948 -0.026001
5 15 -0.092159 -0.058779 -0.028607
6 15 -0.087442 -0.053191 -0.031928
7 15 -0.085778 -0.048290 -0.034416
8 15 -0.080721 -0.043915 -0.032906
9 15 -0.071469 -0.038274 -0.030251
10 15 -0.064573 -0.031843 -0.029179
11 15 -0.060203 -0.025988 -0.027206
12 15 -0.053239 -0.020741 -0.022498
13 15 -0.043635 -0.015910 -0.017258
14 15 -0.035033 -0.011926 -0.013098
15 15 -0.027191 -0.008743 -0.008269
16 15 -0.016731 -0.005476 -0.001051
17 15 -0.003354 -0.001617 0.007155
18 15 0.009111 0.002228 0.013542
19 15 0.017487 0.005122 0.017269
20 15 0.022696 0.006865 0.020073
21 15 0.028148 0.008066 0.024051
22 15 0.035923 0.009397 0.029521
23 15 0.044934 0.010956 0.034872
24 15 0.052092 0.012282 0.037956
25 15 0.054672 0.012799 0.037522
26 15 0.051854 0.012226 0.033728
27 15 0.044741 0.010697 0.027754
28 15 0.035428 0.008612 0.021077
29 15 0.025966 0.006422 0.014886
30 15 0.017751 0.004466 0.009844
31 15 0.011394 0.002914 0.006133
32 15 0.006906 0.001794 0.003617
33 15 0.003972 0.001047 0.002030
34 15 0.002176 0.000581 0.001087
35 15 0.001141 0.000309 0.000558
36 15 0.000574 0.000157 0.000275
37 15 0.000277 0.000077 0.000131
38 15 0.000129 0.000036 0.000060
39 15 0.000058 0.000017 0.000027
40 15 0.000026 0.000007 0.000011
41 15 0.000011 0.000003 0.000005
42 15 0.000004 0.000001 0.000002
43 15 0.000002 0.000001 0.000001
44 15 0.000001 0.000000 0.000000
45 15 0.000000 0.000000 0.000000
46 15 0.000000 0.000000 0.000000
47 15 0.000000 0.000000 0.000000
48 15 0.000000 0.000000 0.000000
49 15 0.000000 0.000000 0.000000

0 16 0.000000 0.000000 0.000000
1 16 -0.105738 -0.079054 -0.009438
2 16 -0.105062 -0.078875 -0.017931
3 16 -0.103075 -0.076085 -0.025446
4 16 -0.103024 -0.071479 -0.032755
5 16 -0.102498 -0.066526 -0.036955
6 16 -0.098480 -0.060708 -0.039291
7 16 -0.095623 -0.054191 -0.042025
8 16 -0.093661 -0.048074 -0.042726
9 16 -0.088186 -0.042564 -0.040697
10 16 -0.080631 -0.037532 -0.038254
11 16 -0.073085 -0.032679 -0.034994
12 16 -0.063402 -0.027207 -0.029304
13 16 -0.051534 -0.021005 -0.022830
14 16 -0.041387 -0.015239 -0.017990
15 16 -0.034027 -0.010835 -0.013753
16 16 -0.025599 -0.007339 -0.007412
17 16 -0.013363 -0.003820 0.001102
18 16 0.000283 -0.000191 0.009043
19 16 0.011069 0.002861 0.014329
20 16 0.017905 0.004887 0.017700
21 16 0.023459 0.006190 0.021421
22 16 0.030726 0.007405 0.026722
23 16 0.039976 0.008834 0.032700
24 16 0.048709 0.010230 0.037217
25 16 0.053783 0.011078 0.038500
26 16 0.053474 0.011006 0.036107
27 16 0.048139 0.009995 0.030880
28 16 0.039590 0.008328 0.024280
29 16 0.030019 0.006408 0.017693
30 16 0.021158 0.004585 0.012038
31 16 0.013961 0.003071 0.007696
32 16 0.008678 0.001936 0.004648
33 16 0.005107 0.001155 0.002665
34 16 0.002859 0.000655 0.001457
35 16 0.001528 0.000354 0.000762
36 16 0.000783 0.000183 0.000382
37 16 0.000385 0.000091 0.000185
38 16 0.000183 0.000044 0.000086
39 16 0.000084 0.000020 0.000039
40 16 0.000037 0.000009 0.000017
41 16 0.000016 0.000004 0.000007
42 16 0.000007 0.000002 0.000003
43 16 0.000003 0.000001 0.000001
44 16 0.000001 0.000000 0.000000
45 16 0.000000 0.000000 0.000000
46 16 0.000000 0.000000 0.000000
47 16 0.000000 0.000000 0.000000
48 16 0.000000 0.000000 0.000000
49 16 0.000000 0.000000 0.000000

0 17 0.000000 0.000000 0.000000
1 17 -0.114749 -0.089046 -0.011918
2 17 -0.114270 -0.084206 -0.023000
3 17 -0.112187 -0.077468 -0.031628
4 17 -0.109331 -0.070000 -0.038965
5 17 -0.107530 -0.062517 -0.044316
6 17 -0.104651 -0.055667 -0.047214
7 17 -0.101245 -0.049803 -0.049154
8 17 -0.097707 -0.044252 -0.049263
9 17 -0.092292 -0.038106 -0.047317
10 17 -0.086985 -0.032133 -0.045700
11 17 -0.083460 -0.027696 -0.044002
12 17 -0.077546 -0.024370 -0.039176
13 17 -0.066214 -0.020731 -0.031578
14 17 -0.053308 -0.016545 -0.024666
15 17 -0.043112 -0.012600 -0.019350
16 17 -0.034007 -0.009155 -0.013136
17 17 -0.022184 -0.005750 -0.004588
18 17 -0.007962 -0.002221 0.004392
19 17 0.004672 0.000923 0.011136
20 17 0.013238 0.003163 0.015360
21 17 0.019309 0.004582 0.019072
22 17 0.026191 0.005718 0.024123
23 17 0.035299 0.006982 0.030367
24 17 0.044962 0.008314 0.035920
25 17 0.051988 0.009307 0.038695
26 17 0.053967 0.009572 0.037710
27 17 0.050503 0.008986 0.033398
28 17 0.042995 0.007720 0.027100
29 17 0.033621 0.006109 0.020317
30 17 0.024361 0.004484 0.014183
31 17 0.016482 0.003074 0.009281
32 17 0.010481 0.001979 0.005727
33 17 0.006298 0.001204 0.003349
34 17 0.003594 0.000695 0.001864
35 17 0.001956 0.000383 0.000991
36 17 0.001018 0.000201 0.000505
37 17 0.000509 0.000102 0.000248
38 17 0.000245 0.000049 0.000117
39 17 0.000114 0.000023 0.000053
40 17 0.000051 0.000010 0.000024
41 17 0.000022 0.000005 0.000010
42 17 0.000009 0.000002 0.000004
43 17 0.000004 0.000001 0.000002
44 17 0.000002 0.000000 0.000001
45 17 0.000001 0.000000 0.000000
46 17 0.000000 0.000000 0.000000
47 17 0.000000 0.000000 0.000000
48 17 0.000000 0.000000 0.000000
49 17 0.000000 0.000000 0.000000

0 18 0.000000 0.000000 0.000000
1 18 -0.111632 -0.086767 -0.014527
2 18 -0.105343 -0.080590 -0.026935
3 18 -0.100977 -0.073491 -0.036544
4 18 -0.099121 -0.066793 -0.044279
5 18 -0.098851 -0.060964 -0.049390
6 18 -0.097547 -0.054859 -0.052087
7 18 -0.097281 -0.048832 -0.054840
8 18 -0.098250 -0.044149 -0.056068
9 18 -0.094927 -0.039980 -0.053412
10 18 -0.087472 -0.034955 -0.049688
11 18 -0.081663 -0.029448 -0.047266
12 18 -0.077299 -0.024311 -0.043687
13 18 -0.069703 -0.019588 -0.037233
14 18 -0.059187 -0.015273 -0.030250
15 18 -0.049672 -0.011719 -0.024590
16 18 -0.041185 -0.008900 -0.018544
17 18 -0.030194 -0.006216 -0.010092
18 18 -0.015863 -0.003290 -0.000362
19 18 -0.001765 -0.000443 0.007733
20 18 0.008582 0.001770 0.012999
21 18 0.015544 0.003225 0.016964
22 18 0.022302 0.004294 0.021818
23 18 0.031135 0.005392 0.028113
24 18 0.041268 0.006584 0.034362
25 18 0.049729 0.007587 0.038353
26 18 0.053658 0.008040 0.038668
27 18 0.051990 0.007769 0.035326
28 18 0.045647 0.006856 0.029478
29 18 0.036687 0.005559 0.022663
30 18 0.027244 0.004172 0.016184
31 18 0.018846 0.002918 0.010812
32 18 0.012227 0.001915 0.006799
33 18 0.007485 0.001185 0.004046
34 18 0.004344 0.000695 0.002288
35 18 0.002401 0.000388 0.001235
36 18 0.001269 0.000207 0.000639
37 18 0.000643 0.000106 0.000317
38 18 0.000313 0.000052 0.000152
39 18 0.000147 0.000025 0.000070
40 18 0.000067 0.000011 0.000031
41 18 0.000029 0.000005 0.000014
42 18 0.000013 0.000002 0.000006
43 18 0.000005 0.000001 0.000002
44 18 0.000002 0.000000 0.000001
45 18 0.000001 0.000000 0.000000
46 18 0.000000 0.000000 0.000000
47 18 0.000000 0.000000 0.000000
48 18 0.000000 0.000000 0.000000
49 18 0.000000 0.000000 0.000000

0 19 0.000000 0.000000 0.000000
1 19 -0.095363 -0.088682 -0.017370
2 19 -0.092006 -0.079859 -0.031626
3 19 -0.091345 -0.070212 -0.041550
4 19 -0.092354 -0.060814 -0.049530
5 19 -0.096538 -0.052975 -0.055849
6 19 -0.098960 -0.046913 -0.058439
7 19 -0.098581 -0.041377 -0.059944
8 19 -0.099933 -0.036070 -0.061733
9 19 -0.100910 -0.031460 -0.061036
10 19 -0.097870 -0.027739 -0.058047
11 19 -0.093070 -0.024865 -0.054957
12 19 -0.087513 -0.022317 -0.050559
13 19 -0.078297 -0.019257 -0.043230
14 19 -0.065912 -0.015544 -0.035082
15 19 -0.054786 -0.011912 -0.028619
16 19 -0.046022 -0.008912 -0.022663
17 19 -0.035934 -0.006323 -0.014606
18 19 -0.022213 -0.003739 -0.004633
19 19 -0.007463 -0.001233 0.004439
20 19 0.004260 0.000793 0.010702
21 19 0.012175 0.002166 0.015073
22 19 0.019015 0.003129 0.019832
23 19 0.027578 0.004049 0.026077
24 19 0.037895 0.005057 0.032766
25 19 0.047358 0.005971 0.037700
26 19 0.052863 0.006491 0.039141
27 19 0.052797 0.006427 0.036732
28 19 0.047616 0.005802 0.031400
29 19 0.039190 0.004803 0.024671
30 19 0.029727 0.003673 0.017966
31 19 0.020959 0.002613 0.012218
32 19 0.013836 0.001742 0.007809
33 19 0.008605 0.001093 0.004716
34 19 0.005068 0.000650 0.002705
35 19 0.002839 0.000367 0.001479
36 19 0.001519 0.000198 0.000774
37 19 0.000779 0.000102 0.000389
38 19 0.000384 0.000051 0.000188
39 19 0.000182 0.000024 0.000088
40 19 0.000084 0.000011 0.000039
41 19 0.000037 0.000005 0.000017
42 19 0.000016 0.000002 0.000007
43 19 0.000007 0.000001 0.000003
44 19 0.000003 0.000000 0.000001
45 19 0.000001 0.000000 0.000000
46 19 0.000000 0.000000 0.000000
47 19 0.000000 0.000000 0.000000
48 19 0.000000 0.000000 0.000000
49 19 0.000000 0.000000 0.000000

0 20 0.000000 0.000000 0.000000
1 20 -0.076462 -0.080158 -0.020682
2 20 -0.069966 -0.066578 -0.035907
3 20 -0.069882 -0.055289 -0.045958
4 20 -0.072392 -0.047452 -0.052620
5 20 -0.077545 -0.041799 -0.058090
6 20 -0.083679 -0.037155 -0.061378
7 20 -0.088194 -0.033491 -0.063236
8 20 -0.091876 -0.030792 -0.064366
9 20 -0.092999 -0.027956 -0.062849
10 20 -0.090241 -0.024126 -0.059534
11 20 -0.087522 -0.020008 -0.057171
12 20 -0.086180 -0.016653 -0.054424
13 20 -0.081517 -0.014036 -0.048360
14 20 -0.071579 -0.011636 -0.040149
15 20 -0.060526 -0.009378 -0.032923
16 20 -0.051240 -0.007409 -0.026578
17 20 -0.041240 -0.005572 -0.018568
18 20 -0.027725 -0.003605 -0.008385
19 20 -0.012445 -0.001583 0.001454
20 20 0.000425 0.000139 0.008603
21 20 0.009270 0.001347 0.013437
22 20 0.016324 0.002175 0.018186
23 20 0.024676 0.002916 0.024350
24 20 0.035015 0.003717 0.031298
25 20 0.045142 0.004479 0.036929
26 20 0.051858 0.004970 0.039289
27 20 0.053133 0.005020 0.037705
28 20 0.049009 0.004616 0.032888
29 20 0.041145 0.003886 0.026311
30 20 0.031766 0.003017 0.019475
31 20 0.022756 0.002177 0.013441
32 20 0.015239 0.001469 0.008707
33 20 0.009603 0.000933 0.005324
34 20 0.005724 0.000561 0.003088
35 20 0.003243 0.000320 0.001707
36 20 0.001753 0.000174 0.000902
37 20 0.000908 0.000091 0.000457
38 20 0.000451 0.000045 0.000223
39 20 0.000216 0.000022 0.000105
40 20 0.000100 0.000010 0.000048
41 20 0.000045 0.000005 0.000021
42 20 0.000019 0.000002 0.000009
43 20 0.000008 0.000001 0.000004
44 20 0.000003 0.000000 0.000001
45 20 0.000001 0.000000 0.000001
46 20 0.000001 0.000000 0.000000
47 20 0.000000 0.000000 0.000000
48 20 0.000000 0.000000 0.000000
49 20 0.000000 0.000000 0.000000

0 21 0.000000 0.000000 0.000000
1 21 -0.033732 -0.074236 -0.024986
2 21 -0.032858 -0.057553 -0.040072
3 21 -0.041384 -0.045459 -0.049041
4 21 -0.053381 -0.037274 -0.055645
5 21 -0.067030 -0.032040 -0.061341
6 21 -0.078107 -0.028485 -0.064253
7 21 -0.085036 -0.025001 -0.066031
8 21 -0.092258 -0.021683 -0.068550
9 21 -0.098393 -0.019363 -0.068701
10 21 -0.098327 -0.017868 -0.065319
11 21 -0.094193 -0.016501 -0.061483
12 21 -0.090006 -0.014834 -0.057622
13 21 -0.083840 -0.012690 -0.051286
14 21 -0.073685 -0.010189 -0.042952
15 21 -0.062708 -0.007794 -0.035521
16 21 -0.053754 -0.005872 -0.029240
17 21 -0.044537 -0.004335 -0.021536
18 21 -0.031732 -0.002875 -0.011394
19 21 -0.016396 -0.001411 -0.001064
20 21 -0.002759 -0.000136 0.006795
21 21 0.006869 0.000784 0.012077
22 21 0.014198 0.001413 0.016881
23 21 0.022420 0.001955 0.022974
24 21 0.032718 0.002536 0.030068
25 21 0.043266 0.003103 0.036189
26 21 0.050863 0.003499 0.039252
27 21 0.053186 0.003588 0.038343
28 21 0.049942 0.003346 0.033980
29 21 0.042593 0.002853 0.027574
30 21 0.033346 0.002241 0.020673
31 21 0.024187 0.001634 0.014434
32 21 0.016382 0.001113 0.009449
33 21 0.010430 0.000713 0.005835
34 21 0.006276 0.000432 0.003415
35 21 0.003587 0.000248 0.001903
36 21 0.001955 0.000136 0.001013
37 21 0.001020 0.000072 0.000517
38 21 0.000511 0.000036 0.000254
39 21 0.000246 0.000017 0.000120
40 21 0.000115 0.000008 0.000055
41 21 0.000052 0.000004 0.000024
42 21 0.000022 0.000002 0.000010
43 21 0.000010 0.000001 0.000004
44 21 0.000004 0.000000 0.000002
45 21 0.000002 0.000000 0.000001
46 21 0.000001 0.000000 0.000000
47 21 0.000000 0.000000 0.000000
48 21 0.000000 0.000000 0.000000
49 21 0.000000 0.000000 0.000000

0 22 0.000000 0.000000 0.000000
1 22 0.013396 -0.066864 -0.032193
2 22 0.005047 -0.037951 -0.045184
3 22 -0.013456 -0.024617 -0.051706
4 22 -0.031300 -0.019242 -0.056196
5 22 -0.048297 -0.016517 -0.061398
6 22 -0.064115 -0.014785 -0.065219
7 22 -0.074964 -0.013914 -0.066937
8 22 -0.082605 -0.013319 -0.068356
9 22 -0.088340 -0.012077 -0.068162
10 22 -0.090192 -0.010018 -0.065641
11 22 -0.090011 -0.007943 -0.063161
12 22 -0.090049 -0.006583 -0.060550
13 22 -0.086974 -0.005835 -0.054867
14 22 -0.078007 -0.005191 -0.046323
15 22 -0.066608 -0.004427 -0.038215
16 22 -0.056845 -0.003622 -0.031482
17 22 -0.047359 -0.002813 -0.023734
18 22 -0.034683 -0.001939 -0.013571
19 22 -0.019245 -0.001022 -0.002921
20 22 -0.005088 -0.000209 0.005435
21 22 0.005110 0.000385 0.011067
22 22 0.012673 0.000787 0.015938
23 22 0.020817 0.001121 0.021978
24 22 0.031055 0.001473 0.029147
25 22 0.041853 0.001822 0.035588
26 22 0.050042 0.002076 0.039144
27 22 0.053111 0.002151 0.038730
28 22 0.050522 0.002025 0.034720
29 22 0.043581 0.001741 0.028466
30 22 0.034465 0.001378 0.021540
31 22 0.025226 0.001012 0.015165
32 22 0.017225 0.000694 0.010004
33 22 0.011048 0.000447 0.006220
34 22 0.006694 0.000272 0.003664
35 22 0.003850 0.000157 0.002054
36 22 0.002111 0.000087 0.001100
37 22 0.001107 0.000046 0.000564
38 22 0.000557 0.000023 0.000278
39 22 0.000270 0.000011 0.000132
40 22 0.000126 0.000005 0.000061
41 22 0.000057 0.000002 0.000027
42 22 0.000025 0.000001 0.000012
43 22 0.000011 0.000000 0.000005
44 22 0.000004 0.000000 0.000002
45 22 0.000002 0.000000 0.000001
46 22 0.000001 0.000000 0.000000
47 22 0.000000 0.000000 0.000000
48 22 0.000000 0.000000 0.000000
49 22 0.000000 0.000000 0.000000

0 23 0.000000 0.000000 0.000000
1 23 0.097663 -0.070909 -0.047572
2 23 0.059183 -0.019720 -0.050320
3 23 0.019335 -0.010821 -0.052535
4 23 -0.013114 -0.008465 -0.056680
5 23 -0.039334 -0.007559 -0.061918
6 23 -0.059269 -0.006925 -0.065554
7 23 -0.072818 -0.005753 -0.067979
8 23 -0.084397 -0.004553 -0.070940
9 23 -0.093704 -0.004202 -0.071663
10 23 -0.095963 -0.004550 -0.068490
11 23 -0.093107 -0.004789 -0.064547
12 23 -0.090152 -0.004448 -0.061020
13 23 -0.085868 -0.003618 -0.055325
14 23 -0.077261 -0.002641 -0.047093
15 23 -0.066635 -0.001815 -0.039190
16 23 -0.057526 -0.001255 -0.032605
17 23 -0.048615 -0.000896 -0.025030
18 23 -0.036370 -0.000608 -0.014928
19 23 -0.021006 -0.000326 -0.004103
20 23 -0.006563 -0.000072 0.004564
21 23 0.003999 0.000120 0.010431
22 23 0.011739 0.000253 0.015363
23 23 0.019854 0.000365 0.021375
24 23 0.030050 0.000483 0.028579
25 23 0.040978 0.000600 0.035200
26 23 0.049507 0.000688 0.039047
27 23 0.053021 0.000716 0.038935
28 23 0.050835 0.000678 0.035147
29 23 0.044154 0.000585 0.028996
30 23 0.035132 0.000465 0.022063
31 23 0.025854 0.000343 0.015612
32 23 0.017741 0.000236 0.010346
33 23 0.011430 0.000152 0.006460
34 23 0.006954 0.000093 0.003820
35 23 0.004014 0.000054 0.002149
36 23 0.002209 0.000030 0.001155
37 23 0.001162 0.000016 0.000594
38 23 0.000587 0.000008 0.000294
39 23 0.000285 0.000004 0.000140
40 23 0.000134 0.000002 0.000065
41 23 0.000061 0.000001 0.000029
42 23 0.000027 0.000000 0.000012
43 23 0.000011 0.000000 0.000005
44 23 0.000005 0.000000 0.000002
45 23 0.000002 0.000000 0.000001
46 23 0.000001 0.000000 0.000000
47 23 0.000000 0.000000 0.000000
48 23 0.000000 0.000000 0.000000
49 23 0.000000 0.000000 0.000000

0 24 0.000000 0.000000 0.000000
1 24 0.221047 0.070909 -0.090202
2 24 0.093422 0.019720 -0.056354
3 24 0.030796 0.010821 -0.053141
4 24 -0.006117 0.008465 -0.055936
5 24 -0.032734 0.007559 -0.061297
6 24 -0.054248 0.006925 -0.065650
7 24 -0.068515 0.005753 -0.067645
8 24 -0.078261 0.004553 -0.069361
9 24 -0.085986 0.004202 -0.069742
10 24 -0.089671 0.004550 -0.067593
11 24 -0.090478 0.004789 -0.065090
12 24 -0.090958 0.004448 -0.062487
13 24 -0.088414 0.003618 -0.056963
14 24 -0.079901 0.002641 -0.048394
15 24 -0.068532 0.001815 -0.040029
16 24 -0.058644 0.001255 -0.033138
17 24 -0.049311 0.000896 -0.025463
18 24 -0.036951 0.000608 -0.015345
19 24 -0.021550 0.000326 -0.004473
20 24 -0.007021 0.000072 0.004284
21 24 0.003646 -0.000120 0.010222
22 24 0.011434 -0.000253 0.015172
23 24 0.019536 -0.000365 0.021173
24 24 0.029715 -0.000483 0.028387
25 24 0.040682 -0.000600 0.035066
26 24 0.049322 -0.000688 0.039009
27 24 0.052983 -0.000716 0.038998
28 24 0.050933 -0.000678 0.035286
29 24 0.044341 -0.000585 0.029171
30 24 0.035353 -0.000465 0.022238
31 24 0.026064 -0.000343 0.015763
32 24 0.017915 -0.000236 0.010462
33 24 0.011559 -0.000152 0.006541
34 24 0.007042 -0.000093 0.003873
35 24 0.004071 -0.000054 0.002182
36 24 0.002242 -0.000030 0.001173
37 24 0.001181 -0.000016 0.000605
38 24 0.000597 -0.000008 0.000299
39 24 0.000290 -0.000004 0.000143
40 24 0.000136 -0.000002 0.000066
41 24 0.000062 -0.000001 0.000029
42 24 0.000027 -0.000000 0.000013
43 24 0.000012 -0.000000 0.000005
44 24 0.000005 -0.000000 0.000002
45 24 0.000002 -0.000000 0.000001
46 24 0.000001 -0.000000 0.000000
47 24 0.000000 -0.000000 0.000000
48 24 0.000000 -0.000000 0.000000
49 24 0.000000 0.000000 0.000000

0 25 0.000000 0.000000 0.000000
1 25 0.097663 0.066864 -0.047572
2 25 0.059183 0.037951 -0.050320
3 25 0.019335 0.024617 -0.052535
4 25 -0.013114 0.019242 -0.056680
5 25 -0.039334 0.016517 -0.061918
6 25 -0.059269 0.014785 -0.065554
7 25 -0.072818 0.013914 -0.067979
8 25 -0.084397 0.013319 -0.070940
9 25 -0.093704 0.012077 -0.071663
10 25 -0.095963 0.010018 -0.068490
11 25 -0.093107 0.007943 -0.064547
12 25 -0.090152 0.006583 -0.061020
13 25 -0.085868 0.005835 -0.055325
14 25 -0.077261 0.005191 -0.047093
15 25 -0.066635 0.004427 -0.039190
16 25 -0.057526 0.003622 -0.032605
17 25 -0.048615 0.002813 -0.025030
18 25 -0.036370 0.001939 -0.014928
19 25 -0.021006 0.001022 -0.004103
20 25 -0.006563 0.000209 0.004564
21 25 0.003999 -0.000385 0.010431
22 25 0.011739 -0.000787 0.015363
23 25 0.019854 -0.001121 0.021375
24 25 0.030050 -0.001473 0.028579
25 25 0.040978 -0.001822 0.035200
26 25 0.049507 -0.002076 0.039047
27 25 0.053021 -0.002151 0.038935
28 25 0.050835 -0.002025 0.035147
29 25 0.044154 -0.001741 0.028996
30 25 0.035132 -0.001378 0.022063
31 25 0.025854 -0.001012 0.015612
32 25 0.017741 -0.000694 0.010346
33 25 0.011430 -0.000447 0.006460
34 25 0.006954 -0.000272 0.003820
35 25 0.004014 -0.000157 0.002149
36 25 0.002209 -0.000087 0.001155
37 25 0.001162 -0.000046 0.000594
38 25 0.000587 -0.000023 0.000294
39 25 0.000285 -0.000011 0.000140
40 25 0.000134 -0.000005 0.000065
41 25 0.000061 -0.000002 0.000029
42 25 0.000027 -0.000001 0.000012
43 25 0.000011 -0.000000 0.000005
44 25 0.000005 -0.000000 0.000002
45 25 0.000002 -0.000000 0.000001
46 25 0.000001 -0.000000 0.000000
47 25 0.000000 -0.000000 0.000000
48 25 0.000000 -0.000000 0.000000
49 25 0.000000 0.000000 0.000000

0 26 0.000000 0.000000 0.000000
1 26 0.013396 0.074236 -0.032193
2 26 0.005047 0.057553 -0.045184
3 26 -0.013456 0.045459 -0.051706
4 26 -0.031300 0.037274 -0.056196
5 26 -0.048297 0.032040 -0.061398
6 26 -0.064115 0.028485 -0.065219
7 26 -0.074964 0.025001 -0.066937
8 26 -0.082605 0.021683 -0.068356
9 26 -0.088340 0.019363 -0.068162
10 26 -0.090192 0.017868 -0.065641
11 26 -0.090011 0.016501 -0.063161
12 26 -0.090049 0.014834 -0.060550
13 26 -0.086974 0.012690 -0.054867
14 26 -0.078007 0.010189 -0.046323
15 26 -0.066608 0.007794 -0.038215
16 26 -0.056845 0.005872 -0.031482
17 26 -0.047359 0.004335 -0.023734
18 26 -0.034683 0.002875 -0.013571
19 26 -0.019245 0.001411 -0.002921
20 26 -0.005088 0.000136 0.005435
21 26 0.005110 -0.000784 0.011067
22 26 0.012673 -0.001413 0.015938
23 26 0.020817 -0.001955 0.021978
24 26 0.031055 -0.002536 0.029147
25 26 0.041853 -0.003103 0.035588
26 26 0.050042 -0.003499 0.039144
27 26 0.053111 -0.003588 0.038730
28 26 0.050522 -0.003346 0.034720
29 26 0.043581 -0.002853 0.028466
30 26 0.034465 -0.002241 0.021540
31 26 0.025226 -0.001634 0.015165
32 26 0.017225 -0.001113 0.010004
33 26 0.011048 -0.000713 0.006220
34 26 0.006694 -0.000432 0.003664
35 26 0.003850 -0.000248 0.002054
36 26 0.002111 -0.000136 0.001100
37 26 0.001107 -0.000072 0.000564
38 26 0.000557 -0.000036 0.000278
39 26 0.000270 -0.000017 0.000132
40 26 0.000126 -0.000008 0.000061
41 26 0.000057 -0.000004 0.000027
42 26 0.000025 -0.000002 0.000012
43 26 0.000011 -0.000001 0.000005
44 26 0.000004 -0.000000 0.000002
45 26 0.000002 -0.000000 0.000001
46 26 0.000001 -0.000000 0.000000
47 26 0.000000 -0.000000 0.000000
48 26 0.000000 -0.000000 0.000000
49 26 0.000000 0.000000 0.000000

0 27 0.000000 0.000000 0.000000
1 27 -0.033732 0.080158 -0.024986
2 27 -0.032858 0.066578 -0.040072
3 27 -0.041384 0.055289 -0.049041
4 27 -0.053381 0.047452 -0.055645
5 27 -0.067030 0.041799 -0.061341
6 27 -0.078107 0.037155 -0.064253
7 27 -0.085036 0.033491 -0.066031
8 27 -0.092258 0.030792 -0.068550
9 27 -0.098393 0.027956 -0.068701
10 27 -0.098327 0.024126 -0.065319
11 27 -0.094193 0.020008 -0.061483
12 27 -0.090006 0.016653 -0.057622
13 27 -0.083840 0.014036 -0.051286
14 27 -0.073685 0.011636 -0.042952
15 27 -0.062708 0.009378 -0.035521
16 27 -0.053754 0.007409 -0.029240
17 27 -0.044537 0.005572 -0.021536
18 27 -0.031732 0.003605 -0.011394
19 27 -0.016396 0.001583 -0.001064
20 27 -0.002759 -0.000139 0.006795
21 27 0.006869 -0.001347 0.012077
22 27 0.014198 -0.002175 0.016881
23 27 0.022420 -0.002916 0.022974
24 27 0.032718 -0.003717 0.030068
25 27 0.043266 -0.004479 0.036189
26 27 0.050863 -0.004970 0.039252
27 27 0.053186 -0.005020 0.038343
28 27 0.049942 -0.004616 0.033980
29 27 0.042593 -0.003886 0.027574
30 27 0.033346 -0.003017 0.020673
31 27 0.024187 -0.002177 0.014434
32 27 0.016382 -0.001469 0.009449
33 27 0.010430 -0.000933 0.005835
34 27 0.006276 -0.000561 0.003415
35 27 0.003587 -0.000320 0.001903
36 27 0.001955 -0.000174 0.001013
37 27 0.001020 -0.000091 0.000517
38 27 0.000511 -0.000045 0.000254
39 27 0.000246 -0.000022 0.000120
40 27 0.000115 -0.000010 0.000055
41 27 0.000052 -0.000005 0.000024
42 27 0.000022 -0.000002 0.000010
43 27 0.000010 -0.000001 0.000004
44 27 0.000004 -0.000000 0.000002
45 27 0.000002 -0.000000 0.000001
46 27 0.000001 -0.000000 0.000000
47 27 0.000000 -0.000000 0.000000
48 27 0.000000 -0.000000 0.000000
49 27 0.000000 0.000000 0.000000

0 28 0.000000 0.000000 0.000000
1 28 -0.076462 0.088682 -0.020682
2 28 -0.069966 0.079859 -0.035907
3 28 -0.069882 0.070212 -0.045958
4 28 -0.072392 0.060814 -0.052620
5 28 -0.077545 0.052975 -0.058090
6 28 -0.083679 0.046913 -0.061378
7 28 -0.088194 0.041377 -0.063236
8 28 -0.091876 0.036070 -0.064366
9 28 -0.092999 0.031460 -0.062849
10 28 -0.090241 0.027739 -0.059534
11 28 -0.087522 0.024865 -0.057171
12 28 -0.086180 0.022317 -0.054424
13 28 -0.081517 0.019257 -0.048360
14 28 -0.071579 0.015544 -0.040149
15 28 -0.060526 0.011912 -0.032923
16 28 -0.051240 0.008912 -0.026578
17 28 -0.041240 0.006323 -0.018568
18 28 -0.027725 0.003739 -0.008385
19 28 -0.012445 0.001233 0.001454
20 28 0.000425 -0.000793 0.008603
21 28 0.009270 -0.002166 0.013437
22 28 0.016324 -0.003129 0.018186
23 28 0.024676 -0.004049 0.024350
24 28 0.035015 -0.005057 0.031298
25 28 0.045142 -0.005971 0.036929
26 28 0.051858 -0.006491 0.039289
27 28 0.053133 -0.006427 0.037705
28 28 0.049009 -0.005802 0.032888
29 28 0.041145 -0.004803 0.026311
30 28 0.031766 -0.003673 0.019475
31 28 0.022756 -0.002613 0.013441
32 28 0.015239 -0.001742 0.008707
33 28 0.009603 -0.001093 0.005324
34 28 0.005724 -0.000650 0.003088
35 28 0.003243 -0.000367 0.001707
36 28 0.001753 -0.000198 0.000902
37 28 0.000908 -0.000102 0.000457
38 28 0.000451 -0.000051 0.000223
39 28 0.000216 -0.000024 0.000105
40 28 0.000100 -0.000011 0.000048
41 28 0.000045 -0.000005 0.000021
42 28 0.000019 -0.000002 0.000009
43 28 0.000008 -0.000001 0.000004
44 28 0.000003 -0.000000 0.000001
45 28 0.000001 -0.000000 0.000001
46 28 0.000001 -0.000000 0.000000
47 28 0.000000 -0.000000 0.000000
48 28 0.000000 -0.000000 0.000000
49 28 0.000000 0.000000 0.000000

0 29 0.000000 0.000000 0.000000
1 29 -0.095363 0.086767 -0.017370
2 29 -0.092006 0.080590 -0.031626
3 29 -0.091345 0.073491 -0.041550
4 29 -0.092354 0.066793 -0.049530
5 29 -0.096538 0.060964 -0.055849
6 29 -0.098960 0.054859 -0.058439
7 29 -0.098581 0.048832 -0.059944
8 29 -0.099933 0.044149 -0.061733
9 29 -0.100910 0.039980 -0.061036
10 29 -0.097870 0.034955 -0.058047
11 29 -0.093070 0.029448 -0.054957
12 29 -0.087513 0.024311 -0.050559
13 29 -0.078297 0.019588 -0.043230
14 29 -0.065912 0.015273 -0.035082
15 29 -0.054786 0.011719 -0.028619
16 29 -0.046022 0.008900 -0.022663
17 29 -0.035934 0.006216 -0.014606
18 29 -0.022213 0.003290 -0.004633
19 29 -0.007463 0.000443 0.004439
20 29 0.004260 -0.001770 0.010702
21 29 0.012175 -0.003225 0.015073
22 29 0.019015 -0.004294 0.019832
23 29 0.027578 -0.005392 0.026077
24 29 0.037895 -0.006584 0.032766
25 29 0.047358 -0.007587 0.037700
26 29 0.052863 -0.008040 0.039141
27 29 0.052797 -0.007769 0.036732
28 29 0.047616 -0.006856 0.031400
29 29 0.039190 -0.005559 0.024671
30 29 0.029727 -0.004172 0.017966
31 29 0.020959 -0.002918 0.012218
32 29 0.013836 -0.001915 0.007809
33 29 0.008605 -0.001185 0.004716
34 29 0.005068 -0.000695 0.002705
35 29 0.002839 -0.000388 0.001479
36 29 0.001519 -0.000207 0.000774
37 29 0.000779 -0.000106 0.000389
38 29 0.000384 -0.000052 0.000188
39 29 0.000182 -0.000025 0.000088
40 29 0.000084 -0.000011 0.000039
41 29 0.000037 -0.000005 0.000017
42 29 0.000016 -0.000002 0.000007
43 29 0.000007 -0.000001 0.000003
44 29 0.000003 -0.000000 0.000001
45 29 0.000001 -0.000000 0.000000
46 29 0.000000 -0.000000 0.000000
47 29 0.000000 -0.000000 0.000000
48 29 0.000000 -0.000000 0.000000
49 29 0.000000 0.000000 0.000000

0 30 0.000000 0.000000 0.000000
1 30 -0.111632 0.089046 -0.014527
2 30 -0.105343 0.084206 -0.026935
3 30 -0.100977 0.077468 -0.036544
4 30 -0.099121 0.070000 -0.044279
5 30 -0.098851 0.062517 -0.049390
6 30 -0.097547 0.055667 -0.052087
7 30 -0.097281 0.049803 -0.054840
8 30 -0.098250 0.044252 -0.056068
9 30 -0.094927 0.038106 -0.053412
10 30 -0.087472 0.032133 -0.049688
11 30 -0.081663 0.027696 -0.047266
12 30 -0.077299 0.024370 -0.043687
13 30 -0.069703 0.020731 -0.037233
14 30 -0.059187 0.016545 -0.030250
15 30 -0.049672 0.012600 -0.024590
16 30 -0.041185 0.009155 -0.018544
17 30 -0.030194 0.005750 -0.010092
18 30 -0.015863 0.002221 -0.000362
19 30 -0.001765 -0.000923 0.007733
20 30 0.008582 -0.003163 0.012999
21 30 0.015544 -0.004582 0.016964
22 30 0.022302 -0.005718 0.021818
23 30 0.031135 -0.006982 0.028113
24 30 0.041268 -0.008314 0.034362
25 30 0.049729 -0.009307 0.038353
26 30 0.053658 -0.009572 0.038668
27 30 0.051990 -0.008986 0.035326
28 30 0.045647 -0.007720 0.029478
29 30 0.036687 -0.006109 0.022663
30 30 0.027244 -0.004484 0.016184
31 30 0.018846 -0.003074 0.010812
32 30 0.012227 -0.001979 0.006799
33 30 0.007485 -0.001204 0.004046
34 30 0.004344 -0.000695 0.002288
35 30 0.002401 -0.000383 0.001235
36 30 0.001269 -0.000201 0.000639
37 30 0.000643 -0.000102 0.000317
38 30 0.000313 -0.000049 0.000152
39 30 0.000147 -0.000023 0.000070
40 30 0.000067 -0.000010 0.000031
41 30 0.000029 -0.000005 0.000014
42 30 0.000013 -0.000002 0.000006
43 30 0.000005 -0.000001 0.000002
44 30 0.000002 -0.000000 0.000001
45 30 0.000001 -0.000000 0.000000
46 30 0.000000 -0.000000 0.000000
47 30 0.000000 -0.000000 0.000000
48 30 0.000000 -0.000000 0.000000
49 30 0.000000 0.000000 0.000000

0 31 0.000000 0.000000 0.000000
1 31 -0.114749 0.079054 -0.011918
2 31 -0.114270 0.078875 -0.023000
3 31 -0.112187 0.076085 -0.031628
4 31 -0.109331 0.071479 -0.038965
5 31 -0.107530 0.066526 -0.044316
6 31 -0.104651 0.060708 -0.047214
7 31 -0.101245 0.054191 -0.049154
8 31 -0.097707 0.048074 -0.049263
9 31 -0.092292 0.042564 -0.047317
10 31 -0.086985 0.037532 -0.045700
11 31 -0.083460 0.032679 -0.044002
12 31 -0.077546 0.027207 -0.039176
13 31 -0.066214 0.021005 -0.031578
14 31 -0.053308 0.015239 -0.024666
15 31 -0.043112 0.010835 -0.019350
16 31 -0.034007 0.007339 -0.013136
17 31 -0.022184 0.003820 -0.004588
18 31 -0.007962 0.000191 0.004392
19 31 0.004672 -0.002861 0.011136
20 31 0.013238 -0.004887 0.015360
21 31 0.019309 -0.006190 0.019072
22 31 0.026191 -0.007405 0.024123
23 31 0.035299 -0.008834 0.030367
24 31 0.044962 -0.010230 0.035920
25 31 0.051988 -0.011078 0.038695
26 31 0.053967 -0.011006 0.037710
27 31 0.050503 -0.009995 0.033398
28 31 0.042995 -0.008328 0.027100
29 31 0.033621 -0.006408 0.020317
30 31 0.024361 -0.004585 0.014183
31 31 0.016482 -0.003071 0.009281
32 31 0.010481 -0.001936 0.005727
33 31 0.006298 -0.001155 0.003349
34 31 0.003594 -0.000655 0.001864
35 31 0.001956 -0.000354 0.000991
36 31 0.001018 -0.000183 0.000505
37 31 0.000509 -0.000091 0.000248
38 31 0.000245 -0.000044 0.000117
39 31 0.000114 -0.000020 0.000053
40 31 0.000051 -0.000009 0.000024
41 31 0.000022 -0.000004 0.000010
42 31 0.000009 -0.000002 0.000004
43 31 0.000004 -0.000001 0.000002
44 31 0.000002 -0.000000 0.000001
45 31 0.000001 -0.000000 0.000000
46 31 0.000000 -0.000000 0.000000
47 31 0.000000 -0.000000 0.000000
48 31 0.000000 -0.000000 0.000000
49 31 0.000000 0.000000 0.000000

0 32 0.000000 0.000000 0.000000
1 32 -0.105738 0.070171 -0.009438
2 32 -0.105062 0.069150 -0.017931
3 32 -0.103075 0.066149 -0.025446
4 32 -0.103024 0.062948 -0.032755
5 32 -0.102498 0.058779 -0.036955
6 32 -0.098480 0.053191 -0.039291
7 32 -0.095623 0.048290 -0.042025
8 32 -0.093661 0.043915 -0.042726
9 32 -0.088186 0.038274 -0.040697
10 32 -0.080631 0.031843 -0.038254
11 32 -0.073085 0.025988 -0.034994
12 32 -0.063402 0.020741 -0.029304
13 32 -0.051534 0.015910 -0.022830
14 32 -0.041387 0.011926 -0.017990
15 32 -0.034027 0.008743 -0.013753
16 32 -0.025599 0.005476 -0.007412
17 32 -0.013363 0.001617 0.001102
18 32 0.000283 -0.002228 0.009043
19 32 0.011069 -0.005122 0.014329
20 32 0.017905 -0.006865 0.017700
21 32 0.023459 -0.008066 0.021421
22 32 0.030726 -0.009397 0.026722
23 32 0.039976 -0.010956 0.032700
24 32 0.048709 -0.012282 0.037217
25 32 0.053783 -0.012799 0.038500
26 32 0.053474 -0.012226 0.036107
27 32 0.048139 -0.010697 0.030880
28 32 0.039590 -0.008612 0.024280
29 32 0.030019 -0.006422 0.017693
30 32 0.021158 -0.004466 0.012038
31 32 0.013961 -0.002914 0.007696
32 32 0.008678 -0.001794 0.004648
33 32 0.005107 -0.001047 0.002665
34 32 0.002859 -0.000581 0.001457
35 32 0.001528 -0.000309 0.000762
36 32 0.000783 -0.000157 0.000382
37 32 0.000385 -0.000077 0.000185
38 32 0.000183 -0.000036 0.000086
39 32 0.000084 -0.000017 0.000039
40 32 0.000037 -0.000007 0.000017
41 32 0.000016 -0.000003 0.000007
42 32 0.000007 -0.000001 0.000003
43 32 0.000003 -0.000001 0.000001
44 32 0.000001 -0.000000 0.000000
45 32 0.000000 -0.000000 0.000000
46 32 0.000000 -0.000000 0.000000
47 32 0.000000 -0.000000 0.000000
48 32 0.000000 -0.000000 0.000000
49 32 0.000000 0.000000 0.000000

0 33 0.000000 0.000000 0.000000
1 33 -0.099737 0.059024 -0.007173
2 33 -0.100088 0.061292 -0.013823
3 33 -0.098644 0.060935 -0.020782
4 33 -0.097172 0.058561 -0.026001
5 33 -0.092159 0.053864 -0.028607
6 33 -0.087442 0.049102 -0.031928
7 33 -0.085778 0.044922 -0.034416
8 33 -0.080721 0.039234 -0.032906
9 33 -0.071469 0.032675 -0.030251
10 33 -0.064573 0.027834 -0.029179
11 33 -0.060203 0.024443 -0.027206
12 33 -0.053239 0.020393 -0.022498
13 33 -0.043635 0.015415 -0.017258
14 33 -0.035033 0.010716 -0.013098
15 33 -0.027191 0.006594 -0.008269
16 33 -0.016731 0.002397 -0.001051
17 33 -0.003354 -0.001937 0.007155
18 33 0.009111 -0.005564 0.013542
19 33 0.017487 -0.007847 0.017269
20 33 0.022696 -0.009115 0.020073
21 33 0.028148 -0.010231 0.024051
22 33 0.035923 -0.011701 0.029521
23 33 0.044934 -0.013294 0.034872
24 33 0.052092 -0.014345 0.037956
25 33 0.054672 -0.014310 0.037522
26 33 0.051854 -0.013086 0.033728
27 33 0.044741 -0.010988 0.027754
28 33 0.035428 -0.008519 0.021077
29 33 0.025966 -0.006138 0.014886
30 33 0.017751 -0.004136 0.009844
31 33 0.011394 -0.002622 0.006133
32 33 0.006906 -0.001572 0.003617
33 33 0.003972 -0.000896 0.002030
34 33 0.002176 -0.000486 0.001087
35 33 0.001141 -0.000253 0.000558
36 33 0.000574 -0.000126 0.000275
37 33 0.000277 -0.000061 0.000131
38 33 0.000129 -0.000028 0.000060
39 33 0.000058 -0.000013 0.000027
40 33 0.000026 -0.000005 0.000011
41 33 0.000011 -0.000002 0.000005
42 33 0.000004 -0.000001 0.000002
43 33 0.000002 -0.000000 0.000001
44 33 0.000001 -0.000000 0.000000
45 33 0.000000 -0.000000 0.000000
46 33 0.000000 -0.000000 0.000000
47 33 0.000000 -0.000000 0.000000
48 33 0.000000 -0.000000 0.000000
49 33 0.000000 0.000000 0.000000

0 34 0.000000 0.000000 0.000000
1 34 -0.075837 0.038626 -0.004728
2 34 -0.081234 0.042594 -0.010103
3 34 -0.085190 0.045096 -0.015526
4 34 -0.085648 0.045295 -0.019131
5 34 -0.083469 0.044003 -0.022628
6 34 -0.082575 0.042225 -0.026132
7 34 -0.079310 0.038638 -0.026377
8 34 -0.071319 0.033524 -0.024716
9 34 -0.064948 0.029399 -0.024821
10 34 -0.062213 0.026159 -0.024815
11 34 -0.056311 0.021279 -0.020946
12 34 -0.044397 0.014538 -0.014605
13 34 -0.031973 0.008398 -0.009565
14 34 -0.023057 0.004230 -0.005908
15 34 -0.014918 0.000977 -0.000902
16 34 -0.004054 -0.002626 0.006156
17 34 0.008138 -0.006310 0.012923
18 34 0.017674 -0.009033 0.017270
19 34 0.023266 -0.010504 0.019729
20 34 0.027465 -0.011440 0.022506
21 34 0.033414 -0.012664 0.026948
22 34 0.041629 -0.014290 0.032314
23 34 0.049737 -0.015724 0.036536
24 34 0.054544 -0.016219 0.037796
25 34 0.054174 -0.015403 0.035544
26 34 0.048834 -0.013427 0.030508
27 34 0.040252 -0.010782 0.024077
28 34 0.030596 -0.008024 0.017609
29 34 0.021618 -0.005570 0.012021
30 34 0.014298 -0.003628 0.007708
31 34 0.008906 -0.002230 0.004669
32 34 0.005252 -0.001300 0.002684
33 34 0.002945 -0.000721 0.001471
34 34 0.001577 -0.000382 0.000771
35 34 0.000809 -0.000194 0.000388
36 34 0.000399 -0.000095 0.000188
37 34 0.000189 -0.000045 0.000088
38 34 0.000087 -0.000020 0.000039
39 34 0.000039 -0.000009 0.000017
40 34 0.000017 -0.000004 0.000007
41 34 0.000007 -0.000002 0.000003
42 34 0.000003 -0.000001 0.000001
43 34 0.000001 -0.000000 0.000000
44 34 0.000000 -0.000000 0.000000
45 34 0.000000 -0.000000 0.000000
46 34 0.000000 -0.000000 0.000000
47 34 0.000000 -0.000000 0.000000
48 34 0.000000 -0.000000 0.000000
49 34 0.000000 0.000000 0.000000

0 35 0.000000 0.000000 0.000000
1 35 -0.054262 0.025393 -0.002827
2 35 -0.057757 0.027990 -0.006326
3 35 -0.060076 0.029047 -0.009439
4 35 -0.060504 0.028870 -0.012227
5 35 -0.061017 0.028211 -0.015318
6 35 -0.060446 0.026469 -0.016745
7 35 -0.056110 0.023357 -0.016277
8 35 -0.051372 0.020371 -0.016546
9 35 -0.048765 0.017705 -0.016883
10 35 -0.043419 0.013571 -0.013922
11 35 -0.032262 0.007941 -0.008274
12 35 -0.020672 0.003320 -0.004008
13 35 -0.014147 0.001093 -0.002210
14 35 -0.010307 -0.000304 0.000222
15 35 -0.003409 -0.002939 0.005571
16 35 0.007425 -0.006799 0.012282
17 35 0.017908 -0.010270 0.017365
18 35 0.024550 -0.012255 0.020001
19 35 0.028307 -0.013151 0.021954
20 35 0.032622 -0.014042 0.025237
21 35 0.039446 -0.015482 0.030048
22 35 0.047523 -0.017087 0.034741
23 35 0.053712 -0.018009 0.037240
24 35 0.055380 -0.017615 0.036397
25 35 0.051838 -0.015841 0.032425
26 35 0.044268 -0.013110 0.026489
27 35 0.034760 -0.010035 0.019995
28 35 0.025298 -0.007150 0.014048
29 35 0.017190 -0.004770 0.009249
30 35 0.010975 -0.002997 0.005739
31 35 0.006621 -0.001783 0.003374
32 35 0.003792 -0.001008 0.001887
33 35 0.002070 -0.000544 0.001008
34 35 0.001081 -0.000281 0.000516
35 35 0.000542 -0.000139 0.000254
36 35 0.000262 -0.000067 0.000120
37 35 0.000122 -0.000031 0.000055
38 35 0.000055 -0.000014 0.000024
39 35 0.000024 -0.000006 0.000011
40 35 0.000010 -0.000002 0.000004
41 35 0.000004 -0.000001 0.000002
42 35 0.000002 -0.000000 0.000001
43 35 0.000001 -0.000000 0.000000
44 35 0.000000 -0.000000 0.000000
45 35 0.000000 -0.000000 0.000000
46 35 0.000000 -0.000000 0.000000
47 35 0.000000 -0.000000 0.000000
48 35 0.000000 -0.000000 0.000000
49 35 0.000000 0.000000 0.000000

0 36 0.000000 0.000000 0.000000
1 36 -0.036323 0.009546 -0.001445
2 36 -0.041843 0.014861 -0.003411
3 36 -0.044188 0.017801 -0.005303
4 36 -0.044666 0.018968 -0.007333
5 36 -0.044076 0.018685 -0.008779
6 36 -0.041257 0.017006 -0.008954
7 36 -0.037393 0.014825 -0.009072
8 36 -0.034500 0.012644 -0.009276
9 36 -0.030352 0.009654 -0.007568
10 36 -0.022696 0.005815 -0.003953
11 36 -0.014910 0.002736 -0.001264
12 36 -0.011115 0.001216 -0.000528
13 36 -0.009140 -0.000280 0.000938
14 36 -0.003302 -0.003596 0.005648
15 36 0.007757 -0.008432 0.012459
16 36 0.019533 -0.012749 0.018091
17 36 0.027261 -0.015050 0.020901
18 36 0.030753 -0.015662 0.022203
19 36 0.033534 -0.015985 0.024357
20 36 0.038669 -0.017004 0.028320
21 36 0.046017 -0.018570 0.032969
22 36 0.052785 -0.019771 0.036208
23 36 0.055893 -0.019737 0.036474
24 36 0.053892 -0.018177 0.033508
25 36 0.047379 -0.015407 0.028185
26 36 0.038230 -0.012066 0.021858
27 36 0.028532 -0.008782 0.015745
28 36 0.019842 -0.005977 0.010607
29 36 0.012943 -0.003826 0.006723
30 36 0.007964 -0.002315 0.004030
31 36 0.004646 -0.001330 0.002296
32 36 0.002580 -0.000728 0.001248
33 36 0.001370 -0.000382 0.000649
34 36 0.000697 -0.000192 0.000324
35 36 0.000341 -0.000093 0.000156
36 36 0.000161 -0.000043 0.000072
37 36 0.000073 -0.000020 0.000032
38 36 0.000032 -0.000009 0.000014
39 36 0.000014 -0.000004 0.000006
40 36 0.000006 -0.000002 0.000002
41 36 0.000002 -0.000001 0.000001
42 36 0.000001 -0.000000 0.000000
43 36 0.000000 -0.000000 0.000000
44 36 0.000000 -0.000000 0.000000
45 36 0.000000 -0.000000 0.000000
46 36 0.000000 -0.000000 0.000000
47 36 0.000000 -0.000000 0.000000
48 36 0.000000 -0.000000 0.000000
49 36 0.000000 0.000000 0.000000

0 37 0.000000 0.000000 0.000000
1 37 -0.005819 -0.011776 0.000099
2 37 -0.014408 -0.006104 -0.000484
3 37 -0.020717 -0.001356 -0.001514
4 37 -0.024847 0.002117 -0.002652
5 37 -0.026482 0.004059 -0.003276
6 37 -0.025962 0.004718 -0.003580
7 37 -0.024621 0.004521 -0.003796
8 37 -0.022117 0.003327 -0.003034
9 37 -0.017346 0.001164 -0.001014
10 37 -0.011839 -0.001116 0.000880
11 37 -0.007890 -0.003035 0.002001
12 37 -0.004136 -0.005461 0.004037
13 37 0.003135 -0.009351 0.008693
14 37 0.014453 -0.014051 0.014965
15 37 0.025677 -0.017674 0.019998
16 37 0.032423 -0.019015 0.022200
17 37 0.034494 -0.018641 0.022698
18 37 0.035493 -0.018163 0.023885
19 37 0.038966 -0.018723 0.027054
20 37 0.045381 -0.020212 0.031434
21 37 0.052212 -0.021605 0.035012
22 37 0.056154 -0.021831 0.036012
23 37 0.055244 -0.020417 0.033840
24 37 0.049597 -0.017589 0.029106
25 37 0.040846 -0.013998 0.023057
26 37 0.031084 -0.010348 0.016945
27 37 0.022017 -0.007148 0.011632
28 37 0.014611 -0.004641 0.007504
29 37 0.009138 -0.002846 0.004574
30 37 0.005413 -0.001657 0.002647
31 37 0.003050 -0.000919 0.001460
32 37 0.001642 -0.000487 0.000770
33 37 0.000846 -0.000248 0.000390
34 37 0.000419 -0.000121 0.000190
35 37 0.000200 -0.000057 0.000089
36 37 0.000092 -0.000026 0.000041
37 37 0.000041 -0.000012 0.000018
38 37 0.000018 -0.000005 0.000008
39 37 0.000007 -0.000002 0.000003
40 37 0.000003 -0.000001 0.000001
41 37 0.000001 -0.000000 0.000001
42 37 0.000000 -0.000000 0.000000
43 37 0.000000 -0.000000 0.000000
44 37 0.000000 -0.000000 0.000000
45 37 0.000000 -0.000000 0.000000
46 37 0.000000 -0.000000 0.000000
47 37 0.000000 -0.000000 0.000000
48 37 0.000000 -0.000000 0.000000
49 37 0.000000 0.000000 0.000000

0 38 0.000000 0.000000 0.000000
1 38 0.017895 -0.023318 0.001270
2 38 0.012967 -0.020707 0.002029
3 38 0.008327 -0.018160 0.002348
4 38 0.004494 -0.015903 0.002519
5 38 0.001965 -0.014150 0.002708
6 38 0.000610 -0.012954 0.002904
7 38 0.000525 -0.012474 0.003489
8 38 0.002248 -0.012818 0.004795
9 38 0.005318 -0.013679 0.006382
10 38 0.008626 -0.014766 0.007915
11 38 0.012573 -0.016341 0.010144
12 38 0.018731 -0.018662 0.013859
13 38 0.026865 -0.021096 0.018279
14 38 0.034000 -0.022410 0.021496
15 38 0.037309 -0.022029 0.022532
16 38 0.037199 -0.020721 0.022444
17 38 0.036962 -0.019923 0.023267
18 38 0.039680 -0.020506 0.026116
19 38 0.045651 -0.022152 0.030296
20 38 0.052396 -0.023709 0.033926
21 38 0.056608 -0.024023 0.035243
22 38 0.056172 -0.022571 0.033531
23 38 0.050977 -0.019568 0.029234
24 38 0.042486 -0.015692 0.023487
25 38 0.032734 -0.011699 0.017506
26 38 0.023478 -0.008155 0.012185
27 38 0.015776 -0.005344 0.007969
28 38 0.009988 -0.003309 0.004922
29 38 0.005987 -0.001945 0.002885
30 38 0.003413 -0.001089 0.001611
31 38 0.001858 -0.000583 0.000860
32 38 0.000968 -0.000299 0.000440
33 38 0.000485 -0.000148 0.000217
34 38 0.000234 -0.000070 0.000103
35 38 0.000109 -0.000032 0.000047
36 38 0.000049 -0.000014 0.000021
37 38 0.000021 -0.000006 0.000009
38 38 0.000009 -0.000003 0.000004
39 38 0.000004 -0.000001 0.000002
40 38 0.000002 -0.000000 0.000001
41 38 0.000001 -0.000000 0.000000
42 38 0.000000 -0.000000 0.000000
43 38 0.000000 -0.000000 0.000000
44 38 0.000000 -0.000000 0.000000
45 38 0.000000 -0.000000 0.000000
46 38 0.000000 -0.000000 0.000000
47 38 0.000000 -0.000000 0.000000
48 38 0.000000 -0.000000 0.000000
49 38 0.000000 0.000000 0.000000

0 39 0.000000 0.000000 0.000000
1 39 0.028643 -0.029675 0.001777
2 39 0.025438 -0.026878 0.003222
3 39 0.023285 -0.024952 0.004451
4 39 0.021931 -0.023664 0.005576
5 39 0.021209 -0.022817 0.006627
6 39 0.021069 -0.022325 0.007728
7 39 0.021740 -0.022188 0.009074
8 39 0.023213 -0.022307 0.010598
9 39 0.025090 -0.022537 0.012158
10 39 0.027380 -0.022917 0.013987
11 39 0.030560 -0.023492 0.016366
12 39 0.034337 -0.023946 0.018877
13 39 0.037200 -0.023755 0.020580
14 39 0.037949 -0.022844 0.021130
15 39 0.037367 -0.021893 0.021390
16 39 0.037862 -0.021838 0.022742
17 39 0.041348 -0.023044 0.025807
18 39 0.047509 -0.024949 0.029829
19 39 0.053921 -0.026413 0.033163
20 39 0.057637 -0.026420 0.034297
21 39 0.056832 -0.024578 0.032618
22 39 0.051481 -0.021185 0.028528
23 39 0.042977 -0.016952 0.023050
24 39 0.033253 -0.012647 0.017309
25 39 0.023993 -0.008841 0.012152
26 39 0.016238 -0.005820 0.008021
27 39 0.010362 -0.003623 0.005003
28 39 0.006265 -0.002143 0.002961
29 39 0.003603 -0.001208 0.001670
30 39 0.001978 -0.000651 0.000901
31 39 0.001040 -0.000337 0.000466
32 39 0.000526 -0.000168 0.000232
33 39 0.000256 -0.000080 0.000111
34 39 0.000120 -0.000037 0.000051
35 39 0.000055 -0.000017 0.000023
36 39 0.000024 -0.000007 0.000010
37 39 0.000010 -0.000003 0.000004
38 39 0.000004 -0.000001 0.000002
39 39 0.000002 -0.000001 0.000001
40 39 0.000001 -0.000000 0.000000
41 39 0.000000 -0.000000 0.000000
42 39 0.000000 -0.000000 0.000000
43 39 0.000000 -0.000000 0.000000
44 39 0.000000 -0.000000 0.000000
45 39 0.000000 -0.000000 0.000000
46 39 0.000000 -0.000000 0.000000
47 39 0.000000 -0.000000 0.000000
48 39 0.000000 -0.000000 0.000000
49 39 0.000000 0.000000 0.000000

0 40 0.000000 0.000000 0.000000
1 40 0.044321 -0.041273 0.002225
2 40 0.038419 -0.036909 0.004028
3 40 0.034213 -0.033280 0.005565
4 40 0.031543 -0.030503 0.006953
5 40 0.030103 -0.028509 0.008282
6 40 0.029655 -0.027173 0.009655
7 40 0.029994 -0.026332 0.011095
8 40 0.030826 -0.025812 0.012553
9 40 0.031986 -0.025516 0.014076
10 40 0.033535 -0.025402 0.015758
11 40 0.035346 -0.025346 0.017461
12 40 0.036903 -0.025191 0.018864
13 40 0.037915 -0.024997 0.019939
14 40 0.039028 -0.025138 0.021217
15 40 0.041520 -0.025993 0.023394
16 40 0.046098 -0.027506 0.026602
17 40 0.051959 -0.029042 0.030089
18 40 0.057021 -0.029690 0.032579
19 40 0.059066 -0.028753 0.032984
20 40 0.056894 -0.026088 0.030936
21 40 0.050755 -0.022096 0.026855
22 40 0.042003 -0.017484 0.021644
23 40 0.032373 -0.012963 0.016270
24 40 0.023350 -0.009038 0.011464
25 40 0.015838 -0.005950 0.007607
26 40 0.010147 -0.003712 0.004776
27 40 0.006167 -0.002203 0.002848
28 40 0.003568 -0.001248 0.001619
29 40 0.001972 -0.000676 0.000880
30 40 0.001045 -0.000352 0.000459
31 40 0.000532 -0.000176 0.000230
32 40 0.000261 -0.000085 0.000111
33 40 0.000123 -0.000040 0.000052
34 40 0.000056 -0.000018 0.000023
35 40 0.000025 -0.000008 0.000010
36 40 0.000011 -0.000003 0.000004
37 40 0.000005 -0.000001 0.000002
38 40 0.000002 -0.000001 0.000001
39 40 0.000001 -0.000000 0.000000
40 40 0.000000 -0.000000 0.000000
41 40 0.000000 -0.000000 0.000000
42 40 0.000000 -0.000000 0.000000
43 40 0.000000 -0.000000 0.000000
44 40 0.000000 -0.000000 0.000000
45 40 0.000000 -0.000000 0.000000
46 40 0.000000 -0.000000 0.000000
47 40 0.000000 -0.000000 0.000000
48 40 0.000000 -0.000000 0.000000
49 40 0.000000 0.000000 0.000000

0 41 0.000000 0.000000 0.000000
1 41 0.062948 -0.050601 0.002706
2 41 0.057800 -0.048250 0.005041
3 41 0.052778 -0.045278 0.007023
4 41 0.048484 -0.042240 0.008730
5 41 0.045190 -0.039482 0.010270
6 41 0.042954 -0.037172 0.011734
7 41 0.041675 -0.035344 0.013169
8 41 0.041202 -0.033978 0.014623
9 41 0.041449 -0.033032 0.016157
10 41 0.042313 -0.032436 0.017766
11 41 0.043600 -0.032103 0.019382
12 41 0.045208 -0.032011 0.021031
13 41 0.047354 -0.032218 0.022921
14 41 0.050393 -0.032725 0.025254
15 41 0.054247 -0.033279 0.027886
16 41 0.058014 -0.033362 0.030199
17 41 0.060203 -0.032393 0.031346
18 41 0.059459 -0.030029 0.030689
19 41 0.055247 -0.026341 0.028110
20 41 0.048059 -0.021773 0.024035
21 41 0.039118 -0.016944 0.019206
22 41 0.029851 -0.012429 0.014385
23 41 0.021421 -0.008613 0.010134
24 41 0.014506 -0.005655 0.006742
25 41 0.009303 -0.003528 0.004250
26 41 0.005670 -0.002097 0.002549
27 41 0.003294 -0.001192 0.001458
28 41 0.001830 -0.000649 0.000798
29 41 0.000975 -0.000339 0.000419
30 41 0.000499 -0.000171 0.000212
31 41 0.000246 -0.000083 0.000103
32 41 0.000117 -0.000039 0.000049
33 41 0.000054 -0.000018 0.000022
34 41 0.000024 -0.000008 0.000010
35 41 0.000010 -0.000003 0.000004
36 41 0.000004 -0.000001 0.000002
37 41 0.000002 -0.000001 0.000001
38 41 0.000001 -0.000000 0.000000
39 41 0.000000 -0.000000 0.000000
40 41 0.000000 -0.000000 0.000000
41 41 0.000000 -0.000000 0.000000
42 41 0.000000 -0.000000 0.000000
43 41 0.000000 -0.000000 0.000000
44 41 0.000000 -0.000000 0.000000
45 41 0.000000 -0.000000 0.000000
46 41 0.000000 -0.000000 0.000000
47 41 0.000000 -0.000000 0.000000
48 41 0.000000 -0.000000 0.000000
49 41 0.000000 0.000000 0.000000

0 42 0.000000 0.000000 0.000000
1 42 0.066857 -0.047197 0.002713
2 42 0.067231 -0.048999 0.005395
3 42 0.066080 -0.049377 0.007897
4 42 0.064129 -0.048760 0.010167
5 42 0.061968 -0.047555 0.012222
6 42 0.060003 -0.046083 0.014105
7 42 0.058468 -0.044573 0.015874
8 42 0.057488 -0.043166 0.017589
9 42 0.057097 -0.041924 0.019291
10 42 0.057236 -0.040845 0.020985
11 42 0.057806 -0.039895 0.022673
12 42 0.058739 -0.039016 0.024382
13 42 0.059931 -0.038093 0.026088
14 42 0.061037 -0.036898 0.027588
15 42 0.061361 -0.035115 0.028474
16 42 0.060034 -0.032469 0.028283
17 42 0.056417 -0.028876 0.026726
18 42 0.050437 -0.024513 0.023853
19 42 0.042657 -0.019773 0.020040
20 42 0.034054 -0.015125 0.015842
21 42 0.025662 -0.010969 0.011799
22 42 0.018280 -0.007550 0.008298
23 42 0.012336 -0.004941 0.005526
24 42 0.007907 -0.003080 0.003495
25 42 0.004827 -0.001834 0.002106
26 42 0.002814 -0.001045 0.001212
27 42 0.001570 -0.000571 0.000668
28 42 0.000841 -0.000300 0.000353
29 42 0.000433 -0.000152 0.000180
30 42 0.000215 -0.000074 0.000088
31 42 0.000103 -0.000035 0.000042
32 42 0.000048 -0.000016 0.000019
33 42 0.000022 -0.000007 0.000009
34 42 0.000009 -0.000003 0.000004
35 42 0.000004 -0.000001 0.000002
36 42 0.000002 -0.000001 0.000001
37 42 0.000001 -0.000000 0.000000
38 42 0.000000 -0.000000 0.000000
39 42 0.000000 -0.000000 0.000000
40 42 0.000000 -0.000000 0.000000
41 42 0.000000 -0.000000 0.000000
42 42 0.000000 -0.000000 0.000000
43 42 0.000000 -0.000000 0.000000
44 42 0.000000 -0.000000 0.000000
45 42 0.000000 -0.000000 0.000000
46 42 0.000000 -0.000000 0.000000
47 42 0.000000 -0.000000 0.000000
48 42 0.000000 -0.000000 0.000000
49 42 0.000000 0.000000 0.000000

0 43 0.000000 0.000000 0.000000
1 43 0.052582 -0.033471 0.002114
2 43 0.057629 -0.037648 0.004514
3 43 0.061043 -0.040693 0.007017
4 43 0.063079 -0.042653 0.009489
5 43 0.064078 -0.043677 0.011845
6 43 0.064380 -0.043953 0.014044
7 43 0.064265 -0.043662 0.016078
8 43 0.063936 -0.042953 0.017946
9 43 0.063495 -0.041920 0.019642
10 43 0.062952 -0.040610 0.021146
11 43 0.062252 -0.039025 0.022424
12 43 0.061260 -0.037121 0.023408
13 43 0.059726 -0.034807 0.023955
14 43 0.057285 -0.031977 0.023856
15 43 0.053564 -0.028574 0.022915
16 43 0.048383 -0.024656 0.021058
17 43 0.041892 -0.020421 0.018400
18 43 0.034583 -0.016165 0.015234
19 43 0.027137 -0.012200 0.011933
20 43 0.020218 -0.008770 0.008847
21 43 0.014306 -0.006006 0.006215
22 43 0.009624 -0.003922 0.004146
23 43 0.006167 -0.002446 0.002632
24 43 0.003771 -0.001459 0.001594
25 43 0.002206 -0.000834 0.000923
26 43 0.001237 -0.000458 0.000512
27 43 0.000666 -0.000242 0.000273
28 43 0.000345 -0.000123 0.000140
29 43 0.000172 -0.000061 0.000069
30 43 0.000083 -0.000029 0.000033
31 43 0.000039 -0.000013 0.000015
32 43 0.000018 -0.000006 0.000007
33 43 0.000008 -0.000003 0.000003
34 43 0.000003 -0.000001 0.000001
35 43 0.000001 -0.000000 0.000001
36 43 0.000001 -0.000000 0.000000
37 43 0.000000 -0.000000 0.000000
38 43 0.000000 -0.000000 0.000000
39 43 0.000000 -0.000000 0.000000
40 43 0.000000 -0.000000 0.000000
41 43 0.000000 -0.000000 0.000000
42 43 0.000000 -0.000000 0.000000
43 43 0.000000 -0.000000 0.000000
44 43 0.000000 -0.000000 0.000000
45 43 0.000000 -0.000000 0.000000
46 43 0.000000 -0.000000 0.000000
47 43 0.000000 -0.000000 0.000000
48 43 0.000000 -0.000000 0.000000
49 43 0.000000 0.000000 0.000000

0 44 0.000000 0.000000 0.000000
1 44 0.031823 -0.018634 0.001293
2 44 0.037640 -0.022524 0.002953
3 44 0.042619 -0.025928 0.004862
4 44 0.046616 -0.028682 0.006896
5 44 0.049612 -0.030709 0.008943
6 44 0.051672 -0.032005 0.010911
7 44 0.052892 -0.032607 0.012726
8 44 0.053366 -0.032571 0.014329
9 44 0.053155 -0.031954 0.015665
10 44 0.052282 -0.030802 0.016679
11 44 0.050726 -0.029148 0.017310
12 44 0.048421 -0.027018 0.017482
13 44 0.045278 -0.024440 0.017113
14 44 0.041235 -0.021475 0.016148
15 44 0.036346 -0.018238 0.014608
16 44 0.030826 -0.014902 0.012611
17 44 0.025043 -0.011675 0.010356
18 44 0.019428 -0.008750 0.008077
19 44 0.014370 -0.006265 0.005981
20 44 0.010130 -0.004285 0.004209
21 44 0.006809 -0.002801 0.002818
22 44 0.004369 -0.001752 0.001798
23 44 0.002681 -0.001049 0.001096
24 44 0.001575 -0.000603 0.000639
25 44 0.000888 -0.000333 0.000358
26 44 0.000481 -0.000177 0.000192
27 44 0.000251 -0.000091 0.000099
28 44 0.000126 -0.000045 0.000050
29 44 0.000061 -0.000022 0.000024
30 44 0.000029 -0.000010 0.000011
31 44 0.000013 -0.000005 0.000005
32 44 0.000006 -0.000002 0.000002
33 44 0.000003 -0.000001 0.000001
34 44 0.000001 -0.000000 0.000000
35 44 0.000000 -0.000000 0.000000
36 44 0.000000 -0.000000 0.000000
37 44 0.000000 -0.000000 0.000000
38 44 0.000000 -0.000000 0.000000
39 44 0.000000 -0.000000 0.000000
40 44 0.000000 -0.000000 0.000000
41 44 0.000000 -0.000000 0.000000
42 44 0.000000 -0.000000 0.000000
43 44 0.000000 -0.000000 0.000000
44 44 0.000000 -0.000000 0.000000
45 44 0.000000 -0.000000 0.000000
46 44 0.000000 -0.000000 0.000000
47 44 0.000000 -0.000000 0.000000
48 44 0.000000 -0.000000 0.000000
49 44 0.000000 0.000000 0.000000

0 45 0.000000 0.000000 0.000000
1 45 0.015370 -0.008397 0.000637
2 45 0.019459 -0.010832 0.001546
3 45 0.023376 -0.013194 0.002683
4 45 0.026885 -0.015314 0.003974
5 45 0.029815 -0.017058 0.005336
6 45 0.032060 -0.018338 0.006680
7 45 0.033562 -0.019103 0.007924
8 45 0.034299 -0.019339 0.008990
9 45 0.034270 -0.019056 0.009813
10 45 0.033485 -0.018285 0.010334
11 45 0.031960 -0.017071 0.010507
12 45 0.029727 -0.015478 0.010297
13 45 0.026850 -0.013590 0.009702
14 45 0.023454 -0.011518 0.008757
15 45 0.019730 -0.009394 0.007549
16 45 0.015929 -0.007353 0.006201
17 45 0.012311 -0.005514 0.004847
18 45 0.009093 -0.003956 0.003604
19 45 0.006416 -0.002716 0.002550
20 45 0.004325 -0.001784 0.001719
21 45 0.002787 -0.001122 0.001106
22 45 0.001720 -0.000677 0.000680
23 45 0.001017 -0.000392 0.000400
24 45 0.000577 -0.000218 0.000226
25 45 0.000315 -0.000117 0.000123
26 45 0.000166 -0.000061 0.000064
27 45 0.000084 -0.000030 0.000032
28 45 0.000041 -0.000015 0.000016
29 45 0.000020 -0.000007 0.000007
30 45 0.000009 -0.000003 0.000003
31 45 0.000004 -0.000001 0.000002
32 45 0.000002 -0.000001 0.000001
33 45 0.000001 -0.000000 0.000000
34 45 0.000000 -0.000000 0.000000
35 45 0.000000 -0.000000 0.000000
36 45 0.000000 -0.000000 0.000000
37 45 0.000000 -0.000000 0.000000
38 45 0.000000 -0.000000 0.000000
39 45 0.000000 -0.000000 0.000000
40 45 0.000000 -0.000000 0.000000
41 45 0.000000 -0.000000 0.000000
42 45 0.000000 -0.000000 0.000000
43 45 0.000000 -0.000000 0.000000
44 45 0.000000 -0.000000 0.000000
45 45 0.000000 -0.000000 0.000000
46 45 0.000000 -0.000000 0.000000
47 45 0.000000 -0.000000 0.000000
48 45 0.000000 -0.000000 0.000000
49 45 0.000000 0.000000 0.000000

0 46 0.000000 0.000000 0.000000
1 46 0.006093 -0.003140 0.000259
2 46 0.008207 -0.004301 0.000664
3 46 0.010398 -0.005517 0.001208
4 46 0.012508 -0.006688 0.001862
5 46 0.014388 -0.007719 0.002578
6 46 0.015912 -0.008530 0.003302
7 46 0.016988 -0.009062 0.003974
8 46 0.017557 -0.009281 0.004537
9 46 0.017589 -0.009179 0.004942
10 46 0.017087 -0.008770 0.005151
11 46 0.016081 -0.008092 0.005140
12 46 0.014636 -0.007201 0.004909
13 46 0.012849 -0.006168 0.004479
14 46 0.010852 -0.005076 0.003899
15 46 0.008795 -0.004007 0.003233
16 46 0.006828 -0.003030 0.002551
17 46 0.005071 -0.002193 0.001916
18 46 0.003601 -0.001519 0.001370
19 46 0.002445 -0.001007 0.000934
20 46 0.001589 -0.000640 0.000608
21 46 0.000989 -0.000390 0.000378
22 46 0.000590 -0.000228 0.000225
23 46 0.000338 -0.000128 0.000129
24 46 0.000187 -0.000070 0.000071
25 46 0.000099 -0.000036 0.000037
26 46 0.000051 -0.000018 0.000019
27 46 0.000025 -0.000009 0.000009
28 46 0.000012 -0.000004 0.000004
29 46 0.000006 -0.000002 0.000002
30 46 0.000003 -0.000001 0.000001
31 46 0.000001 -0.000000 0.000000
32 46 0.000000 -0.000000 0.000000
33 46 0.000000 -0.000000 0.000000
34 46 0.000000 -0.000000 0.000000
35 46 0.000000 -0.000000 0.000000
36 46 0.000000 -0.000000 0.000000
37 46 0.000000 -0.000000 0.000000
38 46 0.000000 -0.000000 0.000000
39 46 0.000000 -0.000000 0.000000
40 46 0.000000 -0.000000 0.000000
41 46 0.000000 -0.000000 0.000000
42 46 0.000000 -0.000000 0.000000
43 46 0.000000 -0.000000 0.000000
44 46 0.000000 -0.000000 0.000000
45 46 0.000000 -0.000000 0.000000
46 46 0.000000 -0.000000 0.000000
47 46 0.000000 -0.000000 0.000000
48 46 0.000000 -0.000000 0.000000
49 46 0.000000 0.000000 0.000000

0 47 0.000000 0.000000 0.000000
1 47 0.002021 -0.001004 0.000088
2 47 0.002881 -0.001456 0.000238
3 47 0.003831 -0.001963 0.000452
4 47 0.004799 -0.002480 0.000722
5 47 0.005702 -0.002960 0.001027
6 47 0.006465 -0.003356 0.001342
7 47 0.007021 -0.003631 0.001636
8 47 0.007326 -0.003758 0.001877
9 47 0.007356 -0.003728 0.002039
10 47 0.007109 -0.003548 0.002105
11 47 0.006612 -0.003239 0.002067
12 47 0.005909 -0.002835 0.001931
13 47 0.005068 -0.002377 0.001716
14 47 0.004165 -0.001908 0.001450
15 47 0.003276 -0.001465 0.001165
16 47 0.002464 -0.001076 0.000890
17 47 0.001772 -0.000756 0.000647
18 47 0.001219 -0.000508 0.000448
19 47 0.000802 -0.000327 0.000296
20 47 0.000505 -0.000202 0.000187
21 47 0.000306 -0.000120 0.000113
22 47 0.000177 -0.000068 0.000066
23 47 0.000099 -0.000037 0.000037
24 47 0.000053 -0.000020 0.000020
25 47 0.000028 -0.000010 0.000010
26 47 0.000014 -0.000005 0.000005
27 47 0.000007 -0.000002 0.000002
28 47 0.000003 -0.000001 0.000001
29 47 0.000001 -0.000001 0.000001
30 47 0.000001 -0.000000 0.000000
31 47 0.000000 -0.000000 0.000000
32 47 0.000000 -0.000000 0.000000
33 47 0.000000 -0.000000 0.000000
34 47 0.000000 -0.000000 0.000000
35 47 0.000000 -0.000000 0.000000
36 47 0.000000 -0.000000 0.000000
37 47 0.000000 -0.000000 0.000000
38 47 0.000000 -0.000000 0.000000
39 47 0.000000 -0.000000 0.000000
40 47 0.000000 -0.000000 0.000000
41 47 0.000000 -0.000000 0.000000
42 47 0.000000 -0.000000 0.000000
43 47 0.000000 -0.000000 0.000000
44 47 0.000000 -0.000000 0.000000
45 47 0.000000 -0.000000 0.000000
46 47 0.000000 -0.000000 0.000000
47 47 0.000000 -0.000000 0.000000
48 47 0.000000 -0.000000 0.000000
49 47 0.000000 0.000000 0.000000

0 48 0.000000 0.000000 0.000000
1 48 0.000544 -0.000331 0.000024
2 48 0.000815 -0.000511 0.000069
3 48 0.001129 -0.000724 0.000135
4 48 0.001462 -0.000954 0.000222
5 48 0.001785 -0.001178 0.000324
6 48 0.002065 -0.001371 0.000430
7 48 0.002273 -0.001509 0.000529
8 48 0.002390 -0.001578 0.000609
9 48 0.002404 -0.001570 0.000660
10 48 0.002314 -0.001488 0.000676
11 48 0.002132 -0.001345 0.000655
12 48 0.001879 -0.001159 0.000602
13 48 0.001583 -0.000953 0.000524
14 48 0.001275 -0.000748 0.000433
15 48 0.000980 -0.000560 0.000339
16 48 0.000720 -0.000400 0.000253
17 48 0.000505 -0.000274 0.000179
18 48 0.000339 -0.000179 0.000121
19 48 0.000218 -0.000112 0.000078
20 48 0.000134 -0.000067 0.000048
21 48 0.000079 -0.000039 0.000029
22 48 0.000045 -0.000022 0.000016
23 48 0.000025 -0.000012 0.000009
24 48 0.000013 -0.000006 0.000005
25 48 0.000007 -0.000003 0.000002
26 48 0.000003 -0.000001 0.000001
27 48 0.000002 -0.000001 0.000001
28 48 0.000001 -0.000000 0.000000
29 48 0.000000 -0.000000 0.000000
30 48 0.000000 -0.000000 0.000000
31 48 0.000000 -0.000000 0.000000
32 48 0.000000 -0.000000 0.000000
33 48 0.000000 -0.000000 0.000000
34 48 0.000000 -0.000000 0.000000
35 48 0.000000 -0.000000 0.000000
36 48 0.000000 -0.000000 0.000000
37 48 0.000000 -0.000000 0.000000
38 48 0.000000 -0.000000 0.000000
39 48 0.000000 -0.000000 0.000000
40 48 0.000000 -0.000000 0.000000
41 48 0.000000 -0.000000 0.000000
42 48 0.000000 -0.000000 0.000000
43 48 0.000000 -0.000000 0.000000
44 48 0.000000 -0.000000 0.000000
45 48 0.000000 -0.000000 0.000000
46 48 0.000000 -0.000000 0.000000
47 48 0.000000 -0.000000 0.000000
48 48 0.000000 -0.000000 0.000000
49 48 0.000000 0.000000 0.000000

0 49 0.000000 0.000000 0.000000
1 49 0.000000 0.000000 0.000000
2 49 0.000000 0.000000 0.000000
3 49 0.000000 0.000000 0.000000
4 49 0.000000 0.000000 0.000000
5 49 0.000000 0.000000 0.000000
6 49 0.000000 0.000000 0.000000
7 49 0.000000 0.000000 0.000000
8 49 0.000000 0.000000 0.000000
9 49 0.000000 0.000000 0.000000
10 49 0.000000 0.000000 0.000000
11 49 0.000000 0.000000 0.000000
12 49 0.000000 0.000000 0.000000
13 49 0.000000 0.000000 0.000000
14 49 0.000000 0.000000 0.000000
15 49 0.000000 0.000000 0.000000
16 49 0.000000 0.000000 0.000000
17 49 0.000000 0.000000 0.000000
18 49 0.000000 0.000000 0.000000
19 49 0.000000 0.000000 0.000000
20 49 0.000000 0.000000 0.000000
21 49 0.000000 0.000000 0.000000
22 49 0.000000 0.000000 0.000000
23 49 0.000000 0.000000 0.000000
24 49 0.000000 0.000000 0.000000
25 49 0.000000 0.000000 0.000000
26 49 0.000000 0.000000 0.000000
27 49 0.000000 0.000000 0.000000
28 49 0.000000 0.000000 0.000000
29 49 0.000000 0.000000 0.000000
30 49 0.000000 0.000000 0.000000
31 49 0.000000 0.000000 0.000000
32 49 0.000000 0.000000 0.000000
33 49 0.000000 0.000000 0.000000
34 49 0.000000 0.000000 0.000000
35 49 0.000000 0.000000 0.000000
36 49 0.000000 0.000000 0.000000
37 49 0.000000 0.000000 0.000000
38 49 0.000000 0.000000 0.000000
39 49 0.000000 0.000000 0.000000
40 49 0.000000 0.000000 0.000000
41 49 0.000000 0.000000 0.000000
42 49 0.000000 0.000000 0.000000
43 49 0.000000 0.000000 0.000000
44 49 0.000000 0.000000 0.000000
45 49 0.000000 0.000000 0.000000
46 49 0.000000 0.000000 0.000000
47 49 0.000000 0.000000 0.000000
48 49 0.000000 0.000000 0.000000
49 49 0.000000 0.000000 0.000000

