#:x y Ey Bx Bz
0 0 0.000000 0.000000 0.000000
1 0 0.000000 0.000000 0.000000
2 0 0.000000 0.000000 0.000000
3 0 0.000000 0.000000 0.000000
4 0 0.000000 0.000000 0.000000
5 0 0.000000 0.000000 0.000000
6 0 0.000000 0.000000 0.000000
7 0 0.000000 0.000000 0.000000
8 0 0.000000 0.000000 0.000000
9 0 0.000000 0.000000 0.000000
10 0 0.000000 0.000000 0.000000
11 0 0.000000 0.000000 0.000000
12 0 0.000000 0.000000 0.000000
13 0 0.000000 0.000000 0.000000
14 0 0.000000 0.000000 0.000000
15 0 0.000000 0.000000 0.000000
16 0 0.000000 0.000000 0.000000
17 0 0.000000 0.000000 0.000000
18 0 0.000000 0.000000 0.000000
19 0 0.000000 0.000000 0.000000
20 0 0.000000 0.000000 0.000000
21 0 0.000000 0.000000 0.000000
22 0 0.000000 0.000000 0.000000
23 0 0.000000 0.000000 0.000000
24 0 0.000000 0.000000 0.000000
25 0 0.000000 0.000000 0.000000
26 0 0.000000 0.000000 0.000000
27 0 0.000000 0.000000 0.000000
28 0 0.000000 0.000000 0.000000
29 0 0.000000 0.000000 0.000000
30 0 0.000000 0.000000 0.000000
31 0 0.000000 0.000000 0.000000
32 0 0.000000 0.000000 0.000000
33 0 0.000000 0.000000 0.000000
34 0 0.000000 0.000000 0.000000
35 0 0.000000 0.000000 0.000000
36 0 0.000000 0.000000 0.000000
37 0 0.000000 0.000000 0.000000
38 0 0.000000 0.000000 0.000000
39 0 0.000000 0.000000 0.000000
40 0 0.000000 0.000000 0.000000
41 0 0.000000 0.000000 0.000000
42 0 0.000000 0.000000 0.000000
43 0 0.000000 0.000000 0.000000
44 0 0.000000 0.000000 0.000000
45 0 0.000000 0.000000 0.000000
46 0 0.000000 0.000000 0.000000
47 0 0.000000 0.000000 0.000000
48 0 0.000000 0.000000 0.000000
49 0 0.000000 0.000000 0.000000

0 1 0.000000 0.000000 0.000000
1 1 -0.001607 -0.000318 0.000318
2 1 -0.003232 -0.000506 0.000189
3 1 -0.004852 -0.000438 -0.000069
4 1 -0.006379 0.000007 -0.000444
5 1 -0.007627 0.000916 -0.000909
6 1 -0.008321 0.002315 -0.001400
7 1 -0.008137 0.004124 -0.001808
8 1 -0.006811 0.006116 -0.001993
9 1 -0.004286 0.007927 -0.001811
10 1 -0.000873 0.009116 -0.001188
11 1 0.002709 0.009314 -0.000198
12 1 0.005501 0.008407 0.000907
13 1 0.006726 0.006650 0.001756
14 1 0.006271 0.004582 0.002068
15 1 0.004738 0.002743 0.001839
16 1 0.002981 0.001428 0.001316
17 1 0.001588 0.000648 0.000780
18 1 0.000726 0.000258 0.000390
19 1 0.000288 0.000090 0.000167
20 1 0.000100 0.000028 0.000062
21 1 0.000030 0.000008 0.000020
22 1 0.000008 0.000002 0.000006
23 1 0.000002 0.000000 0.000001
24 1 0.000000 0.000000 0.000000
25 1 0.000000 0.000000 0.000000
26 1 0.000000 0.000000 0.000000
27 1 0.000000 0.000000 0.000000
28 1 0.000000 0.000000 0.000000
29 1 0.000000 0.000000 0.000000
30 1 0.000000 0.000000 0.000000
31 1 0.000000 0.000000 0.000000
32 1 0.000000 0.000000 0.000000
33 1 0.000000 0.000000 0.000000
34 1 0.000000 0.000000 0.000000
35 1 0.000000 0.000000 0.000000
36 1 0.000000 0.000000 0.000000
37 1 0.000000 0.000000 0.000000
38 1 0.000000 0.000000 0.000000
39 1 0.000000 0.000000 0.000000
40 1 0.000000 0.000000 0.000000
41 1 0.000000 0.000000 0.000000
42 1 0.000000 0.000000 0.000000
43 1 0.000000 0.000000 0.000000
44 1 0.000000 0.000000 0.000000
45 1 0.000000 0.000000 0.000000
46 1 0.000000 0.000000 0.000000
47 1 0.000000 0.000000 0.000000
48 1 0.000000 0.000000 0.000000
49 1 0.000000 0.000000 0.000000

0 2 0.000000 0.000000 0.000000
1 2 -0.001095 -0.000526 0.001165
2 2 -0.002400 -0.001075 0.001062
3 2 -0.004092 -0.001651 0.000832
4 2 -0.006286 -0.002219 0.000429
5 2 -0.008960 -0.002686 -0.000193
6 2 -0.011895 -0.002889 -0.001058
7 2 -0.014590 -0.002611 -0.002123
8 2 -0.016277 -0.001635 -0.003235
9 2 -0.016026 0.000152 -0.004103
10 2 -0.013101 0.002612 -0.004331
11 2 -0.007456 0.005271 -0.003573
12 2 -0.000133 0.007374 -0.001754
13 2 0.006714 0.008188 0.000698
14 2 0.010796 0.007477 0.002870
15 2 0.011211 0.005698 0.003924
16 2 0.008928 0.003664 0.003701
17 2 0.005769 0.002007 0.002715
18 2 0.003113 0.000946 0.001624
19 2 0.001430 0.000387 0.000814
20 2 0.000567 0.000138 0.000348
21 2 0.000196 0.000044 0.000129
22 2 0.000060 0.000012 0.000042
23 2 0.000016 0.000003 0.000012
24 2 0.000004 0.000001 0.000003
25 2 0.000001 0.000000 0.000001
26 2 0.000000 0.000000 0.000000
27 2 0.000000 0.000000 0.000000
28 2 0.000000 0.000000 0.000000
29 2 0.000000 0.000000 0.000000
30 2 0.000000 0.000000 0.000000
31 2 0.000000 0.000000 0.000000
32 2 0.000000 0.000000 0.000000
33 2 0.000000 0.000000 0.000000
34 2 0.000000 0.000000 0.000000
35 2 0.000000 0.000000 0.000000
36 2 0.000000 0.000000 0.000000
37 2 0.000000 0.000000 0.000000
38 2 0.000000 0.000000 0.000000
39 2 0.000000 0.000000 0.000000
40 2 0.000000 0.000000 0.000000
41 2 0.000000 0.000000 0.000000
42 2 0.000000 0.000000 0.000000
43 2 0.000000 0.000000 0.000000
44 2 0.000000 0.000000 0.000000
45 2 0.000000 0.000000 0.000000
46 2 0.000000 0.000000 0.000000
47 2 0.000000 0.000000 0.000000
48 2 0.000000 0.000000 0.000000
49 2 0.000000 0.000000 0.000000

0 3 0.000000 0.000000 0.000000
1 3 0.001411 0.000897 0.000487
2 3 0.002730 0.001623 0.000597
3 3 0.003808 0.001994 0.000800
4 3 0.004380 0.001810 0.001051
5 3 0.004056 0.000893 0.001259
6 3 0.002345 -0.000852 0.001275
7 3 -0.001184 -0.003312 0.000876
8 3 -0.006613 -0.006061 -0.000149
9 3 -0.013319 -0.008291 -0.001923
10 3 -0.019571 -0.008964 -0.004243
11 3 -0.022810 -0.007247 -0.006420
12 3 -0.020522 -0.003082 -0.007383
13 3 -0.011952 0.002297 -0.006051
14 3 0.000017 0.006715 -0.002363
15 3 0.009997 0.008500 0.002055
16 3 0.014197 0.007636 0.005022
17 3 0.012873 0.005392 0.005591
18 3 0.008901 0.003126 0.004422
19 3 0.004994 0.001526 0.002751
20 3 0.002348 0.000638 0.001408
21 3 0.000944 0.000232 0.000609
22 3 0.000329 0.000074 0.000227
23 3 0.000101 0.000021 0.000074
24 3 0.000027 0.000005 0.000021
25 3 0.000007 0.000001 0.000005
26 3 0.000001 0.000000 0.000001
27 3 0.000000 0.000000 0.000000
28 3 0.000000 0.000000 0.000000
29 3 0.000000 0.000000 0.000000
30 3 0.000000 0.000000 0.000000
31 3 0.000000 0.000000 0.000000
32 3 0.000000 0.000000 0.000000
33 3 0.000000 0.000000 0.000000
34 3 0.000000 0.000000 0.000000
35 3 0.000000 0.000000 0.000000
36 3 0.000000 0.000000 0.000000
37 3 0.000000 0.000000 0.000000
38 3 0.000000 0.000000 0.000000
39 3 0.000000 0.000000 0.000000
40 3 0.000000 0.000000 0.000000
41 3 0.000000 0.000000 0.000000
42 3 0.000000 0.000000 0.000000
43 3 0.000000 0.000000 0.000000
44 3 0.000000 0.000000 0.000000
45 3 0.000000 0.000000 0.000000
46 3 0.000000 0.000000 0.000000
47 3 0.000000 0.000000 0.000000
48 3 0.000000 0.000000 0.000000
49 3 0.000000 0.000000 0.000000

0 4 0.000000 0.000000 0.000000
1 4 0.000070 0.001795 -0.001591
2 4 0.000546 0.003675 -0.001547
3 4 0.001802 0.005670 -0.001410
4 4 0.004158 0.007681 -0.001074
5 4 0.007685 0.009430 -0.000425
6 4 0.012119 0.010411 0.000637
7 4 0.016441 0.009915 0.002078
8 4 0.018966 0.007264 0.003588
9 4 0.017375 0.002124 0.004558
10 4 0.009677 -0.004837 0.003969
11 4 -0.003877 -0.011680 0.001070
12 4 -0.019779 -0.015504 -0.004017
13 4 -0.030598 -0.013720 -0.009549
14 4 -0.028708 -0.006562 -0.011916
15 4 -0.014353 0.002131 -0.008634
16 4 0.003156 0.007905 -0.001592
17 4 0.014128 0.009130 0.004631
18 4 0.015949 0.007215 0.007131
19 4 0.012118 0.004444 0.006304
20 4 0.007146 0.002248 0.004134
21 4 0.003458 0.000961 0.002177
22 4 0.001415 0.000354 0.000957
23 4 0.000499 0.000114 0.000359
24 4 0.000154 0.000032 0.000117
25 4 0.000042 0.000008 0.000034
26 4 0.000010 0.000002 0.000009
27 4 0.000002 0.000000 0.000002
28 4 0.000000 0.000000 0.000000
29 4 0.000000 0.000000 0.000000
30 4 0.000000 0.000000 0.000000
31 4 0.000000 0.000000 0.000000
32 4 0.000000 0.000000 0.000000
33 4 0.000000 0.000000 0.000000
34 4 0.000000 0.000000 0.000000
35 4 0.000000 0.000000 0.000000
36 4 0.000000 0.000000 0.000000
37 4 0.000000 0.000000 0.000000
38 4 0.000000 0.000000 0.000000
39 4 0.000000 0.000000 0.000000
40 4 0.000000 0.000000 0.000000
41 4 0.000000 0.000000 0.000000
42 4 0.000000 0.000000 0.000000
43 4 0.000000 0.000000 0.000000
44 4 0.000000 0.000000 0.000000
45 4 0.000000 0.000000 0.000000
46 4 0.000000 0.000000 0.000000
47 4 0.000000 0.000000 0.000000
48 4 0.000000 0.000000 0.000000
49 4 0.000000 0.000000 0.000000

0 5 0.000000 0.000000 0.000000
1 5 -0.003589 -0.001069 -0.000536
2 5 -0.007186 -0.001883 -0.000828
3 5 -0.010683 -0.002154 -0.001390
4 5 -0.013637 -0.001493 -0.002207
5 5 -0.015224 0.000466 -0.003089
6 5 -0.014229 0.004029 -0.003813
7 5 -0.009105 0.009024 -0.003782
8 5 0.000801 0.014559 -0.002452
9 5 0.015007 0.018739 0.000696
10 5 0.029350 0.018774 0.005474
11 5 0.036791 0.012603 0.009952
12 5 0.030221 0.000402 0.011364
13 5 0.006378 -0.013410 0.006427
14 5 -0.024335 -0.020744 -0.004960
15 5 -0.040576 -0.016826 -0.015423
16 5 -0.031764 -0.005540 -0.016379
17 5 -0.008733 0.004822 -0.007926
18 5 0.010453 0.009318 0.002271
19 5 0.017357 0.008568 0.007820
20 5 0.014844 0.005666 0.008030
21 5 0.009257 0.002981 0.005600
22 5 0.004620 0.001305 0.003042
23 5 0.001926 0.000488 0.001360
24 5 0.000688 0.000158 0.000516
25 5 0.000214 0.000045 0.000169
26 5 0.000059 0.000011 0.000049
27 5 0.000014 0.000003 0.000012
28 5 0.000003 0.000001 0.000003
29 5 0.000001 0.000000 0.000001
30 5 0.000000 0.000000 0.000000
31 5 0.000000 0.000000 0.000000
32 5 0.000000 0.000000 0.000000
33 5 0.000000 0.000000 0.000000
34 5 0.000000 0.000000 0.000000
35 5 0.000000 0.000000 0.000000
36 5 0.000000 0.000000 0.000000
37 5 0.000000 0.000000 0.000000
38 5 0.000000 0.000000 0.000000
39 5 0.000000 0.000000 0.000000
40 5 0.000000 0.000000 0.000000
41 5 0.000000 0.000000 0.000000
42 5 0.000000 0.000000 0.000000
43 5 0.000000 0.000000 0.000000
44 5 0.000000 0.000000 0.000000
45 5 0.000000 0.000000 0.000000
46 5 0.000000 0.000000 0.000000
47 5 0.000000 0.000000 0.000000
48 5 0.000000 0.000000 0.000000
49 5 0.000000 0.000000 0.000000

0 6 0.000000 0.000000 0.000000
1 6 0.001452 -0.001372 0.001554
2 6 0.002202 -0.003114 0.001633
3 6 0.001656 -0.005507 0.001703
4 6 -0.001231 -0.008663 0.001540
5 6 -0.006842 -0.012252 0.000817
6 6 -0.015725 -0.015519 -0.000745
7 6 -0.026470 -0.016763 -0.003562
8 6 -0.035927 -0.014212 -0.006984
9 6 -0.039108 -0.006057 -0.010300
10 6 -0.028556 0.007238 -0.010690
11 6 -0.003205 0.021366 -0.005664
12 6 0.030938 0.029330 0.004714
13 6 0.056268 0.023041 0.017485
14 6 0.046650 0.002464 0.021760
15 6 0.002310 -0.018211 0.008500
16 6 -0.039087 -0.023764 -0.012589
17 6 -0.045328 -0.013883 -0.022413
18 6 -0.022117 -0.000088 -0.015361
19 6 0.004175 0.008034 -0.001682
20 6 0.016903 0.009100 0.007466
21 6 0.016614 0.006526 0.009291
22 6 0.010971 0.003580 0.006915
23 6 0.005641 0.001606 0.003873
24 6 0.002393 0.000609 0.001760
25 6 0.000864 0.000200 0.000673
26 6 0.000271 0.000058 0.000222
27 6 0.000075 0.000015 0.000064
28 6 0.000018 0.000003 0.000016
29 6 0.000004 0.000001 0.000004
30 6 0.000001 0.000000 0.000001
31 6 0.000000 0.000000 0.000000
32 6 0.000000 0.000000 0.000000
33 6 0.000000 0.000000 0.000000
34 6 0.000000 0.000000 0.000000
35 6 0.000000 0.000000 0.000000
36 6 0.000000 0.000000 0.000000
37 6 0.000000 0.000000 0.000000
38 6 0.000000 0.000000 0.000000
39 6 0.000000 0.000000 0.000000
40 6 0.000000 0.000000 0.000000
41 6 0.000000 0.000000 0.000000
42 6 0.000000 0.000000 0.000000
43 6 0.000000 0.000000 0.000000
44 6 0.000000 0.000000 0.000000
45 6 0.000000 0.000000 0.000000
46 6 0.000000 0.000000 0.000000
47 6 0.000000 0.000000 0.000000
48 6 0.000000 0.000000 0.000000
49 6 0.000000 0.000000 0.000000

0 7 0.000000 0.000000 0.000000
1 7 0.003736 0.003395 -0.002131
2 7 0.008163 0.006580 -0.001702
3 7 0.013598 0.009300 -0.000908
4 7 0.020321 0.010772 0.000645
5 7 0.026733 0.010149 0.002562
6 7 0.031695 0.006139 0.005041
7 7 0.029829 -0.002139 0.006865
8 7 0.018911 -0.013787 0.006555
9 7 -0.004879 -0.026371 0.002920
10 7 -0.037299 -0.032738 -0.006433
11 7 -0.061436 -0.026536 -0.016936
12 7 -0.062138 -0.005600 -0.023051
13 7 -0.021961 0.023617 -0.016798
14 7 0.045326 0.039111 0.008189
15 7 0.076470 0.024378 0.032102
16 7 0.037837 -0.006206 0.026275
17 7 -0.024635 -0.024149 -0.003223
18 7 -0.050605 -0.019757 -0.024395
19 7 -0.032721 -0.005059 -0.021639
20 7 -0.002424 0.005855 -0.005994
21 7 0.015221 0.008808 0.006397
22 7 0.017322 0.006873 0.009979
23 7 0.012041 0.003924 0.007887
24 7 0.006349 0.001800 0.004533
25 7 0.002731 0.000693 0.002087
26 7 0.000994 0.000229 0.000804
27 7 0.000313 0.000066 0.000266
28 7 0.000087 0.000017 0.000077
29 7 0.000021 0.000004 0.000020
30 7 0.000005 0.000001 0.000005
31 7 0.000001 0.000000 0.000001
32 7 0.000000 0.000000 0.000000
33 7 0.000000 0.000000 0.000000
34 7 0.000000 0.000000 0.000000
35 7 0.000000 0.000000 0.000000
36 7 0.000000 0.000000 0.000000
37 7 0.000000 0.000000 0.000000
38 7 0.000000 0.000000 0.000000
39 7 0.000000 0.000000 0.000000
40 7 0.000000 0.000000 0.000000
41 7 0.000000 0.000000 0.000000
42 7 0.000000 0.000000 0.000000
43 7 0.000000 0.000000 0.000000
44 7 0.000000 0.000000 0.000000
45 7 0.000000 0.000000 0.000000
46 7 0.000000 0.000000 0.000000
47 7 0.000000 0.000000 0.000000
48 7 0.000000 0.000000 0.000000
49 7 0.000000 0.000000 0.000000

0 8 0.000000 0.000000 0.000000
1 8 -0.006038 -0.000487 -0.002392
2 8 -0.011375 -0.000148 -0.002926
3 8 -0.015887 0.001553 -0.003696
4 8 -0.017156 0.005753 -0.004900
5 8 -0.013947 0.012120 -0.005087
6 8 -0.003637 0.020967 -0.004798
7 8 0.016164 0.029017 -0.000812
8 8 0.039136 0.032751 0.005005
9 8 0.062467 0.026770 0.013660
10 8 0.063284 0.006411 0.020410
11 8 0.031912 -0.021055 0.015357
12 8 -0.024013 -0.044023 0.000058
13 8 -0.086127 -0.043003 -0.025854
14 8 -0.086650 -0.006146 -0.042125
15 8 0.000640 0.035643 -0.015915
16 8 0.079870 0.039302 0.030342
17 8 0.064688 0.008295 0.040278
18 8 -0.006372 -0.019108 0.008203
19 8 -0.048556 -0.021585 -0.022739
20 8 -0.038077 -0.008383 -0.025255
21 8 -0.007066 0.003716 -0.009232
22 8 0.013379 0.007988 0.005287
23 8 0.017198 0.006722 0.010209
24 8 0.012397 0.003967 0.008426
25 8 0.006644 0.001853 0.004924
26 8 0.002882 0.000721 0.002284
27 8 0.001054 0.000240 0.000883
28 8 0.000333 0.000070 0.000293
29 8 0.000092 0.000018 0.000085
30 8 0.000023 0.000004 0.000022
31 8 0.000005 0.000001 0.000005
32 8 0.000001 0.000000 0.000001
33 8 0.000000 0.000000 0.000000
34 8 0.000000 0.000000 0.000000
35 8 0.000000 0.000000 0.000000
36 8 0.000000 0.000000 0.000000
37 8 0.000000 0.000000 0.000000
38 8 0.000000 0.000000 0.000000
39 8 0.000000 0.000000 0.000000
40 8 0.000000 0.000000 0.000000
41 8 0.000000 0.000000 0.000000
42 8 0.000000 0.000000 0.000000
43 8 0.000000 0.000000 0.000000
44 8 0.000000 0.000000 0.000000
45 8 0.000000 0.000000 0.000000
46 8 0.000000 0.000000 0.000000
47 8 0.000000 0.000000 0.000000
48 8 0.000000 0.000000 0.000000
49 8 0.000000 0.000000 0.000000

0 9 0.000000 0.000000 0.000000
1 9 0.000612 -0.004057 0.002873
2 9 -0.000915 -0.008580 0.002665
3 9 -0.004045 -0.013840 0.002467
4 9 -0.013699 -0.019520 0.001034
5 9 -0.025050 -0.023744 -0.001505
6 9 -0.042867 -0.025057 -0.005547
7 9 -0.055014 -0.017771 -0.012059
8 9 -0.055564 -0.002730 -0.014631
9 9 -0.036281 0.021937 -0.015673
10 9 0.017514 0.044497 -0.002314
11 9 0.067445 0.047730 0.018399
12 9 0.092096 0.026764 0.032209
13 9 0.059038 -0.019878 0.033210
14 9 -0.051239 -0.057245 -0.004653
15 9 -0.118255 -0.036957 -0.053661
16 9 -0.044490 0.018106 -0.040568
17 9 0.064658 0.041175 0.020246
18 9 0.074198 0.017543 0.046047
19 9 0.005648 -0.012818 0.016058
20 9 -0.043725 -0.020102 -0.020067
21 9 -0.038363 -0.009384 -0.026152
22 9 -0.008608 0.002331 -0.010516
23 9 0.012238 0.007018 0.004758
24 9 0.016597 0.006206 0.010199
25 9 0.012116 0.003736 0.008545
26 9 0.006519 0.001763 0.005009
27 9 0.002831 0.000690 0.002322
28 9 0.001035 0.000231 0.000896
29 9 0.000327 0.000067 0.000296
30 9 0.000091 0.000017 0.000086
31 9 0.000022 0.000004 0.000022
32 9 0.000005 0.000001 0.000005
33 9 0.000001 0.000000 0.000001
34 9 0.000000 0.000000 0.000000
35 9 0.000000 0.000000 0.000000
36 9 0.000000 0.000000 0.000000
37 9 0.000000 0.000000 0.000000
38 9 0.000000 0.000000 0.000000
39 9 0.000000 0.000000 0.000000
40 9 0.000000 0.000000 0.000000
41 9 0.000000 0.000000 0.000000
42 9 0.000000 0.000000 0.000000
43 9 0.000000 0.000000 0.000000
44 9 0.000000 0.000000 0.000000
45 9 0.000000 0.000000 0.000000
46 9 0.000000 0.000000 0.000000
47 9 0.000000 0.000000 0.000000
48 9 0.000000 0.000000 0.000000
49 9 0.000000 0.000000 0.000000

0 10 0.000000 0.000000 0.000000
1 10 0.007236 0.005043 -0.002293
2 10 0.015407 0.009043 -0.001030
3 10 0.024271 0.012164 -0.000028
4 10 0.034784 0.011119 0.004009
5 10 0.038974 0.006164 0.005720
6 10 0.040947 -0.005867 0.010048
7 10 0.018504 -0.023579 0.008082
8 10 -0.010695 -0.039047 0.000947
9 10 -0.058362 -0.047954 -0.010623
10 10 -0.089808 -0.029968 -0.031058
11 10 -0.060237 0.006347 -0.027902
12 10 -0.002511 0.042267 -0.008641
13 10 0.082626 0.058741 0.023346
14 10 0.113066 0.019661 0.056483
15 10 -0.001607 -0.043594 0.022998
16 10 -0.113398 -0.048509 -0.050406
17 10 -0.063328 0.002617 -0.052709
18 10 0.050182 0.034603 0.012153
19 10 0.070063 0.019029 0.045342
20 10 0.007456 -0.008746 0.017582
21 10 -0.039969 -0.017146 -0.018824
22 10 -0.035177 -0.008466 -0.025148
23 10 -0.007209 0.001878 -0.009755
24 10 0.012065 0.006146 0.005059
25 10 0.015767 0.005485 0.010103
26 10 0.011341 0.003309 0.008304
27 10 0.006040 0.001561 0.004807
28 10 0.002602 0.000610 0.002206
29 10 0.000945 0.000204 0.000844
30 10 0.000297 0.000060 0.000277
31 10 0.000082 0.000015 0.000080
32 10 0.000020 0.000004 0.000020
33 10 0.000004 0.000001 0.000005
34 10 0.000001 0.000000 0.000001
35 10 0.000000 0.000000 0.000000
36 10 0.000000 0.000000 0.000000
37 10 0.000000 0.000000 0.000000
38 10 0.000000 0.000000 0.000000
39 10 0.000000 0.000000 0.000000
40 10 0.000000 0.000000 0.000000
41 10 0.000000 0.000000 0.000000
42 10 0.000000 0.000000 0.000000
43 10 0.000000 0.000000 0.000000
44 10 0.000000 0.000000 0.000000
45 10 0.000000 0.000000 0.000000
46 10 0.000000 0.000000 0.000000
47 10 0.000000 0.000000 0.000000
48 10 0.000000 0.000000 0.000000
49 10 0.000000 0.000000 0.000000

0 11 0.000000 0.000000 0.000000
1 11 -0.007965 0.000559 -0.004299
2 11 -0.012720 0.002997 -0.005103
3 11 -0.018042 0.006852 -0.005655
4 11 -0.012620 0.016023 -0.007264
5 11 -0.002348 0.024966 -0.004060
6 11 0.020736 0.037249 -0.002630
7 11 0.054304 0.038750 0.011070
8 11 0.067353 0.028443 0.017094
9 11 0.071173 0.001845 0.025509
10 11 0.007765 -0.037423 0.014499
11 11 -0.063897 -0.049198 -0.022042
12 11 -0.082742 -0.033062 -0.036322
13 11 -0.058577 0.008105 -0.034848
14 11 0.048795 0.053929 0.004570
15 11 0.118771 0.037257 0.062605
16 11 0.015665 -0.025977 0.035185
17 11 -0.099644 -0.042663 -0.046036
18 11 -0.055970 -0.001947 -0.051265
19 11 0.046572 0.027104 0.012315
20 11 0.059611 0.015267 0.041940
21 11 0.001187 -0.007543 0.013471
22 11 -0.038094 -0.014062 -0.019587
23 11 -0.029934 -0.006482 -0.022929
24 11 -0.003770 0.002100 -0.007378
25 11 0.012589 0.005424 0.006038
26 11 0.014773 0.004678 0.009935
27 11 0.010213 0.002775 0.007771
28 11 0.005310 0.001294 0.004374
29 11 0.002248 0.000502 0.001968
30 11 0.000806 0.000167 0.000742
31 11 0.000250 0.000048 0.000241
32 11 0.000069 0.000012 0.000069
33 11 0.000017 0.000003 0.000017
34 11 0.000004 0.000001 0.000004
35 11 0.000001 0.000000 0.000001
36 11 0.000000 0.000000 0.000000
37 11 0.000000 0.000000 0.000000
38 11 0.000000 0.000000 0.000000
39 11 0.000000 0.000000 0.000000
40 11 0.000000 0.000000 0.000000
41 11 0.000000 0.000000 0.000000
42 11 0.000000 0.000000 0.000000
43 11 0.000000 0.000000 0.000000
44 11 0.000000 0.000000 0.000000
45 11 0.000000 0.000000 0.000000
46 11 0.000000 0.000000 0.000000
47 11 0.000000 0.000000 0.000000
48 11 0.000000 0.000000 0.000000
49 11 0.000000 0.000000 0.000000

0 12 0.000000 0.000000 0.000000
1 12 -0.001366 -0.006146 0.003440
2 12 -0.007623 -0.012509 0.002211
3 12 -0.012891 -0.019164 0.002064
4 12 -0.032261 -0.024708 -0.002805
5 12 -0.042151 -0.023876 -0.006947
6 12 -0.062018 -0.017230 -0.013893
7 12 -0.048281 0.007017 -0.019891
8 12 -0.012011 0.029720 -0.008219
9 12 0.042086 0.050270 0.004194
10 12 0.100411 0.039487 0.037964
11 12 0.054779 -0.005722 0.037500
12 12 -0.028420 -0.035278 -0.002997
13 12 -0.083466 -0.039460 -0.035500
14 12 -0.072464 -0.006687 -0.049678
15 12 0.047806 0.041054 0.000869
16 12 0.109053 0.031395 0.065466
17 12 -0.000051 -0.020345 0.028766
18 12 -0.092035 -0.031830 -0.048515
19 12 -0.035171 0.001483 -0.041506
20 12 0.050264 0.021657 0.019159
21 12 0.046267 0.009682 0.037131
22 12 -0.008946 -0.007903 0.005854
23 12 -0.036625 -0.011206 -0.021259
24 12 -0.023318 -0.004155 -0.019661
25 12 0.000662 0.002589 -0.003978
26 12 0.013288 0.004778 0.007309
27 12 0.013564 0.003856 0.009606
28 12 0.008849 0.002210 0.007001
29 12 0.004438 0.001008 0.003783
30 12 0.001831 0.000384 0.001654
31 12 0.000644 0.000126 0.000610
32 12 0.000197 0.000036 0.000195
33 12 0.000053 0.000009 0.000055
34 12 0.000013 0.000002 0.000014
35 12 0.000003 0.000000 0.000003
36 12 0.000001 0.000000 0.000001
37 12 0.000000 0.000000 0.000000
38 12 0.000000 0.000000 0.000000
39 12 0.000000 0.000000 0.000000
40 12 0.000000 0.000000 0.000000
41 12 0.000000 0.000000 0.000000
42 12 0.000000 0.000000 0.000000
43 12 0.000000 0.000000 0.000000
44 12 0.000000 0.000000 0.000000
45 12 0.000000 0.000000 0.000000
46 12 0.000000 0.000000 0.000000
47 12 0.000000 0.000000 0.000000
48 12 0.000000 0.000000 0.000000
49 12 0.000000 0.000000 0.000000

0 13 0.000000 0.000000 0.000000
1 13 0.010522 0.004959 -0.001245
2 13 0.020910 0.007296 0.001125
3 13 0.030739 0.007985 0.002429
4 13 0.037081 0.000100 0.008954
5 13 0.026593 -0.012425 0.007557
6 13 0.005803 -0.031206 0.008861
7 13 -0.050137 -0.045473 -0.008371
8 13 -0.080353 -0.034890 -0.026055
9 13 -0.081622 -0.006275 -0.035240
10 13 -0.003853 0.040727 -0.020704
11 13 0.099595 0.051863 0.035491
12 13 0.091198 0.011401 0.054105
13 13 -0.005698 -0.030458 0.017369
14 13 -0.104444 -0.039773 -0.042563
15 13 -0.073727 -0.001605 -0.061354
16 13 0.070669 0.038194 0.013417
17 13 0.096235 0.019568 0.069213
18 13 -0.027624 -0.021900 0.011350
19 13 -0.083370 -0.021850 -0.052929
20 13 -0.009489 0.006669 -0.026448
21 13 0.053097 0.017135 0.027465
22 13 0.030147 0.004190 0.029841
23 13 -0.019295 -0.008339 -0.003194
24 13 -0.033705 -0.008442 -0.022219
25 13 -0.015717 -0.001931 -0.015285
26 13 0.005153 0.003014 -0.000161
27 13 0.013662 0.004125 0.008439
28 13 0.012082 0.003057 0.009012
29 13 0.007357 0.001671 0.006050
30 13 0.003528 0.000738 0.003108
31 13 0.001408 0.000275 0.001311
32 13 0.000483 0.000089 0.000470
33 13 0.000145 0.000025 0.000147
34 13 0.000038 0.000006 0.000040
35 13 0.000009 0.000001 0.000010
36 13 0.000002 0.000000 0.000002
37 13 0.000000 0.000000 0.000000
38 13 0.000000 0.000000 0.000000
39 13 0.000000 0.000000 0.000000
40 13 0.000000 0.000000 0.000000
41 13 0.000000 0.000000 0.000000
42 13 0.000000 0.000000 0.000000
43 13 0.000000 0.000000 0.000000
44 13 0.000000 0.000000 0.000000
45 13 0.000000 0.000000 0.000000
46 13 0.000000 0.000000 0.000000
47 13 0.000000 0.000000 0.000000
48 13 0.000000 0.000000 0.000000
49 13 0.000000 0.000000 0.000000

0 14 0.000000 0.000000 0.000000
1 14 -0.006029 0.004318 -0.007668
2 14 -0.006901 0.011234 -0.007868
3 14 -0.003464 0.019688 -0.007991
4 14 0.016860 0.032377 -0.005003
5 14 0.044720 0.038421 0.003610
6 14 0.078678 0.034883 0.016558
7 14 0.081840 0.006630 0.031070
8 14 0.025897 -0.033636 0.020253
9 14 -0.065679 -0.056441 -0.012181
10 14 -0.123184 -0.038038 -0.054660
11 14 -0.053246 0.020993 -0.044230
12 14 0.073378 0.056228 0.020549
13 14 0.118144 0.027710 0.065265
14 14 0.010388 -0.028901 0.033799
15 14 -0.119838 -0.041840 -0.054559
16 14 -0.056035 0.004826 -0.062128
17 14 0.090611 0.035474 0.033451
18 14 0.067363 0.008251 0.063345
19 14 -0.053608 -0.021985 -0.011544
20 14 -0.064136 -0.012202 -0.051007
21 14 0.016265 0.010210 -0.007464
22 14 0.049415 0.012174 0.032468
23 14 0.011844 -0.000407 0.019274
24 14 -0.027053 -0.008030 -0.011714
25 14 -0.028284 -0.005703 -0.021209
26 14 -0.007709 -0.000079 -0.009959
27 14 0.008932 0.003183 0.003475
28 14 0.013386 0.003426 0.009085
29 14 0.010339 0.002315 0.008106
30 14 0.005845 0.001197 0.004992
31 14 0.002663 0.000508 0.002424
32 14 0.001023 0.000184 0.000980
33 14 0.000340 0.000058 0.000340
34 14 0.000099 0.000016 0.000103
35 14 0.000026 0.000004 0.000028
36 14 0.000006 0.000001 0.000007
37 14 0.000001 0.000000 0.000001
38 14 0.000000 0.000000 0.000000
39 14 0.000000 0.000000 0.000000
40 14 0.000000 0.000000 0.000000
41 14 0.000000 0.000000 0.000000
42 14 0.000000 0.000000 0.000000
43 14 0.000000 0.000000 0.000000
44 14 0.000000 0.000000 0.000000
45 14 0.000000 0.000000 0.000000
46 14 0.000000 0.000000 0.000000
47 14 0.000000 0.000000 0.000000
48 14 0.000000 0.000000 0.000000
49 14 0.000000 0.000000 0.000000

0 15 0.000000 0.000000 0.000000
1 15 -0.010174 -0.009021 0.002559
2 15 -0.023075 -0.017301 0.000586
3 15 -0.043487 -0.021992 -0.003987
4 15 -0.061956 -0.018425 -0.012635
5 15 -0.069695 0.000382 -0.020769
6 15 -0.035171 0.032412 -0.022264
7 15 0.041954 0.060116 0.002734
8 15 0.112376 0.054138 0.037420
9 15 0.101823 0.004327 0.055944
10 15 -0.026568 -0.048039 0.009207
11 15 -0.113239 -0.049049 -0.057207
12 15 -0.065253 -0.001308 -0.052517
13 15 0.056140 0.043102 0.011902
14 15 0.108601 0.029092 0.069360
15 15 -0.015962 -0.024094 0.024672
16 15 -0.115070 -0.031173 -0.067810
17 15 -0.006394 0.012110 -0.039160
18 15 0.096621 0.026118 0.053986
19 15 0.021438 -0.002816 0.041584
20 15 -0.068468 -0.018264 -0.033454
21 15 -0.033973 -0.003051 -0.038758
22 15 0.035875 0.011069 0.011718
23 15 0.037341 0.006802 0.031055
24 15 -0.006063 -0.003577 0.006445
25 15 -0.030173 -0.006794 -0.017747
26 15 -0.020426 -0.003137 -0.017730
27 15 -0.000167 0.001237 -0.004226
28 15 0.011445 0.003044 0.006387
29 15 0.012361 0.002699 0.009061
30 15 0.008433 0.001661 0.006928
31 15 0.004417 0.000808 0.003913
32 15 0.001905 0.000328 0.001788
33 15 0.000701 0.000114 0.000690
34 15 0.000225 0.000035 0.000231
35 15 0.000064 0.000010 0.000068
36 15 0.000016 0.000002 0.000018
37 15 0.000004 0.000001 0.000004
38 15 0.000001 0.000000 0.000001
39 15 0.000000 0.000000 0.000000
40 15 0.000000 0.000000 0.000000
41 15 0.000000 0.000000 0.000000
42 15 0.000000 0.000000 0.000000
43 15 0.000000 0.000000 0.000000
44 15 0.000000 0.000000 0.000000
45 15 0.000000 0.000000 0.000000
46 15 0.000000 0.000000 0.000000
47 15 0.000000 0.000000 0.000000
48 15 0.000000 0.000000 0.000000
49 15 0.000000 0.000000 0.000000

0 16 0.000000 0.000000 0.000000
1 16 0.017408 0.002425 0.002169
2 16 0.031966 0.000985 0.004606
3 16 0.038821 -0.010137 0.011217
4 16 0.019765 -0.030117 0.011039
5 16 -0.027107 -0.053314 0.003976
6 16 -0.101130 -0.055630 -0.026854
7 16 -0.109581 -0.019063 -0.049258
8 16 -0.032986 0.035227 -0.030955
9 16 0.097886 0.062909 0.030373
10 16 0.114217 0.022741 0.075053
11 16 -0.026675 -0.031472 0.014340
12 16 -0.109458 -0.033239 -0.060347
13 16 -0.040273 0.004315 -0.049931
14 16 0.090826 0.031783 0.031400
15 16 0.080247 0.009706 0.071662
16 16 -0.073376 -0.025914 -0.012368
17 16 -0.088696 -0.013155 -0.073654
18 16 0.050725 0.019010 0.001218
19 16 0.078006 0.013693 0.061938
20 16 -0.025840 -0.010458 0.008678
21 16 -0.062959 -0.011655 -0.044460
22 16 0.000091 0.003707 -0.017613
23 16 0.043062 0.009204 0.025265
24 16 0.018621 0.001892 0.022438
25 16 -0.019972 -0.004998 -0.006035
26 16 -0.027809 -0.004870 -0.019808
27 16 -0.011167 -0.001003 -0.012145
28 16 0.005967 0.001951 0.001111
29 16 0.012431 0.002641 0.008188
30 16 0.010694 0.001994 0.008361
31 16 0.006514 0.001121 0.005589
32 16 0.003162 0.000512 0.002900
33 16 0.001287 0.000198 0.001245
34 16 0.000452 0.000066 0.000458
35 16 0.000140 0.000020 0.000147
36 16 0.000038 0.000005 0.000042
37 16 0.000009 0.000001 0.000011
38 16 0.000002 0.000000 0.000002
39 16 0.000000 0.000000 0.000001
40 16 0.000000 0.000000 0.000000
41 16 0.000000 0.000000 0.000000
42 16 0.000000 0.000000 0.000000
43 16 0.000000 0.000000 0.000000
44 16 0.000000 0.000000 0.000000
45 16 0.000000 0.000000 0.000000
46 16 0.000000 0.000000 0.000000
47 16 0.000000 0.000000 0.000000
48 16 0.000000 0.000000 0.000000
49 16 0.000000 0.000000 0.000000

0 17 0.000000 0.000000 0.000000
1 17 -0.001506 0.012885 -0.014198
2 17 0.005141 0.027609 -0.013030
3 17 0.034339 0.044396 -0.006941
4 17 0.078243 0.048798 0.010449
5 17 0.110368 0.027820 0.034328
6 17 0.061674 -0.023628 0.039399
7 17 -0.062230 -0.061639 -0.009557
8 17 -0.135264 -0.043246 -0.064666
9 17 -0.053746 0.016688 -0.055736
10 17 0.105205 0.052683 0.035792
11 17 0.107414 0.015687 0.079514
12 17 -0.041146 -0.034849 0.006745
13 17 -0.122435 -0.027012 -0.071604
14 17 -0.009297 0.018697 -0.040529
15 17 0.120214 0.030064 0.062411
16 17 0.027321 -0.006644 0.055064
17 17 -0.106176 -0.024421 -0.052812
18 17 -0.030708 0.001700 -0.052788
19 17 0.082152 0.018242 0.039939
20 17 0.032322 0.001984 0.045706
21 17 -0.055773 -0.011802 -0.023251
22 17 -0.036531 -0.004049 -0.037976
23 17 0.027391 0.006716 0.005905
24 17 0.035603 0.005517 0.028526
25 17 -0.001870 -0.001625 0.008826
26 17 -0.026914 -0.004778 -0.015087
27 17 -0.020701 -0.002733 -0.017518
28 17 -0.002103 0.000488 -0.005537
29 17 0.010002 0.002117 0.005266
30 17 0.011961 0.002081 0.008743
31 17 0.008638 0.001371 0.007136
32 17 0.004741 0.000706 0.004235
33 17 0.002135 0.000302 0.002024
34 17 0.000819 0.000111 0.000816
35 17 0.000274 0.000036 0.000285
36 17 0.000081 0.000010 0.000088
37 17 0.000022 0.000003 0.000024
38 17 0.000005 0.000001 0.000006
39 17 0.000001 0.000000 0.000001
40 17 0.000000 0.000000 0.000000
41 17 0.000000 0.000000 0.000000
42 17 0.000000 0.000000 0.000000
43 17 0.000000 0.000000 0.000000
44 17 0.000000 0.000000 0.000000
45 17 0.000000 0.000000 0.000000
46 17 0.000000 0.000000 0.000000
47 17 0.000000 0.000000 0.000000
48 17 0.000000 0.000000 0.000000
49 17 0.000000 0.000000 0.000000

0 18 0.000000 0.000000 0.000000
1 18 -0.024106 -0.012960 -0.000937
2 18 -0.055145 -0.019977 -0.007342
3 18 -0.081286 -0.010686 -0.022070
4 18 -0.068915 0.024396 -0.033415
5 18 0.026527 0.065212 -0.012913
6 18 0.134812 0.065932 0.048418
7 18 0.117141 0.008945 0.072211
8 18 -0.040039 -0.051414 0.010300
9 18 -0.148943 -0.043164 -0.080289
10 18 -0.033220 0.015073 -0.054235
11 18 0.106221 0.042068 0.052078
12 18 0.068341 0.011431 0.067094
13 18 -0.067431 -0.027105 -0.016810
14 18 -0.090340 -0.016984 -0.073278
15 18 0.055926 0.019660 -0.000135
16 18 0.096065 0.015946 0.077357
17 18 -0.051589 -0.014458 0.004291
18 18 -0.086856 -0.012214 -0.070126
19 18 0.038836 0.010646 -0.005493
20 18 0.070724 0.010147 0.056171
21 18 -0.020667 -0.005795 0.010311
22 18 -0.055976 -0.007938 -0.039681
23 18 -0.000680 0.001911 -0.016728
24 18 0.038476 0.006139 0.022655
25 18 0.017150 0.001583 0.020876
26 18 -0.018070 -0.003255 -0.005241
27 18 -0.025937 -0.003462 -0.018553
28 18 -0.010954 -0.000884 -0.011834
29 18 0.005198 0.001270 0.000691
30 18 0.011712 0.001881 0.007741
31 18 0.010389 0.001487 0.008194
32 18 0.006498 0.000868 0.005633
33 18 0.003239 0.000411 0.003003
34 18 0.001355 0.000165 0.001325
35 18 0.000490 0.000057 0.000501
36 18 0.000156 0.000018 0.000166
37 18 0.000044 0.000005 0.000049
38 18 0.000011 0.000001 0.000013
39 18 0.000003 0.000000 0.000003
40 18 0.000001 0.000000 0.000001
41 18 0.000000 0.000000 0.000000
42 18 0.000000 0.000000 0.000000
43 18 0.000000 0.000000 0.000000
44 18 0.000000 0.000000 0.000000
45 18 0.000000 0.000000 0.000000
46 18 0.000000 0.000000 0.000000
47 18 0.000000 0.000000 0.000000
48 18 0.000000 0.000000 0.000000
49 18 0.000000 0.000000 0.000000

0 19 0.000000 0.000000 0.000000
1 19 0.026011 -0.004597 0.008481
2 19 0.035163 -0.022903 0.017172
3 19 -0.011783 -0.054676 0.014931
4 19 -0.110723 -0.069730 -0.020835
5 19 -0.159703 -0.028987 -0.072745
6 19 -0.033681 0.043157 -0.045383
7 19 0.127285 0.067068 0.051834
8 19 0.118166 0.019348 0.089456
9 19 -0.064306 -0.037808 -0.001352
10 19 -0.124128 -0.025462 -0.089726
11 19 0.031611 0.019103 -0.020376
12 19 0.115156 0.020153 0.073620
13 19 0.001700 -0.009342 0.039840
14 19 -0.115809 -0.017955 -0.060083
15 19 -0.022687 0.005928 -0.053272
16 19 0.112274 0.018480 0.056777
17 19 0.023998 -0.002378 0.054680
18 19 -0.097807 -0.014887 -0.050563
19 19 -0.021605 0.000945 -0.046464
20 19 0.075216 0.011259 0.039480
21 19 0.022757 0.000993 0.038855
22 19 -0.052253 -0.007404 -0.024222
23 19 -0.028731 -0.002290 -0.032902
24 19 0.027536 0.004405 0.008129
25 19 0.030796 0.003440 0.026107
26 19 -0.004219 -0.001185 0.006428
27 19 -0.025544 -0.003171 -0.014993
28 19 -0.018587 -0.001794 -0.016208
29 19 -0.001237 0.000346 -0.004679
30 19 0.009743 0.001443 0.005340
31 19 0.011386 0.001433 0.008469
32 19 0.008220 0.000958 0.006886
33 19 0.004543 0.000502 0.004110
34 19 0.002069 0.000219 0.001985
35 19 0.000806 0.000082 0.000811
36 19 0.000274 0.000027 0.000288
37 19 0.000083 0.000008 0.000090
38 19 0.000022 0.000002 0.000025
39 19 0.000006 0.000001 0.000006
40 19 0.000001 0.000000 0.000001
41 19 0.000000 0.000000 0.000000
42 19 0.000000 0.000000 0.000000
43 19 0.000000 0.000000 0.000000
44 19 0.000000 0.000000 0.000000
45 19 0.000000 0.000000 0.000000
46 19 0.000000 0.000000 0.000000
47 19 0.000000 0.000000 0.000000
48 19 0.000000 0.000000 0.000000
49 19 0.000000 0.000000 0.000000

0 20 0.000000 0.000000 0.000000
1 20 0.019567 0.034594 -0.031315
2 20 0.081462 0.061726 -0.011790
3 20 0.154630 0.046026 0.040020
4 20 0.106707 -0.020384 0.065363
5 20 -0.081524 -0.073423 -0.009910
6 20 -0.167921 -0.046125 -0.097886
7 20 -0.020192 0.024620 -0.051103
8 20 0.143460 0.042997 0.072902
9 20 0.056858 -0.000109 0.078248
10 20 -0.116313 -0.030462 -0.047409
11 20 -0.074634 -0.005517 -0.076468
12 20 0.078732 0.026558 0.024836
13 20 0.088202 0.012825 0.076263
14 20 -0.061673 -0.018100 -0.005656
15 20 -0.093012 -0.012011 -0.077985
16 20 0.063336 0.013469 0.004304
17 20 0.084043 0.009434 0.076370
18 20 -0.061930 -0.009728 -0.007040
19 20 -0.069536 -0.006391 -0.065042
20 20 0.048590 0.007205 0.006520
21 20 0.055942 0.005250 0.051301
22 20 -0.029870 -0.004190 0.000220
23 20 -0.046996 -0.004315 -0.037481
24 20 0.007860 0.001773 -0.009212
25 20 0.035630 0.003681 0.023546
26 20 0.010650 0.000575 0.016537
27 20 -0.019877 -0.002210 -0.007943
28 20 -0.023458 -0.002088 -0.017721
29 20 -0.008210 -0.000413 -0.009824
30 20 0.006206 0.000889 0.001843
31 20 0.011369 0.001220 0.007809
32 20 0.009673 0.000948 0.007792
33 20 0.005949 0.000552 0.005241
34 20 0.002946 0.000262 0.002769
35 20 0.001232 0.000106 0.001220
36 20 0.000447 0.000037 0.000463
37 20 0.000143 0.000012 0.000154
38 20 0.000041 0.000003 0.000046
39 20 0.000011 0.000001 0.000012
40 20 0.000003 0.000000 0.000003
41 20 0.000001 0.000000 0.000001
42 20 0.000000 0.000000 0.000000
43 20 0.000000 0.000000 0.000000
44 20 0.000000 0.000000 0.000000
45 20 0.000000 0.000000 0.000000
46 20 0.000000 0.000000 0.000000
47 20 0.000000 0.000000 0.000000
48 20 0.000000 0.000000 0.000000
49 20 0.000000 0.000000 0.000000

0 21 0.000000 0.000000 0.000000
1 21 -0.084956 -0.008218 -0.027010
2 21 -0.120246 0.029326 -0.061713
3 21 0.012162 0.089352 -0.034639
4 21 0.189859 0.086284 0.078015
5 21 0.121532 0.008057 0.105963
6 21 -0.105205 -0.047038 -0.025512
7 21 -0.139946 -0.022239 -0.105448
8 21 0.052823 0.028867 -0.010934
9 21 0.135665 0.025147 0.099288
10 21 -0.035769 -0.011904 0.024276
11 21 -0.112115 -0.015366 -0.081342
12 21 0.022544 0.004564 -0.025767
13 21 0.105882 0.010094 0.068839
14 21 -0.007579 -0.002941 0.037355
15 21 -0.112500 -0.008941 -0.065716
16 21 0.004437 0.004161 -0.040068
17 21 0.107518 0.009477 0.066913
18 21 -0.008628 -0.003223 0.034856
19 21 -0.090789 -0.007617 -0.059128
20 21 0.006918 0.002335 -0.027056
21 21 0.069841 0.005921 0.046245
22 21 0.001041 -0.000794 0.024097
23 21 -0.051474 -0.004140 -0.030710
24 21 -0.013899 -0.000401 -0.023923
25 21 0.031494 0.002776 0.014815
26 21 0.023013 0.001532 0.022777
27 21 -0.010524 -0.001070 0.000765
28 21 -0.024824 -0.001839 -0.016237
29 21 -0.014606 -0.000847 -0.013866
30 21 0.001543 0.000360 -0.002247
31 21 0.010254 0.000899 0.006238
32 21 0.010657 0.000832 0.008198
33 21 0.007334 0.000540 0.006278
34 21 0.003947 0.000279 0.003631
35 21 0.001768 0.000121 0.001721
36 21 0.000682 0.000045 0.000695
37 21 0.000231 0.000015 0.000245
38 21 0.000070 0.000004 0.000077
39 21 0.000019 0.000001 0.000022
40 21 0.000005 0.000000 0.000005
41 21 0.000001 0.000000 0.000001
42 21 0.000000 0.000000 0.000000
43 21 0.000000 0.000000 0.000000
44 21 0.000000 0.000000 0.000000
45 21 0.000000 0.000000 0.000000
46 21 0.000000 0.000000 0.000000
47 21 0.000000 0.000000 0.000000
48 21 0.000000 0.000000 0.000000
49 21 0.000000 0.000000 0.000000

0 22 0.000000 0.000000 0.000000
1 22 0.012742 -0.057715 0.047695
2 22 -0.169571 -0.091639 -0.020731
3 22 -0.229014 -0.028783 -0.123977
4 22 0.009674 0.054225 -0.040533
5 22 0.189039 0.055762 0.118092
6 22 0.037325 -0.004338 0.079936
7 22 -0.145434 -0.028088 -0.074750
8 22 -0.045407 -0.001208 -0.076367
9 22 0.129336 0.017987 0.063525
10 22 0.045499 0.001275 0.075275
11 22 -0.110623 -0.015499 -0.049298
12 22 -0.057473 -0.000367 -0.067831
13 22 0.090606 0.016026 0.035778
14 22 0.066509 0.003983 0.072090
15 22 -0.089325 -0.011522 -0.029227
16 22 -0.060442 -0.003571 -0.071406
17 22 0.091127 0.008295 0.034430
18 22 0.045526 0.002405 0.063976
19 22 -0.082294 -0.005759 -0.034531
20 22 -0.034839 -0.001322 -0.051036
21 22 0.063565 0.004234 0.028104
22 22 0.030561 0.001344 0.040747
23 22 -0.043177 -0.002686 -0.016177
24 22 -0.032164 -0.001448 -0.032675
25 22 0.020575 0.001469 0.002820
26 22 0.030701 0.001630 0.024312
27 22 0.000426 -0.000169 0.009272
28 22 -0.022772 -0.001266 -0.012281
29 22 -0.019563 -0.000913 -0.016262
30 22 -0.003651 -0.000021 -0.006369
31 22 0.008132 0.000547 0.003928
32 22 0.011043 0.000630 0.008034
33 22 0.008575 0.000458 0.007115
34 22 0.005013 0.000257 0.004510
35 22 0.002400 0.000119 0.002294
36 22 0.000980 0.000047 0.000984
37 22 0.000350 0.000017 0.000366
38 22 0.000111 0.000005 0.000120
39 22 0.000031 0.000001 0.000035
40 22 0.000008 0.000000 0.000009
41 22 0.000002 0.000000 0.000002
42 22 0.000000 0.000000 0.000001
43 22 0.000000 0.000000 0.000000
44 22 0.000000 0.000000 0.000000
45 22 0.000000 0.000000 0.000000
46 22 0.000000 0.000000 0.000000
47 22 0.000000 0.000000 0.000000
48 22 0.000000 0.000000 0.000000
49 22 0.000000 0.000000 0.000000

0 23 0.000000 0.000000 0.000000
1 23 0.300993 0.079877 -0.034730
2 23 0.144223 -0.029415 0.125024
3 23 -0.187888 -0.069255 -0.072248
4 23 -0.152922 -0.016256 -0.141270
5 23 0.120844 0.027810 0.038154
6 23 0.121855 0.014938 0.123150
7 23 -0.093426 -0.012290 -0.010971
8 23 -0.120363 -0.007131 -0.101531
9 23 0.079851 0.012349 0.009096
10 23 0.102691 0.008355 0.096036
11 23 -0.070306 -0.003167 -0.006552
12 23 -0.085392 -0.003834 -0.077794
13 23 0.058983 0.000077 0.002251
14 23 0.091270 0.001498 0.075489
15 23 -0.056308 -0.001606 0.005043
16 23 -0.095038 -0.001594 -0.077195
17 23 0.058761 0.003135 -0.000613
18 23 0.082793 0.002303 0.073927
19 23 -0.055987 -0.002681 -0.003983
20 23 -0.066083 -0.001964 -0.061243
21 23 0.043284 0.001979 0.004480
22 23 0.052230 0.001682 0.047645
23 23 -0.026295 -0.001100 0.001352
24 23 -0.043786 -0.001352 -0.034626
25 23 0.006074 0.000413 -0.009493
26 23 0.033087 0.001117 0.021583
27 23 0.011028 0.000263 0.016181
28 23 -0.017994 -0.000629 -0.006749
29 23 -0.022605 -0.000671 -0.016861
30 23 -0.008784 -0.000184 -0.010039
31 23 0.005234 0.000242 0.001145
32 23 0.010790 0.000378 0.007315
33 23 0.009570 0.000311 0.007675
34 23 0.006080 0.000190 0.005344
35 23 0.003103 0.000094 0.002913
36 23 0.001338 0.000039 0.001323
37 23 0.000501 0.000014 0.000518
38 23 0.000166 0.000005 0.000178
39 23 0.000049 0.000001 0.000055
40 23 0.000013 0.000000 0.000015
41 23 0.000003 0.000000 0.000004
42 23 0.000001 0.000000 0.000001
43 23 0.000000 0.000000 0.000000
44 23 0.000000 0.000000 0.000000
45 23 0.000000 0.000000 0.000000
46 23 0.000000 0.000000 0.000000
47 23 0.000000 0.000000 0.000000
48 23 0.000000 0.000000 0.000000
49 23 0.000000 0.000000 0.000000

0 24 0.000000 0.000000 0.000000
1 24 0.204771 0.323501 0.559169
2 24 0.314586 0.095600 0.384279
3 24 -0.047015 0.004609 0.085166
4 24 -0.197042 -0.008753 -0.134902
5 24 0.040318 0.006486 -0.031838
6 24 0.160054 0.008643 0.120791
7 24 -0.026459 -0.000958 0.041686
8 24 -0.138275 -0.003309 -0.093792
9 24 0.028387 -0.000499 -0.033757
10 24 0.126547 0.001613 0.089356
11 24 -0.019839 -0.003245 0.032905
12 24 -0.111409 -0.005363 -0.072658
13 24 0.000789 0.003006 -0.034993
14 24 0.105938 0.006416 0.065621
15 24 0.000694 -0.000368 0.041344
16 24 -0.107228 -0.003771 -0.066046
17 24 0.011026 -0.000121 -0.035023
18 24 0.098744 0.001855 0.067145
19 24 -0.019275 -0.000125 0.025753
20 24 -0.081991 -0.001017 -0.058333
21 24 0.015891 0.000259 -0.018669
22 24 0.063317 0.000732 0.045383
23 24 -0.005677 -0.000119 0.017908
24 24 -0.047987 -0.000521 -0.030725
25 24 -0.008968 -0.000036 -0.019950
26 24 0.030749 0.000360 0.015784
27 24 0.019894 0.000193 0.020760
28 24 -0.011483 -0.000143 -0.000609
29 24 -0.023655 -0.000242 -0.015839
30 24 -0.013375 -0.000114 -0.012932
31 24 0.001858 0.000046 -0.001818
32 24 0.009944 0.000119 0.006131
33 24 0.010257 0.000112 0.007926
34 24 0.007086 0.000074 0.006080
35 24 0.003846 0.000039 0.003543
36 24 0.001744 0.000017 0.001698
37 24 0.000682 0.000007 0.000696
38 24 0.000235 0.000002 0.000249
39 24 0.000072 0.000001 0.000079
40 24 0.000020 0.000000 0.000023
41 24 0.000005 0.000000 0.000006
42 24 0.000001 0.000000 0.000001
43 24 0.000000 0.000000 0.000000
44 24 0.000000 0.000000 0.000000
45 24 0.000000 0.000000 0.000000
46 24 0.000000 0.000000 0.000000
47 24 0.000000 0.000000 0.000000
48 24 0.000000 0.000000 0.000000
49 24 0.000000 0.000000 0.000000

0 25 0.000000 0.000000 0.000000
1 25 0.213956 -0.308533 -0.150851
2 25 0.298369 -0.110478 0.164261
3 25 -0.007199 -0.016340 0.063348
4 25 -0.208487 0.008874 -0.130111
5 25 -0.010968 -0.002542 -0.067894
6 25 0.162301 -0.009902 0.104203
7 25 0.020277 -0.001644 0.070731
8 25 -0.142020 0.002392 -0.075466
9 25 -0.028063 0.000334 -0.065031
10 25 0.125788 -0.002053 0.072111
11 25 0.016286 0.001183 0.058946
12 25 -0.110177 0.006523 -0.059684
13 25 -0.020893 0.001185 -0.052094
14 25 0.106128 -0.006170 0.051946
15 25 0.031265 -0.002592 0.058814
16 25 -0.107807 0.003060 -0.050113
17 25 -0.027356 0.001426 -0.057040
18 25 0.100984 -0.001542 0.052569
19 25 0.016357 -0.000452 0.048267
20 25 -0.085173 0.000994 -0.047235
21 25 -0.012088 0.000088 -0.037339
22 25 0.064792 -0.000762 0.036748
23 25 0.014650 -0.000121 0.031067
24 25 -0.045794 0.000512 -0.022897
25 25 -0.022352 0.000194 -0.027435
26 25 0.024950 -0.000304 0.008339
27 25 0.026318 -0.000272 0.022898
28 25 -0.004246 0.000065 0.005329
29 25 -0.022943 0.000240 -0.013580
30 25 -0.017118 0.000157 -0.014905
31 25 -0.001688 -0.000008 -0.004699
32 25 0.008615 -0.000106 0.004612
33 25 0.010615 -0.000118 0.007874
34 25 0.007980 -0.000084 0.006681
35 25 0.004594 -0.000047 0.004154
36 25 0.002183 -0.000022 0.002093
37 25 0.000889 -0.000009 0.000895
38 25 0.000318 -0.000003 0.000333
39 25 0.000101 -0.000001 0.000110
40 25 0.000029 -0.000000 0.000032
41 25 0.000008 -0.000000 0.000009
42 25 0.000002 -0.000000 0.000002
43 25 0.000000 -0.000000 0.000000
44 25 0.000000 -0.000000 0.000000
45 25 0.000000 -0.000000 0.000000
46 25 0.000000 -0.000000 0.000000
47 25 0.000000 -0.000000 0.000000
48 25 0.000000 -0.000000 0.000000
49 25 0.000000 0.000000 0.000000

0 26 0.000000 0.000000 0.000000
1 26 0.154799 -0.170510 -0.023132
2 26 0.169384 -0.107277 0.084145
3 26 -0.071747 0.006535 0.010650
4 26 -0.218407 0.042664 -0.125983
5 26 -0.028324 0.003637 -0.068370
6 26 0.160671 -0.021604 0.094791
7 26 0.046693 -0.005011 0.082543
8 26 -0.135550 0.014505 -0.062522
9 26 -0.051938 0.004878 -0.078196
10 26 0.122844 -0.010268 0.056488
11 26 0.052086 -0.003432 0.074010
12 26 -0.093814 0.003121 -0.040945
13 26 -0.056352 -0.001641 -0.065188
14 26 0.078520 -0.003618 0.028518
15 26 0.061761 0.001064 0.069105
16 26 -0.084485 0.004586 -0.025820
17 26 -0.057776 0.000487 -0.069031
18 26 0.087173 -0.004342 0.031730
19 26 0.045519 -0.001224 0.062074
20 26 -0.077491 0.003123 -0.031276
21 26 -0.036150 0.001011 -0.049845
22 26 0.058873 -0.002223 0.024606
23 26 0.032013 -0.000998 0.039870
24 26 -0.039067 0.001348 -0.013154
25 26 -0.032883 0.000966 -0.031742
26 26 0.017145 -0.000664 0.000509
27 26 0.030193 -0.000965 0.022926
28 26 0.002886 -0.000042 0.010519
29 26 -0.020886 0.000663 -0.010546
30 26 -0.019892 0.000570 -0.015977
31 26 -0.005140 0.000090 -0.007305
32 26 0.006953 -0.000268 0.002910
33 26 0.010666 -0.000357 0.007562
34 26 0.008732 -0.000279 0.007130
35 26 0.005314 -0.000165 0.004717
36 26 0.002638 -0.000080 0.002490
37 26 0.001115 -0.000033 0.001107
38 26 0.000411 -0.000012 0.000426
39 26 0.000135 -0.000004 0.000145
40 26 0.000040 -0.000001 0.000044
41 26 0.000011 -0.000000 0.000012
42 26 0.000003 -0.000000 0.000003
43 26 0.000001 -0.000000 0.000001
44 26 0.000000 -0.000000 0.000000
45 26 0.000000 -0.000000 0.000000
46 26 0.000000 -0.000000 0.000000
47 26 0.000000 -0.000000 0.000000
48 26 0.000000 -0.000000 0.000000
49 26 0.000000 0.000000 0.000000

0 27 0.000000 0.000000 0.000000
1 27 0.058643 -0.074035 0.019943
2 27 0.016262 -0.030206 0.037398
3 27 -0.145443 0.058638 -0.029967
4 27 -0.192403 0.067711 -0.105724
5 27 0.006477 0.000525 -0.039201
6 27 0.173105 -0.041176 0.098693
7 27 0.051042 -0.013795 0.077958
8 27 -0.128320 0.018582 -0.058451
9 27 -0.069085 0.005598 -0.081935
10 27 0.109707 -0.015928 0.043058
11 27 0.067908 -0.009233 0.081466
12 27 -0.095811 0.010205 -0.031203
13 27 -0.076024 0.011189 -0.073664
14 27 0.077062 -0.005533 0.018266
15 27 0.086661 -0.009382 0.076305
16 27 -0.071194 0.003793 -0.009746
17 27 -0.083791 0.005793 -0.076372
18 27 0.071057 -0.004523 0.013056
19 27 0.069268 -0.004137 0.070018
20 27 -0.064420 0.003957 -0.014768
21 27 -0.055319 0.002930 -0.057086
22 27 0.048552 -0.003039 0.011571
23 27 0.045452 -0.002485 0.044689
24 27 -0.029812 0.001721 -0.003145
25 27 -0.040285 0.002061 -0.033318
26 27 0.008629 -0.000631 -0.006805
27 27 0.031842 -0.001722 0.021406
28 27 0.009345 -0.000433 0.014692
29 27 -0.017971 0.000956 -0.007181
30 27 -0.021727 0.001061 -0.016281
31 27 -0.008301 0.000324 -0.009519
32 27 0.005117 -0.000350 0.001166
33 27 0.010460 -0.000586 0.007056
34 27 0.009328 -0.000498 0.007428
35 27 0.005981 -0.000311 0.005214
36 27 0.003088 -0.000157 0.002873
37 27 0.001349 -0.000068 0.001322
38 27 0.000513 -0.000025 0.000525
39 27 0.000172 -0.000008 0.000183
40 27 0.000052 -0.000003 0.000057
41 27 0.000014 -0.000001 0.000016
42 27 0.000004 -0.000000 0.000004
43 27 0.000001 -0.000000 0.000001
44 27 0.000000 -0.000000 0.000000
45 27 0.000000 -0.000000 0.000000
46 27 0.000000 -0.000000 0.000000
47 27 0.000000 -0.000000 0.000000
48 27 0.000000 -0.000000 0.000000
49 27 0.000000 0.000000 0.000000

0 28 0.000000 0.000000 0.000000
1 28 -0.016110 -0.005060 0.013275
2 28 -0.076625 0.039208 0.001606
3 28 -0.152956 0.086365 -0.044783
4 28 -0.113873 0.058139 -0.068106
5 28 0.072495 -0.024809 0.003971
6 28 0.170670 -0.059248 0.099806
7 28 0.025167 -0.013390 0.056513
8 28 -0.138533 0.029514 -0.065483
9 28 -0.074742 0.016078 -0.080345
10 28 0.110749 -0.018061 0.041438
11 28 0.077849 -0.012101 0.083867
12 28 -0.083074 0.014386 -0.024947
13 28 -0.072359 0.008137 -0.071372
14 28 0.061809 -0.013697 0.009482
15 28 0.083993 -0.010362 0.071051
16 28 -0.055648 0.009231 0.002232
17 28 -0.091753 0.009576 -0.074197
18 28 0.055277 -0.006687 -0.001650
19 28 0.083212 -0.007816 0.071505
20 28 -0.050306 0.004610 -0.000456
21 28 -0.068659 0.005549 -0.059846
22 28 0.036779 -0.003268 -0.000387
23 28 0.054920 -0.004344 0.046385
24 28 -0.019825 0.001588 0.005976
25 28 -0.044897 0.003284 -0.032920
26 28 0.000385 -0.000223 -0.013081
27 28 0.031821 -0.002422 0.018963
28 28 0.014829 -0.001041 0.017810
29 28 -0.014660 0.001087 -0.003846
30 28 -0.022766 0.001573 -0.016015
31 28 -0.011054 0.000668 -0.011299
32 28 0.003255 -0.000349 -0.000500
33 28 0.010070 -0.000793 0.006431
34 28 0.009774 -0.000731 0.007592
35 28 0.006575 -0.000479 0.005632
36 28 0.003517 -0.000252 0.003224
37 28 0.001581 -0.000112 0.001529
38 28 0.000616 -0.000043 0.000623
39 28 0.000212 -0.000015 0.000223
40 28 0.000065 -0.000004 0.000071
41 28 0.000018 -0.000001 0.000020
42 28 0.000005 -0.000000 0.000005
43 28 0.000001 -0.000000 0.000001
44 28 0.000000 -0.000000 0.000000
45 28 0.000000 -0.000000 0.000000
46 28 0.000000 -0.000000 0.000000
47 28 0.000000 -0.000000 0.000000
48 28 0.000000 -0.000000 0.000000
49 28 0.000000 0.000000 0.000000

0 29 0.000000 0.000000 0.000000
1 29 -0.036465 0.024548 -0.008051
2 29 -0.074120 0.056737 -0.018479
3 29 -0.080912 0.063616 -0.036396
4 29 0.001320 0.011595 -0.023902
5 29 0.131502 -0.059982 0.038275
6 29 0.144788 -0.064866 0.085055
7 29 -0.020016 -0.001815 0.022563
8 29 -0.144447 0.042673 -0.077231
9 29 -0.049796 0.015262 -0.065692
10 29 0.119631 -0.029205 0.048807
11 29 0.079002 -0.019537 0.080780
12 29 -0.083778 0.012055 -0.024355
13 29 -0.088605 0.013133 -0.074592
14 29 0.047564 -0.006058 0.001838
15 29 0.096156 -0.011233 0.071790
16 29 -0.035454 0.004978 0.013949
17 29 -0.100225 0.010665 -0.072664
18 29 0.037080 -0.005597 -0.014794
19 29 0.092214 -0.010228 0.070549
20 29 -0.035749 0.004265 0.011756
21 29 -0.077331 0.007984 -0.059894
22 29 0.025149 -0.002931 -0.010559
23 29 0.061065 -0.006247 0.046072
24 29 -0.010337 0.001027 0.013652
25 29 -0.047379 0.004487 -0.031366
26 29 -0.006966 0.000481 -0.018131
27 29 0.030752 -0.003003 0.016161
28 29 0.019254 -0.001788 0.019993
29 29 -0.011345 0.001066 -0.000802
30 29 -0.023207 0.002069 -0.015397
31 29 -0.013348 0.001088 -0.012660
32 29 0.001496 -0.000274 -0.001999
33 29 0.009577 -0.000970 0.005762
34 29 0.010089 -0.000969 0.007651
35 29 0.007084 -0.000665 0.005967
36 29 0.003907 -0.000361 0.003532
37 29 0.001801 -0.000165 0.001720
38 29 0.000717 -0.000065 0.000717
39 29 0.000251 -0.000023 0.000261
40 29 0.000079 -0.000007 0.000085
41 29 0.000022 -0.000002 0.000025
42 29 0.000006 -0.000001 0.000007
43 29 0.000001 -0.000000 0.000002
44 29 0.000000 -0.000000 0.000000
45 29 0.000000 -0.000000 0.000000
46 29 0.000000 -0.000000 0.000000
47 29 0.000000 -0.000000 0.000000
48 29 0.000000 -0.000000 0.000000
49 29 0.000000 0.000000 0.000000

0 30 0.000000 0.000000 0.000000
1 30 -0.013726 0.016833 -0.017591
2 30 -0.014155 0.024210 -0.018325
3 30 0.016512 0.004615 -0.015443
4 30 0.087878 -0.046260 0.010526
5 30 0.135509 -0.081141 0.047119
6 30 0.076506 -0.051110 0.052368
7 30 -0.083988 0.022108 -0.017695
8 30 -0.140304 0.051214 -0.081451
9 30 -0.018780 0.007550 -0.040959
10 30 0.122533 -0.035591 0.058062
11 30 0.064859 -0.019591 0.072906
12 30 -0.099244 0.021982 -0.033372
13 30 -0.083978 0.023155 -0.074800
14 30 0.064606 -0.011643 0.009403
15 30 0.100241 -0.022681 0.073109
16 30 -0.038334 0.004598 0.012992
17 30 -0.107450 0.017795 -0.072906
18 30 0.029067 -0.003885 -0.020576
19 30 0.099484 -0.014355 0.069992
20 30 -0.024986 0.002995 0.019998
21 30 -0.083478 0.010680 -0.059263
22 30 0.015332 -0.002042 -0.018332
23 30 0.065061 -0.008130 0.044977
24 30 -0.002187 0.000135 0.019667
25 30 -0.048538 0.005607 -0.029430
26 30 -0.013099 0.001385 -0.021991
27 30 0.029231 -0.003458 0.013460
28 30 0.022686 -0.002608 0.021443
29 30 -0.008326 0.000923 0.001787
30 30 -0.023271 0.002531 -0.014633
31 30 -0.015186 0.001554 -0.013655
32 30 -0.000062 -0.000143 -0.003272
33 30 0.009059 -0.001118 0.005121
34 30 0.010300 -0.001206 0.007637
35 30 0.007504 -0.000860 0.006223
36 30 0.004245 -0.000480 0.003788
37 30 0.001997 -0.000224 0.001885
38 30 0.000809 -0.000090 0.000800
39 30 0.000288 -0.000032 0.000296
40 30 0.000091 -0.000010 0.000098
41 30 0.000026 -0.000003 0.000029
42 30 0.000007 -0.000001 0.000008
43 30 0.000002 -0.000000 0.000002
44 30 0.000000 -0.000000 0.000000
45 30 0.000000 -0.000000 0.000000
46 30 0.000000 -0.000000 0.000000
47 30 0.000000 -0.000000 0.000000
48 30 0.000000 -0.000000 0.000000
49 30 0.000000 0.000000 0.000000

0 31 0.000000 0.000000 0.000000
1 31 0.012511 -0.004085 -0.010761
2 31 0.032344 -0.016085 -0.006238
3 31 0.062948 -0.040947 0.003285
4 31 0.089235 -0.066758 0.022065
5 31 0.068238 -0.060008 0.030842
6 31 -0.022946 -0.006153 0.010313
7 31 -0.130958 0.055563 -0.047312
8 31 -0.108105 0.053148 -0.067773
9 31 0.030882 -0.003990 -0.008125
10 31 0.134613 -0.043960 0.069769
11 31 0.043203 -0.017363 0.057843
12 31 -0.106276 0.028247 -0.046162
13 31 -0.064635 0.017397 -0.067003
14 31 0.067180 -0.020345 0.017429
15 31 0.083575 -0.020584 0.066221
16 31 -0.039515 0.010916 0.009207
17 31 -0.101003 0.020229 -0.068396
18 31 0.026182 -0.005945 -0.021706
19 31 0.100720 -0.017872 0.067836
20 31 -0.018875 0.002743 0.024277
21 31 -0.086999 0.013455 -0.058276
22 31 0.008439 -0.001185 -0.023455
23 31 0.067703 -0.010021 0.043868
24 31 0.004055 -0.000884 0.023979
25 31 -0.049108 0.006668 -0.027712
26 31 -0.017876 0.002385 -0.024796
27 31 0.027762 -0.003824 0.011203
28 31 0.025263 -0.003454 0.022381
29 31 -0.005820 0.000706 0.003829
30 31 -0.023163 0.002960 -0.013898
31 31 -0.016598 0.002040 -0.014351
32 31 -0.001346 0.000024 -0.004281
33 31 0.008590 -0.001244 0.004566
34 31 0.010438 -0.001438 0.007583
35 31 0.007834 -0.001060 0.006404
36 31 0.004521 -0.000605 0.003985
37 31 0.002160 -0.000287 0.002016
38 31 0.000886 -0.000117 0.000867
39 31 0.000319 -0.000042 0.000325
40 31 0.000103 -0.000013 0.000108
41 31 0.000030 -0.000004 0.000032
42 31 0.000008 -0.000001 0.000009
43 31 0.000002 -0.000000 0.000002
44 31 0.000000 -0.000000 0.000000
45 31 0.000000 -0.000000 0.000000
46 31 0.000000 -0.000000 0.000000
47 31 0.000000 -0.000000 0.000000
48 31 0.000000 -0.000000 0.000000
49 31 0.000000 0.000000 0.000000

0 32 0.000000 0.000000 0.000000
1 32 0.017140 -0.013999 0.000736
2 32 0.033168 -0.028607 0.004403
3 32 0.040746 -0.040904 0.009461
4 32 0.028716 -0.037890 0.013794
5 32 -0.020782 -0.007513 0.004665
6 32 -0.088823 0.042380 -0.021344
7 32 -0.117359 0.066851 -0.050181
8 32 -0.036428 0.030935 -0.036427
9 32 0.091897 -0.032600 0.027613
10 32 0.125648 -0.055057 0.071480
11 32 -0.000132 -0.009063 0.030131
12 32 -0.120111 0.034477 -0.059805
13 32 -0.056377 0.017893 -0.058748
14 32 0.072351 -0.017190 0.026149
15 32 0.084459 -0.019677 0.065428
16 32 -0.037478 0.008110 0.006039
17 32 -0.100981 0.019988 -0.067977
18 32 0.022945 -0.005251 -0.021904
19 32 0.101790 -0.019562 0.067240
20 32 -0.015284 0.002334 0.026300
21 32 -0.089360 0.015688 -0.058006
22 32 0.004348 -0.000471 -0.026383
23 32 0.069736 -0.011820 0.043365
24 32 0.008189 -0.001855 0.026744
25 32 -0.049675 0.007711 -0.026645
26 32 -0.021277 0.003387 -0.026719
27 32 0.026741 -0.004164 0.009626
28 32 0.027145 -0.004293 0.023010
29 32 -0.003975 0.000470 0.005282
30 32 -0.023062 0.003371 -0.013330
31 32 -0.017630 0.002524 -0.014817
32 32 -0.002303 0.000201 -0.005009
33 32 0.008227 -0.001360 0.004140
34 32 0.010531 -0.001665 0.007518
35 32 0.008076 -0.001258 0.006518
36 32 0.004728 -0.000731 0.004120
37 32 0.002284 -0.000351 0.002109
38 32 0.000946 -0.000145 0.000916
39 32 0.000343 -0.000052 0.000346
40 32 0.000111 -0.000017 0.000116
41 32 0.000032 -0.000005 0.000035
42 32 0.000009 -0.000001 0.000010
43 32 0.000002 -0.000000 0.000002
44 32 0.000000 -0.000000 0.000001
45 32 0.000000 -0.000000 0.000000
46 32 0.000000 -0.000000 0.000000
47 32 0.000000 -0.000000 0.000000
48 32 0.000000 -0.000000 0.000000
49 32 0.000000 0.000000 0.000000

0 33 0.000000 0.000000 0.000000
1 33 0.003379 -0.008084 0.005392
2 33 0.003027 -0.012933 0.006047
3 33 -0.010526 -0.008794 0.003806
4 33 -0.033937 0.007920 -0.000515
5 33 -0.072652 0.037027 -0.014542
6 33 -0.086679 0.058026 -0.028734
7 33 -0.055342 0.043662 -0.030109
8 33 0.042541 -0.009232 0.000280
9 33 0.117197 -0.057117 0.049833
10 33 0.075583 -0.044740 0.052353
11 33 -0.052900 0.013650 -0.003103
12 33 -0.126200 0.046351 -0.068510
13 33 -0.023804 0.016835 -0.041979
14 33 0.102848 -0.028224 0.045462
15 33 0.076228 -0.028124 0.062907
16 33 -0.060275 0.011558 -0.009256
17 33 -0.102521 0.026705 -0.070424
18 33 0.032806 -0.005453 -0.014531
19 33 0.104815 -0.023568 0.069586
20 33 -0.017959 0.001998 0.024148
21 33 -0.092245 0.018379 -0.059572
22 33 0.003890 0.000064 -0.026809
23 33 0.071982 -0.013722 0.044073
24 33 0.009988 -0.002668 0.027998
25 33 -0.050721 0.008828 -0.026567
26 33 -0.023293 0.004315 -0.027886
27 33 0.026463 -0.004558 0.008896
28 33 0.028456 -0.005109 0.023480
29 33 -0.002895 0.000273 0.006124
30 33 -0.023101 0.003789 -0.013028
31 33 -0.018319 0.002991 -0.015106
32 33 -0.002899 0.000363 -0.005445
33 33 0.008018 -0.001480 0.003877
34 33 0.010602 -0.001887 0.007463
35 33 0.008234 -0.001450 0.006572
36 33 0.004859 -0.000851 0.004191
37 33 0.002361 -0.000412 0.002159
38 33 0.000983 -0.000171 0.000942
39 33 0.000358 -0.000062 0.000358
40 33 0.000116 -0.000020 0.000121
41 33 0.000034 -0.000006 0.000036
42 33 0.000009 -0.000002 0.000010
43 33 0.000002 -0.000000 0.000002
44 33 0.000000 -0.000000 0.000001
45 33 0.000000 -0.000000 0.000000
46 33 0.000000 -0.000000 0.000000
47 33 0.000000 -0.000000 0.000000
48 33 0.000000 -0.000000 0.000000
49 33 0.000000 0.000000 0.000000

0 34 0.000000 0.000000 0.000000
1 34 -0.010404 0.003677 0.001038
2 34 -0.022515 0.009892 -0.000097
3 34 -0.038976 0.021485 -0.005076
4 34 -0.051655 0.035032 -0.009380
5 34 -0.058138 0.045892 -0.017659
6 34 -0.028908 0.035399 -0.015435
7 34 0.023047 0.001531 -0.002509
8 34 0.094443 -0.044829 0.027063
9 34 0.095669 -0.057762 0.047834
10 34 0.012612 -0.017714 0.020628
11 34 -0.089516 0.035207 -0.030327
12 34 -0.103553 0.046371 -0.065014
13 34 0.029047 -0.002848 -0.013240
14 34 0.112405 -0.043357 0.060641
15 34 0.036129 -0.020217 0.045092
16 34 -0.081883 0.025627 -0.027800
17 34 -0.084170 0.027755 -0.064103
18 34 0.050474 -0.012610 -0.001232
19 34 0.100631 -0.027071 0.069646
20 34 -0.027750 0.004494 0.017139
21 34 -0.093498 0.021439 -0.061660
22 34 0.008005 -0.000415 -0.024182
23 34 0.074317 -0.015899 0.045939
24 34 0.009055 -0.003067 0.027565
25 34 -0.052469 0.010142 -0.027635
26 34 -0.023832 0.005078 -0.028308
27 34 0.027123 -0.005100 0.009122
28 34 0.029255 -0.005886 0.023868
29 34 -0.002660 0.000176 0.006332
30 34 -0.023365 0.004241 -0.013052
31 34 -0.018685 0.003427 -0.015248
32 34 -0.003106 0.000482 -0.005585
33 34 0.007991 -0.001619 0.003795
34 34 0.010666 -0.002106 0.007434
35 34 0.008309 -0.001630 0.006569
36 34 0.004911 -0.000961 0.004197
37 34 0.002389 -0.000467 0.002164
38 34 0.000995 -0.000194 0.000945
39 34 0.000363 -0.000071 0.000359
40 34 0.000118 -0.000023 0.000121
41 34 0.000034 -0.000007 0.000037
42 34 0.000009 -0.000002 0.000010
43 34 0.000002 -0.000000 0.000002
44 34 0.000000 -0.000000 0.000001
45 34 0.000000 -0.000000 0.000000
46 34 0.000000 -0.000000 0.000000
47 34 0.000000 -0.000000 0.000000
48 34 0.000000 -0.000000 0.000000
49 34 0.000000 0.000000 0.000000

0 35 0.000000 0.000000 0.000000
1 35 -0.009670 0.008365 -0.005246
2 35 -0.017796 0.016685 -0.005995
3 35 -0.021555 0.023209 -0.008308
4 35 -0.015656 0.024519 -0.008154
5 35 0.003275 0.015255 -0.007099
6 35 0.040991 -0.009485 0.003460
7 35 0.075696 -0.039556 0.017171
8 35 0.090541 -0.058568 0.031796
9 35 0.035919 -0.035957 0.024978
10 35 -0.050884 0.013140 -0.011858
11 35 -0.106702 0.049218 -0.045979
12 35 -0.059625 0.033563 -0.046552
13 35 0.069567 -0.023220 0.017023
14 35 0.095731 -0.041079 0.061827
15 35 0.002196 -0.004016 0.023284
16 35 -0.083708 0.029980 -0.038193
17 35 -0.062410 0.020280 -0.053945
18 35 0.062166 -0.018578 0.010698
19 35 0.091221 -0.026444 0.067480
20 35 -0.039752 0.008529 0.007842
21 35 -0.092038 0.023454 -0.063436
22 35 0.015948 -0.002178 -0.018851
23 35 0.076151 -0.018090 0.048589
24 35 0.005210 -0.002782 0.025310
25 35 -0.054834 0.011697 -0.029810
26 35 -0.022729 0.005553 -0.027891
27 35 0.028799 -0.005874 0.010359
28 35 0.029506 -0.006597 0.024164
29 35 -0.003336 0.000242 0.005876
30 35 -0.023883 0.004752 -0.013420
31 35 -0.018719 0.003813 -0.015246
32 35 -0.002907 0.000533 -0.005420
33 35 0.008157 -0.001791 0.003899
34 35 0.010724 -0.002323 0.007431
35 35 0.008299 -0.001794 0.006512
36 35 0.004882 -0.001056 0.004138
37 35 0.002366 -0.000512 0.002125
38 35 0.000983 -0.000213 0.000925
39 35 0.000358 -0.000077 0.000351
40 35 0.000116 -0.000025 0.000118
41 35 0.000034 -0.000007 0.000035
42 35 0.000009 -0.000002 0.000010
43 35 0.000002 -0.000000 0.000002
44 35 0.000000 -0.000000 0.000001
45 35 0.000000 -0.000000 0.000000
46 35 0.000000 -0.000000 0.000000
47 35 0.000000 -0.000000 0.000000
48 35 0.000000 -0.000000 0.000000
49 35 0.000000 0.000000 0.000000

0 36 0.000000 0.000000 0.000000
1 36 0.001330 0.002734 -0.006046
2 36 0.005670 0.003712 -0.005347
3 36 0.013514 0.000536 -0.004380
4 36 0.029185 -0.008251 -0.000547
5 36 0.046681 -0.023723 0.004587
6 36 0.064018 -0.040703 0.012897
7 36 0.060040 -0.048876 0.018402
8 36 0.026645 -0.034495 0.014446
9 36 -0.040065 0.005770 -0.004362
10 36 -0.094848 0.045256 -0.033984
11 36 -0.084026 0.052240 -0.041799
12 36 0.004372 0.010827 -0.014554
13 36 0.099723 -0.038485 0.040497
14 36 0.077598 -0.036003 0.054113
15 36 -0.026146 0.003845 0.002142
16 36 -0.092194 0.031321 -0.048488
17 36 -0.044808 0.017274 -0.044158
18 36 0.078518 -0.022394 0.025451
19 36 0.081752 -0.026093 0.065369
20 36 -0.055622 0.012703 -0.004760
21 36 -0.088874 0.024972 -0.065248
22 36 0.027780 -0.004950 -0.010526
23 36 0.077161 -0.020201 0.051800
24 36 -0.001750 -0.001669 0.020966
25 36 -0.057555 0.013487 -0.032957
26 36 -0.019740 0.005604 -0.026429
27 36 0.031451 -0.006948 0.012606
28 36 0.029069 -0.007195 0.024270
29 36 -0.004972 0.000537 0.004712
30 36 -0.024622 0.005336 -0.014110
31 36 -0.018382 0.004127 -0.015069
32 36 -0.002289 0.000490 -0.004946
33 36 0.008512 -0.002007 0.004183
34 36 0.010770 -0.002537 0.007447
35 36 0.008199 -0.001936 0.006396
36 36 0.004771 -0.001130 0.004014
37 36 0.002293 -0.000544 0.002043
38 36 0.000945 -0.000225 0.000882
39 36 0.000342 -0.000081 0.000332
40 36 0.000110 -0.000026 0.000111
41 36 0.000032 -0.000008 0.000033
42 36 0.000008 -0.000002 0.000009
43 36 0.000002 -0.000000 0.000002
44 36 0.000000 -0.000000 0.000001
45 36 0.000000 -0.000000 0.000000
46 36 0.000000 -0.000000 0.000000
47 36 0.000000 -0.000000 0.000000
48 36 0.000000 -0.000000 0.000000
49 36 0.000000 0.000000 0.000000

0 37 0.000000 0.000000 0.000000
1 37 0.008008 -0.004363 -0.001949
2 37 0.017747 -0.010137 -0.000442
3 37 0.025262 -0.016847 0.000761
4 37 0.035389 -0.025485 0.004957
5 37 0.033859 -0.031049 0.006652
6 37 0.027866 -0.030463 0.008843
7 37 -0.003852 -0.015644 0.004379
8 37 -0.041742 0.013351 -0.007870
9 37 -0.078925 0.044134 -0.021803
10 37 -0.077300 0.055341 -0.034234
11 37 -0.011289 0.027026 -0.015649
12 37 0.069614 -0.023470 0.018262
13 37 0.108243 -0.051455 0.049412
14 37 0.037112 -0.027753 0.034836
15 37 -0.073570 0.020606 -0.025468
16 37 -0.096037 0.041095 -0.055768
17 37 -0.005374 0.010810 -0.023350
18 37 0.101397 -0.032871 0.044466
19 37 0.060737 -0.025005 0.056857
20 37 -0.077981 0.020255 -0.022546
21 37 -0.080188 0.026145 -0.064487
22 37 0.044588 -0.009574 0.001861
23 37 0.075914 -0.022200 0.054550
24 37 -0.012316 0.000596 0.013952
25 37 -0.059996 0.015482 -0.036682
26 37 -0.014492 0.005044 -0.023554
27 37 0.034876 -0.008364 0.015775
28 37 0.027691 -0.007597 0.023979
29 37 -0.007587 0.001126 0.002798
30 37 -0.025476 0.005993 -0.015047
31 37 -0.017605 0.004335 -0.014658
32 37 -0.001252 0.000326 -0.004156
33 37 0.009026 -0.002275 0.004624
34 37 0.010781 -0.002744 0.007465
35 37 0.008003 -0.002050 0.006217
36 37 0.004580 -0.001179 0.003829
37 37 0.002172 -0.000561 0.001921
38 37 0.000886 -0.000230 0.000820
39 37 0.000317 -0.000083 0.000306
40 37 0.000101 -0.000026 0.000101
41 37 0.000029 -0.000008 0.000030
42 37 0.000008 -0.000002 0.000008
43 37 0.000002 -0.000000 0.000002
44 37 0.000000 -0.000000 0.000000
45 37 0.000000 -0.000000 0.000000
46 37 0.000000 -0.000000 0.000000
47 37 0.000000 -0.000000 0.000000
48 37 0.000000 -0.000000 0.000000
49 37 0.000000 0.000000 0.000000

0 38 0.000000 0.000000 0.000000
1 38 0.004762 -0.005048 0.001498
2 38 0.008847 -0.009999 0.002561
3 38 0.008776 -0.012621 0.001880
4 38 0.006757 -0.013636 0.003947
5 38 -0.007516 -0.006931 0.000252
6 38 -0.020861 0.003985 -0.000873
7 38 -0.049723 0.024810 -0.010103
8 38 -0.057045 0.041380 -0.016862
9 38 -0.054460 0.046682 -0.019669
10 38 -0.008029 0.026745 -0.014623
11 38 0.060636 -0.016818 0.014713
12 38 0.091191 -0.047747 0.033010
13 38 0.071113 -0.044143 0.038083
14 38 -0.031389 0.001723 0.003195
15 38 -0.105416 0.047032 -0.048640
16 38 -0.056137 0.038561 -0.042803
17 38 0.050301 -0.011239 0.008318
18 38 0.104554 -0.042692 0.054565
19 38 0.021797 -0.014682 0.036979
20 38 -0.096945 0.030878 -0.040363
21 38 -0.060192 0.023827 -0.056994
22 38 0.064189 -0.016680 0.017413
23 38 0.069542 -0.023125 0.054730
24 38 -0.026351 0.004464 0.004009
25 38 -0.060870 0.017415 -0.040097
26 38 -0.006635 0.003607 -0.018847
27 38 0.038612 -0.010095 0.019604
28 38 0.025021 -0.007667 0.022987
29 38 -0.011131 0.002067 0.000120
30 38 -0.026259 0.006694 -0.016097
31 38 -0.016296 0.004391 -0.013930
32 38 0.000185 0.000022 -0.003057
33 38 0.009652 -0.002592 0.005183
34 38 0.010727 -0.002935 0.007457
35 38 0.007705 -0.002129 0.005966
36 38 0.004312 -0.001200 0.003584
37 38 0.002010 -0.000562 0.001765
38 38 0.000808 -0.000227 0.000742
39 38 0.000286 -0.000081 0.000273
40 38 0.000090 -0.000026 0.000089
41 38 0.000026 -0.000007 0.000026
42 38 0.000007 -0.000002 0.000007
43 38 0.000002 -0.000000 0.000002
44 38 0.000000 -0.000000 0.000000
45 38 0.000000 -0.000000 0.000000
46 38 0.000000 -0.000000 0.000000
47 38 0.000000 -0.000000 0.000000
48 38 0.000000 -0.000000 0.000000
49 38 0.000000 0.000000 0.000000

0 39 0.000000 0.000000 0.000000
1 39 -0.002679 -0.000707 0.001252
2 39 -0.007371 -0.000273 0.001310
3 39 -0.012946 0.002272 -0.000651
4 39 -0.022177 0.007496 -0.000873
5 39 -0.033298 0.016841 -0.006238
6 39 -0.039738 0.025459 -0.006822
7 39 -0.045935 0.034982 -0.013854
8 39 -0.024312 0.029856 -0.010273
9 39 -0.000909 0.015783 -0.006112
10 39 0.051734 -0.015953 0.007827
11 39 0.077840 -0.042875 0.027902
12 39 0.058401 -0.040630 0.024654
13 39 0.005950 -0.011761 0.013229
14 39 -0.082345 0.038131 -0.026196
15 39 -0.081709 0.053299 -0.049003
16 39 0.010914 0.012420 -0.011779
17 39 0.081817 -0.032536 0.031986
18 39 0.079297 -0.037082 0.048261
19 39 -0.018503 0.003463 0.012985
20 39 -0.101074 0.038068 -0.051219
21 39 -0.030044 0.016151 -0.042428
22 39 0.081528 -0.024557 0.033246
23 39 0.056175 -0.021536 0.050638
24 39 -0.042340 0.009906 -0.008255
25 39 -0.058536 0.018701 -0.041989
26 39 0.003855 0.001055 -0.012048
27 39 0.041887 -0.011989 0.023599
28 39 0.020684 -0.007223 0.020940
29 39 -0.015434 0.003388 -0.003261
30 39 -0.026702 0.007374 -0.017057
31 39 -0.014364 0.004242 -0.012790
32 39 0.001973 -0.000437 -0.001675
33 39 0.010316 -0.002950 0.005803
34 39 0.010571 -0.003098 0.007390
35 39 0.007297 -0.002166 0.005639
36 39 0.003974 -0.001190 0.003287
37 39 0.001814 -0.000546 0.001582
38 39 0.000716 -0.000217 0.000653
39 39 0.000250 -0.000076 0.000236
40 39 0.000078 -0.000024 0.000076
41 39 0.000022 -0.000007 0.000022
42 39 0.000006 -0.000002 0.000006
43 39 0.000001 -0.000000 0.000001
44 39 0.000000 -0.000000 0.000000
45 39 0.000000 -0.000000 0.000000
46 39 0.000000 -0.000000 0.000000
47 39 0.000000 -0.000000 0.000000
48 39 0.000000 -0.000000 0.000000
49 39 0.000000 0.000000 0.000000

0 40 0.000000 0.000000 0.000000
1 40 -0.006236 0.003128 -0.001340
2 40 -0.014049 0.007225 -0.001849
3 40 -0.018640 0.010952 -0.003262
4 40 -0.025830 0.016125 -0.004200
5 40 -0.025270 0.019032 -0.006921
6 40 -0.021717 0.018964 -0.005466
7 40 -0.008382 0.013295 -0.006945
8 40 0.018208 -0.003366 0.002064
9 40 0.037366 -0.020427 0.006269
10 40 0.062826 -0.041140 0.018011
11 40 0.041332 -0.038128 0.019669
12 40 0.000683 -0.013705 0.004118
13 40 -0.050872 0.021671 -0.011656
14 40 -0.088638 0.052242 -0.039109
15 40 -0.025978 0.031627 -0.028515
16 40 0.056501 -0.015086 0.016409
17 40 0.079479 -0.035158 0.037877
18 40 0.047066 -0.020222 0.033829
19 40 -0.047108 0.019778 -0.007455
20 40 -0.091215 0.039481 -0.054408
21 40 0.005961 0.005505 -0.022658
22 40 0.093587 -0.030866 0.047302
23 40 0.035846 -0.016711 0.041554
24 40 -0.057916 0.016385 -0.021648
25 40 -0.051383 0.018675 -0.041039
26 40 0.016553 -0.002686 -0.003165
27 40 0.043678 -0.013740 0.027046
28 40 0.014397 -0.006062 0.017503
29 40 -0.020152 0.005062 -0.007161
30 40 -0.026474 0.007927 -0.017669
31 40 -0.011745 0.003828 -0.011159
32 40 0.004021 -0.001048 -0.000066
33 40 0.010926 -0.003326 0.006411
34 40 0.010275 -0.003215 0.007228
35 40 0.006781 -0.002153 0.005232
36 40 0.003579 -0.001148 0.002946
37 40 0.001594 -0.000515 0.001381
38 40 0.000617 -0.000200 0.000558
39 40 0.000211 -0.000069 0.000198
40 40 0.000065 -0.000021 0.000063
41 40 0.000018 -0.000006 0.000018
42 40 0.000005 -0.000001 0.000005
43 40 0.000001 -0.000000 0.000001
44 40 0.000000 -0.000000 0.000000
45 40 0.000000 -0.000000 0.000000
46 40 0.000000 -0.000000 0.000000
47 40 0.000000 -0.000000 0.000000
48 40 0.000000 -0.000000 0.000000
49 40 0.000000 0.000000 0.000000

0 41 0.000000 0.000000 0.000000
1 41 -0.002230 0.003082 -0.003174
2 41 -0.004864 0.006256 -0.003461
3 41 -0.003086 0.007138 -0.003226
4 41 -0.002292 0.007638 -0.003262
5 41 0.007608 0.002722 -0.002117
6 41 0.015657 -0.004050 0.000595
7 41 0.031854 -0.016793 0.003131
8 41 0.042120 -0.030184 0.010137
9 41 0.041465 -0.037892 0.010145
10 41 0.029975 -0.038025 0.013052
11 41 -0.016174 -0.014841 0.000784
12 41 -0.051636 0.012218 -0.014812
13 41 -0.079690 0.036889 -0.026016
14 41 -0.061989 0.038453 -0.033120
15 41 0.021376 -0.000083 -0.002511
16 41 0.067939 -0.029899 0.029730
17 41 0.061109 -0.028241 0.031623
18 41 0.013417 -0.004519 0.016589
19 41 -0.071264 0.033109 -0.026248
20 41 -0.069428 0.038086 -0.050564
21 41 0.047764 -0.006497 0.002490
22 41 0.098138 -0.034385 0.057665
23 41 0.008931 -0.008028 0.026745
24 41 -0.069758 0.023359 -0.034282
25 41 -0.037676 0.016717 -0.035704
26 41 0.030533 -0.007474 0.007438
27 41 0.042797 -0.014881 0.029028
28 41 0.006118 -0.003995 0.012473
29 41 -0.024721 0.006981 -0.011227
30 41 -0.025213 0.008207 -0.017631
31 41 -0.008439 0.003102 -0.008999
32 41 0.006186 -0.001792 0.001674
33 41 0.011379 -0.003685 0.006924
34 41 0.009805 -0.003269 0.006942
35 41 0.006163 -0.002088 0.004749
36 41 0.003142 -0.001076 0.002574
37 41 0.001362 -0.000470 0.001172
38 41 0.000515 -0.000179 0.000462
39 41 0.000173 -0.000060 0.000161
40 41 0.000052 -0.000018 0.000050
41 41 0.000014 -0.000005 0.000014
42 41 0.000004 -0.000001 0.000004
43 41 0.000001 -0.000000 0.000001
44 41 0.000000 -0.000000 0.000000
45 41 0.000000 -0.000000 0.000000
46 41 0.000000 -0.000000 0.000000
47 41 0.000000 -0.000000 0.000000
48 41 0.000000 -0.000000 0.000000
49 41 0.000000 0.000000 0.000000

0 42 0.000000 0.000000 0.000000
1 42 0.004451 -0.000226 -0.002502
2 42 0.009060 -0.000849 -0.002312
3 42 0.016112 -0.003495 -0.000936
4 42 0.022357 -0.006876 -0.000039
5 42 0.032423 -0.013807 0.002834
6 42 0.036551 -0.019622 0.004800
7 42 0.041606 -0.027117 0.007387
8 42 0.031522 -0.027663 0.008630
9 42 0.013865 -0.021982 0.004595
10 42 -0.016541 -0.006852 0.000220
11 42 -0.054252 0.017112 -0.013950
12 42 -0.065686 0.030174 -0.020782
13 42 -0.059995 0.031832 -0.022063
14 42 -0.009129 0.006711 -0.011539
15 42 0.053280 -0.031552 0.019080
16 42 0.056414 -0.040477 0.029342
17 42 0.023761 -0.023818 0.016330
18 42 -0.038917 0.010287 -0.007977
19 42 -0.093398 0.045024 -0.044049
20 42 -0.030546 0.030136 -0.036043
21 42 0.089840 -0.021445 0.030632
22 42 0.087391 -0.032719 0.058864
23 42 -0.023080 0.005850 0.006018
24 42 -0.072327 0.029941 -0.042635
25 42 -0.015788 0.012231 -0.024411
26 42 0.044137 -0.012736 0.018763
27 42 0.038162 -0.014717 0.028557
28 42 -0.003679 -0.000895 0.005987
29 42 -0.028312 0.008932 -0.014886
30 42 -0.022591 0.008047 -0.016648
31 42 -0.004550 0.002043 -0.006350
32 42 0.008278 -0.002616 0.003408
33 42 0.011571 -0.003986 0.007255
34 42 0.009146 -0.003243 0.006514
35 42 0.005461 -0.001968 0.004202
36 42 0.002682 -0.000977 0.002187
37 42 0.001129 -0.000414 0.000965
38 42 0.000416 -0.000154 0.000371
39 42 0.000137 -0.000051 0.000126
40 42 0.000041 -0.000015 0.000039
41 42 0.000011 -0.000004 0.000011
42 42 0.000003 -0.000001 0.000003
43 42 0.000001 -0.000000 0.000001
44 42 0.000000 -0.000000 0.000000
45 42 0.000000 -0.000000 0.000000
46 42 0.000000 -0.000000 0.000000
47 42 0.000000 -0.000000 0.000000
48 42 0.000000 -0.000000 0.000000
49 42 0.000000 0.000000 0.000000

0 43 0.000000 0.000000 0.000000
1 43 0.004762 -0.003332 -0.000060
2 43 0.009370 -0.006708 0.000142
3 43 0.013553 -0.010175 0.001121
4 43 0.016115 -0.012939 0.001476
5 43 0.017162 -0.015007 0.002889
6 43 0.012347 -0.013355 0.002322
7 43 0.005188 -0.009134 0.002154
8 43 -0.011894 0.002648 -0.001135
9 43 -0.026901 0.016484 -0.005710
10 43 -0.043217 0.033005 -0.010220
11 43 -0.044601 0.042117 -0.015519
12 43 -0.021771 0.033835 -0.010213
13 43 0.012267 0.011830 -0.001197
14 43 0.060546 -0.025930 0.016047
15 43 0.072732 -0.050554 0.031223
16 43 0.028040 -0.040941 0.019101
17 43 -0.033733 -0.012200 -0.005880
18 43 -0.095448 0.026496 -0.034137
19 43 -0.091754 0.042914 -0.049572
20 43 0.020484 0.004564 -0.010263
21 43 0.107665 -0.038516 0.049635
22 43 0.049193 -0.022058 0.042895
23 43 -0.055053 0.024161 -0.018107
24 43 -0.059617 0.033747 -0.042372
25 43 0.013674 0.005105 -0.007076
26 43 0.054822 -0.017027 0.028910
27 43 0.029518 -0.012310 0.025035
28 43 -0.013605 0.003227 -0.001182
29 43 -0.029830 0.010602 -0.017335
30 43 -0.018388 0.007303 -0.014493
31 43 -0.000301 0.000689 -0.003344
32 43 0.010081 -0.003441 0.004973
33 43 0.011423 -0.004181 0.007337
34 43 0.008303 -0.003124 0.005942
35 43 0.004703 -0.001798 0.003613
36 43 0.002222 -0.000859 0.001804
37 43 0.000906 -0.000353 0.000770
38 43 0.000326 -0.000128 0.000288
39 43 0.000105 -0.000041 0.000096
40 43 0.000030 -0.000012 0.000029
41 43 0.000008 -0.000003 0.000008
42 43 0.000002 -0.000001 0.000002
43 43 0.000000 -0.000000 0.000000
44 43 0.000000 -0.000000 0.000000
45 43 0.000000 -0.000000 0.000000
46 43 0.000000 -0.000000 0.000000
47 43 0.000000 -0.000000 0.000000
48 43 0.000000 -0.000000 0.000000
49 43 0.000000 0.000000 0.000000

0 44 0.000000 0.000000 0.000000
1 44 -0.000958 -0.002875 0.001863
2 44 -0.002493 -0.005343 0.001688
3 44 -0.005937 -0.006538 0.001480
4 44 -0.011159 -0.006115 0.000541
5 44 -0.019299 -0.002979 -0.000456
6 44 -0.029674 0.003403 -0.003097
7 44 -0.040054 0.012426 -0.005438
8 44 -0.049466 0.024185 -0.009477
9 44 -0.048361 0.032928 -0.011451
10 44 -0.037824 0.037551 -0.011580
11 44 -0.007270 0.029485 -0.007176
12 44 0.033744 0.010005 0.004701
13 44 0.070790 -0.014538 0.016539
14 44 0.090164 -0.036394 0.028248
15 44 0.058120 -0.033189 0.025581
16 44 -0.007661 -0.007883 0.002733
17 44 -0.067328 0.020165 -0.021572
18 44 -0.093407 0.036876 -0.038506
19 44 -0.037938 0.014756 -0.028190
20 44 0.063289 -0.036893 0.018937
21 44 0.075606 -0.050428 0.045734
22 44 -0.018861 -0.003895 0.008057
23 44 -0.080291 0.039186 -0.040339
24 44 -0.033002 0.030416 -0.032689
25 44 0.043956 -0.003712 0.012393
26 44 0.059152 -0.018085 0.035053
27 44 0.018157 -0.006768 0.018779
28 44 -0.021169 0.008160 -0.007485
29 44 -0.027991 0.011695 -0.017625
30 44 -0.012511 0.005959 -0.011045
31 44 0.004033 -0.000828 -0.000175
32 44 0.011418 -0.004157 0.006225
33 44 0.010905 -0.004225 0.007138
34 44 0.007312 -0.002911 0.005252
35 44 0.003927 -0.001589 0.003011
36 44 0.001783 -0.000729 0.001440
37 44 0.000704 -0.000290 0.000594
38 44 0.000246 -0.000102 0.000216
39 44 0.000077 -0.000032 0.000070
40 44 0.000022 -0.000009 0.000021
41 44 0.000006 -0.000002 0.000006
42 44 0.000001 -0.000001 0.000001
43 44 0.000000 -0.000000 0.000000
44 44 0.000000 -0.000000 0.000000
45 44 0.000000 -0.000000 0.000000
46 44 0.000000 -0.000000 0.000000
47 44 0.000000 -0.000000 0.000000
48 44 0.000000 -0.000000 0.000000
49 44 0.000000 0.000000 0.000000

0 45 0.000000 0.000000 0.000000
1 45 -0.003339 0.001453 0.000602
2 45 -0.006924 0.003113 0.000335
3 45 -0.011559 0.005507 -0.000226
4 45 -0.016429 0.008258 -0.001166
5 45 -0.022174 0.011761 -0.002331
6 45 -0.026489 0.014708 -0.003969
7 45 -0.028582 0.016378 -0.005031
8 45 -0.025691 0.014851 -0.006068
9 45 -0.015057 0.007794 -0.004615
10 45 0.001131 -0.004011 -0.001883
11 45 0.023777 -0.021135 0.003837
12 45 0.039690 -0.034880 0.010243
13 45 0.042209 -0.038484 0.012733
14 45 0.023850 -0.024752 0.010641
15 45 -0.017337 0.009467 -0.002230
16 45 -0.048893 0.043265 -0.017908
17 45 -0.048816 0.056022 -0.022396
18 45 -0.009827 0.035507 -0.012775
19 45 0.061044 -0.019349 0.015573
20 45 0.088867 -0.063275 0.042618
21 45 0.012477 -0.044255 0.024250
22 45 -0.088516 0.012686 -0.029991
23 45 -0.091898 0.037827 -0.053194
24 45 -0.006600 0.014929 -0.019248
25 45 0.059927 -0.013224 0.025155
26 45 0.051969 -0.014542 0.033331
27 45 0.005908 0.001895 0.010541
28 45 -0.023653 0.013467 -0.011192
29 45 -0.021635 0.012144 -0.014937
30 45 -0.004898 0.004264 -0.006262
31 45 0.008301 -0.002245 0.003026
32 45 0.012264 -0.004623 0.007125
33 45 0.010087 -0.004083 0.006700
34 45 0.006246 -0.002609 0.004497
35 45 0.003179 -0.001352 0.002431
36 45 0.001385 -0.000596 0.001113
37 45 0.000529 -0.000230 0.000444
38 45 0.000180 -0.000079 0.000157
39 45 0.000055 -0.000024 0.000050
40 45 0.000015 -0.000007 0.000014
41 45 0.000004 -0.000002 0.000004
42 45 0.000001 -0.000000 0.000001
43 45 0.000000 -0.000000 0.000000
44 45 0.000000 -0.000000 0.000000
45 45 0.000000 -0.000000 0.000000
46 45 0.000000 -0.000000 0.000000
47 45 0.000000 -0.000000 0.000000
48 45 0.000000 -0.000000 0.000000
49 45 0.000000 0.000000 0.000000

0 46 0.000000 0.000000 0.000000
1 46 -0.001721 0.004305 -0.003035
2 46 -0.002798 0.008442 -0.003085
3 46 -0.002860 0.012325 -0.003182
4 46 -0.000742 0.015209 -0.003076
5 46 0.003637 0.016704 -0.002677
6 46 0.011749 0.015207 -0.001609
7 46 0.022554 0.010155 0.000439
8 46 0.035962 0.000155 0.003355
9 46 0.048269 -0.014063 0.007475
10 46 0.054395 -0.030043 0.010860
11 46 0.049111 -0.043691 0.012956
12 46 0.024477 -0.046707 0.010077
13 46 -0.015662 -0.035425 0.000947
14 46 -0.063260 -0.008181 -0.012932
15 46 -0.096423 0.026313 -0.028486
16 46 -0.084808 0.047562 -0.032846
17 46 -0.025996 0.043710 -0.018559
18 46 0.059119 0.012567 0.010570
19 46 0.120429 -0.028911 0.042877
20 46 0.089176 -0.039501 0.047644
21 46 -0.022542 -0.006642 0.006668
22 46 -0.100427 0.025082 -0.041516
23 46 -0.071728 0.016834 -0.044268
24 46 0.007778 -0.012815 -0.006659
25 46 0.046549 -0.024064 0.023098
26 46 0.026364 -0.008883 0.019742
27 46 -0.008484 0.011192 -0.000321
28 46 -0.021000 0.018117 -0.012205
29 46 -0.010830 0.012152 -0.009376
30 46 0.004438 0.002802 -0.000258
31 46 0.012706 -0.003133 0.006321
32 46 0.012914 -0.004653 0.007852
33 46 0.009207 -0.003708 0.006191
34 46 0.005244 -0.002225 0.003782
35 46 0.002518 -0.001100 0.001919
36 46 0.001049 -0.000467 0.000838
37 46 0.000387 -0.000174 0.000322
38 46 0.000128 -0.000058 0.000110
39 46 0.000038 -0.000017 0.000034
40 46 0.000010 -0.000005 0.000010
41 46 0.000003 -0.000001 0.000002
42 46 0.000001 -0.000000 0.000001
43 46 0.000000 -0.000000 0.000000
44 46 0.000000 -0.000000 0.000000
45 46 0.000000 -0.000000 0.000000
46 46 0.000000 -0.000000 0.000000
47 46 0.000000 -0.000000 0.000000
48 46 0.000000 -0.000000 0.000000
49 46 0.000000 0.000000 0.000000

0 47 0.000000 0.000000 0.000000
1 47 -0.000792 0.000167 -0.002857
2 47 -0.001005 0.000128 -0.002830
3 47 -0.000138 -0.000278 -0.002764
4 47 0.002496 -0.001325 -0.002453
5 47 0.007096 -0.003010 -0.001868
6 47 0.014146 -0.005554 -0.000687
7 47 0.022616 -0.008326 0.001050
8 47 0.031707 -0.011006 0.003354
9 47 0.038069 -0.011863 0.005871
10 47 0.038718 -0.009724 0.007495
11 47 0.030083 -0.003264 0.007553
12 47 0.010162 0.007587 0.004153
13 47 -0.016298 0.018793 -0.002231
14 47 -0.042202 0.025637 -0.010256
15 47 -0.053098 0.020375 -0.016592
16 47 -0.038138 0.000143 -0.014937
17 47 -0.003488 -0.025334 -0.004845
18 47 0.034925 -0.041322 0.009535
19 47 0.048545 -0.030581 0.019873
20 47 0.016897 0.010594 0.012719
21 47 -0.028467 0.048605 -0.008999
22 47 -0.033376 0.042065 -0.019400
23 47 0.002076 -0.002384 -0.005559
24 47 0.027089 -0.037527 0.012583
25 47 0.013360 -0.034315 0.012133
26 47 -0.016825 -0.006915 -0.003621
27 47 -0.030092 0.015357 -0.015623
28 47 -0.019195 0.019501 -0.013846
29 47 0.000756 0.011512 -0.003422
30 47 0.014440 0.002168 0.006032
31 47 0.017612 -0.002973 0.009808
32 47 0.014050 -0.003985 0.008822
33 47 0.008767 -0.003011 0.005958
34 47 0.004566 -0.001735 0.003298
35 47 0.002051 -0.000829 0.001559
36 47 0.000811 -0.000342 0.000645
37 47 0.000287 -0.000124 0.000237
38 47 0.000091 -0.000041 0.000078
39 47 0.000026 -0.000012 0.000023
40 47 0.000007 -0.000003 0.000006
41 47 0.000002 -0.000001 0.000002
42 47 0.000000 -0.000000 0.000000
43 47 0.000000 -0.000000 0.000000
44 47 0.000000 -0.000000 0.000000
45 47 0.000000 -0.000000 0.000000
46 47 0.000000 -0.000000 0.000000
47 47 0.000000 -0.000000 0.000000
48 47 0.000000 -0.000000 0.000000
49 47 0.000000 0.000000 0.000000

0 48 0.000000 0.000000 0.000000
1 48 0.003277 -0.003764 0.001065
2 48 0.006186 -0.007799 0.001248
3 48 0.008325 -0.012285 0.001548
4 48 0.009050 -0.017180 0.001916
5 48 0.007642 -0.022074 0.002106
6 48 0.003250 -0.026157 0.001985
7 48 -0.004903 -0.027875 0.001074
8 48 -0.016694 -0.025587 -0.000752
9 48 -0.031390 -0.017133 -0.003856
10 48 -0.045378 -0.001934 -0.007833
11 48 -0.054148 0.019075 -0.011729
12 48 -0.050674 0.041140 -0.013928
13 48 -0.029687 0.055765 -0.011564
14 48 0.007719 0.054186 -0.003497
15 48 0.052881 0.029721 0.010053
16 48 0.083404 -0.012373 0.024166
17 48 0.075815 -0.052943 0.028795
18 48 0.023551 -0.068328 0.017238
19 48 -0.054732 -0.041097 -0.010082
20 48 -0.105632 0.016986 -0.039034
21 48 -0.075196 0.058691 -0.041632
22 48 0.018010 0.047581 -0.007308
23 48 0.086462 0.001392 0.033539
24 48 0.071732 -0.032354 0.041327
25 48 0.003099 -0.030661 0.013185
26 48 -0.050780 -0.008447 -0.019798
27 48 -0.055663 0.009610 -0.031026
28 48 -0.026739 0.013598 -0.020013
29 48 0.004685 0.008377 -0.002191
30 48 0.020974 0.001981 0.009691
31 48 0.022261 -0.001589 0.012744
32 48 0.016264 -0.002374 0.010320
33 48 0.009481 -0.001821 0.006462
34 48 0.004667 -0.001049 0.003366
35 48 0.001997 -0.000499 0.001512
36 48 0.000757 -0.000204 0.000598
37 48 0.000258 -0.000074 0.000211
38 48 0.000079 -0.000024 0.000067
39 48 0.000022 -0.000007 0.000020
40 48 0.000006 -0.000002 0.000005
41 48 0.000001 -0.000000 0.000001
42 48 0.000000 -0.000000 0.000000
43 48 0.000000 -0.000000 0.000000
44 48 0.000000 -0.000000 0.000000
45 48 0.000000 -0.000000 0.000000
46 48 0.000000 -0.000000 0.000000
47 48 0.000000 -0.000000 0.000000
48 48 0.000000 -0.000000 0.000000
49 48 0.000000 0.000000 0.000000

0 49 0.000000 0.000000 0.000000
1 49 0.000000 0.000000 0.000000
2 49 0.000000 0.000000 0.000000
3 49 0.000000 0.000000 0.000000
4 49 0.000000 0.000000 0.000000
5 49 0.000000 0.000000 0.000000
6 49 0.000000 0.000000 0.000000
7 49 0.000000 0.000000 0.000000
8 49 0.000000 0.000000 0.000000
9 49 0.000000 0.000000 0.000000
10 49 0.000000 0.000000 0.000000
11 49 0.000000 0.000000 0.000000
12 49 0.000000 0.000000 0.000000
13 49 0.000000 0.000000 0.000000
14 49 0.000000 0.000000 0.000000
15 49 0.000000 0.000000 0.000000
16 49 0.000000 0.000000 0.000000
17 49 0.000000 0.000000 0.000000
18 49 0.000000 0.000000 0.000000
19 49 0.000000 0.000000 0.000000
20 49 0.000000 0.000000 0.000000
21 49 0.000000 0.000000 0.000000
22 49 0.000000 0.000000 0.000000
23 49 0.000000 0.000000 0.000000
24 49 0.000000 0.000000 0.000000
25 49 0.000000 0.000000 0.000000
26 49 0.000000 0.000000 0.000000
27 49 0.000000 0.000000 0.000000
28 49 0.000000 0.000000 0.000000
29 49 0.000000 0.000000 0.000000
30 49 0.000000 0.000000 0.000000
31 49 0.000000 0.000000 0.000000
32 49 0.000000 0.000000 0.000000
33 49 0.000000 0.000000 0.000000
34 49 0.000000 0.000000 0.000000
35 49 0.000000 0.000000 0.000000
36 49 0.000000 0.000000 0.000000
37 49 0.000000 0.000000 0.000000
38 49 0.000000 0.000000 0.000000
39 49 0.000000 0.000000 0.000000
40 49 0.000000 0.000000 0.000000
41 49 0.000000 0.000000 0.000000
42 49 0.000000 0.000000 0.000000
43 49 0.000000 0.000000 0.000000
44 49 0.000000 0.000000 0.000000
45 49 0.000000 0.000000 0.000000
46 49 0.000000 0.000000 0.000000
47 49 0.000000 0.000000 0.000000
48 49 0.000000 0.000000 0.000000
49 49 0.000000 0.000000 0.000000

