#:x y Ey Bx Bz
0 0 0.000000 0.000000 0.000000
1 0 0.000000 0.000000 0.000000
2 0 0.000000 0.000000 0.000000
3 0 0.000000 0.000000 0.000000
4 0 0.000000 0.000000 0.000000
5 0 0.000000 0.000000 0.000000
6 0 0.000000 0.000000 0.000000
7 0 0.000000 0.000000 0.000000
8 0 0.000000 0.000000 0.000000
9 0 0.000000 0.000000 0.000000
10 0 0.000000 0.000000 0.000000
11 0 0.000000 0.000000 0.000000
12 0 0.000000 0.000000 0.000000
13 0 0.000000 0.000000 0.000000
14 0 0.000000 0.000000 0.000000
15 0 0.000000 0.000000 0.000000
16 0 0.000000 0.000000 0.000000
17 0 0.000000 0.000000 0.000000
18 0 0.000000 0.000000 0.000000
19 0 0.000000 0.000000 0.000000
20 0 0.000000 0.000000 0.000000
21 0 0.000000 0.000000 0.000000
22 0 0.000000 0.000000 0.000000
23 0 0.000000 0.000000 0.000000
24 0 0.000000 0.000000 0.000000
25 0 0.000000 0.000000 0.000000
26 0 0.000000 0.000000 0.000000
27 0 0.000000 0.000000 0.000000
28 0 0.000000 0.000000 0.000000
29 0 0.000000 0.000000 0.000000
30 0 0.000000 0.000000 0.000000
31 0 0.000000 0.000000 0.000000
32 0 0.000000 0.000000 0.000000
33 0 0.000000 0.000000 0.000000
34 0 0.000000 0.000000 0.000000
35 0 0.000000 0.000000 0.000000
36 0 0.000000 0.000000 0.000000
37 0 0.000000 0.000000 0.000000
38 0 0.000000 0.000000 0.000000
39 0 0.000000 0.000000 0.000000
40 0 0.000000 0.000000 0.000000
41 0 0.000000 0.000000 0.000000
42 0 0.000000 0.000000 0.000000
43 0 0.000000 0.000000 0.000000
44 0 0.000000 0.000000 0.000000
45 0 0.000000 0.000000 0.000000
46 0 0.000000 0.000000 0.000000
47 0 0.000000 0.000000 0.000000
48 0 0.000000 0.000000 0.000000
49 0 0.000000 0.000000 0.000000

0 1 0.000000 0.000000 0.000000
1 1 -0.001268 -0.000942 0.000942
2 1 -0.002668 -0.001772 0.000830
3 1 -0.004297 -0.002366 0.000594
4 1 -0.006170 -0.002579 0.000213
5 1 -0.008179 -0.002253 -0.000326
6 1 -0.010055 -0.001249 -0.001004
7 1 -0.011363 0.000493 -0.001742
8 1 -0.011568 0.002885 -0.002392
9 1 -0.010195 0.005624 -0.002738
10 1 -0.007087 0.008184 -0.002560
11 1 -0.002652 0.009930 -0.001746
12 1 0.002069 0.010343 -0.000414
13 1 0.005695 0.009304 0.001039
14 1 0.007221 0.007223 0.002081
15 1 0.006655 0.004837 0.002386
16 1 0.004888 0.002800 0.002037
17 1 0.002970 0.001406 0.001394
18 1 0.001526 0.000616 0.000790
19 1 0.000673 0.000237 0.000379
20 1 0.000258 0.000080 0.000156
21 1 0.000087 0.000024 0.000056
22 1 0.000026 0.000007 0.000018
23 1 0.000007 0.000002 0.000005
24 1 0.000002 0.000000 0.000001
25 1 0.000000 0.000000 0.000000
26 1 0.000000 0.000000 0.000000
27 1 0.000000 0.000000 0.000000
28 1 0.000000 0.000000 0.000000
29 1 0.000000 0.000000 0.000000
30 1 0.000000 0.000000 0.000000
31 1 0.000000 0.000000 0.000000
32 1 0.000000 0.000000 0.000000
33 1 0.000000 0.000000 0.000000
34 1 0.000000 0.000000 0.000000
35 1 0.000000 0.000000 0.000000
36 1 0.000000 0.000000 0.000000
37 1 0.000000 0.000000 0.000000
38 1 0.000000 0.000000 0.000000
39 1 0.000000 0.000000 0.000000
40 1 0.000000 0.000000 0.000000
41 1 0.000000 0.000000 0.000000
42 1 0.000000 0.000000 0.000000
43 1 0.000000 0.000000 0.000000
44 1 0.000000 0.000000 0.000000
45 1 0.000000 0.000000 0.000000
46 1 0.000000 0.000000 0.000000
47 1 0.000000 0.000000 0.000000
48 1 0.000000 0.000000 0.000000
49 1 0.000000 0.000000 0.000000

0 2 0.000000 0.000000 0.000000
1 2 0.000103 -0.000296 0.001491
2 2 -0.000053 -0.000665 0.001479
3 2 -0.000727 -0.001166 0.001421
4 2 -0.002169 -0.001829 0.001251
5 2 -0.004565 -0.002628 0.000874
6 2 -0.007957 -0.003445 0.000189
7 2 -0.012093 -0.004050 -0.000877
8 2 -0.016311 -0.004106 -0.002295
9 2 -0.019483 -0.003246 -0.003872
10 2 -0.020179 -0.001247 -0.005180
11 2 -0.017229 0.001751 -0.005631
12 2 -0.010460 0.005099 -0.004707
13 2 -0.001390 0.007734 -0.002320
14 2 0.006890 0.008699 0.000811
15 2 0.011481 0.007816 0.003381
16 2 0.011660 0.005783 0.004424
17 2 0.008959 0.003589 0.003971
18 2 0.005566 0.001895 0.002773
19 2 0.002889 0.000861 0.001584
20 2 0.001279 0.000340 0.000760
21 2 0.000490 0.000118 0.000313
22 2 0.000164 0.000036 0.000112
23 2 0.000049 0.000010 0.000035
24 2 0.000013 0.000002 0.000010
25 2 0.000003 0.000001 0.000002
26 2 0.000001 0.000000 0.000001
27 2 0.000000 0.000000 0.000000
28 2 0.000000 0.000000 0.000000
29 2 0.000000 0.000000 0.000000
30 2 0.000000 0.000000 0.000000
31 2 0.000000 0.000000 0.000000
32 2 0.000000 0.000000 0.000000
33 2 0.000000 0.000000 0.000000
34 2 0.000000 0.000000 0.000000
35 2 0.000000 0.000000 0.000000
36 2 0.000000 0.000000 0.000000
37 2 0.000000 0.000000 0.000000
38 2 0.000000 0.000000 0.000000
39 2 0.000000 0.000000 0.000000
40 2 0.000000 0.000000 0.000000
41 2 0.000000 0.000000 0.000000
42 2 0.000000 0.000000 0.000000
43 2 0.000000 0.000000 0.000000
44 2 0.000000 0.000000 0.000000
45 2 0.000000 0.000000 0.000000
46 2 0.000000 0.000000 0.000000
47 2 0.000000 0.000000 0.000000
48 2 0.000000 0.000000 0.000000
49 2 0.000000 0.000000 0.000000

0 3 0.000000 0.000000 0.000000
1 3 0.001479 0.001579 -0.000108
2 3 0.003058 0.003068 0.000021
3 3 0.004770 0.004340 0.000284
4 3 0.006518 0.005190 0.000690
5 3 0.007979 0.005338 0.001205
6 3 0.008585 0.004465 0.001740
7 3 0.007493 0.002334 0.002082
8 3 0.003875 -0.001024 0.001906
9 3 -0.002738 -0.005098 0.000836
10 3 -0.011693 -0.008750 -0.001389
11 3 -0.020664 -0.010462 -0.004509
12 3 -0.025986 -0.008953 -0.007570
13 3 -0.023887 -0.004135 -0.008952
14 3 -0.013614 0.002154 -0.007133
15 3 0.000305 0.007039 -0.002422
16 3 0.011000 0.008723 0.002704
17 3 0.014730 0.007548 0.005687
18 3 0.012685 0.005115 0.005884
19 3 0.008365 0.002848 0.004387
20 3 0.004494 0.001338 0.002592
21 3 0.002031 0.000540 0.001268
22 3 0.000788 0.000190 0.000527
23 3 0.000266 0.000059 0.000189
24 3 0.000079 0.000016 0.000059
25 3 0.000021 0.000004 0.000017
26 3 0.000005 0.000001 0.000004
27 3 0.000001 0.000000 0.000001
28 3 0.000000 0.000000 0.000000
29 3 0.000000 0.000000 0.000000
30 3 0.000000 0.000000 0.000000
31 3 0.000000 0.000000 0.000000
32 3 0.000000 0.000000 0.000000
33 3 0.000000 0.000000 0.000000
34 3 0.000000 0.000000 0.000000
35 3 0.000000 0.000000 0.000000
36 3 0.000000 0.000000 0.000000
37 3 0.000000 0.000000 0.000000
38 3 0.000000 0.000000 0.000000
39 3 0.000000 0.000000 0.000000
40 3 0.000000 0.000000 0.000000
41 3 0.000000 0.000000 0.000000
42 3 0.000000 0.000000 0.000000
43 3 0.000000 0.000000 0.000000
44 3 0.000000 0.000000 0.000000
45 3 0.000000 0.000000 0.000000
46 3 0.000000 0.000000 0.000000
47 3 0.000000 0.000000 0.000000
48 3 0.000000 0.000000 0.000000
49 3 0.000000 0.000000 0.000000

0 4 0.000000 0.000000 0.000000
1 4 -0.001937 0.001013 -0.001416
2 4 -0.003501 0.002255 -0.001538
3 4 -0.004284 0.003921 -0.001724
4 4 -0.003756 0.006128 -0.001867
5 4 -0.001420 0.008810 -0.001769
6 4 0.003109 0.011645 -0.001216
7 4 0.009675 0.013894 0.000051
8 4 0.017096 0.014489 0.002035
9 4 0.023025 0.012204 0.004444
10 4 0.023716 0.006300 0.006305
11 4 0.016039 -0.002505 0.006091
12 4 -0.000335 -0.011638 0.002627
13 4 -0.020580 -0.016899 -0.004111
14 4 -0.033661 -0.014871 -0.011216
15 4 -0.030288 -0.006564 -0.013513
16 4 -0.013218 0.002786 -0.008785
17 4 0.005236 0.008310 -0.000583
18 4 0.015201 0.008953 0.005650
19 4 0.015655 0.006702 0.007502
20 4 0.011179 0.003938 0.006130
21 4 0.006268 0.001910 0.003789
22 4 0.002905 0.000787 0.001899
23 4 0.001145 0.000280 0.000800
24 4 0.000391 0.000087 0.000290
25 4 0.000117 0.000024 0.000091
26 4 0.000031 0.000006 0.000025
27 4 0.000007 0.000001 0.000006
28 4 0.000002 0.000000 0.000001
29 4 0.000000 0.000000 0.000000
30 4 0.000000 0.000000 0.000000
31 4 0.000000 0.000000 0.000000
32 4 0.000000 0.000000 0.000000
33 4 0.000000 0.000000 0.000000
34 4 0.000000 0.000000 0.000000
35 4 0.000000 0.000000 0.000000
36 4 0.000000 0.000000 0.000000
37 4 0.000000 0.000000 0.000000
38 4 0.000000 0.000000 0.000000
39 4 0.000000 0.000000 0.000000
40 4 0.000000 0.000000 0.000000
41 4 0.000000 0.000000 0.000000
42 4 0.000000 0.000000 0.000000
43 4 0.000000 0.000000 0.000000
44 4 0.000000 0.000000 0.000000
45 4 0.000000 0.000000 0.000000
46 4 0.000000 0.000000 0.000000
47 4 0.000000 0.000000 0.000000
48 4 0.000000 0.000000 0.000000
49 4 0.000000 0.000000 0.000000

0 5 0.000000 0.000000 0.000000
1 5 -0.002691 -0.001887 0.000858
2 5 -0.005799 -0.003724 0.000613
3 5 -0.009577 -0.005382 0.000090
4 5 -0.014155 -0.006544 -0.000811
5 5 -0.018975 -0.006686 -0.002094
6 5 -0.023115 -0.005117 -0.003691
7 5 -0.024374 -0.001130 -0.005250
8 5 -0.020434 0.005369 -0.005948
9 5 -0.009132 0.013542 -0.004914
10 5 0.009508 0.020651 -0.000942
11 5 0.029827 0.022754 0.005524
12 5 0.042546 0.016560 0.012095
13 5 0.036153 0.001937 0.014561
14 5 0.006704 -0.014374 0.007712
15 5 -0.028333 -0.021773 -0.006789
16 5 -0.042634 -0.016187 -0.017785
17 5 -0.029289 -0.003917 -0.016545
18 5 -0.004606 0.005907 -0.006167
19 5 0.012821 0.009297 0.004021
20 5 0.017291 0.007878 0.008445
21 5 0.013555 0.004917 0.007732
22 5 0.007958 0.002468 0.005021
23 5 0.003785 0.001038 0.002582
24 5 0.001516 0.000375 0.001104
25 5 0.000523 0.000118 0.000403
26 5 0.000158 0.000033 0.000128
27 5 0.000042 0.000008 0.000036
28 5 0.000010 0.000002 0.000009
29 5 0.000002 0.000000 0.000002
30 5 0.000000 0.000000 0.000000
31 5 0.000000 0.000000 0.000000
32 5 0.000000 0.000000 0.000000
33 5 0.000000 0.000000 0.000000
34 5 0.000000 0.000000 0.000000
35 5 0.000000 0.000000 0.000000
36 5 0.000000 0.000000 0.000000
37 5 0.000000 0.000000 0.000000
38 5 0.000000 0.000000 0.000000
39 5 0.000000 0.000000 0.000000
40 5 0.000000 0.000000 0.000000
41 5 0.000000 0.000000 0.000000
42 5 0.000000 0.000000 0.000000
43 5 0.000000 0.000000 0.000000
44 5 0.000000 0.000000 0.000000
45 5 0.000000 0.000000 0.000000
46 5 0.000000 0.000000 0.000000
47 5 0.000000 0.000000 0.000000
48 5 0.000000 0.000000 0.000000
49 5 0.000000 0.000000 0.000000

0 6 0.000000 0.000000 0.000000
1 6 0.003895 0.000710 0.000687
2 6 0.007491 0.000926 0.001017
3 6 0.010365 0.000208 0.001564
4 6 0.011638 -0.001991 0.002304
5 6 0.010019 -0.005851 0.002730
6 6 0.004276 -0.011342 0.002628
7 6 -0.007147 -0.017332 0.000992
8 6 -0.022607 -0.021658 -0.002410
9 6 -0.039360 -0.021307 -0.007526
10 6 -0.048389 -0.012941 -0.013036
11 6 -0.039765 0.002995 -0.014476
12 6 -0.010547 0.021554 -0.009008
13 6 0.033329 0.032468 0.004925
14 6 0.063018 0.024387 0.021683
15 6 0.045997 0.000352 0.024253
16 6 -0.005676 -0.020297 0.005725
17 6 -0.043960 -0.022840 -0.016671
18 6 -0.042161 -0.011005 -0.022938
19 6 -0.015473 0.002124 -0.012594
20 6 0.008493 0.008486 0.001189
21 6 0.017467 0.008382 0.008582
22 6 0.015133 0.005581 0.008942
23 6 0.009287 0.002899 0.006098
24 6 0.004524 0.001245 0.003212
25 6 0.001838 0.000455 0.001391
26 6 0.000640 0.000145 0.000512
27 6 0.000194 0.000041 0.000163
28 6 0.000052 0.000010 0.000046
29 6 0.000012 0.000002 0.000011
30 6 0.000003 0.000000 0.000003
31 6 0.000001 0.000000 0.000001
32 6 0.000000 0.000000 0.000000
33 6 0.000000 0.000000 0.000000
34 6 0.000000 0.000000 0.000000
35 6 0.000000 0.000000 0.000000
36 6 0.000000 0.000000 0.000000
37 6 0.000000 0.000000 0.000000
38 6 0.000000 0.000000 0.000000
39 6 0.000000 0.000000 0.000000
40 6 0.000000 0.000000 0.000000
41 6 0.000000 0.000000 0.000000
42 6 0.000000 0.000000 0.000000
43 6 0.000000 0.000000 0.000000
44 6 0.000000 0.000000 0.000000
45 6 0.000000 0.000000 0.000000
46 6 0.000000 0.000000 0.000000
47 6 0.000000 0.000000 0.000000
48 6 0.000000 0.000000 0.000000
49 6 0.000000 0.000000 0.000000

0 7 0.000000 0.000000 0.000000
1 7 -0.000150 0.003186 -0.003278
2 7 0.000838 0.006671 -0.003187
3 7 0.003474 0.010538 -0.002877
4 7 0.009389 0.014672 -0.002085
5 7 0.017916 0.018059 -0.000333
6 7 0.029281 0.019567 0.002269
7 7 0.039820 0.016512 0.006333
8 7 0.043683 0.007667 0.009527
9 7 0.035647 -0.007682 0.011173
10 7 0.006928 -0.025667 0.006754
11 7 -0.033285 -0.036702 -0.005165
12 7 -0.067814 -0.032444 -0.019110
13 7 -0.071895 -0.007442 -0.028851
14 7 -0.018705 0.026895 -0.018592
15 7 0.057040 0.040222 0.014331
16 7 0.076094 0.019737 0.036545
17 7 0.023877 -0.011149 0.021872
18 7 -0.035026 -0.024130 -0.010317
19 7 -0.048325 -0.016011 -0.026051
20 7 -0.023963 -0.001646 -0.017969
21 7 0.003980 0.006972 -0.001830
22 7 0.016645 0.008218 0.008163
23 7 0.015818 0.005824 0.009661
24 7 0.010071 0.003122 0.006866
25 7 0.004999 0.001365 0.003686
26 7 0.002052 0.000505 0.001611
27 7 0.000719 0.000162 0.000596
28 7 0.000219 0.000046 0.000190
29 7 0.000059 0.000011 0.000053
30 7 0.000014 0.000003 0.000013
31 7 0.000003 0.000001 0.000003
32 7 0.000001 0.000000 0.000001
33 7 0.000000 0.000000 0.000000
34 7 0.000000 0.000000 0.000000
35 7 0.000000 0.000000 0.000000
36 7 0.000000 0.000000 0.000000
37 7 0.000000 0.000000 0.000000
38 7 0.000000 0.000000 0.000000
39 7 0.000000 0.000000 0.000000
40 7 0.000000 0.000000 0.000000
41 7 0.000000 0.000000 0.000000
42 7 0.000000 0.000000 0.000000
43 7 0.000000 0.000000 0.000000
44 7 0.000000 0.000000 0.000000
45 7 0.000000 0.000000 0.000000
46 7 0.000000 0.000000 0.000000
47 7 0.000000 0.000000 0.000000
48 7 0.000000 0.000000 0.000000
49 7 0.000000 0.000000 0.000000

0 8 0.000000 0.000000 0.000000
1 8 -0.005980 -0.003375 0.000127
2 8 -0.012645 -0.006203 -0.000556
3 8 -0.019525 -0.008057 -0.001551
4 8 -0.027290 -0.007654 -0.003672
5 8 -0.031768 -0.004087 -0.005605
6 8 -0.033140 0.003738 -0.007829
7 8 -0.022144 0.016142 -0.008179
8 8 -0.000698 0.029282 -0.004386
9 8 0.032837 0.039321 0.002742
10 8 0.067586 0.035409 0.016410
11 8 0.072940 0.013725 0.024562
12 8 0.043014 -0.019013 0.020534
13 8 -0.027440 -0.048224 0.001176
14 8 -0.099232 -0.043380 -0.034073
15 8 -0.079133 0.001301 -0.045500
16 8 0.023809 0.039550 -0.005515
17 8 0.084480 0.033053 0.038813
18 8 0.046027 -0.000117 0.034633
19 8 -0.023000 -0.021025 -0.002483
20 8 -0.048342 -0.017750 -0.026116
21 8 -0.028136 -0.004141 -0.021028
22 8 0.000940 0.005431 -0.003942
23 8 0.015555 0.007598 0.007659
24 8 0.015756 0.005663 0.009950
25 8 0.010259 0.003110 0.007254
26 8 0.005145 0.001378 0.003932
27 8 0.002123 0.000514 0.001726
28 8 0.000746 0.000166 0.000639
29 8 0.000228 0.000047 0.000204
30 8 0.000061 0.000012 0.000057
31 8 0.000015 0.000003 0.000014
32 8 0.000003 0.000001 0.000003
33 8 0.000001 0.000000 0.000001
34 8 0.000000 0.000000 0.000000
35 8 0.000000 0.000000 0.000000
36 8 0.000000 0.000000 0.000000
37 8 0.000000 0.000000 0.000000
38 8 0.000000 0.000000 0.000000
39 8 0.000000 0.000000 0.000000
40 8 0.000000 0.000000 0.000000
41 8 0.000000 0.000000 0.000000
42 8 0.000000 0.000000 0.000000
43 8 0.000000 0.000000 0.000000
44 8 0.000000 0.000000 0.000000
45 8 0.000000 0.000000 0.000000
46 8 0.000000 0.000000 0.000000
47 8 0.000000 0.000000 0.000000
48 8 0.000000 0.000000 0.000000
49 8 0.000000 0.000000 0.000000

0 9 0.000000 0.000000 0.000000
1 9 0.005930 -0.000710 0.002032
2 9 0.010429 -0.002598 0.002666
3 9 0.013440 -0.005850 0.003077
4 9 0.011404 -0.012252 0.004282
5 9 0.002989 -0.019839 0.002879
6 9 -0.012462 -0.029077 0.001683
7 9 -0.038691 -0.034009 -0.005447
8 9 -0.058307 -0.030312 -0.012372
9 9 -0.072387 -0.014302 -0.019975
10 9 -0.048465 0.016867 -0.021709
11 9 0.010588 0.043754 -0.003396
12 9 0.067456 0.051844 0.018430
13 9 0.102928 0.027884 0.039226
14 9 0.048300 -0.027477 0.035647
15 9 -0.077795 -0.058192 -0.018806
16 9 -0.110598 -0.024103 -0.060192
17 9 -0.008959 0.027488 -0.024912
18 9 0.076997 0.035708 0.034104
19 9 0.053807 0.006933 0.040097
20 9 -0.015233 -0.016579 0.002465
21 9 -0.045255 -0.016742 -0.024906
22 9 -0.028018 -0.004892 -0.021607
23 9 0.000151 0.004351 -0.004508
24 9 0.014756 0.006788 0.007473
25 9 0.015179 0.005200 0.009941
26 9 0.009912 0.002889 0.007266
27 9 0.004969 0.001288 0.003931
28 9 0.002047 0.000482 0.001720
29 9 0.000718 0.000156 0.000634
30 9 0.000219 0.000044 0.000202
31 9 0.000059 0.000011 0.000057
32 9 0.000014 0.000002 0.000014
33 9 0.000003 0.000001 0.000003
34 9 0.000001 0.000000 0.000001
35 9 0.000000 0.000000 0.000000
36 9 0.000000 0.000000 0.000000
37 9 0.000000 0.000000 0.000000
38 9 0.000000 0.000000 0.000000
39 9 0.000000 0.000000 0.000000
40 9 0.000000 0.000000 0.000000
41 9 0.000000 0.000000 0.000000
42 9 0.000000 0.000000 0.000000
43 9 0.000000 0.000000 0.000000
44 9 0.000000 0.000000 0.000000
45 9 0.000000 0.000000 0.000000
46 9 0.000000 0.000000 0.000000
47 9 0.000000 0.000000 0.000000
48 9 0.000000 0.000000 0.000000
49 9 0.000000 0.000000 0.000000

0 10 0.000000 0.000000 0.000000
1 10 0.001478 0.005530 -0.004684
2 10 0.006175 0.011380 -0.004084
3 10 0.011068 0.017120 -0.003264
4 10 0.024760 0.022607 -0.000798
5 10 0.035855 0.023856 0.003312
6 10 0.052398 0.021140 0.007490
7 10 0.055568 0.006137 0.014802
8 10 0.038095 -0.014063 0.011751
9 10 0.003974 -0.039019 0.007797
10 10 -0.062111 -0.051590 -0.013923
11 10 -0.087457 -0.032256 -0.034541
12 10 -0.062117 0.003703 -0.028903
13 10 0.003703 0.045798 -0.009964
14 10 0.103047 0.056793 0.035578
15 10 0.094326 0.003746 0.059460
16 10 -0.045798 -0.049827 -0.000058
17 10 -0.110062 -0.033638 -0.061429
18 10 -0.020911 0.016232 -0.032957
19 10 0.067149 0.031056 0.029910
20 10 0.049482 0.008223 0.039106
21 10 -0.014398 -0.013219 0.002540
22 10 -0.041608 -0.014292 -0.023981
23 10 -0.024735 -0.004215 -0.020218
24 10 0.001426 0.003845 -0.003508
25 10 0.014398 0.005965 0.007736
26 10 0.014267 0.004556 0.009728
27 10 0.009149 0.002524 0.006953
28 10 0.004529 0.001121 0.003706
29 10 0.001848 0.000419 0.001603
30 10 0.000643 0.000135 0.000586
31 10 0.000195 0.000038 0.000185
32 10 0.000052 0.000010 0.000052
33 10 0.000012 0.000002 0.000013
34 10 0.000003 0.000000 0.000003
35 10 0.000001 0.000000 0.000001
36 10 0.000000 0.000000 0.000000
37 10 0.000000 0.000000 0.000000
38 10 0.000000 0.000000 0.000000
39 10 0.000000 0.000000 0.000000
40 10 0.000000 0.000000 0.000000
41 10 0.000000 0.000000 0.000000
42 10 0.000000 0.000000 0.000000
43 10 0.000000 0.000000 0.000000
44 10 0.000000 0.000000 0.000000
45 10 0.000000 0.000000 0.000000
46 10 0.000000 0.000000 0.000000
47 10 0.000000 0.000000 0.000000
48 10 0.000000 0.000000 0.000000
49 10 0.000000 0.000000 0.000000

0 11 0.000000 0.000000 0.000000
1 11 -0.008580 -0.004084 -0.000895
2 11 -0.018235 -0.006502 -0.002606
3 11 -0.025813 -0.007592 -0.003153
4 11 -0.035326 -0.003222 -0.007907
5 11 -0.030755 0.005622 -0.007751
6 11 -0.025491 0.020001 -0.010198
7 11 0.011988 0.037749 -0.003579
8 11 0.044298 0.043144 0.009850
9 11 0.077898 0.037410 0.020355
10 11 0.074731 0.002254 0.034451
11 11 -0.004824 -0.036115 0.008897
12 11 -0.063237 -0.045376 -0.024710
13 11 -0.085365 -0.029094 -0.039410
14 11 -0.036952 0.019999 -0.033383
15 11 0.086108 0.054205 0.026998
16 11 0.096172 0.016319 0.065853
17 11 -0.037695 -0.036749 0.004490
18 11 -0.096609 -0.028989 -0.058546
19 11 -0.012540 0.011970 -0.028661
20 11 0.061502 0.024453 0.030157
21 11 0.038342 0.005596 0.034172
22 11 -0.018704 -0.011420 -0.001523
23 11 -0.037977 -0.011414 -0.023599
24 11 -0.019452 -0.002749 -0.017405
25 11 0.004028 0.003732 -0.001339
26 11 0.014283 0.005186 0.008301
27 11 0.013096 0.003833 0.009330
28 11 0.008094 0.002084 0.006380
29 11 0.003912 0.000914 0.003309
30 11 0.001568 0.000338 0.001403
31 11 0.000538 0.000108 0.000505
32 11 0.000161 0.000030 0.000158
33 11 0.000043 0.000008 0.000044
34 11 0.000010 0.000002 0.000011
35 11 0.000002 0.000000 0.000002
36 11 0.000000 0.000000 0.000000
37 11 0.000000 0.000000 0.000000
38 11 0.000000 0.000000 0.000000
39 11 0.000000 0.000000 0.000000
40 11 0.000000 0.000000 0.000000
41 11 0.000000 0.000000 0.000000
42 11 0.000000 0.000000 0.000000
43 11 0.000000 0.000000 0.000000
44 11 0.000000 0.000000 0.000000
45 11 0.000000 0.000000 0.000000
46 11 0.000000 0.000000 0.000000
47 11 0.000000 0.000000 0.000000
48 11 0.000000 0.000000 0.000000
49 11 0.000000 0.000000 0.000000

0 12 0.000000 0.000000 0.000000
1 12 0.005801 -0.002380 0.003201
2 12 0.007378 -0.007090 0.004034
3 12 0.008182 -0.012206 0.003478
4 12 -0.003113 -0.022746 0.004536
5 12 -0.020909 -0.029286 -0.002124
6 12 -0.044616 -0.035450 -0.005087
7 12 -0.072065 -0.025396 -0.021129
8 12 -0.055264 -0.000595 -0.021413
9 12 -0.022284 0.028689 -0.015649
10 12 0.061147 0.053255 0.010518
11 12 0.100445 0.030484 0.047579
12 12 0.034577 -0.012582 0.030039
13 12 -0.046063 -0.037100 -0.010466
14 12 -0.096882 -0.032799 -0.047367
15 12 -0.036437 0.012048 -0.042462
16 12 0.091289 0.043417 0.032471
17 12 0.078029 0.010717 0.063964
18 12 -0.050907 -0.030003 -0.006043
19 12 -0.080607 -0.019376 -0.056101
20 12 0.005689 0.012549 -0.016578
21 12 0.057505 0.018313 0.033041
22 12 0.023785 0.001625 0.026574
23 12 -0.024757 -0.010386 -0.007733
24 12 -0.033601 -0.008526 -0.022970
25 12 -0.013007 -0.001066 -0.013495
26 12 0.007092 0.003743 0.001441
27 12 0.014074 0.004431 0.008879
28 12 0.011688 0.003097 0.008713
29 12 0.006866 0.001630 0.005612
30 12 0.003209 0.000699 0.002803
31 12 0.001255 0.000254 0.001156
32 12 0.000422 0.000080 0.000407
33 12 0.000125 0.000022 0.000125
34 12 0.000033 0.000006 0.000034
35 12 0.000008 0.000001 0.000008
36 12 0.000002 0.000000 0.000002
37 12 0.000000 0.000000 0.000000
38 12 0.000000 0.000000 0.000000
39 12 0.000000 0.000000 0.000000
40 12 0.000000 0.000000 0.000000
41 12 0.000000 0.000000 0.000000
42 12 0.000000 0.000000 0.000000
43 12 0.000000 0.000000 0.000000
44 12 0.000000 0.000000 0.000000
45 12 0.000000 0.000000 0.000000
46 12 0.000000 0.000000 0.000000
47 12 0.000000 0.000000 0.000000
48 12 0.000000 0.000000 0.000000
49 12 0.000000 0.000000 0.000000

0 13 0.000000 0.000000 0.000000
1 13 0.005643 0.007125 -0.005084
2 13 0.016188 0.014107 -0.003263
3 13 0.025070 0.018897 -0.001473
4 13 0.044739 0.020963 0.004730
5 13 0.049871 0.011960 0.010438
6 13 0.050939 -0.003313 0.014927
7 13 0.011871 -0.032291 0.013339
8 13 -0.049300 -0.046832 -0.010231
9 13 -0.092651 -0.038813 -0.030265
10 13 -0.084377 0.000374 -0.045355
11 13 0.025959 0.048888 -0.008795
12 13 0.110003 0.044317 0.047784
13 13 0.074839 -0.001410 0.051389
14 13 -0.044244 -0.039304 0.000691
15 13 -0.118226 -0.030989 -0.062865
16 13 -0.019444 0.017975 -0.042038
17 13 0.104362 0.036670 0.047920
18 13 0.050545 0.000710 0.055704
19 13 -0.067011 -0.026371 -0.023081
20 13 -0.059233 -0.009846 -0.050362
21 13 0.025103 0.013682 -0.000850
22 13 0.050152 0.012542 0.034458
23 13 0.007599 -0.002054 0.016571
24 13 -0.029560 -0.009238 -0.014017
25 13 -0.027658 -0.005744 -0.021108
26 13 -0.006101 0.000451 -0.008774
27 13 0.009862 0.003666 0.004267
28 13 0.013481 0.003675 0.009181
29 13 0.010071 0.002397 0.007855
30 13 0.005573 0.001209 0.004722
31 13 0.002499 0.000503 0.002252
32 13 0.000947 0.000179 0.000898
33 13 0.000311 0.000055 0.000308
34 13 0.000090 0.000015 0.000093
35 13 0.000023 0.000004 0.000025
36 13 0.000005 0.000001 0.000006
37 13 0.000001 0.000000 0.000001
38 13 0.000000 0.000000 0.000000
39 13 0.000000 0.000000 0.000000
40 13 0.000000 0.000000 0.000000
41 13 0.000000 0.000000 0.000000
42 13 0.000000 0.000000 0.000000
43 13 0.000000 0.000000 0.000000
44 13 0.000000 0.000000 0.000000
45 13 0.000000 0.000000 0.000000
46 13 0.000000 0.000000 0.000000
47 13 0.000000 0.000000 0.000000
48 13 0.000000 0.000000 0.000000
49 13 0.000000 0.000000 0.000000

0 14 0.000000 0.000000 0.000000
1 14 -0.011884 -0.001689 -0.004523
2 14 -0.022272 -0.000578 -0.006483
3 14 -0.028678 0.004538 -0.008367
4 14 -0.024513 0.017049 -0.011715
5 14 -0.000227 0.034137 -0.007676
6 14 0.042360 0.047310 0.001540
7 14 0.091676 0.043815 0.024647
8 14 0.091373 0.008148 0.037670
9 14 0.022102 -0.037050 0.023603
10 14 -0.088530 -0.059154 -0.024906
11 14 -0.116572 -0.027325 -0.062690
12 14 -0.019346 0.032753 -0.029103
13 14 0.097906 0.052726 0.038448
14 14 0.097253 0.010217 0.067017
15 14 -0.049886 -0.039890 0.002037
16 14 -0.117638 -0.027260 -0.074424
17 14 0.013117 0.022276 -0.026377
18 14 0.101967 0.027741 0.061003
19 14 0.011754 -0.007633 0.035804
20 14 -0.073616 -0.020826 -0.038724
21 14 -0.030302 -0.001439 -0.037104
22 14 0.039696 0.013116 0.014894
23 14 0.036962 0.006905 0.031292
24 14 -0.008099 -0.004645 0.004964
25 14 -0.031051 -0.007575 -0.018558
26 14 -0.020011 -0.003190 -0.017471
27 14 0.000504 0.001580 -0.003695
28 14 0.011776 0.003402 0.006636
29 14 0.012368 0.002923 0.009016
30 14 0.008320 0.001766 0.006779
31 14 0.004315 0.000847 0.003786
32 14 0.001846 0.000340 0.001715
33 14 0.000674 0.000117 0.000658
34 14 0.000215 0.000036 0.000219
35 14 0.000061 0.000010 0.000064
36 14 0.000015 0.000002 0.000017
37 14 0.000004 0.000001 0.000004
38 14 0.000001 0.000000 0.000001
39 14 0.000000 0.000000 0.000000
40 14 0.000000 0.000000 0.000000
41 14 0.000000 0.000000 0.000000
42 14 0.000000 0.000000 0.000000
43 14 0.000000 0.000000 0.000000
44 14 0.000000 0.000000 0.000000
45 14 0.000000 0.000000 0.000000
46 14 0.000000 0.000000 0.000000
47 14 0.000000 0.000000 0.000000
48 14 0.000000 0.000000 0.000000
49 14 0.000000 0.000000 0.000000

0 15 0.000000 0.000000 0.000000
1 15 0.001124 -0.007737 0.005591
2 15 -0.002620 -0.017100 0.004958
3 15 -0.016949 -0.028099 0.003913
4 15 -0.044695 -0.036677 -0.003970
5 15 -0.076464 -0.034343 -0.014868
6 15 -0.091674 -0.010002 -0.031318
7 15 -0.041803 0.031273 -0.026491
8 15 0.048434 0.063053 0.005950
9 15 0.125802 0.049947 0.050564
10 15 0.072183 -0.007699 0.054866
11 15 -0.064226 -0.048955 -0.015826
12 15 -0.103201 -0.034333 -0.063171
13 15 -0.021295 0.014538 -0.033873
14 15 0.094185 0.041298 0.040388
15 15 0.069772 0.007366 0.065397
16 15 -0.080156 -0.032849 -0.020659
17 15 -0.083945 -0.013062 -0.072315
18 15 0.057261 0.023437 0.006733
19 15 0.077678 0.014494 0.062791
20 15 -0.029738 -0.013090 0.005934
21 15 -0.064489 -0.012968 -0.045888
22 15 0.001363 0.004835 -0.016910
23 15 0.044488 0.010495 0.026179
24 15 0.018854 0.001886 0.022586
25 15 -0.020472 -0.005783 -0.006299
26 15 -0.028270 -0.005451 -0.020010
27 15 -0.011321 -0.001052 -0.012197
28 15 0.006015 0.002220 0.001109
29 15 0.012525 0.002946 0.008172
30 15 0.010762 0.002204 0.008330
31 15 0.006547 0.001231 0.005560
32 15 0.003174 0.000559 0.002881
33 15 0.001291 0.000215 0.001236
34 15 0.000453 0.000072 0.000454
35 15 0.000140 0.000021 0.000146
36 15 0.000038 0.000006 0.000041
37 15 0.000009 0.000001 0.000011
38 15 0.000002 0.000000 0.000002
39 15 0.000000 0.000000 0.000001
40 15 0.000000 0.000000 0.000000
41 15 0.000000 0.000000 0.000000
42 15 0.000000 0.000000 0.000000
43 15 0.000000 0.000000 0.000000
44 15 0.000000 0.000000 0.000000
45 15 0.000000 0.000000 0.000000
46 15 0.000000 0.000000 0.000000
47 15 0.000000 0.000000 0.000000
48 15 0.000000 0.000000 0.000000
49 15 0.000000 0.000000 0.000000

0 16 0.000000 0.000000 0.000000
1 16 0.016660 0.010399 -0.005032
2 16 0.033899 0.017828 -0.001722
3 16 0.057927 0.018201 0.006406
4 16 0.064861 0.003497 0.016283
5 16 0.046741 -0.025251 0.020233
6 16 -0.030029 -0.058047 0.004521
7 16 -0.109301 -0.056306 -0.038206
8 16 -0.105011 -0.013452 -0.054952
9 16 0.003880 0.043330 -0.021692
10 16 0.125653 0.052382 0.056539
11 16 0.068143 -0.000588 0.064425
12 16 -0.075442 -0.036529 -0.019435
13 16 -0.101836 -0.018057 -0.068726
14 16 0.018632 0.021143 -0.021908
15 16 0.116149 0.027030 0.064392
16 16 0.014102 -0.009857 0.046214
17 16 -0.108852 -0.025802 -0.055612
18 16 -0.027916 0.003520 -0.050830
19 16 0.085068 0.020835 0.041392
20 16 0.033822 0.001771 0.046480
21 16 -0.057046 -0.013813 -0.023354
22 16 -0.038872 -0.004711 -0.039182
23 16 0.027012 0.007766 0.005077
24 16 0.037164 0.006452 0.029027
25 16 -0.000578 -0.001774 0.009793
26 16 -0.026998 -0.005478 -0.014747
27 16 -0.021544 -0.003193 -0.017872
28 16 -0.002779 0.000491 -0.006042
29 16 0.009807 0.002379 0.004983
30 16 0.012077 0.002362 0.008700
31 16 0.008827 0.001562 0.007203
32 16 0.004882 0.000806 0.004311
33 16 0.002211 0.000345 0.002073
34 16 0.000853 0.000127 0.000840
35 16 0.000286 0.000041 0.000294
36 16 0.000085 0.000012 0.000091
37 16 0.000023 0.000003 0.000025
38 16 0.000005 0.000001 0.000006
39 16 0.000001 0.000000 0.000001
40 16 0.000000 0.000000 0.000000
41 16 0.000000 0.000000 0.000000
42 16 0.000000 0.000000 0.000000
43 16 0.000000 0.000000 0.000000
44 16 0.000000 0.000000 0.000000
45 16 0.000000 0.000000 0.000000
46 16 0.000000 0.000000 0.000000
47 16 0.000000 0.000000 0.000000
48 16 0.000000 0.000000 0.000000
49 16 0.000000 0.000000 0.000000

0 17 0.000000 0.000000 0.000000
1 17 -0.016941 0.003522 -0.011886
2 17 -0.027301 0.012305 -0.013953
3 17 -0.019286 0.030704 -0.016799
4 17 0.023835 0.053407 -0.007808
5 17 0.090918 0.060066 0.017199
6 17 0.123113 0.029103 0.050838
7 17 0.040109 -0.031028 0.037780
8 17 -0.095142 -0.059287 -0.027551
9 17 -0.129945 -0.025624 -0.077133
10 17 0.008937 0.034883 -0.028322
11 17 0.127489 0.044925 0.065884
12 17 0.057256 -0.006006 0.060214
13 17 -0.089230 -0.039097 -0.030357
14 17 -0.094987 -0.010402 -0.074696
15 17 0.062816 0.029584 0.004903
16 17 0.102699 0.016835 0.079373
17 17 -0.050096 -0.019485 0.005298
18 17 -0.092500 -0.014873 -0.071629
19 17 0.035080 0.012789 -0.008867
20 17 0.075125 0.012545 0.056974
21 17 -0.016449 -0.006489 0.013854
22 17 -0.058466 -0.009707 -0.039599
23 17 -0.004674 0.001782 -0.019589
24 17 0.038699 0.007251 0.021528
25 17 0.020025 0.002202 0.022390
26 17 -0.016504 -0.003622 -0.003639
27 17 -0.026622 -0.004124 -0.018461
28 17 -0.012389 -0.001202 -0.012717
29 17 0.004329 0.001368 -0.000105
30 17 0.011602 0.002160 0.007454
31 17 0.010655 0.001743 0.008270
32 17 0.006795 0.001031 0.005813
33 17 0.003435 0.000493 0.003146
34 17 0.001453 0.000199 0.001405
35 17 0.000531 0.000070 0.000537
36 17 0.000170 0.000022 0.000179
37 17 0.000049 0.000006 0.000053
38 17 0.000013 0.000001 0.000014
39 17 0.000003 0.000000 0.000003
40 17 0.000001 0.000000 0.000001
41 17 0.000000 0.000000 0.000000
42 17 0.000000 0.000000 0.000000
43 17 0.000000 0.000000 0.000000
44 17 0.000000 0.000000 0.000000
45 17 0.000000 0.000000 0.000000
46 17 0.000000 0.000000 0.000000
47 17 0.000000 0.000000 0.000000
48 17 0.000000 0.000000 0.000000
49 17 0.000000 0.000000 0.000000

0 18 0.000000 0.000000 0.000000
1 18 -0.008512 -0.015908 0.007410
2 18 -0.030633 -0.032447 0.004657
3 18 -0.074102 -0.041512 -0.009336
4 18 -0.111947 -0.024867 -0.033077
5 18 -0.078769 0.024939 -0.046024
6 18 0.055226 0.068862 0.000476
7 18 0.147547 0.055553 0.067690
8 18 0.078791 -0.011095 0.066148
9 18 -0.098757 -0.054133 -0.027135
10 18 -0.119014 -0.022279 -0.087952
11 18 0.039379 0.027910 -0.008015
12 18 0.105104 0.030350 0.071821
13 18 0.004839 -0.006135 0.035425
14 18 -0.102452 -0.025242 -0.054437
15 18 -0.027952 0.001157 -0.053057
16 18 0.105080 0.022190 0.050362
17 18 0.032293 0.000219 0.057829
18 18 -0.095668 -0.017574 -0.045356
19 18 -0.031308 -0.000500 -0.051456
20 18 0.074167 0.013430 0.035035
21 18 0.031304 0.002289 0.043309
22 18 -0.050173 -0.008745 -0.020161
23 18 -0.034663 -0.003516 -0.035577
24 18 0.024173 0.004928 0.004410
25 18 0.033483 0.004482 0.026571
26 18 -0.000589 -0.000998 0.009146
27 18 -0.024946 -0.003743 -0.013692
28 18 -0.020300 -0.002350 -0.016957
29 18 -0.002965 0.000213 -0.006011
30 18 0.009073 0.001640 0.004572
31 18 0.011545 0.001716 0.008384
32 18 0.008642 0.001178 0.007123
33 18 0.004893 0.000629 0.004366
34 18 0.002271 0.000279 0.002152
35 18 0.000898 0.000106 0.000894
36 18 0.000310 0.000035 0.000322
37 18 0.000095 0.000010 0.000102
38 18 0.000026 0.000003 0.000029
39 18 0.000006 0.000001 0.000007
40 18 0.000001 0.000000 0.000002
41 18 0.000000 0.000000 0.000000
42 18 0.000000 0.000000 0.000000
43 18 0.000000 0.000000 0.000000
44 18 0.000000 0.000000 0.000000
45 18 0.000000 0.000000 0.000000
46 18 0.000000 0.000000 0.000000
47 18 0.000000 0.000000 0.000000
48 18 0.000000 0.000000 0.000000
49 18 0.000000 0.000000 0.000000

0 19 0.000000 0.000000 0.000000
1 19 0.035648 0.012508 -0.003395
2 19 0.073125 0.011350 0.010239
3 19 0.072919 -0.018817 0.029525
4 19 -0.009748 -0.062894 0.018569
5 19 -0.141237 -0.072339 -0.043215
6 19 -0.140607 -0.014200 -0.084462
7 19 0.026099 0.050881 -0.015855
8 19 0.144625 0.051379 0.079401
9 19 0.045310 -0.005809 0.065561
10 19 -0.120829 -0.036656 -0.053053
11 19 -0.065991 -0.001740 -0.074610
12 19 0.092911 0.026333 0.030604
13 19 0.086526 0.006037 0.075774
14 19 -0.068246 -0.020012 -0.006930
15 19 -0.101115 -0.009427 -0.078541
16 19 0.057283 0.016659 -0.002330
17 19 0.096022 0.011179 0.077866
18 19 -0.051177 -0.011787 0.003203
19 19 -0.080679 -0.009109 -0.067006
20 19 0.038361 0.008180 -0.003350
21 19 0.064060 0.007574 0.052488
22 19 -0.021057 -0.004368 0.008076
23 19 -0.051161 -0.005938 -0.037109
24 19 0.000577 0.001438 -0.014734
25 19 0.035846 0.004657 0.021491
26 19 0.015590 0.001249 0.019369
27 19 -0.017157 -0.002477 -0.005094
28 19 -0.024598 -0.002720 -0.017643
29 19 -0.010650 -0.000763 -0.011435
30 19 0.004709 0.000947 0.000455
31 19 0.011163 0.001481 0.007355
32 19 0.010118 0.001205 0.007979
33 19 0.006457 0.000723 0.005599
34 19 0.003287 0.000351 0.003048
35 19 0.001406 0.000145 0.001375
36 19 0.000521 0.000052 0.000533
37 19 0.000170 0.000016 0.000181
38 19 0.000049 0.000005 0.000055
39 19 0.000013 0.000001 0.000015
40 19 0.000003 0.000000 0.000004
41 19 0.000001 0.000000 0.000001
42 19 0.000000 0.000000 0.000000
43 19 0.000000 0.000000 0.000000
44 19 0.000000 0.000000 0.000000
45 19 0.000000 0.000000 0.000000
46 19 0.000000 0.000000 0.000000
47 19 0.000000 0.000000 0.000000
48 19 0.000000 0.000000 0.000000
49 19 0.000000 0.000000 0.000000

0 20 0.000000 0.000000 0.000000
1 20 -0.021236 0.024528 -0.035053
2 20 0.004837 0.060991 -0.033719
3 20 0.107509 0.084275 0.006283
4 20 0.177686 0.046852 0.072525
5 20 0.058847 -0.031139 0.061074
6 20 -0.131868 -0.065163 -0.050564
7 20 -0.125402 -0.017033 -0.097326
8 20 0.068555 0.037406 0.001257
9 20 0.136698 0.025143 0.097687
10 20 -0.033079 -0.019188 0.024506
11 20 -0.120316 -0.024798 -0.079968
12 20 -0.001346 0.009115 -0.035090
13 20 0.103320 0.024441 0.061725
14 20 0.021161 -0.000693 0.049158
15 20 -0.104768 -0.018408 -0.054252
16 20 -0.021323 0.000538 -0.052957
17 20 0.104254 0.014485 0.056171
18 20 0.013608 -0.000874 0.048001
19 20 -0.091539 -0.010620 -0.051360
20 20 -0.011285 0.001006 -0.038784
21 20 0.070712 0.008019 0.040335
22 20 0.014877 0.000301 0.032818
23 20 -0.050082 -0.005405 -0.025382
24 20 -0.023265 -0.001413 -0.029073
25 20 0.027578 0.003331 0.009693
26 20 0.027632 0.002448 0.024303
27 20 -0.005518 -0.000969 0.004872
28 20 -0.024474 -0.002389 -0.014735
29 20 -0.017284 -0.001342 -0.015272
30 20 -0.000878 0.000263 -0.004222
31 20 0.009415 0.001098 0.005230
32 20 0.010957 0.001102 0.008183
33 20 0.007962 0.000747 0.006685
34 20 0.004449 0.000398 0.004030
35 20 0.002055 0.000177 0.001972
36 20 0.000813 0.000068 0.000819
37 20 0.000282 0.000023 0.000296
38 20 0.000087 0.000007 0.000095
39 20 0.000024 0.000002 0.000027
40 20 0.000006 0.000000 0.000007
41 20 0.000001 0.000000 0.000002
42 20 0.000000 0.000000 0.000000
43 20 0.000000 0.000000 0.000000
44 20 0.000000 0.000000 0.000000
45 20 0.000000 0.000000 0.000000
46 20 0.000000 0.000000 0.000000
47 20 0.000000 0.000000 0.000000
48 20 0.000000 0.000000 0.000000
49 20 0.000000 0.000000 0.000000

0 21 0.000000 0.000000 0.000000
1 21 -0.062629 -0.036821 0.006015
2 21 -0.161132 -0.035601 -0.040155
3 21 -0.133697 0.028581 -0.078434
4 21 0.074248 0.086487 0.000584
5 21 0.191458 0.056998 0.114331
6 21 0.022452 -0.018299 0.062876
7 21 -0.149702 -0.040749 -0.076170
8 21 -0.064211 0.001194 -0.079477
9 21 0.121522 0.031948 0.053304
10 21 0.064985 0.006986 0.083424
11 21 -0.103255 -0.016002 -0.039533
12 21 -0.061694 -0.002773 -0.072113
13 21 0.087230 0.010821 0.027197
14 21 0.075154 0.002592 0.073819
15 21 -0.080931 -0.010089 -0.016385
16 21 -0.080369 -0.003374 -0.076361
17 21 0.078675 0.009998 0.017684
18 21 0.069047 0.004156 0.071973
19 21 -0.070765 -0.007622 -0.018553
20 21 -0.055157 -0.003320 -0.059136
21 21 0.053996 0.005535 0.015080
22 21 0.045157 0.003056 0.046465
23 21 -0.034373 -0.003286 -0.006049
24 21 -0.040556 -0.002732 -0.034990
25 21 0.012186 0.001526 -0.004734
26 21 0.033126 0.002534 0.023284
27 21 0.007126 0.000228 0.013808
28 21 -0.020244 -0.001644 -0.009073
29 21 -0.021795 -0.001460 -0.016893
30 21 -0.006876 -0.000248 -0.008715
31 21 0.006452 0.000664 0.002259
32 21 0.010994 0.000888 0.007651
33 21 0.009239 0.000689 0.007484
34 21 0.005679 0.000403 0.005018
35 21 0.002826 0.000193 0.002661
36 21 0.001192 0.000079 0.001182
37 21 0.000438 0.000028 0.000453
38 21 0.000142 0.000009 0.000153
39 21 0.000041 0.000003 0.000046
40 21 0.000011 0.000001 0.000013
41 21 0.000003 0.000000 0.000003
42 21 0.000001 0.000000 0.000001
43 21 0.000000 0.000000 0.000000
44 21 0.000000 0.000000 0.000000
45 21 0.000000 0.000000 0.000000
46 21 0.000000 0.000000 0.000000
47 21 0.000000 0.000000 0.000000
48 21 0.000000 0.000000 0.000000
49 21 0.000000 0.000000 0.000000

0 22 0.000000 0.000000 0.000000
1 22 0.120098 -0.012183 0.030725
2 22 -0.000247 -0.081232 0.048595
3 22 -0.216222 -0.082964 -0.082189
4 22 -0.149811 -0.002563 -0.121406
5 22 0.115053 0.054331 0.033995
6 22 0.142408 0.027272 0.123736
7 22 -0.069943 -0.019185 0.004718
8 22 -0.129574 -0.014971 -0.100789
9 22 0.058679 0.012058 -0.010871
10 22 0.120744 0.012236 0.094553
11 22 -0.041075 -0.009982 0.016334
12 22 -0.106996 -0.013478 -0.076929
13 22 0.017245 0.007128 -0.023194
14 22 0.103325 0.013651 0.069711
15 22 -0.013885 -0.003073 0.031557
16 22 -0.105255 -0.009486 -0.070061
17 22 0.023523 0.002866 -0.026477
18 22 0.096546 0.006655 0.070109
19 22 -0.028953 -0.002604 0.018669
20 22 -0.079986 -0.004539 -0.060323
21 22 0.022868 0.002153 -0.013442
22 22 0.062179 0.003499 0.046886
23 22 -0.010550 -0.001041 0.014398
24 22 -0.048015 -0.002573 -0.032222
25 22 -0.005773 0.000093 -0.017948
26 22 0.031798 0.001862 0.017327
27 22 0.018277 0.000821 0.020048
28 22 -0.013021 -0.000829 -0.001948
29 22 -0.023669 -0.001199 -0.016212
30 22 -0.012493 -0.000494 -0.012404
31 22 0.002609 0.000283 -0.001184
32 22 0.010188 0.000609 0.006417
33 22 0.010151 0.000551 0.007894
34 22 0.006884 0.000355 0.005926
35 22 0.003687 0.000183 0.003403
36 22 0.001653 0.000080 0.001612
37 22 0.000640 0.000030 0.000654
38 22 0.000219 0.000010 0.000232
39 22 0.000067 0.000003 0.000073
40 22 0.000018 0.000001 0.000021
41 22 0.000005 0.000000 0.000005
42 22 0.000001 0.000000 0.000001
43 22 0.000000 0.000000 0.000000
44 22 0.000000 0.000000 0.000000
45 22 0.000000 0.000000 0.000000
46 22 0.000000 0.000000 0.000000
47 22 0.000000 0.000000 0.000000
48 22 0.000000 0.000000 0.000000
49 22 0.000000 0.000000 0.000000

0 23 0.000000 0.000000 0.000000
1 23 0.213956 0.157556 -0.150851
2 23 0.298369 0.065959 0.164261
3 23 -0.007199 -0.036383 0.063348
4 23 -0.208487 -0.040961 -0.130111
5 23 -0.010968 0.007955 -0.067894
6 23 0.162301 0.022017 0.104203
7 23 0.020277 -0.001526 0.070731
8 23 -0.142020 -0.014923 -0.075466
9 23 -0.028063 0.001586 -0.065031
10 23 0.125788 0.011615 0.072111
11 23 0.016286 0.001367 0.058946
12 23 -0.110177 -0.002694 -0.059684
13 23 -0.020893 0.001358 -0.052094
14 23 0.106128 0.001907 0.051946
15 23 0.031265 -0.001909 0.058814
16 23 -0.107807 -0.003583 -0.050113
17 23 -0.027356 0.001225 -0.057040
18 23 0.100984 0.004161 0.052569
19 23 0.016357 -0.000337 0.048267
20 23 -0.085173 -0.003218 -0.047235
21 23 -0.012088 0.000108 -0.037339
22 23 0.064792 0.002384 0.036748
23 23 0.014650 0.000261 0.031067
24 23 -0.045794 -0.001571 -0.022897
25 23 -0.022352 -0.000532 -0.027435
26 23 0.024950 0.000942 0.008339
27 23 0.026318 0.000796 0.022898
28 23 -0.004246 -0.000222 0.005329
29 23 -0.022943 -0.000725 -0.013580
30 23 -0.017118 -0.000459 -0.014905
31 23 -0.001688 0.000036 -0.004699
32 23 0.008615 0.000324 0.004612
33 23 0.010615 0.000351 0.007874
34 23 0.007980 0.000250 0.006681
35 23 0.004594 0.000139 0.004154
36 23 0.002183 0.000064 0.002093
37 23 0.000889 0.000026 0.000895
38 23 0.000318 0.000009 0.000333
39 23 0.000101 0.000003 0.000110
40 23 0.000029 0.000001 0.000032
41 23 0.000008 0.000000 0.000009
42 23 0.000002 0.000000 0.000002
43 23 0.000000 0.000000 0.000000
44 23 0.000000 0.000000 0.000000
45 23 0.000000 0.000000 0.000000
46 23 0.000000 0.000000 0.000000
47 23 0.000000 0.000000 0.000000
48 23 0.000000 0.000000 0.000000
49 23 0.000000 0.000000 0.000000

0 24 0.000000 0.000000 0.000000
1 24 -0.234836 0.262470 0.276172
2 24 0.253101 0.112431 0.297417
3 24 0.129874 0.026753 0.210140
4 24 -0.171598 -0.007212 -0.055888
5 24 -0.099403 -0.001700 -0.112910
6 24 0.133511 0.009297 0.058553
7 24 0.085817 0.004067 0.104365
8 24 -0.115946 -0.001608 -0.037331
9 24 -0.077491 0.000065 -0.089495
10 24 0.108619 0.002480 0.038926
11 24 0.070848 0.001103 0.082223
12 24 -0.083453 -0.005479 -0.027809
13 24 -0.070660 -0.004821 -0.070609
14 24 0.068947 0.003720 0.018000
15 24 0.073380 0.004611 0.072896
16 24 -0.075684 -0.001317 -0.016370
17 24 -0.067843 -0.002183 -0.072264
18 24 0.080378 0.000867 0.023851
19 24 0.053913 0.000865 0.065194
20 24 -0.072737 -0.000802 -0.025262
21 24 -0.042421 -0.000409 -0.052349
22 24 0.055384 0.000680 0.020282
23 24 0.036109 0.000354 0.041421
24 24 -0.036159 -0.000430 -0.010025
25 24 -0.035007 -0.000333 -0.032220
26 24 0.014634 0.000208 -0.001663
27 24 0.030628 0.000325 0.022508
28 24 0.004716 0.000024 0.011743
29 24 -0.020058 -0.000217 -0.009600
30 24 -0.020404 -0.000193 -0.016094
31 24 -0.006021 -0.000035 -0.007944
32 24 0.006444 0.000087 0.002430
33 24 0.010611 0.000119 0.007442
34 24 0.008898 0.000094 0.007233
35 24 0.005499 0.000056 0.004869
36 24 0.002762 0.000027 0.002604
37 24 0.001179 0.000011 0.001169
38 24 0.000439 0.000004 0.000455
39 24 0.000145 0.000001 0.000156
40 24 0.000043 0.000000 0.000048
41 24 0.000012 0.000000 0.000013
42 24 0.000003 0.000000 0.000003
43 24 0.000001 0.000000 0.000001
44 24 0.000000 0.000000 0.000000
45 24 0.000000 0.000000 0.000000
46 24 0.000000 0.000000 0.000000
47 24 0.000000 0.000000 0.000000
48 24 0.000000 0.000000 0.000000
49 24 0.000000 0.000000 0.000000

0 25 0.000000 0.000000 0.000000
1 25 -0.003514 -0.192636 -0.216508
2 25 0.272047 -0.101132 0.108325
3 25 0.175929 -0.034360 0.168013
4 25 -0.136489 0.004074 -0.034027
5 25 -0.138622 0.005386 -0.128661
6 25 0.105410 -0.006890 0.024246
7 25 0.121403 -0.005880 0.112893
8 25 -0.077989 0.001010 -0.003868
9 25 -0.113878 -0.000116 -0.096059
10 25 0.070967 -0.002829 0.004416
11 25 0.097582 -0.002983 0.089931
12 25 -0.066841 0.002790 -0.002722
13 25 -0.094323 0.006538 -0.076915
14 25 0.053076 -0.000056 -0.003328
15 25 0.100543 -0.004893 0.076847
16 25 -0.049453 -0.000779 0.009329
17 25 -0.097163 0.002142 -0.076754
18 25 0.052807 -0.000087 -0.003564
19 25 0.081545 -0.001035 0.071435
20 25 -0.050607 0.000503 -0.001470
21 25 -0.064813 0.000658 -0.058567
22 25 0.038426 -0.000500 0.001879
23 25 0.051409 -0.000545 0.045321
24 25 -0.022165 0.000281 0.003603
25 25 -0.042770 0.000435 -0.032604
26 25 0.002927 -0.000081 -0.011075
27 25 0.031408 -0.000344 0.019572
28 25 0.012832 -0.000115 0.016697
29 25 -0.015673 0.000175 -0.004934
30 25 -0.022264 0.000218 -0.016068
31 25 -0.010047 0.000079 -0.010681
32 25 0.003887 -0.000061 0.000077
33 25 0.010174 -0.000116 0.006664
34 25 0.009597 -0.000102 0.007562
35 25 0.006358 -0.000065 0.005512
36 25 0.003366 -0.000034 0.003119
37 25 0.001501 -0.000015 0.001467
38 25 0.000581 -0.000006 0.000594
39 25 0.000199 -0.000002 0.000211
40 25 0.000061 -0.000001 0.000067
41 25 0.000017 -0.000000 0.000019
42 25 0.000004 -0.000000 0.000005
43 25 0.000001 -0.000000 0.000001
44 25 0.000000 -0.000000 0.000000
45 25 0.000000 -0.000000 0.000000
46 25 0.000000 -0.000000 0.000000
47 25 0.000000 -0.000000 0.000000
48 25 0.000000 -0.000000 0.000000
49 25 0.000000 0.000000 0.000000

0 26 0.000000 0.000000 0.000000
1 26 0.095761 -0.134509 -0.081296
2 26 0.236736 -0.145655 0.064359
3 26 0.116634 -0.056490 0.098072
4 26 -0.153250 0.023337 -0.051371
5 26 -0.154366 0.022065 -0.126961
6 26 0.083785 -0.013202 0.010707
7 26 0.134173 -0.015675 0.112167
8 26 -0.057613 0.005769 0.014567
9 26 -0.132187 0.012758 -0.095870
10 26 0.046477 -0.002737 -0.017058
11 26 0.115232 -0.006724 0.088595
12 26 -0.030794 0.003734 0.019705
13 26 -0.095315 0.002094 -0.069780
14 26 0.016412 -0.005966 -0.024747
15 26 0.097414 -0.003884 0.065272
16 26 -0.015682 0.004050 0.031394
17 26 -0.102920 0.004510 -0.067672
18 26 0.022283 -0.002363 -0.026685
19 26 0.094149 -0.003883 0.067208
20 26 -0.025169 0.001329 0.019748
21 26 -0.077502 0.002725 -0.057123
22 26 0.018503 -0.000894 -0.015149
23 26 0.060018 -0.002040 0.043871
24 26 -0.006716 0.000321 0.015956
25 26 -0.045870 0.001450 -0.029611
26 26 -0.008506 0.000142 -0.018907
27 26 0.029373 -0.000985 0.015002
28 26 0.019496 -0.000574 0.020001
29 26 -0.010481 0.000362 -0.000169
30 26 -0.022824 0.000682 -0.015070
31 26 -0.013535 0.000352 -0.012795
32 26 0.001161 -0.000098 -0.002260
33 26 0.009384 -0.000325 0.005633
34 26 0.010064 -0.000323 0.007675
35 26 0.007138 -0.000221 0.006058
36 26 0.003968 -0.000120 0.003617
37 26 0.001842 -0.000055 0.001775
38 26 0.000738 -0.000022 0.000745
39 26 0.000260 -0.000008 0.000274
40 26 0.000082 -0.000002 0.000089
41 26 0.000023 -0.000001 0.000026
42 26 0.000006 -0.000000 0.000007
43 26 0.000001 -0.000000 0.000002
44 26 0.000000 -0.000000 0.000000
45 26 0.000000 -0.000000 0.000000
46 26 0.000000 -0.000000 0.000000
47 26 0.000000 -0.000000 0.000000
48 26 0.000000 -0.000000 0.000000
49 26 0.000000 0.000000 0.000000

0 27 0.000000 0.000000 0.000000
1 27 0.083913 -0.093191 -0.007257
2 27 0.126864 -0.102823 0.045795
3 27 -0.004113 -0.014913 0.034182
4 27 -0.183679 0.059493 -0.071800
5 27 -0.134854 0.038552 -0.105797
6 27 0.098381 -0.020208 0.021837
7 27 0.142361 -0.029061 0.110942
8 27 -0.044857 0.006730 0.017133
9 27 -0.130141 0.016713 -0.090938
10 27 0.027680 -0.006917 -0.029161
11 27 0.123204 -0.016019 0.083946
12 27 -0.014355 -0.001457 0.034348
13 27 -0.113598 0.010564 -0.068897
14 27 -0.008461 0.003968 -0.040497
15 27 0.108623 -0.007286 0.060326
16 27 0.016351 -0.002417 0.049145
17 27 -0.107705 0.006095 -0.058737
18 27 -0.008834 0.000066 -0.045696
19 27 0.098849 -0.005935 0.058835
20 27 0.000677 0.000339 0.037338
21 27 -0.082470 0.004695 -0.051013
22 27 -0.001464 -0.000292 -0.029363
23 27 0.062936 -0.003591 0.038867
24 27 0.008136 -0.000320 0.026032
25 27 -0.045260 0.002414 -0.024514
26 27 -0.018612 0.000813 -0.024778
27 27 0.025445 -0.001443 0.009682
28 27 0.024503 -0.001245 0.021778
29 27 -0.005092 0.000315 0.004267
30 27 -0.022346 0.001123 -0.013409
31 27 -0.016376 0.000745 -0.014275
32 27 -0.001538 -0.000020 -0.004433
33 27 0.008349 -0.000490 0.004459
34 27 0.010315 -0.000553 0.007602
35 27 0.007816 -0.000404 0.006494
36 27 0.004546 -0.000230 0.004077
37 27 0.002188 -0.000109 0.002079
38 27 0.000904 -0.000044 0.000901
39 27 0.000328 -0.000016 0.000341
40 27 0.000106 -0.000005 0.000114
41 27 0.000031 -0.000001 0.000034
42 27 0.000008 -0.000000 0.000009
43 27 0.000002 -0.000000 0.000002
44 27 0.000000 -0.000000 0.000001
45 27 0.000000 -0.000000 0.000000
46 27 0.000000 -0.000000 0.000000
47 27 0.000000 -0.000000 0.000000
48 27 0.000000 -0.000000 0.000000
49 27 0.000000 0.000000 0.000000

0 28 0.000000 0.000000 0.000000
1 28 0.023976 -0.039672 0.015632
2 28 0.003016 -0.025036 0.022569
3 28 -0.101019 0.045301 -0.009959
4 28 -0.174935 0.081540 -0.072126
5 28 -0.069378 0.030959 -0.064981
6 28 0.131817 -0.041469 0.047617
7 28 0.129649 -0.041115 0.101793
8 28 -0.056557 0.008394 0.005068
9 28 -0.138623 0.025384 -0.090872
10 28 0.016351 -0.002553 -0.032788
11 28 0.125058 -0.019901 0.082188
12 28 -0.007369 0.002699 0.039260
13 28 -0.105635 0.018073 -0.064422
14 28 -0.009095 -0.001174 -0.042278
15 28 0.101566 -0.016719 0.052454
16 28 0.026050 -0.002576 0.053456
17 28 -0.104298 0.012406 -0.048907
18 28 -0.028084 0.002383 -0.055448
19 28 0.097962 -0.009521 0.049203
20 28 0.021518 -0.001808 0.049259
21 28 -0.082429 0.006828 -0.043020
22 28 -0.018968 0.001221 -0.039957
23 28 0.061961 -0.004990 0.032198
24 28 0.021110 -0.001539 0.033541
25 28 -0.042216 0.003155 -0.018529
26 28 -0.026904 0.001808 -0.028761
27 28 0.020541 -0.001647 0.004325
28 28 0.027947 -0.002020 0.022340
29 28 0.000037 0.000050 0.008115
30 28 -0.021155 0.001490 -0.011398
31 28 -0.018563 0.001214 -0.015194
32 28 -0.004060 0.000162 -0.006348
33 28 0.007181 -0.000601 0.003244
34 28 0.010385 -0.000781 0.007390
35 28 0.008380 -0.000608 0.006821
36 28 0.005080 -0.000361 0.004483
37 28 0.002525 -0.000177 0.002366
38 28 0.001072 -0.000074 0.001055
39 28 0.000398 -0.000027 0.000409
40 28 0.000132 -0.000009 0.000140
41 28 0.000039 -0.000003 0.000043
42 28 0.000011 -0.000001 0.000012
43 28 0.000003 -0.000000 0.000003
44 28 0.000001 -0.000000 0.000001
45 28 0.000000 -0.000000 0.000000
46 28 0.000000 -0.000000 0.000000
47 28 0.000000 -0.000000 0.000000
48 28 0.000000 -0.000000 0.000000
49 28 0.000000 0.000000 0.000000

0 29 0.000000 0.000000 0.000000
1 29 -0.022811 0.005152 0.005684
2 29 -0.063505 0.034351 -0.002438
3 29 -0.115923 0.073802 -0.028603
4 29 -0.103316 0.067095 -0.050635
5 29 0.024462 -0.003219 -0.015779
6 29 0.155109 -0.062633 0.066793
7 29 0.095530 -0.040256 0.079849
8 29 -0.085878 0.021200 -0.019147
9 29 -0.130846 0.036756 -0.090014
10 29 0.032896 -0.005653 -0.021374
11 29 0.130436 -0.028045 0.082839
12 29 0.001465 -0.002125 0.039826
13 29 -0.104841 0.014721 -0.061614
14 29 -0.028508 0.001193 -0.048057
15 29 0.090199 -0.012210 0.043725
16 29 0.044062 -0.002862 0.059211
17 29 -0.092810 0.011852 -0.037552
18 29 -0.045282 0.003453 -0.062292
19 29 0.091207 -0.011144 0.038591
20 29 0.038147 -0.003762 0.057166
21 29 -0.078693 0.008444 -0.034436
22 29 -0.033179 0.003087 -0.047292
23 29 0.058645 -0.006087 0.025186
24 29 0.031668 -0.003101 0.038725
25 29 -0.037945 0.003617 -0.012582
26 29 -0.033326 0.002989 -0.031195
27 29 0.015429 -0.001599 -0.000575
28 29 0.030112 -0.002816 0.022076
29 29 0.004605 -0.000388 0.011270
30 29 -0.019577 0.001763 -0.009312
31 29 -0.020162 0.001720 -0.015669
32 29 -0.006300 0.000427 -0.007956
33 29 0.005993 -0.000657 0.002079
34 29 0.010324 -0.000998 0.007090
35 29 0.008834 -0.000824 0.007048
36 29 0.005554 -0.000508 0.004828
37 29 0.002838 -0.000256 0.002625
38 29 0.001233 -0.000110 0.001200
39 29 0.000468 -0.000042 0.000475
40 29 0.000157 -0.000014 0.000166
41 29 0.000048 -0.000004 0.000052
42 29 0.000013 -0.000001 0.000015
43 29 0.000003 -0.000000 0.000004
44 29 0.000001 -0.000000 0.000001
45 29 0.000000 -0.000000 0.000000
46 29 0.000000 -0.000000 0.000000
47 29 0.000000 -0.000000 0.000000
48 29 0.000000 -0.000000 0.000000
49 29 0.000000 0.000000 0.000000

0 30 0.000000 0.000000 0.000000
1 30 -0.027122 0.020650 -0.010403
2 30 -0.048375 0.042275 -0.015924
3 30 -0.050769 0.048745 -0.024589
4 30 0.006649 0.013414 -0.017826
5 30 0.102897 -0.049997 0.022075
6 30 0.146021 -0.075097 0.065763
7 30 0.034658 -0.027347 0.044015
8 30 -0.118441 0.037275 -0.047487
9 30 -0.106745 0.036021 -0.079766
10 30 0.051996 -0.015509 -0.002593
11 30 0.125802 -0.034726 0.082548
12 30 -0.012920 -0.001572 0.032465
13 30 -0.119089 0.026027 -0.067952
14 30 -0.024279 0.009634 -0.046930
15 30 0.102894 -0.018551 0.048168
16 30 0.051585 -0.011533 0.061421
17 30 -0.094784 0.013692 -0.035403
18 30 -0.058089 0.008729 -0.066835
19 30 0.087947 -0.012187 0.032210
20 30 0.051288 -0.007013 0.062603
21 30 -0.074793 0.009438 -0.027519
22 30 -0.044366 0.005372 -0.052328
23 30 0.054712 -0.006809 0.019001
24 30 0.039902 -0.004863 0.042175
25 30 -0.033496 0.003816 -0.007339
26 30 -0.038117 0.004251 -0.032554
27 30 0.010693 -0.001348 -0.004726
28 30 0.031364 -0.003584 0.021375
29 30 0.008454 -0.000945 0.013732
30 30 -0.017909 0.001948 -0.007368
31 30 -0.021286 0.002235 -0.015839
32 30 -0.008196 0.000750 -0.009243
33 30 0.004880 -0.000666 0.001037
34 30 0.010186 -0.001199 0.006756
35 30 0.009185 -0.001046 0.007193
36 30 0.005957 -0.000667 0.005105
37 30 0.003115 -0.000345 0.002846
38 30 0.001380 -0.000152 0.001327
39 30 0.000532 -0.000058 0.000534
40 30 0.000182 -0.000020 0.000190
41 30 0.000056 -0.000006 0.000060
42 30 0.000015 -0.000002 0.000017
43 30 0.000004 -0.000000 0.000004
44 30 0.000001 -0.000000 0.000001
45 30 0.000000 -0.000000 0.000000
46 30 0.000000 -0.000000 0.000000
47 30 0.000000 -0.000000 0.000000
48 30 0.000000 -0.000000 0.000000
49 30 0.000000 0.000000 0.000000

0 31 0.000000 0.000000 0.000000
1 31 -0.004149 0.009193 -0.014172
2 31 0.002773 0.010635 -0.013115
3 31 0.026622 -0.004744 -0.008731
4 31 0.077231 -0.042479 0.008426
5 31 0.110427 -0.073449 0.033796
6 31 0.077213 -0.058261 0.041951
7 31 -0.051095 0.007904 0.000123
8 31 -0.139378 0.056444 -0.065408
9 31 -0.071198 0.032601 -0.058262
10 31 0.079918 -0.023057 0.021317
11 31 0.118383 -0.036951 0.081682
12 31 -0.033515 0.006547 0.016711
13 31 -0.111736 0.031535 -0.071706
14 31 -0.002457 0.000735 -0.035092
15 31 0.098526 -0.027132 0.050600
16 31 0.038527 -0.009013 0.053563
17 31 -0.093260 0.020043 -0.035185
18 31 -0.057725 0.010716 -0.064847
19 31 0.086258 -0.015405 0.029124
20 31 0.057793 -0.009937 0.064467
21 31 -0.072290 0.010889 -0.023128
22 31 -0.052008 0.007799 -0.055324
23 31 0.051552 -0.007456 0.014440
24 31 0.045982 -0.006719 0.044400
25 31 -0.029723 0.003869 -0.003247
26 31 -0.041624 0.005536 -0.033297
27 31 0.006749 -0.000974 -0.007978
28 31 0.032081 -0.004313 0.020579
29 31 0.011521 -0.001564 0.015565
30 31 -0.016395 0.002068 -0.005728
31 31 -0.022061 0.002743 -0.015838
32 31 -0.009719 0.001105 -0.010223
33 31 0.003924 -0.000644 0.000171
34 31 0.010023 -0.001386 0.006437
35 31 0.009448 -0.001268 0.007275
36 31 0.006284 -0.000831 0.005314
37 31 0.003347 -0.000439 0.003022
38 31 0.001505 -0.000196 0.001431
39 31 0.000588 -0.000076 0.000584
40 31 0.000203 -0.000026 0.000210
41 31 0.000063 -0.000008 0.000067
42 31 0.000018 -0.000002 0.000019
43 31 0.000005 -0.000001 0.000005
44 31 0.000001 -0.000000 0.000001
45 31 0.000000 -0.000000 0.000000
46 31 0.000000 -0.000000 0.000000
47 31 0.000000 -0.000000 0.000000
48 31 0.000000 -0.000000 0.000000
49 31 0.000000 0.000000 0.000000

0 32 0.000000 0.000000 0.000000
1 32 0.014111 -0.007262 -0.006080
2 32 0.032553 -0.019225 -0.002537
3 32 0.053138 -0.037611 0.004885
4 32 0.068476 -0.055162 0.015855
5 32 0.049138 -0.050027 0.022021
6 32 -0.018551 -0.008447 0.007013
7 32 -0.107268 0.049100 -0.031762
8 32 -0.115236 0.061924 -0.060576
9 32 -0.003809 0.014072 -0.024046
10 32 0.117900 -0.042573 0.047738
11 32 0.096331 -0.039936 0.071351
12 32 -0.059534 0.012951 -0.005795
13 32 -0.107965 0.030179 -0.073290
14 32 0.003397 -0.001447 -0.025321
15 32 0.092710 -0.023014 0.051970
16 32 0.037048 -0.006690 0.049240
17 32 -0.087667 0.019119 -0.034637
18 32 -0.057945 0.010354 -0.063188
19 32 0.083434 -0.016690 0.027370
20 32 0.060928 -0.011502 0.064972
21 32 -0.070742 0.012190 -0.020804
22 32 -0.056662 0.009839 -0.057029
23 32 0.049738 -0.008146 0.011713
24 32 0.050192 -0.008506 0.045874
25 32 -0.027183 0.003917 -0.000529
26 32 -0.044188 0.006809 -0.033809
27 32 0.003873 -0.000571 -0.010272
28 32 0.032591 -0.005016 0.019958
29 32 0.013799 -0.002196 0.016857
30 32 -0.015229 0.002162 -0.004503
31 32 -0.022608 0.003241 -0.015783
32 32 -0.010861 0.001468 -0.010919
33 32 0.003187 -0.000609 -0.000481
34 32 0.009883 -0.001565 0.006173
35 32 0.009639 -0.001487 0.007312
36 32 0.006530 -0.000996 0.005456
37 32 0.003524 -0.000534 0.003147
38 32 0.001601 -0.000241 0.001507
39 32 0.000631 -0.000095 0.000621
40 32 0.000220 -0.000033 0.000225
41 32 0.000069 -0.000010 0.000073
42 32 0.000019 -0.000003 0.000021
43 32 0.000005 -0.000001 0.000006
44 32 0.000001 -0.000000 0.000001
45 32 0.000000 -0.000000 0.000000
46 32 0.000000 -0.000000 0.000000
47 32 0.000000 -0.000000 0.000000
48 32 0.000000 -0.000000 0.000000
49 32 0.000000 0.000000 0.000000

0 33 0.000000 0.000000 0.000000
1 33 0.012547 -0.011897 0.002994
2 33 0.023594 -0.023040 0.004918
3 33 0.024385 -0.030222 0.007949
4 33 0.011734 -0.025445 0.008012
5 33 -0.027568 -0.001285 0.001728
6 33 -0.078222 0.038220 -0.018954
7 33 -0.100523 0.061565 -0.037363
8 33 -0.048497 0.038080 -0.035498
9 33 0.068195 -0.022266 0.014015
10 33 0.120943 -0.058520 0.059651
11 33 0.043450 -0.027744 0.044888
12 33 -0.095236 0.028446 -0.030812
13 33 -0.103774 0.037413 -0.072571
14 33 0.030748 -0.001827 -0.008353
15 33 0.108113 -0.030260 0.062540
16 33 0.026164 -0.011674 0.041786
17 33 -0.098847 0.022108 -0.043477
18 33 -0.055540 0.014023 -0.061048
19 33 0.088345 -0.018336 0.031454
20 33 0.061867 -0.013942 0.065079
21 33 -0.072707 0.013521 -0.021932
22 33 -0.059110 0.011846 -0.058170
23 33 0.050121 -0.008973 0.011252
24 33 0.052899 -0.010216 0.047026
25 33 -0.026312 0.004089 0.000641
26 33 -0.046102 0.008067 -0.034386
27 33 0.002258 -0.000234 -0.011584
28 33 0.033151 -0.005729 0.019710
29 33 0.015297 -0.002795 0.017681
30 33 -0.014551 0.002275 -0.003768
31 33 -0.023024 0.003730 -0.015763
32 33 -0.011619 0.001816 -0.011354
33 33 0.002716 -0.000581 -0.000893
34 33 0.009804 -0.001742 0.005995
35 33 0.009771 -0.001700 0.007320
36 33 0.006693 -0.001155 0.005532
37 33 0.003640 -0.000625 0.003219
38 33 0.001664 -0.000285 0.001551
39 33 0.000660 -0.000113 0.000643
40 33 0.000231 -0.000039 0.000234
41 33 0.000072 -0.000012 0.000076
42 33 0.000021 -0.000003 0.000022
43 33 0.000005 -0.000001 0.000006
44 33 0.000001 -0.000000 0.000001
45 33 0.000000 -0.000000 0.000000
46 33 0.000000 -0.000000 0.000000
47 33 0.000000 -0.000000 0.000000
48 33 0.000000 -0.000000 0.000000
49 33 0.000000 0.000000 0.000000

0 34 0.000000 0.000000 0.000000
1 34 -0.001820 -0.003972 0.004457
2 34 -0.005670 -0.005288 0.004024
3 34 -0.020603 0.000815 0.001689
4 34 -0.038802 0.014937 -0.003581
5 34 -0.066572 0.037035 -0.012510
6 34 -0.072976 0.052110 -0.023898
7 34 -0.044646 0.040665 -0.021458
8 34 0.029557 -0.002131 -0.003107
9 34 0.105199 -0.050690 0.039236
10 34 0.083389 -0.050361 0.048773
11 34 -0.015461 -0.001582 0.011608
12 34 -0.114910 0.044998 -0.049655
13 34 -0.067474 0.033594 -0.059459
14 34 0.075967 -0.020816 0.019152
15 34 0.100557 -0.040087 0.066339
16 34 -0.011173 -0.002683 0.020772
17 34 -0.105972 0.032046 -0.053204
18 34 -0.036303 0.012765 -0.050428
19 34 0.096979 -0.024151 0.039593
20 34 0.055030 -0.015288 0.061512
21 34 -0.078617 0.016495 -0.026801
22 34 -0.058028 0.013583 -0.057977
23 34 0.053345 -0.010447 0.013436
24 34 0.053961 -0.011823 0.047847
25 34 -0.027485 0.004587 0.000073
26 34 -0.047486 0.009324 -0.035165
27 34 0.002071 -0.000069 -0.011863
28 34 0.033922 -0.006493 0.019955
29 34 0.016007 -0.003318 0.018077
30 34 -0.014461 0.002455 -0.003571
31 34 -0.023373 0.004218 -0.015831
32 34 -0.011990 0.002126 -0.011543
33 34 0.002542 -0.000583 -0.001052
34 34 0.009809 -0.001925 0.005919
35 34 0.009851 -0.001906 0.007307
36 34 0.006773 -0.001304 0.005546
37 34 0.003692 -0.000709 0.003235
38 34 0.001691 -0.000324 0.001562
39 34 0.000671 -0.000129 0.000648
40 34 0.000235 -0.000045 0.000236
41 34 0.000074 -0.000014 0.000077
42 34 0.000021 -0.000004 0.000022
43 34 0.000005 -0.000001 0.000006
44 34 0.000001 -0.000000 0.000001
45 34 0.000000 -0.000000 0.000000
46 34 0.000000 -0.000000 0.000000
47 34 0.000000 -0.000000 0.000000
48 34 0.000000 -0.000000 0.000000
49 34 0.000000 0.000000 0.000000

0 35 0.000000 0.000000 0.000000
1 35 -0.011008 0.005881 -0.001060
2 35 -0.021691 0.012997 -0.002322
3 35 -0.034929 0.023370 -0.005698
4 35 -0.040981 0.032761 -0.009332
5 35 -0.040981 0.038701 -0.012895
6 35 -0.013407 0.027336 -0.011253
7 35 0.030970 -0.001538 0.001750
8 35 0.084598 -0.040717 0.021231
9 35 0.094461 -0.057483 0.040875
10 35 0.025100 -0.026721 0.022372
11 35 -0.065976 0.023620 -0.018964
12 35 -0.109366 0.049955 -0.056100
13 35 -0.015482 0.014308 -0.033299
14 35 0.096968 -0.036995 0.041767
15 35 0.067749 -0.031160 0.055586
16 35 -0.038790 0.012580 -0.000622
17 35 -0.094775 0.032782 -0.054446
18 35 -0.013662 0.004724 -0.036304
19 35 0.099550 -0.028445 0.046106
20 35 0.042066 -0.013118 0.054575
21 35 -0.085117 0.020256 -0.033445
22 35 -0.052732 0.014057 -0.055896
23 35 0.058866 -0.012737 0.017955
24 35 0.052934 -0.013064 0.048051
25 35 -0.030817 0.005610 -0.002312
26 35 -0.048235 0.010545 -0.036100
27 35 0.003454 -0.000196 -0.011033
28 35 0.034948 -0.007343 0.020732
29 35 0.015878 -0.003714 0.018031
30 35 -0.015016 0.002751 -0.003943
31 35 -0.023672 0.004709 -0.016006
32 35 -0.011961 0.002375 -0.011485
33 35 0.002683 -0.000635 -0.000949
34 35 0.009909 -0.002123 0.005955
35 35 0.009883 -0.002103 0.007278
36 35 0.006766 -0.001437 0.005496
37 35 0.003677 -0.000781 0.003194
38 35 0.001680 -0.000357 0.001538
39 35 0.000665 -0.000141 0.000636
40 35 0.000233 -0.000049 0.000231
41 35 0.000073 -0.000016 0.000075
42 35 0.000021 -0.000004 0.000022
43 35 0.000005 -0.000001 0.000006
44 35 0.000001 -0.000000 0.000001
45 35 0.000000 -0.000000 0.000000
46 35 0.000000 -0.000000 0.000000
47 35 0.000000 -0.000000 0.000000
48 35 0.000000 -0.000000 0.000000
49 35 0.000000 0.000000 0.000000

0 36 0.000000 0.000000 0.000000
1 36 -0.006034 0.006943 -0.005801
2 36 -0.009633 0.013054 -0.006296
3 36 -0.009669 0.016805 -0.006801
4 36 -0.000479 0.015059 -0.006376
5 36 0.017652 0.004963 -0.002799
6 36 0.047021 -0.016179 0.004374
7 36 0.073006 -0.040089 0.016785
8 36 0.076655 -0.053950 0.024367
9 36 0.034579 -0.035870 0.020822
10 36 -0.045131 0.008824 -0.008449
11 36 -0.098511 0.047325 -0.039250
12 36 -0.074343 0.044331 -0.044429
13 36 0.036919 -0.006638 -0.001107
14 36 0.103206 -0.041266 0.053904
15 36 0.041973 -0.020421 0.040585
16 36 -0.056094 0.018015 -0.017751
17 36 -0.087472 0.029699 -0.054932
18 36 0.005613 -0.000237 -0.022591
19 36 0.102652 -0.030255 0.053481
20 36 0.026787 -0.010156 0.045973
21 36 -0.092430 0.023757 -0.041922
22 36 -0.043791 0.013394 -0.052010
23 36 0.066270 -0.015634 0.024663
24 36 0.049475 -0.013737 0.047341
25 36 -0.036257 0.007261 -0.006559
26 36 -0.048074 0.011648 -0.037004
27 36 0.006518 -0.000735 -0.008989
28 36 0.036143 -0.008293 0.021991
29 36 0.014817 -0.003922 0.017474
30 36 -0.016229 0.003209 -0.004895
31 36 -0.023889 0.005199 -0.016264
32 36 -0.011508 0.002537 -0.011165
33 36 0.003145 -0.000757 -0.000584
34 36 0.010098 -0.002342 0.006094
35 36 0.009859 -0.002286 0.007228
36 36 0.006672 -0.001550 0.005383
37 36 0.003595 -0.000837 0.003099
38 36 0.001631 -0.000380 0.001481
39 36 0.000642 -0.000150 0.000609
40 36 0.000223 -0.000052 0.000220
41 36 0.000070 -0.000016 0.000071
42 36 0.000020 -0.000005 0.000021
43 36 0.000005 -0.000001 0.000005
44 36 0.000001 -0.000000 0.000001
45 36 0.000000 -0.000000 0.000000
46 36 0.000000 -0.000000 0.000000
47 36 0.000000 -0.000000 0.000000
48 36 0.000000 -0.000000 0.000000
49 36 0.000000 0.000000 0.000000

0 37 0.000000 0.000000 0.000000
1 37 0.003928 0.000241 -0.004835
2 37 0.010721 -0.001121 -0.004215
3 37 0.018566 -0.005557 -0.002358
4 37 0.032441 -0.014042 0.000271
5 37 0.044598 -0.026339 0.005872
6 37 0.053307 -0.037560 0.009722
7 37 0.046225 -0.040921 0.014949
8 37 0.011360 -0.024972 0.007688
9 37 -0.038420 0.009293 -0.005028
10 37 -0.088649 0.045915 -0.029129
11 37 -0.077255 0.054723 -0.037382
12 37 -0.004202 0.020113 -0.014652
13 37 0.086426 -0.030917 0.027670
14 37 0.099546 -0.045494 0.055225
15 37 0.003953 -0.011712 0.019050
16 37 -0.086864 0.028953 -0.038803
17 37 -0.075726 0.032619 -0.052323
18 37 0.039109 -0.007389 -0.001199
19 37 0.106562 -0.035142 0.061826
20 37 0.002861 -0.005798 0.031802
21 37 -0.100897 0.028578 -0.052454
22 37 -0.029206 0.011527 -0.044688
23 37 0.075355 -0.019421 0.033600
24 37 0.042677 -0.013653 0.044931
25 37 -0.043676 0.009675 -0.012740
26 37 -0.046474 0.012508 -0.037473
27 37 0.011341 -0.001809 -0.005590
28 37 0.037270 -0.009321 0.023579
29 37 0.012685 -0.003861 0.016279
30 37 -0.018057 0.003864 -0.006411
31 37 -0.023939 0.005671 -0.016540
32 37 -0.010596 0.002581 -0.010551
33 37 0.003914 -0.000967 0.000034
34 37 0.010354 -0.002582 0.006318
35 37 0.009769 -0.002452 0.007146
36 37 0.006486 -0.001636 0.005205
37 37 0.003447 -0.000873 0.002951
38 37 0.001547 -0.000393 0.001394
39 37 0.000603 -0.000154 0.000567
40 37 0.000208 -0.000053 0.000203
41 37 0.000064 -0.000016 0.000065
42 37 0.000018 -0.000005 0.000019
43 37 0.000005 -0.000001 0.000005
44 37 0.000001 -0.000000 0.000001
45 37 0.000000 -0.000000 0.000000
46 37 0.000000 -0.000000 0.000000
47 37 0.000000 -0.000000 0.000000
48 37 0.000000 -0.000000 0.000000
49 37 0.000000 0.000000 0.000000

0 38 0.000000 0.000000 0.000000
1 38 0.006731 -0.004936 -0.000685
2 38 0.015308 -0.010841 0.000332
3 38 0.019278 -0.016317 0.001549
4 38 0.026224 -0.022536 0.003714
5 38 0.020432 -0.024525 0.005430
6 38 0.011847 -0.020569 0.004024
7 38 -0.014658 -0.006030 0.001827
8 38 -0.047100 0.019805 -0.011174
9 38 -0.067550 0.043011 -0.018279
10 38 -0.067767 0.052713 -0.028785
11 38 -0.004940 0.026638 -0.013586
12 38 0.063442 -0.019051 0.016427
13 38 0.102347 -0.049468 0.039962
14 38 0.057753 -0.036464 0.039597
15 38 -0.057580 0.014619 -0.012916
16 38 -0.100605 0.047435 -0.053455
17 38 -0.029399 0.025334 -0.032450
18 38 0.079862 -0.024717 0.025885
19 38 0.093039 -0.037486 0.061105
20 38 -0.031471 0.005024 0.010032
21 38 -0.103070 0.033943 -0.060622
22 38 -0.006412 0.006638 -0.031721
23 38 0.083797 -0.024088 0.043415
24 38 0.031069 -0.012139 0.039517
25 38 -0.052366 0.012958 -0.020566
26 38 -0.042572 0.012855 -0.036812
27 38 0.017865 -0.003547 -0.000751
28 38 0.037899 -0.010346 0.025192
29 38 0.009325 -0.003431 0.014281
30 38 -0.020379 0.004733 -0.008426
31 38 -0.023682 0.006090 -0.016720
32 38 -0.009190 0.002475 -0.009605
33 38 0.004957 -0.001275 0.000881
34 38 0.010638 -0.002840 0.006595
35 38 0.009594 -0.002592 0.007016
36 38 0.006208 -0.001691 0.004960
37 38 0.003239 -0.000887 0.002755
38 38 0.001432 -0.000394 0.001280
39 38 0.000551 -0.000152 0.000514
40 38 0.000188 -0.000052 0.000182
41 38 0.000058 -0.000016 0.000058
42 38 0.000016 -0.000004 0.000016
43 38 0.000004 -0.000001 0.000004
44 38 0.000001 -0.000000 0.000001
45 38 0.000000 -0.000000 0.000000
46 38 0.000000 -0.000000 0.000000
47 38 0.000000 -0.000000 0.000000
48 38 0.000000 -0.000000 0.000000
49 38 0.000000 0.000000 0.000000

0 39 0.000000 0.000000 0.000000
1 39 0.001511 -0.003944 0.001913
2 39 0.003447 -0.007853 0.002526
3 39 -0.000756 -0.008650 0.001551
4 39 -0.003368 -0.008510 0.002185
5 39 -0.019202 -0.000932 -0.000990
6 39 -0.029228 0.008729 -0.003921
7 39 -0.051179 0.025216 -0.009358
8 39 -0.054203 0.037382 -0.016852
9 39 -0.042975 0.037557 -0.014364
10 39 -0.007770 0.021092 -0.012276
11 39 0.056588 -0.017814 0.012755
12 39 0.078585 -0.043716 0.028652
13 39 0.065796 -0.042019 0.030484
14 39 -0.013408 -0.003363 0.009860
15 39 -0.096948 0.046745 -0.039957
16 39 -0.062802 0.046496 -0.044601
17 39 0.032991 -0.000032 -0.000162
18 39 0.095903 -0.038469 0.042469
19 39 0.058560 -0.027107 0.047107
20 39 -0.062321 0.020390 -0.012562
21 39 -0.091268 0.035369 -0.061281
22 39 0.022404 -0.001975 -0.013709
23 39 0.087694 -0.028142 0.051541
24 39 0.014155 -0.008354 0.030274
25 39 -0.060653 0.016852 -0.029085
26 39 -0.035416 0.012257 -0.034175
27 39 0.025709 -0.006006 0.005424
28 39 0.037421 -0.011196 0.026376
29 39 0.004628 -0.002519 0.011318
30 39 -0.022967 0.005800 -0.010804
31 39 -0.022932 0.006393 -0.016653
32 39 -0.007269 0.002182 -0.008292
33 39 0.006214 -0.001684 0.001918
34 39 0.010896 -0.003105 0.006879
35 39 0.009312 -0.002697 0.006817
36 39 0.005839 -0.001709 0.004648
37 39 0.002977 -0.000877 0.002518
38 39 0.001292 -0.000383 0.001147
39 39 0.000490 -0.000146 0.000453
40 39 0.000165 -0.000049 0.000158
41 39 0.000050 -0.000015 0.000049
42 39 0.000014 -0.000004 0.000014
43 39 0.000003 -0.000001 0.000004
44 39 0.000001 -0.000000 0.000001
45 39 0.000000 -0.000000 0.000000
46 39 0.000000 -0.000000 0.000000
47 39 0.000000 -0.000000 0.000000
48 39 0.000000 -0.000000 0.000000
49 39 0.000000 0.000000 0.000000

0 40 0.000000 0.000000 0.000000
1 40 -0.004457 0.000557 0.001053
2 40 -0.009303 0.001598 0.001098
3 40 -0.016894 0.005044 -0.001053
4 40 -0.023314 0.009028 -0.001276
5 40 -0.034680 0.017063 -0.005858
6 40 -0.035738 0.021656 -0.006508
7 40 -0.040158 0.027144 -0.010456
8 40 -0.018902 0.019538 -0.008641
9 40 0.002839 0.004667 -0.001739
10 40 0.040289 -0.020517 0.005867
11 40 0.065515 -0.044327 0.023694
12 40 0.041504 -0.039450 0.019375
13 40 0.001725 -0.014617 0.008209
14 40 -0.071271 0.030240 -0.019157
15 40 -0.086856 0.053364 -0.046373
16 40 -0.003400 0.020299 -0.018366
17 40 0.067188 -0.022792 0.023770
18 40 0.082252 -0.035097 0.042192
19 40 0.021455 -0.008342 0.027820
20 40 -0.079341 0.032957 -0.029685
21 40 -0.066515 0.031492 -0.054027
22 40 0.052885 -0.012071 0.007120
23 40 0.084750 -0.029660 0.056071
24 40 -0.006889 -0.002001 0.017323
25 40 -0.066227 0.020732 -0.036857
26 40 -0.024263 0.010286 -0.028776
27 40 0.034109 -0.009077 0.012562
28 40 0.035125 -0.011602 0.026558
29 40 -0.001384 -0.001028 0.007303
30 40 -0.025470 0.007001 -0.013314
31 40 -0.021483 0.006500 -0.016160
32 40 -0.004844 0.001673 -0.006597
33 40 0.007591 -0.002184 0.003078
34 40 0.011063 -0.003358 0.007117
35 40 0.008905 -0.002756 0.006532
36 40 0.005385 -0.001686 0.004273
37 40 0.002673 -0.000844 0.002248
38 40 0.001135 -0.000361 0.001001
39 40 0.000422 -0.000135 0.000388
40 40 0.000140 -0.000045 0.000133
41 40 0.000042 -0.000013 0.000041
42 40 0.000011 -0.000004 0.000011
43 40 0.000003 -0.000001 0.000003
44 40 0.000001 -0.000000 0.000001
45 40 0.000000 -0.000000 0.000000
46 40 0.000000 -0.000000 0.000000
47 40 0.000000 -0.000000 0.000000
48 40 0.000000 -0.000000 0.000000
49 40 0.000000 0.000000 0.000000

0 41 0.000000 0.000000 0.000000
1 41 -0.004717 0.003922 -0.001978
2 41 -0.009709 0.008060 -0.002071
3 41 -0.012994 0.011983 -0.003458
4 41 -0.015161 0.015195 -0.003204
5 41 -0.013917 0.016973 -0.005363
6 41 -0.005291 0.013449 -0.002773
7 41 0.005028 0.006870 -0.002993
8 41 0.029383 -0.010279 0.004257
9 41 0.040952 -0.025588 0.009222
10 41 0.054694 -0.042057 0.014846
11 41 0.034308 -0.040837 0.017429
12 41 -0.011420 -0.017560 0.000900
13 41 -0.053416 0.011529 -0.012924
14 41 -0.091846 0.041063 -0.034092
15 41 -0.049204 0.031008 -0.033201
16 41 0.034125 -0.010602 0.006554
17 41 0.066186 -0.031680 0.030730
18 41 0.055524 -0.024437 0.031937
19 41 -0.014360 0.008220 0.007322
20 41 -0.087651 0.041374 -0.042680
21 41 -0.031694 0.024605 -0.039823
22 41 0.082816 -0.021611 0.029456
23 41 0.073788 -0.027364 0.055451
24 41 -0.029904 0.006987 0.001300
25 41 -0.066186 0.023937 -0.041939
26 41 -0.008594 0.006674 -0.019905
27 41 0.041949 -0.012435 0.019997
28 41 0.030346 -0.011211 0.025131
29 41 -0.008446 0.001090 0.002303
30 41 -0.027404 0.008207 -0.015614
31 41 -0.019144 0.006310 -0.015059
32 41 -0.001985 0.000932 -0.004548
33 41 0.008966 -0.002747 0.004270
34 41 0.011070 -0.003574 0.007249
35 41 0.008359 -0.002757 0.006147
36 41 0.004856 -0.001622 0.003843
37 41 0.002339 -0.000788 0.001957
38 41 0.000969 -0.000329 0.000849
39 41 0.000353 -0.000120 0.000322
40 41 0.000115 -0.000039 0.000109
41 41 0.000034 -0.000012 0.000033
42 41 0.000009 -0.000003 0.000009
43 41 0.000002 -0.000001 0.000002
44 41 0.000000 -0.000000 0.000001
45 41 0.000000 -0.000000 0.000000
46 41 0.000000 -0.000000 0.000000
47 41 0.000000 -0.000000 0.000000
48 41 0.000000 -0.000000 0.000000
49 41 0.000000 0.000000 0.000000

0 42 0.000000 0.000000 0.000000
1 42 0.000133 0.002855 -0.003890
2 42 0.000380 0.005517 -0.003734
3 42 0.004189 0.006270 -0.003554
4 42 0.008577 0.005885 -0.002386
5 42 0.018732 0.001711 -0.001438
6 42 0.029676 -0.005204 0.002416
7 42 0.041858 -0.014688 0.004427
8 42 0.052111 -0.025969 0.010667
9 42 0.046086 -0.029755 0.010694
10 42 0.033342 -0.028531 0.010873
11 42 -0.008221 -0.009387 0.002362
12 42 -0.045670 0.014062 -0.013404
13 42 -0.067932 0.030799 -0.021261
14 42 -0.062733 0.032102 -0.027709
15 42 0.003011 -0.002034 -0.007593
16 42 0.052513 -0.035454 0.023309
17 42 0.048455 -0.037862 0.026726
18 42 0.013305 -0.018429 0.014636
19 42 -0.062836 0.021422 -0.018552
20 42 -0.090229 0.045391 -0.051991
21 42 0.012219 0.012353 -0.017976
22 42 0.105191 -0.030505 0.049412
23 42 0.051023 -0.019572 0.046324
24 42 -0.051475 0.018806 -0.016339
25 42 -0.056677 0.025722 -0.041598
26 42 0.011714 0.001431 -0.007133
27 42 0.047834 -0.015401 0.026719
28 42 0.022755 -0.009578 0.021629
29 42 -0.015884 0.003806 -0.003323
30 42 -0.028159 0.009229 -0.017245
31 42 -0.015784 0.005726 -0.013208
32 42 0.001166 -0.000027 -0.002228
33 42 0.010190 -0.003329 0.005383
34 42 0.010854 -0.003723 0.007222
35 42 0.007675 -0.002691 0.005656
36 42 0.004270 -0.001517 0.003370
37 42 0.001991 -0.000714 0.001657
38 42 0.000803 -0.000290 0.000699
39 42 0.000286 -0.000104 0.000259
40 42 0.000091 -0.000033 0.000086
41 42 0.000026 -0.000010 0.000025
42 42 0.000007 -0.000003 0.000007
43 42 0.000002 -0.000001 0.000002
44 42 0.000000 -0.000000 0.000000
45 42 0.000000 -0.000000 0.000000
46 42 0.000000 -0.000000 0.000000
47 42 0.000000 -0.000000 0.000000
48 42 0.000000 -0.000000 0.000000
49 42 0.000000 0.000000 0.000000

0 43 0.000000 0.000000 0.000000
1 43 0.003748 -0.001971 -0.001946
2 43 0.007353 -0.004080 -0.001673
3 43 0.012911 -0.007602 -0.000795
4 43 0.017208 -0.011097 0.000233
5 43 0.023851 -0.016367 0.001801
6 43 0.025791 -0.019783 0.003644
7 43 0.026360 -0.022027 0.004235
8 43 0.017922 -0.018545 0.005133
9 43 0.000955 -0.007371 0.000725
10 43 -0.019063 0.009011 -0.002960
11 43 -0.044657 0.031898 -0.012212
12 43 -0.046198 0.043156 -0.017172
13 43 -0.029619 0.039647 -0.013300
14 43 0.013130 0.014502 -0.003604
15 43 0.068312 -0.027571 0.021330
16 43 0.069300 -0.047072 0.032910
17 43 0.024432 -0.037204 0.017670
18 43 -0.042899 -0.007645 -0.007894
19 43 -0.108368 0.032081 -0.043049
20 43 -0.073081 0.034353 -0.048784
21 43 0.054360 -0.012542 0.008430
22 43 0.100024 -0.037933 0.056208
23 43 0.010273 -0.005019 0.024243
24 43 -0.066899 0.031862 -0.032721
25 43 -0.034871 0.024740 -0.033436
26 43 0.035155 -0.004806 0.008735
27 43 0.050299 -0.016727 0.031416
28 43 0.012908 -0.006180 0.016098
29 43 -0.022398 0.006984 -0.008759
30 43 -0.027016 0.009841 -0.017647
31 43 -0.011376 0.004691 -0.010533
32 43 0.004395 -0.001148 0.000221
33 43 0.011113 -0.003867 0.006297
34 43 0.010376 -0.003776 0.006999
35 43 0.006867 -0.002553 0.005069
36 43 0.003653 -0.001377 0.002874
37 43 0.001645 -0.000626 0.001362
38 43 0.000646 -0.000247 0.000558
39 43 0.000225 -0.000087 0.000202
40 43 0.000070 -0.000027 0.000065
41 43 0.000020 -0.000008 0.000019
42 43 0.000005 -0.000002 0.000005
43 43 0.000001 -0.000000 0.000001
44 43 0.000000 -0.000000 0.000000
45 43 0.000000 -0.000000 0.000000
46 43 0.000000 -0.000000 0.000000
47 43 0.000000 -0.000000 0.000000
48 43 0.000000 -0.000000 0.000000
49 43 0.000000 0.000000 0.000000

0 44 0.000000 0.000000 0.000000
1 44 0.003226 -0.004501 0.001805
2 44 0.005628 -0.008790 0.001895
3 44 0.007217 -0.013064 0.002368
4 44 0.005682 -0.016006 0.002315
5 44 0.002174 -0.017961 0.002428
6 44 -0.007590 -0.015884 0.001179
7 44 -0.019576 -0.010800 -0.000963
8 44 -0.037662 0.000580 -0.004559
9 44 -0.053046 0.014870 -0.010172
10 44 -0.061991 0.029713 -0.013799
11 44 -0.056755 0.039811 -0.017191
12 44 -0.024635 0.034419 -0.011471
13 44 0.019296 0.017380 0.000423
14 44 0.070689 -0.011325 0.016551
15 44 0.094820 -0.033942 0.032911
16 44 0.059586 -0.028179 0.026949
17 44 -0.004155 -0.005144 0.003609
18 44 -0.070778 0.023417 -0.022989
19 44 -0.092627 0.036234 -0.042772
20 44 -0.014743 0.001701 -0.021309
21 44 0.077403 -0.046983 0.031626
22 44 0.050902 -0.040442 0.040534
23 44 -0.048449 0.012073 -0.010321
24 44 -0.073873 0.039546 -0.044759
25 44 -0.005098 0.018607 -0.018904
26 44 0.056028 -0.010676 0.024014
27 44 0.047833 -0.014782 0.032492
28 44 0.002625 -0.000580 0.009374
29 44 -0.025986 0.010412 -0.012689
30 44 -0.023178 0.009893 -0.016204
31 44 -0.005959 0.003262 -0.007030
32 44 0.007488 -0.002311 0.002639
33 44 0.011630 -0.004281 0.006923
34 44 0.009636 -0.003707 0.006573
35 44 0.005969 -0.002347 0.004412
36 44 0.003033 -0.001209 0.002379
37 44 0.001318 -0.000530 0.001085
38 44 0.000502 -0.000203 0.000431
39 44 0.000170 -0.000069 0.000152
40 44 0.000052 -0.000021 0.000048
41 44 0.000014 -0.000006 0.000014
42 44 0.000004 -0.000002 0.000004
43 44 0.000001 -0.000000 0.000001
44 44 0.000000 -0.000000 0.000000
45 44 0.000000 -0.000000 0.000000
46 44 0.000000 -0.000000 0.000000
47 44 0.000000 -0.000000 0.000000
48 44 0.000000 -0.000000 0.000000
49 44 0.000000 0.000000 0.000000

0 45 0.000000 0.000000 0.000000
1 45 0.000212 -0.000459 0.001619
2 45 -0.000238 -0.000540 0.001495
3 45 -0.001964 0.000103 0.001407
4 45 -0.005692 0.001981 0.000744
5 45 -0.011240 0.005049 0.000061
6 45 -0.019398 0.009928 -0.001747
7 45 -0.027171 0.014902 -0.003540
8 45 -0.034982 0.020062 -0.006102
9 45 -0.035647 0.020835 -0.007869
10 45 -0.029410 0.016375 -0.007549
11 45 -0.011509 0.003319 -0.005183
12 45 0.014909 -0.017006 0.002430
13 45 0.036030 -0.035000 0.009631
14 45 0.045919 -0.043880 0.015153
15 45 0.024909 -0.028690 0.012894
16 45 -0.018735 0.008665 -0.003359
17 45 -0.049394 0.044047 -0.019025
18 45 -0.050273 0.058845 -0.024462
19 45 0.000064 0.032338 -0.011896
20 45 0.079283 -0.029561 0.025013
21 45 0.083900 -0.063765 0.047401
22 45 -0.016979 -0.030352 0.012422
23 45 -0.102197 0.022287 -0.043090
24 45 -0.072602 0.031728 -0.049116
25 45 0.017748 0.004093 -0.005023
26 45 0.062458 -0.015487 0.031368
27 45 0.037582 -0.008945 0.027590
28 45 -0.006146 0.007022 0.002449
29 45 -0.024629 0.013846 -0.013792
30 45 -0.015905 0.009475 -0.012395
31 45 0.000490 0.001698 -0.002696
32 45 0.010377 -0.003307 0.004955
33 45 0.011765 -0.004476 0.007265
34 45 0.008706 -0.003496 0.005991
35 45 0.005044 -0.002080 0.003729
36 45 0.002443 -0.001024 0.001909
37 45 0.001023 -0.000433 0.000838
38 45 0.000378 -0.000161 0.000322
39 45 0.000125 -0.000054 0.000111
40 45 0.000037 -0.000016 0.000034
41 45 0.000010 -0.000004 0.000010
42 45 0.000003 -0.000001 0.000002
43 45 0.000001 -0.000000 0.000001
44 45 0.000000 -0.000000 0.000000
45 45 0.000000 -0.000000 0.000000
46 45 0.000000 -0.000000 0.000000
47 45 0.000000 -0.000000 0.000000
48 45 0.000000 -0.000000 0.000000
49 45 0.000000 0.000000 0.000000

0 46 0.000000 0.000000 0.000000
1 46 -0.004368 0.003606 -0.002029
2 46 -0.008459 0.007502 -0.002312
3 46 -0.012131 0.012016 -0.002761
4 46 -0.014513 0.016983 -0.003478
5 46 -0.014951 0.022129 -0.003975
6 46 -0.012055 0.026450 -0.004437
7 46 -0.004265 0.028200 -0.003736
8 46 0.008566 0.025841 -0.002180
9 46 0.027541 0.016493 0.001613
10 46 0.047273 0.000852 0.006844
11 46 0.064058 -0.020658 0.012746
12 46 0.066122 -0.041007 0.017495
13 46 0.044776 -0.051249 0.015650
14 46 0.000553 -0.044635 0.006561
15 46 -0.060189 -0.015929 -0.011610
16 46 -0.102940 0.021316 -0.031875
17 46 -0.094988 0.046044 -0.037621
18 46 -0.031650 0.044339 -0.022582
19 46 0.067943 0.009387 0.012989
20 46 0.129642 -0.032132 0.050688
21 46 0.076433 -0.033034 0.047380
22 46 -0.044262 0.003863 -0.004300
23 46 -0.100771 0.025334 -0.047517
24 46 -0.051333 0.007237 -0.036938
25 46 0.022397 -0.019202 0.003346
26 46 0.042356 -0.020962 0.024186
27 46 0.014089 -0.001971 0.013574
28 46 -0.014718 0.014610 -0.005387
29 46 -0.018552 0.016725 -0.012211
30 46 -0.005265 0.008940 -0.006354
31 46 0.008086 0.000516 0.002449
32 46 0.013334 -0.003806 0.007300
33 46 0.011803 -0.004324 0.007504
34 46 0.007783 -0.003119 0.005398
35 46 0.004194 -0.001758 0.003101
36 46 0.001928 -0.000830 0.001501
37 46 0.000775 -0.000339 0.000631
38 46 0.000277 -0.000123 0.000235
39 46 0.000089 -0.000040 0.000078
40 46 0.000026 -0.000012 0.000024
41 46 0.000007 -0.000003 0.000006
42 46 0.000002 -0.000001 0.000002
43 46 0.000000 -0.000000 0.000000
44 46 0.000000 -0.000000 0.000000
45 46 0.000000 -0.000000 0.000000
46 46 0.000000 -0.000000 0.000000
47 46 0.000000 -0.000000 0.000000
48 46 0.000000 -0.000000 0.000000
49 46 0.000000 0.000000 0.000000

0 47 0.000000 0.000000 0.000000
1 47 -0.003908 0.001037 -0.002193
2 47 -0.007423 0.001933 -0.002389
3 47 -0.010259 0.002636 -0.002730
4 47 -0.011562 0.002770 -0.003136
5 47 -0.010862 0.002254 -0.003372
6 47 -0.006939 0.000545 -0.003307
7 47 0.000601 -0.002358 -0.002390
8 47 0.011890 -0.006413 -0.000692
9 47 0.025918 -0.010982 0.002387
10 47 0.038808 -0.013994 0.005910
11 47 0.046942 -0.013964 0.009359
12 47 0.043036 -0.007672 0.010790
13 47 0.024921 0.004302 0.007945
14 47 -0.005197 0.018641 0.001066
15 47 -0.038557 0.028766 -0.009586
16 47 -0.054646 0.023336 -0.017895
17 47 -0.042676 0.001054 -0.016929
18 47 -0.006125 -0.027775 -0.006420
19 47 0.037230 -0.045547 0.010842
20 47 0.047071 -0.028792 0.021593
21 47 0.007319 0.019597 0.009633
22 47 -0.033287 0.052913 -0.013477
23 47 -0.024766 0.034375 -0.017677
24 47 0.012915 -0.013132 0.000681
25 47 0.026607 -0.039517 0.014985
26 47 0.003859 -0.027506 0.008183
27 47 -0.023825 0.000372 -0.008650
28 47 -0.028927 0.017486 -0.016739
29 47 -0.013206 0.017242 -0.011201
30 47 0.005945 0.008319 -0.000088
31 47 0.016307 0.000252 0.007846
32 47 0.016857 -0.003399 0.009901
33 47 0.012358 -0.003626 0.008038
34 47 0.007275 -0.002506 0.005082
35 47 0.003620 -0.001364 0.002677
36 47 0.001567 -0.000625 0.001215
37 47 0.000600 -0.000249 0.000486
38 47 0.000206 -0.000088 0.000173
39 47 0.000064 -0.000028 0.000056
40 47 0.000018 -0.000008 0.000016
41 47 0.000005 -0.000002 0.000004
42 47 0.000001 -0.000001 0.000001
43 47 0.000000 -0.000000 0.000000
44 47 0.000000 -0.000000 0.000000
45 47 0.000000 -0.000000 0.000000
46 47 0.000000 -0.000000 0.000000
47 47 0.000000 -0.000000 0.000000
48 47 0.000000 -0.000000 0.000000
49 47 0.000000 0.000000 0.000000

0 48 0.000000 0.000000 0.000000
1 48 0.004491 -0.000978 -0.000433
2 48 0.009057 -0.002519 -0.000145
3 48 0.013568 -0.005081 0.000400
4 48 0.017857 -0.009188 0.001231
5 48 0.021079 -0.014896 0.002197
6 48 0.022463 -0.022185 0.003198
7 48 0.020161 -0.029936 0.003853
8 48 0.013034 -0.036552 0.003667
9 48 -0.000483 -0.039130 0.002159
10 48 -0.019770 -0.034370 -0.001428
11 48 -0.041692 -0.019987 -0.006651
12 48 -0.060324 0.004589 -0.013004
13 48 -0.064954 0.033745 -0.017589
14 48 -0.047971 0.057754 -0.016919
15 48 -0.006278 0.063297 -0.008457
16 48 0.049489 0.039923 0.008697
17 48 0.089689 -0.006262 0.026862
18 48 0.085973 -0.053847 0.033855
19 48 0.026256 -0.072344 0.020667
20 48 -0.064850 -0.039326 -0.013393
21 48 -0.113777 0.024225 -0.045967
22 48 -0.065225 0.060539 -0.041670
23 48 0.036788 0.039711 0.001446
24 48 0.091558 -0.007532 0.040389
25 48 0.058180 -0.033484 0.038198
26 48 -0.013594 -0.025073 0.004323
27 48 -0.056112 -0.002848 -0.025339
28 48 -0.049325 0.011246 -0.029812
29 48 -0.017166 0.012072 -0.015171
30 48 0.010725 0.006209 0.001945
31 48 0.022198 0.000685 0.011296
32 48 0.020668 -0.001895 0.012371
33 48 0.014061 -0.002166 0.009209
34 48 0.007791 -0.001517 0.005449
35 48 0.003683 -0.000826 0.002717
36 48 0.001524 -0.000377 0.001177
37 48 0.000561 -0.000149 0.000451
38 48 0.000186 -0.000052 0.000155
39 48 0.000056 -0.000017 0.000048
40 48 0.000015 -0.000005 0.000014
41 48 0.000004 -0.000001 0.000004
42 48 0.000001 -0.000000 0.000001
43 48 0.000000 -0.000000 0.000000
44 48 0.000000 -0.000000 0.000000
45 48 0.000000 -0.000000 0.000000
46 48 0.000000 -0.000000 0.000000
47 48 0.000000 -0.000000 0.000000
48 48 0.000000 -0.000000 0.000000
49 48 0.000000 0.000000 0.000000

0 49 0.000000 0.000000 0.000000
1 49 0.000000 0.000000 0.000000
2 49 0.000000 0.000000 0.000000
3 49 0.000000 0.000000 0.000000
4 49 0.000000 0.000000 0.000000
5 49 0.000000 0.000000 0.000000
6 49 0.000000 0.000000 0.000000
7 49 0.000000 0.000000 0.000000
8 49 0.000000 0.000000 0.000000
9 49 0.000000 0.000000 0.000000
10 49 0.000000 0.000000 0.000000
11 49 0.000000 0.000000 0.000000
12 49 0.000000 0.000000 0.000000
13 49 0.000000 0.000000 0.000000
14 49 0.000000 0.000000 0.000000
15 49 0.000000 0.000000 0.000000
16 49 0.000000 0.000000 0.000000
17 49 0.000000 0.000000 0.000000
18 49 0.000000 0.000000 0.000000
19 49 0.000000 0.000000 0.000000
20 49 0.000000 0.000000 0.000000
21 49 0.000000 0.000000 0.000000
22 49 0.000000 0.000000 0.000000
23 49 0.000000 0.000000 0.000000
24 49 0.000000 0.000000 0.000000
25 49 0.000000 0.000000 0.000000
26 49 0.000000 0.000000 0.000000
27 49 0.000000 0.000000 0.000000
28 49 0.000000 0.000000 0.000000
29 49 0.000000 0.000000 0.000000
30 49 0.000000 0.000000 0.000000
31 49 0.000000 0.000000 0.000000
32 49 0.000000 0.000000 0.000000
33 49 0.000000 0.000000 0.000000
34 49 0.000000 0.000000 0.000000
35 49 0.000000 0.000000 0.000000
36 49 0.000000 0.000000 0.000000
37 49 0.000000 0.000000 0.000000
38 49 0.000000 0.000000 0.000000
39 49 0.000000 0.000000 0.000000
40 49 0.000000 0.000000 0.000000
41 49 0.000000 0.000000 0.000000
42 49 0.000000 0.000000 0.000000
43 49 0.000000 0.000000 0.000000
44 49 0.000000 0.000000 0.000000
45 49 0.000000 0.000000 0.000000
46 49 0.000000 0.000000 0.000000
47 49 0.000000 0.000000 0.000000
48 49 0.000000 0.000000 0.000000
49 49 0.000000 0.000000 0.000000

