#:T Omega Ix Iy t1 t2 calc_time t_count
0.1 0.1 2514.24064817 -34.2924549156 80.0 3140.0 99.8650870323 62800.0000001
0.1 0.2 1258.21398555 -26.8370827286 80.0 1570.0 49.8935089111 31401.0
0.1 0.3 849.606524204 -33.2621600733 80.0 1046.66666667 33.1664330959 20934.0
0.1 0.4 661.044787482 -31.838671375 80.0 785.0 24.8598840237 15701.0
0.1 0.5 558.368467453 -38.5659574664 80.0 628.0 20.0940139294 12561.0
0.1 0.6 508.961476179 -45.5808355973 80.0 523.333333333 16.7532601357 10467.0
0.1 0.7 491.250362082 -59.145866366 80.0 448.571428571 14.2569410801 8972.0
0.1 0.8 515.799850831 -88.7056543787 80.0 392.5 12.4837710857 7850.0
0.1 0.9 580.454149836 -151.153180458 80.0 348.888888889 11.0702729225 6978.0
0.1 1.0 687.605407389 -315.976017358 80.0 314.0 9.94359707832 6280.0
0.1 1.1 672.794288365 -638.355110391 80.0 285.454545455 9.06139111519 5710.0
0.1 1.2 76.0508417296 -774.633411785 80.0 261.666666667 8.38723182678 5234.0
0.1 1.3 -323.699091973 -194.106169946 80.0 241.538461538 7.69428610802 4831.0
0.1 1.4 -201.865071055 -44.5925693644 80.0 224.285714286 7.17453098297 4486.0
0.1 1.5 -129.493804279 -16.8297465136 80.0 209.333333333 6.69999194145 4187.0
0.1 1.6 -88.281247356 -7.89940820965 80.0 196.25 6.2926838398 3925.0
0.1 1.7 -63.532014231 -3.94256026511 80.0 184.705882353 5.90798306465 3695.0
0.1 1.8 -47.33845173 -2.05123080342 80.0 174.444444444 5.55877304077 3489.0
0.1 1.9 -36.4097781645 -0.829924777587 80.0 165.263157895 5.27980208397 3306.0
0.1 2.0 -27.7534233029 -0.521087472577 80.0 157.0 5.01362299919 3140.0

0.2 0.1 2226.65336894 -33.5803142051 80.0 3140.0 99.8503770828 62800.0000001
0.2 0.2 1113.60874468 -24.4991391388 80.0 1570.0 49.7574858665 31401.0
0.2 0.3 747.785279233 -26.5637528913 80.0 1046.66666667 33.1897950172 20934.0
0.2 0.4 577.696074866 -26.5814900006 80.0 785.0 25.1211850643 15701.0
0.2 0.5 483.609815162 -30.8972081306 80.0 628.0 20.0984280109 12561.0
0.2 0.6 433.949173676 -34.8310309054 80.0 523.333333333 16.5461249352 10467.0
0.2 0.7 413.233660953 -42.9799678503 80.0 448.571428571 14.3553779125 8972.0
0.2 0.8 419.400694468 -63.1468347228 80.0 392.5 12.5754718781 7850.0
0.2 0.9 456.152413621 -103.241592824 80.0 348.888888889 11.0551939011 6978.0
0.2 1.0 522.749930392 -201.17373243 80.0 314.0 10.0337970257 6280.0
0.2 1.1 553.200016547 -414.334906461 80.0 285.454545455 9.13738203049 5710.0
0.2 1.2 254.064484216 -650.648020314 80.0 261.666666667 8.3105738163 5234.0
0.2 1.3 -202.589259417 -401.925591049 80.0 241.538461538 7.74292206764 4831.0
0.2 1.4 -235.641965731 -126.342519253 80.0 224.285714286 7.17026209831 4486.0
0.2 1.5 -158.245095119 -40.1471411676 80.0 209.333333333 6.69580292702 4187.0
0.2 1.6 -104.168736061 -14.6366584028 80.0 196.25 6.27389502525 3925.0
0.2 1.7 -72.0437170194 -6.50314424023 80.0 184.705882353 5.91145610809 3695.0
0.2 1.8 -52.0335068352 -3.57538874067 80.0 174.444444444 5.57328009605 3489.0
0.2 1.9 -39.512713513 -1.49232751923 80.0 165.263157895 5.27062606812 3306.0
0.2 2.0 -30.3587663179 -1.09883898528 80.0 157.0 5.02576708794 3140.0

0.3 0.1 2036.61978453 -30.8516987389 80.0 3140.0 99.380947113 62800.0000001
0.3 0.2 1013.5939359 -21.3743083556 80.0 1570.0 50.389993906 31401.0
0.3 0.3 678.081469629 -23.7620340364 80.0 1046.66666667 33.2935380936 20934.0
0.3 0.4 522.550842432 -22.2291450931 80.0 785.0 25.1355741024 15701.0
0.3 0.5 435.071622083 -26.1236609788 80.0 628.0 19.8675189018 12561.0
0.3 0.6 387.066763388 -29.5667256047 80.0 523.333333333 16.791364193 10467.0
0.3 0.7 361.395009723 -38.079931894 80.0 448.571428571 14.3671219349 8972.0
0.3 0.8 361.507212034 -49.6624042768 80.0 392.5 12.5470631123 7850.0
0.3 0.9 384.668050364 -77.2895753339 80.0 348.888888889 11.0936160088 6978.0
0.3 1.0 428.238268524 -145.930052439 80.0 314.0 10.0511231422 6280.0
0.3 1.1 465.432576969 -291.204406183 80.0 285.454545455 9.13428401947 5710.0
0.3 1.2 315.516674564 -513.866163677 80.0 261.666666667 8.37142205238 5234.0
0.3 1.3 -57.6236789902 -457.92748577 80.0 241.538461538 7.70987415314 4831.0
0.3 1.4 -204.366982371 -218.714229091 80.0 224.285714286 7.20127105713 4486.0
0.3 1.5 -176.064219165 -79.4300198302 80.0 209.333333333 6.70861196518 4187.0
0.3 1.6 -119.777229085 -30.1167648567 80.0 196.25 6.28986310959 3925.0
0.3 1.7 -81.5778324808 -11.1854533638 80.0 184.705882353 5.90663695335 3695.0
0.3 1.8 -57.6382023631 -5.54262175287 80.0 174.444444444 5.53377389908 3489.0
0.3 1.9 -42.5395819279 -1.85554981161 80.0 165.263157895 5.29924297333 3306.0
0.3 2.0 -31.7735277468 -1.32860311169 80.0 157.0 5.02962994576 3140.0

0.4 0.1 1891.13617963 -21.5367674613 80.0 3140.0 99.2551078796 62800.0000001
0.4 0.2 940.778515625 -19.2986541042 80.0 1570.0 49.9833860397 31401.0
0.4 0.3 629.850224197 -21.7976191617 80.0 1046.66666667 33.3930881023 20934.0
0.4 0.4 484.342090561 -19.5403423395 80.0 785.0 24.9282419682 15701.0
0.4 0.5 399.948261106 -21.6711101844 80.0 628.0 19.8878440857 12561.0
0.4 0.6 353.881988259 -27.2961829782 80.0 523.333333333 16.752368927 10467.0
0.4 0.7 326.657459226 -30.7155469309 80.0 448.571428571 14.336411953 8972.0
0.4 0.8 323.26852109 -43.3251149887 80.0 392.5 12.5752298832 7850.0
0.4 0.9 336.324755741 -62.3988569641 80.0 348.888888889 11.0241811275 6978.0
0.4 1.0 366.831407916 -111.500177152 80.0 314.0 10.0526258945 6280.0
0.4 1.1 395.807945484 -214.718581842 80.0 285.454545455 9.12976503372 5710.0
0.4 1.2 327.27043206 -399.45657174 80.0 261.666666667 8.36554098129 5234.0
0.4 1.3 35.1254640297 -441.619125436 80.0 241.538461538 7.73702502251 4831.0
0.4 1.4 -151.644898105 -276.586743395 80.0 224.285714286 7.17441892624 4486.0
0.4 1.5 -168.473068818 -129.562051995 80.0 209.333333333 6.6827981472 4187.0
0.4 1.6 -129.613401713 -51.2639231245 80.0 196.25 6.26784300804 3925.0
0.4 1.7 -91.8177861746 -18.2134033344 80.0 184.705882353 5.90955615044 3695.0
0.4 1.8 -64.145368807 -8.87258484957 80.0 174.444444444 5.5508890152 3489.0
0.4 1.9 -45.8926881039 -3.0413538744 80.0 165.263157895 5.27761912346 3306.0
0.4 2.0 -33.6611442278 -1.75541755665 80.0 157.0 4.97676706314 3140.0

0.5 0.1 1782.24885755 -20.1384794398 80.0 3140.0 99.3736159801 62800.0000001
0.5 0.2 883.921063907 -15.4752789261 80.0 1570.0 49.6637890339 31401.0
0.5 0.3 590.261944686 -19.8230879978 80.0 1046.66666667 33.5258080959 20934.0
0.5 0.4 450.731383949 -18.2681921803 80.0 785.0 24.9470858574 15701.0
0.5 0.5 371.62000423 -19.6930211091 80.0 628.0 20.1252598763 12561.0
0.5 0.6 328.444604446 -23.8298630452 80.0 523.333333333 16.5764992237 10467.0
0.5 0.7 301.446322266 -26.4457470241 80.0 448.571428571 14.2322821617 8972.0
0.5 0.8 292.824981102 -36.9319266593 80.0 392.5 12.5778090954 7850.0
0.5 0.9 297.644621764 -49.0954885113 80.0 348.888888889 11.1419479847 6978.0
0.5 1.0 325.735303219 -88.1375455447 80.0 314.0 9.92242598534 6280.0
0.5 1.1 351.131055967 -164.804522745 80.0 285.454545455 9.14531493187 5710.0
0.5 1.2 320.284364922 -321.732555785 80.0 261.666666667 8.35986495018 5234.0
0.5 1.3 108.184897907 -406.681367113 80.0 241.538461538 7.73050093651 4831.0
0.5 1.4 -88.2918876174 -300.800818407 80.0 224.285714286 7.15601301193 4486.0
0.5 1.5 -151.911296519 -165.339308993 80.0 209.333333333 6.68901610374 4187.0
0.5 1.6 -134.176102281 -76.4071689617 80.0 196.25 6.27220082283 3925.0
0.5 1.7 -98.3369105394 -31.8668490887 80.0 184.705882353 5.89957094193 3695.0
0.5 1.8 -68.3207632136 -12.0590413824 80.0 174.444444444 5.56735706329 3489.0
0.5 1.9 -49.6942313273 -4.45717129149 80.0 165.263157895 5.25821208954 3306.0
0.5 2.0 -36.089227571 -2.78546408422 80.0 157.0 4.99059200287 3140.0

0.6 0.1 1688.79004422 -21.8150262989 80.0 3140.0 99.5010068417 62800.0000001
0.6 0.2 835.905647147 -16.0295202839 80.0 1570.0 49.6385469437 31401.0
0.6 0.3 558.871427112 -19.7795219873 80.0 1046.66666667 33.2790110111 20934.0
0.6 0.4 427.271100143 -19.0888522945 80.0 785.0 24.8478710651 15701.0
0.6 0.5 351.124685608 -18.8386695106 80.0 628.0 20.1191680431 12561.0
0.6 0.6 302.987571474 -23.365328901 80.0 523.333333333 16.590118885 10467.0
0.6 0.7 281.13261397 -23.7738781948 80.0 448.571428571 14.2619481087 8972.0
0.6 0.8 269.867246641 -33.9832688004 80.0 392.5 12.5799820423 7850.0
0.6 0.9 274.541708804 -45.9866059545 80.0 348.888888889 11.1457331181 6978.0
0.6 1.0 289.926283055 -74.3804689585 80.0 314.0 10.0243241787 6280.0
0.6 1.1 318.56833034 -134.074970543 80.0 285.454545455 9.16708087921 5710.0
0.6 1.2 299.247918531 -253.951169264 80.0 261.666666667 8.36708807945 5234.0
0.6 1.3 148.615609126 -364.804404814 80.0 241.538461538 7.64259696007 4831.0
0.6 1.4 -33.8314220723 -316.266343663 80.0 224.285714286 7.18885302544 4486.0
0.6 1.5 -126.940945192 -191.429444635 80.0 209.333333333 6.6827712059 4187.0
0.6 1.6 -126.406338728 -99.6339732088 80.0 196.25 6.27042794228 3925.0
0.6 1.7 -101.333623084 -42.6324348369 80.0 184.705882353 5.90907597542 3695.0
0.6 1.8 -75.1478741776 -17.7852410361 80.0 174.444444444 5.56779694557 3489.0
0.6 1.9 -53.7374181212 -7.77665480553 80.0 165.263157895 5.3042640686 3306.0
0.6 2.0 -39.4179039698 -3.53723472993 80.0 157.0 5.01294517517 3140.0

0.7 0.1 1610.96950465 -23.057345407 80.0 3140.0 99.5155498981 62800.0000001
0.7 0.2 798.971476324 -15.5424750196 80.0 1570.0 49.8332741261 31401.0
0.7 0.3 532.021699435 -17.6654763135 80.0 1046.66666667 33.5342810154 20934.0
0.7 0.4 405.899969063 -16.2614926296 80.0 785.0 25.0755810738 15701.0
0.7 0.5 332.24667535 -18.3478723335 80.0 628.0 20.0572049618 12561.0
0.7 0.6 290.53431375 -19.4678982971 80.0 523.333333333 16.708304882 10467.0
0.7 0.7 263.848686768 -21.8226583864 80.0 448.571428571 14.2442929745 8972.0
0.7 0.8 255.716621939 -26.077970052 80.0 392.5 12.5279128551 7850.0
0.7 0.9 251.530794098 -41.2206627783 80.0 348.888888889 11.1624090672 6978.0
0.7 1.0 269.522870663 -60.3719941709 80.0 314.0 10.0534651279 6280.0
0.7 1.1 285.149146765 -115.107130612 80.0 285.454545455 9.15651988983 5710.0
0.7 1.2 284.305776074 -211.529856501 80.0 261.666666667 8.27778291702 5234.0
0.7 1.3 175.824314128 -312.899036637 80.0 241.538461538 7.74995303154 4831.0
0.7 1.4 7.30352629878 -305.126078119 80.0 224.285714286 7.18564891815 4486.0
0.7 1.5 -93.391137597 -209.975880021 80.0 209.333333333 6.68843817711 4187.0
0.7 1.6 -114.816371443 -121.903351455 80.0 196.25 6.28469896317 3925.0
0.7 1.7 -103.572303522 -59.530278965 80.0 184.705882353 5.94248008728 3695.0
0.7 1.8 -78.2605422172 -25.1476586189 80.0 174.444444444 5.57987499237 3489.0
0.7 1.9 -55.7247366316 -10.1287541928 80.0 165.263157895 5.28788304329 3306.0
0.7 2.0 -40.0684002462 -4.57008300636 80.0 157.0 5.01886510849 3140.0

0.8 0.1 1542.81709214 -17.3067074606 80.0 3140.0 100.495976925 62800.0000001
0.8 0.2 764.213780669 -9.5465193066 80.0 1570.0 49.6907818317 31401.0
0.8 0.3 509.420154432 -15.5504255 80.0 1046.66666667 33.174284935 20934.0
0.8 0.4 387.587249845 -16.4349384375 80.0 785.0 25.1791660786 15701.0
0.8 0.5 317.841239585 -17.159509329 80.0 628.0 20.0460889339 12561.0
0.8 0.6 278.153015087 -19.4600047663 80.0 523.333333333 16.6628189087 10467.0
0.8 0.7 250.390323726 -21.725642349 80.0 448.571428571 14.3686890602 8972.0
0.8 0.8 238.961118459 -26.7442885692 80.0 392.5 12.5527169704 7850.0
0.8 0.9 234.822101443 -37.7979545409 80.0 348.888888889 11.1516778469 6978.0
0.8 1.0 247.586774375 -55.2812175072 80.0 314.0 10.0478880405 6280.0
0.8 1.1 262.814874133 -97.816875843 80.0 285.454545455 9.10125112534 5710.0
0.8 1.2 266.047487868 -178.604249471 80.0 261.666666667 8.39509296417 5234.0
0.8 1.3 191.500952165 -270.033839466 80.0 241.538461538 7.72710680962 4831.0
0.8 1.4 40.8622778292 -305.593008059 80.0 224.285714286 7.10439705849 4486.0
0.8 1.5 -63.6649803614 -222.425252935 80.0 209.333333333 6.71456503868 4187.0
0.8 1.6 -105.859762521 -135.246735633 80.0 196.25 6.28911185265 3925.0
0.8 1.7 -100.808091978 -69.5244131132 80.0 184.705882353 5.91058802605 3695.0
0.8 1.8 -81.2449936713 -32.6663796672 80.0 174.444444444 5.572245121 3489.0
0.8 1.9 -60.5150208044 -13.1700243957 80.0 165.263157895 5.29707503319 3306.0
0.8 2.0 -42.5772204241 -6.8264505283 80.0 157.0 4.99960398674 3140.0

0.9 0.1 1487.0191446 -16.3566264801 80.0 3140.0 99.9325509071 62800.0000001
0.9 0.2 738.621344219 -8.61784502869 80.0 1570.0 49.899987936 31401.0
0.9 0.3 488.660460646 -16.6247358757 80.0 1046.66666667 33.3033988476 20934.0
0.9 0.4 371.434235332 -13.6784658346 80.0 785.0 24.7906699181 15701.0
0.9 0.5 303.774070999 -13.7205802214 80.0 628.0 20.131717205 12561.0
0.9 0.6 265.711862832 -16.1676120822 80.0 523.333333333 16.6669869423 10467.0
0.9 0.7 239.078023022 -20.5143230094 80.0 448.571428571 14.2407960892 8972.0
0.9 0.8 223.740812883 -25.045639856 80.0 392.5 12.444382906 7850.0
0.9 0.9 222.288764355 -35.2948603039 80.0 348.888888889 11.0890769958 6978.0
0.9 1.0 229.92715055 -49.6832938823 80.0 314.0 10.0702989101 6280.0
0.9 1.1 242.998909647 -85.5415841067 80.0 285.454545455 9.11765003204 5710.0
0.9 1.2 246.240517302 -155.803422571 80.0 261.666666667 8.37031698227 5234.0
0.9 1.3 194.543142956 -248.757436961 80.0 241.538461538 7.716766119 4831.0
0.9 1.4 67.6770670945 -276.088183582 80.0 224.285714286 7.1591770649 4486.0
0.9 1.5 -42.3951945233 -223.975159928 80.0 209.333333333 6.72050309181 4187.0
0.9 1.6 -84.6816946199 -149.951428268 80.0 196.25 6.27377891541 3925.0
0.9 1.7 -102.673990641 -88.1364408386 80.0 184.705882353 5.92719507217 3695.0
0.9 1.8 -85.8636549837 -43.3407506854 80.0 174.444444444 5.52114391327 3489.0
0.9 1.9 -62.1123236182 -17.8438953279 80.0 165.263157895 5.29565811157 3306.0
0.9 2.0 -45.0922095135 -8.27164456112 80.0 157.0 5.02203392982 3140.0

1.0 0.1 1440.15516975 -15.6417257326 80.0 3140.0 99.1977419853 62800.0000001
1.0 0.2 713.804800262 -14.333043331 80.0 1570.0 50.1035501957 31401.0
1.0 0.3 470.357752271 -14.2633790819 80.0 1046.66666667 33.4986870289 20934.0
1.0 0.4 358.804396557 -12.2790592606 80.0 785.0 25.1458380222 15701.0
1.0 0.5 292.088836468 -12.4629302308 80.0 628.0 20.0914750099 12561.0
1.0 0.6 253.133229746 -16.5592064097 80.0 523.333333333 16.7343430519 10467.0
1.0 0.7 226.72930985 -17.7175073175 80.0 448.571428571 14.3038861752 8972.0
1.0 0.8 216.126066439 -23.7198345211 80.0 392.5 12.495002985 7850.0
1.0 0.9 209.914266587 -31.1564170208 80.0 348.888888889 11.1795449257 6978.0
1.0 1.0 215.685120999 -42.9374871857 80.0 314.0 9.98827385902 6280.0
1.0 1.1 227.934590005 -70.817715767 80.0 285.454545455 9.17054510117 5710.0
1.0 1.2 227.649235663 -132.29571535 80.0 261.666666667 8.37764811516 5234.0
1.0 1.3 197.632758385 -215.769043879 80.0 241.538461538 7.72730398178 4831.0
1.0 1.4 83.5733706285 -254.697604569 80.0 224.285714286 7.16201519966 4486.0
1.0 1.5 -19.5057705744 -226.683302892 80.0 209.333333333 6.69130206108 4187.0
1.0 1.6 -81.8502166395 -147.134241484 80.0 196.25 6.27578902245 3925.0
1.0 1.7 -86.1075553343 -98.804235762 80.0 184.705882353 5.84639811516 3695.0
1.0 1.8 -82.2845941869 -51.8082736145 80.0 174.444444444 5.59692502022 3489.0
1.0 1.9 -64.295339338 -23.4246273774 80.0 165.263157895 5.27782297134 3306.0
1.0 2.0 -47.1419904455 -10.2452656754 80.0 157.0 5.02814888954 3140.0

1.1 0.1 1395.73693546 -17.8972680398 80.0 3140.0 99.7841038704 62800.0000001
1.1 0.2 689.802087734 -9.61866901734 80.0 1570.0 50.2802810669 31401.0
1.1 0.3 459.342388978 -17.1116961258 80.0 1046.66666667 33.3694930077 20934.0
1.1 0.4 345.396386133 -10.6697592677 80.0 785.0 24.9767689705 15701.0
1.1 0.5 282.860399156 -10.9484309067 80.0 628.0 19.9477388859 12561.0
1.1 0.6 244.766010265 -14.2386507651 80.0 523.333333333 16.7794342041 10467.0
1.1 0.7 217.114674016 -17.7594657711 80.0 448.571428571 14.3257951736 8972.0
1.1 0.8 206.13462094 -19.5399166051 80.0 392.5 12.468116045 7850.0
1.1 0.9 201.212486731 -27.5049006472 80.0 348.888888889 11.1305081844 6978.0
1.1 1.0 205.489524122 -43.4358211574 80.0 314.0 10.0330979824 6280.0
1.1 1.1 212.380438307 -65.528814 80.0 285.454545455 9.1567440033 5710.0
1.1 1.2 222.300289477 -116.21576587 80.0 261.666666667 8.35647892952 5234.0
1.1 1.3 193.347847917 -190.459521808 80.0 241.538461538 7.7406668663 4831.0
1.1 1.4 104.788535727 -246.855678929 80.0 224.285714286 7.19308996201 4486.0
1.1 1.5 2.83362114248 -219.251829421 80.0 209.333333333 6.71976399422 4187.0
1.1 1.6 -58.7585140942 -160.736034254 80.0 196.25 6.25772190094 3925.0
1.1 1.7 -82.7470725722 -103.927289259 80.0 184.705882353 5.92527008057 3695.0
1.1 1.8 -79.8964827744 -61.4394727547 80.0 174.444444444 5.56688809395 3489.0
1.1 1.9 -65.6695490393 -28.4007050874 80.0 165.263157895 5.28691911697 3306.0
1.1 2.0 -50.4152343957 -14.1906934049 80.0 157.0 5.02456879616 3140.0

1.2 0.1 1353.96124175 -16.8866035765 80.0 3140.0 99.8455131054 62800.0000001
1.2 0.2 668.527868672 -10.3681180791 80.0 1570.0 50.3054339886 31401.0
1.2 0.3 443.613034838 -12.6374389914 80.0 1046.66666667 33.4097869396 20934.0
1.2 0.4 336.90021115 -12.4267505447 80.0 785.0 25.1322340965 15701.0
1.2 0.5 271.946424231 -10.7217088333 80.0 628.0 20.0509560108 12561.0
1.2 0.6 235.477937068 -14.7274677807 80.0 523.333333333 16.5579319 10467.0
1.2 0.7 210.744318142 -18.4278904544 80.0 448.571428571 14.3623209 8972.0
1.2 0.8 198.434140441 -21.0905906391 80.0 392.5 12.5785930157 7850.0
1.2 0.9 193.667197169 -27.0107216482 80.0 348.888888889 11.1648960114 6978.0
1.2 1.0 193.241981568 -39.3784084168 80.0 314.0 9.92694807053 6280.0
1.2 1.1 200.016071569 -54.8244968589 80.0 285.454545455 9.15555596352 5710.0
1.2 1.2 212.897339851 -100.383380498 80.0 261.666666667 8.38234806061 5234.0
1.2 1.3 194.094230482 -168.86098936 80.0 241.538461538 7.73760700226 4831.0
1.2 1.4 109.971828253 -217.098947412 80.0 224.285714286 7.17792105675 4486.0
1.2 1.5 21.109252064 -214.339642229 80.0 209.333333333 6.71061205864 4187.0
1.2 1.6 -46.548264138 -170.757812834 80.0 196.25 6.29717993736 3925.0
1.2 1.7 -69.663920809 -112.149852443 80.0 184.705882353 5.92642807961 3695.0
1.2 1.8 -75.629120958 -66.1482201652 80.0 174.444444444 5.57868504524 3489.0
1.2 1.9 -65.0222234829 -33.0116447546 80.0 165.263157895 5.27520108223 3306.0
1.2 2.0 -52.0902582743 -15.8438827373 80.0 157.0 5.02146100998 3140.0

1.3 0.1 1316.59680653 -12.8899413319 80.0 3140.0 99.4525129795 62800.0000001
1.3 0.2 650.541473118 -9.73516592925 80.0 1570.0 49.8920090199 31401.0
1.3 0.3 432.650400908 -11.6698831463 80.0 1046.66666667 33.3458878994 20934.0
1.3 0.4 324.465771735 -10.3045723715 80.0 785.0 24.9595060349 15701.0
1.3 0.5 264.98821017 -16.6779147849 80.0 628.0 20.1491951942 12561.0
1.3 0.6 226.876686743 -16.0556519081 80.0 523.333333333 16.5378530025 10467.0
1.3 0.7 202.724295083 -14.4671506881 80.0 448.571428571 14.3178210258 8972.0
1.3 0.8 190.685455509 -21.3188782816 80.0 392.5 12.5798151493 7850.0
1.3 0.9 186.693098031 -23.4547874067 80.0 348.888888889 11.0819070339 6978.0
1.3 1.0 187.585067593 -34.455187635 80.0 314.0 10.0691440105 6280.0
1.3 1.1 193.224411775 -51.7086272254 80.0 285.454545455 9.13018202782 5710.0
1.3 1.2 202.916628322 -93.9263614721 80.0 261.666666667 8.35794901848 5234.0
1.3 1.3 187.778003386 -154.205480276 80.0 241.538461538 7.71932697296 4831.0
1.3 1.4 112.746501089 -207.876376028 80.0 224.285714286 7.16769886017 4486.0
1.3 1.5 30.0192836558 -212.062451743 80.0 209.333333333 6.74164199829 4187.0
1.3 1.6 -31.1522816556 -168.419506648 80.0 196.25 6.28132987022 3925.0
1.3 1.7 -69.245707403 -114.417607107 80.0 184.705882353 5.93380403519 3695.0
1.3 1.8 -73.8421827386 -71.0041780785 80.0 174.444444444 5.56844806671 3489.0
1.3 1.9 -67.0076390413 -39.5070122972 80.0 165.263157895 5.2926800251 3306.0
1.3 2.0 -51.1738983148 -19.8251006126 80.0 157.0 5.02361989021 3140.0

1.4 0.1 1279.83623451 -15.6514958948 80.0 3140.0 99.2373380661 62800.0000001
1.4 0.2 633.58937567 -8.04233511984 80.0 1570.0 50.2470898628 31401.0
1.4 0.3 419.649176331 -12.5900810409 80.0 1046.66666667 33.2171189785 20934.0
1.4 0.4 318.796048937 -8.62587139379 80.0 785.0 24.8186261654 15701.0
1.4 0.5 257.518944895 -11.6256701973 80.0 628.0 20.0241491795 12561.0
1.4 0.6 222.919949296 -13.3181123525 80.0 523.333333333 16.7764420509 10467.0
1.4 0.7 197.968835601 -14.2796718369 80.0 448.571428571 14.2965290546 8972.0
1.4 0.8 183.368489713 -17.937727083 80.0 392.5 12.5655040741 7850.0
1.4 0.9 175.174448677 -22.0287627854 80.0 348.888888889 11.1468458176 6978.0
1.4 1.0 175.262088876 -32.43492516 80.0 314.0 10.0306770802 6280.0
1.4 1.1 179.429424333 -49.5618207056 80.0 285.454545455 9.12791800499 5710.0
1.4 1.2 184.523250681 -81.231077985 80.0 261.666666667 8.36667704582 5234.0
1.4 1.3 186.585001028 -134.760519404 80.0 241.538461538 7.68726205826 4831.0
1.4 1.4 129.201156102 -194.490325995 80.0 224.285714286 7.2040810585 4486.0
1.4 1.5 42.3744918859 -199.79763883 80.0 209.333333333 6.7177760601 4187.0
1.4 1.6 -22.316469057 -166.42521377 80.0 196.25 6.28961396217 3925.0
1.4 1.7 -52.449299916 -127.968348863 80.0 184.705882353 5.92263913155 3695.0
1.4 1.8 -69.9147016 -81.9358901437 80.0 174.444444444 5.5714070797 3489.0
1.4 1.9 -61.6064962485 -46.2672244149 80.0 165.263157895 5.27482295036 3306.0
1.4 2.0 -53.150564186 -23.6175215611 80.0 157.0 5.01383209229 3140.0

1.5 0.1 1246.21145163 -13.5905166913 80.0 3140.0 99.5517909527 62800.0000001
1.5 0.2 615.277073511 -8.29226836545 80.0 1570.0 50.0576431751 31401.0
1.5 0.3 407.627343754 -13.3875128072 80.0 1046.66666667 33.3354809284 20934.0
1.5 0.4 308.438853388 -11.1968710041 80.0 785.0 25.1526498795 15701.0
1.5 0.5 248.647569586 -9.10100350892 80.0 628.0 19.9298238754 12561.0
1.5 0.6 214.482619333 -13.3554640357 80.0 523.333333333 16.7873740196 10467.0
1.5 0.7 188.195883361 -14.6131699032 80.0 448.571428571 14.3420419693 8972.0
1.5 0.8 177.221827595 -16.945401337 80.0 392.5 12.5523939133 7850.0
1.5 0.9 169.795210581 -21.103695688 80.0 348.888888889 11.133409977 6978.0
1.5 1.0 168.147401437 -26.4416434941 80.0 314.0 10.0234470367 6280.0
1.5 1.1 173.972496364 -43.5998964852 80.0 285.454545455 9.11365294456 5710.0
1.5 1.2 179.235253586 -77.9371758276 80.0 261.666666667 8.37291407585 5234.0
1.5 1.3 167.54622709 -120.251001975 80.0 241.538461538 7.75020003319 4831.0
1.5 1.4 125.026062463 -183.609391394 80.0 224.285714286 7.18953609467 4486.0
1.5 1.5 46.3385740809 -188.878602314 80.0 209.333333333 6.69564509392 4187.0
1.5 1.6 -15.6757663081 -162.688967637 80.0 196.25 6.21997618675 3925.0
1.5 1.7 -46.2290485951 -121.636046135 80.0 184.705882353 5.93518304825 3695.0
1.5 1.8 -64.2885562665 -84.0292804346 80.0 174.444444444 5.51414990425 3489.0
1.5 1.9 -64.2767990167 -50.4050759405 80.0 165.263157895 5.29181098938 3306.0
1.5 2.0 -51.6529717892 -22.5329670682 80.0 157.0 5.02288603783 3140.0

1.6 0.1 1214.62054553 -12.0164045384 80.0 3140.0 99.747961998 62800.0000001
1.6 0.2 601.604394832 -11.9729810394 80.0 1570.0 49.7853360176 31401.0
1.6 0.3 400.0897861 -12.2262509664 80.0 1046.66666667 33.4818000793 20934.0
1.6 0.4 298.911710521 -11.1196582372 80.0 785.0 24.8790011406 15701.0
1.6 0.5 242.094970934 -12.4403247238 80.0 628.0 19.9996819496 12561.0
1.6 0.6 204.822960808 -11.7749625143 80.0 523.333333333 16.7524499893 10467.0
1.6 0.7 184.083545562 -16.4699191056 80.0 448.571428571 14.3520340919 8972.0
1.6 0.8 173.328512666 -17.7741022925 80.0 392.5 12.5206990242 7850.0
1.6 0.9 163.905388409 -19.3308913939 80.0 348.888888889 11.1499221325 6978.0
1.6 1.0 161.777691495 -31.6029232445 80.0 314.0 9.9147439003 6280.0
1.6 1.1 168.852426704 -40.407699259 80.0 285.454545455 9.19831299782 5710.0
1.6 1.2 173.977310263 -68.3039928312 80.0 261.666666667 8.34432315826 5234.0
1.6 1.3 168.187556339 -111.575064816 80.0 241.538461538 7.74079680443 4831.0
1.6 1.4 128.874641565 -161.921596229 80.0 224.285714286 7.21184420586 4486.0
1.6 1.5 66.1519983358 -177.235872346 80.0 209.333333333 6.70118999481 4187.0
1.6 1.6 3.18594888972 -167.372129541 80.0 196.25 6.27572894096 3925.0
1.6 1.7 -38.9575284164 -125.120646435 80.0 184.705882353 5.8969810009 3695.0
1.6 1.8 -56.4963876047 -82.7266280562 80.0 174.444444444 5.57500195503 3489.0
1.6 1.9 -57.784326635 -54.7946173654 80.0 165.263157895 5.285145998 3306.0
1.6 2.0 -53.5585692306 -26.8872598814 80.0 157.0 5.02607893944 3140.0

1.7 0.1 1194.29222303 -19.6972865426 80.0 3140.0 99.5495488644 62800.0000001
1.7 0.2 589.327034433 -7.51355216637 80.0 1570.0 50.2404289246 31401.0
1.7 0.3 388.899579702 -8.37054526548 80.0 1046.66666667 33.2548859119 20934.0
1.7 0.4 293.03149891 -8.27825483067 80.0 785.0 25.1607220173 15701.0
1.7 0.5 235.852646739 -10.0705061233 80.0 628.0 20.1037590504 12561.0
1.7 0.6 202.80822402 -11.9188450397 80.0 523.333333333 16.5418510437 10467.0
1.7 0.7 179.926990594 -12.0659638026 80.0 448.571428571 14.2628788948 8972.0
1.7 0.8 168.700937407 -16.255164091 80.0 392.5 12.5662038326 7850.0
1.7 0.9 157.148804713 -18.026087468 80.0 348.888888889 11.097659111 6978.0
1.7 1.0 152.991649767 -23.8625224105 80.0 314.0 10.0719759464 6280.0
1.7 1.1 163.57620492 -36.8970122466 80.0 285.454545455 9.13745999336 5710.0
1.7 1.2 167.509665734 -62.5009132886 80.0 261.666666667 8.35129499435 5234.0
1.7 1.3 159.76739378 -103.551446696 80.0 241.538461538 7.73167300224 4831.0
1.7 1.4 132.510068193 -147.733207625 80.0 224.285714286 7.20763587952 4486.0
1.7 1.5 65.8838075736 -167.950056636 80.0 209.333333333 6.7039129734 4187.0
1.7 1.6 0.42029801331 -158.400310012 80.0 196.25 6.28835105896 3925.0
1.7 1.7 -31.5173358526 -126.073703659 80.0 184.705882353 5.91375303268 3695.0
1.7 1.8 -51.9077077957 -94.3860333802 80.0 174.444444444 5.6084318161 3489.0
1.7 1.9 -56.4687911617 -60.3989702039 80.0 165.263157895 5.27427792549 3306.0
1.7 2.0 -52.1153707376 -35.1018098641 80.0 157.0 5.02660393715 3140.0

1.8 0.1 1168.506177 -11.3324233549 80.0 3140.0 100.070944071 62800.0000001
1.8 0.2 580.701979636 -6.49669070185 80.0 1570.0 50.2482969761 31401.0
1.8 0.3 380.974247522 -11.7012057058 80.0 1046.66666667 33.2648730278 20934.0
1.8 0.4 285.190683608 -8.82978105931 80.0 785.0 24.9224619865 15701.0
1.8 0.5 231.387220411 -10.2385246656 80.0 628.0 20.0933070183 12561.0
1.8 0.6 201.729120043 -12.3570381974 80.0 523.333333333 16.7474980354 10467.0
1.8 0.7 176.243687904 -14.2250993755 80.0 448.571428571 14.346353054 8972.0
1.8 0.8 161.838870974 -15.9716302246 80.0 392.5 12.5769078732 7850.0
1.8 0.9 154.298712018 -21.54350076 80.0 348.888888889 11.1501579285 6978.0
1.8 1.0 150.147455579 -24.4257478679 80.0 314.0 10.0619189739 6280.0
1.8 1.1 156.226131642 -37.5561812546 80.0 285.454545455 9.11802196503 5710.0
1.8 1.2 157.639521154 -56.9623727899 80.0 261.666666667 8.34524106979 5234.0
1.8 1.3 159.709115149 -96.0550458403 80.0 241.538461538 7.71621894836 4831.0
1.8 1.4 135.516179039 -134.291816523 80.0 224.285714286 7.19622588158 4486.0
1.8 1.5 79.1549487306 -164.533936975 80.0 209.333333333 6.71041107178 4187.0
1.8 1.6 14.0864810922 -159.023491722 80.0 196.25 6.29920005798 3925.0
1.8 1.7 -30.9651424986 -130.930417272 80.0 184.705882353 5.85660791397 3695.0
1.8 1.8 -51.0833570997 -97.8926520683 80.0 174.444444444 5.58643293381 3489.0
1.8 1.9 -51.9052620574 -62.1344155318 80.0 165.263157895 5.28649902344 3306.0
1.8 2.0 -52.1771470492 -34.5301686021 80.0 157.0 5.02681303024 3140.0

1.9 0.1 1142.07814323 -13.7414049435 80.0 3140.0 99.2759699821 62800.0000001
1.9 0.2 569.04883858 -9.14551272082 80.0 1570.0 50.2910408974 31401.0
1.9 0.3 372.567896542 -9.12584170048 80.0 1046.66666667 33.2717502117 20934.0
1.9 0.4 283.341159573 -11.2616248841 80.0 785.0 25.18207407 15701.0
1.9 0.5 226.935278852 -13.2628567073 80.0 628.0 20.0636570454 12561.0
1.9 0.6 194.144310607 -11.3634911653 80.0 523.333333333 16.6244359016 10467.0
1.9 0.7 170.42364748 -10.3825784708 80.0 448.571428571 14.3828108311 8972.0
1.9 0.8 158.563238067 -14.2112497545 80.0 392.5 12.5613799095 7850.0
1.9 0.9 149.378735935 -15.6457556398 80.0 348.888888889 11.1595377922 6978.0
1.9 1.0 146.315518586 -23.0677808128 80.0 314.0 10.0475821495 6280.0
1.9 1.1 147.986555053 -33.7922168241 80.0 285.454545455 9.142111063 5710.0
1.9 1.2 156.3772052 -53.6654465542 80.0 261.666666667 8.36958312988 5234.0
1.9 1.3 151.947358229 -84.4901679168 80.0 241.538461538 7.72766518593 4831.0
1.9 1.4 132.009875975 -125.385061278 80.0 224.285714286 7.11022019386 4486.0
1.9 1.5 76.2605792432 -163.464449061 80.0 209.333333333 6.72133779526 4187.0
1.9 1.6 17.7140571194 -150.61144891 80.0 196.25 6.27230596542 3925.0
1.9 1.7 -20.0799417541 -126.005132897 80.0 184.705882353 5.88947987556 3695.0
1.9 1.8 -45.2803455812 -94.0877791635 80.0 174.444444444 5.58200120926 3489.0
1.9 1.9 -47.0262797986 -60.9527910703 80.0 165.263157895 5.29221606255 3306.0
1.9 2.0 -52.3349436307 -41.1881506463 80.0 157.0 5.03066086769 3140.0

2.0 0.1 1128.04984375 -17.1313620821 80.0 3140.0 99.8621308804 62800.0000001
2.0 0.2 555.106524647 -8.11867098183 80.0 1570.0 49.88956213 31401.0
2.0 0.3 365.331617579 -9.79665343827 80.0 1046.66666667 33.1913301945 20934.0
2.0 0.4 278.133334296 -9.97490151917 80.0 785.0 24.9565980434 15701.0
2.0 0.5 224.117363092 -8.60178920249 80.0 628.0 20.1121170521 12561.0
2.0 0.6 187.905911131 -9.83538294906 80.0 523.333333333 16.8005039692 10467.0
2.0 0.7 169.337610458 -11.8125070038 80.0 448.571428571 14.4080970287 8972.0
2.0 0.8 155.595720585 -14.4856762966 80.0 392.5 12.5937170982 7850.0
2.0 0.9 146.463081612 -14.6843447763 80.0 348.888888889 11.0108869076 6978.0
2.0 1.0 145.311768004 -22.6720946667 80.0 314.0 9.9866540432 6280.0
2.0 1.1 146.189935414 -35.6387141508 80.0 285.454545455 9.12233304977 5710.0
2.0 1.2 145.326805562 -48.4483672355 80.0 261.666666667 8.37420606613 5234.0
2.0 1.3 153.029937261 -79.3668381115 80.0 241.538461538 7.73301911354 4831.0
2.0 1.4 132.946399649 -120.87920355 80.0 224.285714286 7.17979598045 4486.0
2.0 1.5 88.615897123 -145.037202945 80.0 209.333333333 6.6882379055 4187.0
2.0 1.6 31.4525421811 -144.928838673 80.0 196.25 6.27506494522 3925.0
2.0 1.7 -5.53011051399 -136.098572821 80.0 184.705882353 5.9149749279 3695.0
2.0 1.8 -37.3456026499 -100.585452261 80.0 174.444444444 5.57546782494 3489.0
2.0 1.9 -49.3014568215 -67.6350809421 80.0 165.263157895 5.27783894539 3306.0
2.0 2.0 -51.7650813366 -38.6295702361 80.0 157.0 5.01832985878 3140.0
